0.816376
0.699188
0.730438
0.824188
0.871063
0.878876
0.832001
0.761688
0.707001
0.824188
-0.941406
-0.824219
-0.964844
0.871063
0.886688
0.980438
0.972626
0.855438
0.808563
0.839813
0.839813
0.761688
0.738251
0.839813
0.933563
0.941376
0.941376
0.972626
-0.949219
-0.957031
0.964813
0.894501
0.886688
0.933563
0.988251
-0.988281
-0.996094
0.933563
0.832001
0.777313
0.769501
0.785126
0.792938
0.761688
0.675751
0.605438
0.667938
0.769501
0.933563
-0.996094
0.964813
0.902313
0.917938
-0.996094
-0.886719
-0.792969
-0.753906
-0.816406
-0.886719
-0.871094
-0.824219
-0.855469
-0.957031
0.988251
0.980438
-0.996094
-0.996094
-0.964844
-0.949219
-0.964844
-0.980469
-0.957031
-0.878906
-0.839844
-0.824219
-0.824219
-0.792969
-0.777344
-0.777344
-0.871094
-0.949219
-0.941406
-0.855469
-0.816406
-0.824219
-0.832031
-0.816406
-0.800781
-0.824219
-0.863281
-0.894531
-0.902344
-0.871094
-0.808594
-0.839844
-0.933594
0.972626
-0.996094
-0.871094
-0.769531
-0.777344
-0.839844
-0.894531
-0.855469
-0.777344
-0.761719
-0.832031
-0.894531
-0.910156
-0.902344
-0.902344
-0.894531
-0.910156
-0.933594
-0.964844
-0.980469
-0.917969
-0.894531
-0.917969
-0.933594
-0.949219
-0.980469
-0.996094
-0.988281
-0.972656
-0.972656
-0.972656
-0.980469
-0.980469
-0.988281
-0.996094
-0.996094
-0.980469
-0.949219
-0.925781
-0.941406
-0.964844
-0.988281
0.996063
0.957001
0.941376
0.957001
0.980438
-0.996094
-0.996094
-0.996094
-0.996094
-0.996094
-0.972656
-0.980469
-0.972656
-0.972656
-0.980469
-0.972656
-0.957031
-0.957031
-0.988281
-0.996094
-0.996094
-0.957031
-0.933594
-0.941406
-0.957031
-0.980469
-0.964844
-0.957031
-0.941406
-0.941406
-0.933594
-0.917969
-0.925781
-0.957031
-0.964844
-0.957031
-0.917969
-0.902344
-0.902344
-0.902344
-0.886719
-0.894531
-0.910156
-0.910156
-0.902344
-0.871094
-0.847656
-0.863281
-0.878906
-0.902344
-0.894531
-0.886719
-0.871094
-0.871094
-0.878906
-0.894531
-0.878906
-0.878906
-0.871094
-0.878906
-0.878906
-0.878906
-0.878906
-0.871094
-0.878906
-0.878906
-0.871094
-0.878906
-0.878906
-0.902344
-0.910156
-0.910156
-0.910156
-0.902344
-0.910156
-0.910156
-0.925781
-0.925781
-0.917969
-0.917969
-0.910156
-0.925781
-0.941406
-0.957031
-0.972656
-0.964844
-0.957031
-0.941406
-0.949219
-0.972656
-0.972656
-0.972656
-0.972656
-0.957031
-0.941406
-0.941406
-0.964844
-0.972656
-0.996094
-0.996094
-0.996094
-0.980469
-0.972656
-0.980469
-0.980469
-0.980469
-0.972656
-0.972656
-0.972656
-0.972656
-0.972656
-0.980469
-0.996094
0.988251
-0.996094
-0.996094
0.996063
0.996063
-0.996094
-0.996094
-0.996094
-0.988281
-0.988281
-0.972656
-0.980469
-0.988281
-0.996094
-0.996094
-0.972656
-0.972656
-0.964844
-0.980469
-0.988281
-0.996094
-0.988281
-0.972656
-0.964844
-0.964844
-0.957031
-0.957031
-0.957031
-0.972656
-0.957031
-0.972656
-0.972656
-0.957031
-0.941406
-0.941406
-0.941406
-0.964844
-0.957031
-0.964844
-0.957031
-0.964844
-0.949219
-0.941406
-0.941406
-0.941406
-0.957031
-0.964844
-0.964844
-0.957031
-0.949219
-0.949219
-0.957031
-0.949219
-0.957031
-0.949219
-0.949219
-0.949219
-0.957031
-0.941406
-0.949219
-0.941406
-0.949219
-0.964844
-0.972656
-0.949219
-0.949219
-0.933594
-0.933594
-0.941406
-0.949219
-0.949219
-0.949219
-0.949219
-0.957031
-0.957031
-0.964844
-0.972656
-0.972656
-0.972656
-0.957031
-0.964844
-0.972656
-0.964844
-0.964844
-0.964844
-0.949219
-0.949219
-0.957031
-0.964844
-0.972656
-0.972656
-0.972656
-0.964844
-0.957031
-0.964844
-0.964844
-0.972656
-0.972656
-0.972656
-0.972656
-0.972656
-0.972656
-0.972656
-0.972656
-0.972656
-0.964844
-0.972656
-0.964844
-0.964844
-0.972656
-0.964844
-0.964844
-0.964844
-0.964844
-0.941406
-0.957031
-0.964844
-0.964844
-0.972656
-0.980469
-0.972656
-0.972656
-0.972656
-0.972656
-0.972656
-0.972656
-0.980469
-0.957031
-0.957031
-0.964844
-0.964844
-0.972656
-0.972656
-0.972656
-0.964844
-0.972656
-0.972656
-0.972656
-0.964844
-0.964844
-0.972656
-0.972656
-0.972656
-0.972656
-0.957031
-0.964844
-0.964844
-0.964844
-0.964844
-0.972656
-0.964844
-0.972656
-0.957031
-0.972656
-0.972656
-0.972656
-0.972656
-0.964844
-0.972656
-0.972656
-0.972656
-0.972656
-0.964844
-0.964844
-0.972656
-0.972656
-0.972656
-0.964844
-0.972656
-0.972656
-0.980469
-0.988281
-0.972656
-0.980469
-0.988281
-0.972656
-0.972656
-0.980469
-0.972656
-0.980469
-0.980469
-0.980469
-0.980469
-0.980469
-0.972656
-0.972656
-0.972656
-0.980469
-0.972656
-0.980469
-0.972656
-0.972656
-0.972656
-0.972656
-0.980469
-0.972656
-0.972656
-0.980469
-0.980469
-0.980469
-0.980469
-0.996094
-0.996094
-0.972656
-0.972656
-0.980469
-0.972656
-0.972656
-0.972656
-0.980469
-0.980469
-0.972656
-0.980469
-0.972656
-0.972656
-0.972656
-0.980469
-0.980469
-0.980469
-0.980469
-0.980469
-0.980469
-0.972656
-0.980469
-0.972656
-0.972656
-0.980469
-0.980469
-0.980469
-0.964844
-0.972656
-0.972656
-0.972656
-0.972656
-0.972656
-0.972656
-0.972656
-0.972656
-0.972656
-0.972656
-0.972656
-0.972656
-0.972656
-0.972656
-0.972656
-0.972656
-0.972656
-0.972656
-0.980469
-0.972656
-0.980469
-0.972656
-0.964844
-0.972656
-0.972656
-0.972656
-0.972656
-0.972656
-0.972656
-0.964844
-0.964844
-0.972656
-0.972656
-0.972656
-0.972656
-0.988281
-0.980469
-0.972656
-0.972656
-0.972656
-0.964844
-0.972656
-0.972656
-0.980469
-0.972656
-0.972656
-0.972656
-0.972656
-0.972656
-0.972656
-0.972656
-0.972656
-0.964844
-0.972656
-0.980469
-0.972656
-0.972656
-0.972656
-0.964844
-0.972656
-0.972656
-0.964844
-0.972656
-0.972656
-0.980469
-0.972656
-0.972656
-0.972656
-0.972656
-0.972656
-0.972656
-0.980469
-0.972656
-0.980469
-0.972656
-0.972656
-0.972656
-0.972656
-0.972656
-0.972656
-0.980469
-0.972656
-0.972656
-0.980469
-0.972656
-0.972656
-0.972656
-0.972656
-0.972656
-0.972656
-0.972656
-0.972656
-0.972656
-0.980469
-0.972656
-0.972656
-0.972656
-0.972656
-0.972656
-0.964844
-0.964844
-0.972656
-0.972656
-0.972656
-0.972656
-0.972656
-0.972656
-0.980469
-0.972656
-0.972656
-0.980469
-0.988281
-0.972656
-0.972656
-0.980469
-0.980469
-0.980469
-0.980469
-0.980469
-0.980469
-0.988281
-0.980469
-0.972656
-0.980469
-0.980469
-0.972656
-0.980469
-0.972656
-0.972656
-0.972656
-0.972656
-0.980469
-0.972656
-0.988281
-0.972656
-0.988281
-0.980469
-0.972656
-0.996094
-0.980469
-0.980469
-0.980469
-0.972656
-0.980469
-0.972656
-0.980469
-0.972656
-0.988281
-0.980469
-0.980469
-0.972656
-0.972656
-0.972656
-0.972656
-0.972656
-0.980469
-0.980469
-0.988281
-0.972656
-0.980469
-0.972656
-0.972656
-0.980469
-0.972656
-0.980469
-0.972656
-0.972656
-0.972656
-0.972656
-0.972656
-0.972656
-0.972656
-0.972656
-0.972656
-0.972656
-0.964844
-0.964844
-0.972656
-0.972656
-0.972656
-0.980469
-0.972656
-0.980469
-0.980469
-0.972656
-0.972656
-0.980469
-0.988281
-0.964844
-0.957031
-0.972656
-0.964844
-0.964844
-0.964844
-0.964844
-0.964844
-0.972656
-0.964844
-0.964844
-0.972656
-0.972656
-0.964844
-0.980469
-0.972656
-0.972656
-0.980469
-0.980469
-0.972656
-0.972656
-0.972656
-0.972656
-0.964844
-0.972656
-0.972656
-0.972656
-0.972656
-0.972656
-0.972656
-0.972656
-0.972656
-0.972656
-0.972656
-0.972656
-0.972656
-0.972656
-0.972656
-0.972656
-0.972656
-0.980469
-0.972656
-0.972656
-0.972656
-0.972656
-0.972656
-0.980469
-0.972656
-0.980469
-0.972656
-0.972656
-0.980469
-0.972656
-0.972656
-0.972656
-0.980469
-0.972656
-0.972656
-0.980469
-0.972656
-0.972656
-0.972656
-0.980469
-0.980469
-0.972656
-0.972656
-0.980469
-0.980469
-0.972656
-0.980469
-0.972656
-0.972656
-0.980469
-0.972656
-0.972656
-0.972656
-0.972656
-0.964844
-0.972656
-0.972656
-0.980469
-0.972656
-0.964844
-0.972656
-0.980469
-0.972656
-0.972656
-0.980469
-0.972656
-0.964844
-0.972656
-0.980469
-0.980469
-0.972656
-0.949219
-0.964844
-0.980469
-0.996094
-0.980469
-0.957031
-0.964844
-0.980469
-0.980469
-0.980469
-0.972656
-0.957031
-0.949219
-0.964844
-0.988281
-0.980469
-0.964844
-0.949219
-0.957031
-0.988281
-0.996094
-0.972656
-0.941406
-0.941406
-0.988281
-0.996094
-0.964844
-0.964844
-0.972656
-0.988281
-0.964844
-0.972656
-0.972656
-0.964844
-0.964844
-0.996094
-0.988281
-0.964844
-0.949219
-0.980469
-0.972656
-0.972656
-0.996094
-0.996094
-0.964844
-0.925781
-0.964844
0.996063
0.988251
-0.988281
-0.957031
-0.941406
-0.957031
-0.996094
0.996063
-0.988281
-0.949219
-0.957031
-0.988281
-0.996094
-0.972656
-0.949219
-0.957031
-0.996094
0.996063
-0.972656
-0.917969
-0.949219
0.972626
0.972626
-0.949219
-0.917969
-0.964844
0.980438
0.988251
-0.964844
-0.917969
-0.964844
0.980438
0.964813
-0.964844
-0.910156
-0.941406
-0.996094
0.972626
-0.996094
-0.957031
-0.957031
-0.972656
-0.972656
-0.972656
-0.988281
-0.996094
-0.988281
-0.957031
-0.933594
-0.972656
0.980438
0.996063
-0.941406
-0.910156
-0.964844
0.988251
-0.988281
-0.941406
-0.925781
-0.996094
0.972626
-0.972656
-0.910156
-0.925781
-0.996094
0.980438
-0.980469
-0.941406
-0.933594
-0.941406
-0.972656
0.996063
0.996063
-0.980469
-0.949219
-0.957031
-0.964844
-0.972656
-0.996094
-0.988281
-0.964844
-0.941406
-0.957031
-0.972656
-0.972656
-0.980469
-0.980469
-0.972656
-0.957031
-0.957031
-0.980469
-0.996094
-0.988281
-0.964844
-0.972656
-0.988281
-0.949219
-0.957031
-0.996094
-0.996094
-0.957031
-0.957031
-0.996094
-0.972656
-0.949219
-0.972656
-0.996094
-0.980469
-0.964844
-0.972656
-0.964844
-0.957031
-0.972656
-0.988281
-0.980469
-0.980469
-0.972656
-0.949219
-0.941406
-0.988281
0.980438
-0.996094
-0.925781
-0.925781
-0.988281
0.988251
-0.972656
-0.957031
-0.996094
-0.996094
-0.972656
-0.949219
-0.964844
-0.996094
0.980438
-0.996094
-0.925781
-0.917969
0.996063
0.957001
-0.972656
-0.910156
-0.980469
0.972626
-0.980469
-0.964844
-0.972656
-0.988281
-0.957031
-0.964844
-0.996094
-0.996094
-0.988281
-0.964844
-0.964844
-0.949219
-0.964844
-0.996094
0.996063
-0.996094
-0.949219
-0.941406
-0.949219
-0.964844
-0.996094
0.996063
-0.980469
-0.941406
-0.949219
-0.972656
-0.972656
-0.996094
-0.996094
-0.949219
-0.941406
-0.957031
0.996063
-0.996094
-0.964844
-0.933594
-0.949219
-0.996094
0.996063
-0.988281
-0.964844
-0.957031
-0.949219
-0.957031
-0.980469
0.988251
-0.980469
-0.933594
-0.949219
-0.988281
-0.996094
-0.996094
-0.957031
-0.910156
-0.957031
0.964813
0.996063
-0.933594
-0.925781
-0.964844
0.996063
0.972626
-0.964844
-0.886719
-0.957031
0.941376
0.980438
-0.925781
-0.917969
-0.980469
0.996063
-0.980469
-0.972656
-0.988281
-0.996094
-0.957031
-0.933594
-0.988281
0.972626
-0.996094
-0.949219
-0.949219
-0.988281
-0.980469
-0.980469
-0.996094
-0.996094
-0.972656
-0.941406
-0.980469
0.988251
-0.996094
-0.941406
-0.949219
-0.996094
-0.996094
-0.996094
-0.964844
-0.941406
-0.949219
-0.988281
0.972626
0.972626
-0.941406
-0.847656
-0.910156
0.949188
0.925751
-0.988281
-0.917969
-0.902344
-0.964844
0.980438
0.980438
-0.988281
-0.941406
-0.941406
-0.964844
-0.988281
-0.988281
-0.972656
-0.957031
-0.964844
-0.972656
-0.972656
-0.972656
-0.964844
-0.964844
-0.972656
-0.980469
-0.980469
-0.972656
-0.957031
-0.972656
-0.980469
-0.980469
-0.980469
-0.980469
-0.972656
-0.964844
-0.972656
-0.972656
-0.980469
-0.996094
-0.980469
-0.964844
-0.972656
-0.972656
-0.972656
-0.964844
-0.964844
-0.972656
-0.972656
-0.980469
-0.972656
-0.957031
-0.949219
-0.972656
-0.996094
-0.980469
-0.980469
-0.964844
-0.972656
-0.980469
-0.980469
-0.972656
-0.972656
-0.972656
-0.972656
-0.972656
-0.980469
-0.972656
-0.980469
-0.972656
-0.980469
-0.972656
-0.972656
-0.980469
-0.972656
-0.988281
-0.972656
-0.980469
-0.980469
-0.988281
-0.988281
-0.972656
-0.972656
-0.972656
-0.980469
-0.980469
-0.972656
-0.980469
-0.972656
-0.972656
-0.980469
-0.980469
-0.980469
-0.972656
-0.972656
-0.996094
-0.972656
-0.972656
-0.980469
-0.972656
-0.980469
-0.972656
-0.980469
-0.972656
-0.980469
-0.980469
-0.980469
-0.972656
-0.972656
-0.972656
-0.972656
-0.988281
-0.964844
-0.972656
-0.972656
-0.972656
-0.980469
-0.972656
-0.964844
-0.980469
-0.980469
-0.972656
-0.972656
-0.972656
-0.972656
-0.972656
-0.972656
-0.972656
-0.972656
-0.972656
-0.980469
-0.972656
-0.980469
-0.964844
-0.972656
-0.972656
-0.980469
-0.964844
-0.964844
-0.964844
-0.964844
-0.972656
-0.964844
-0.972656
-0.972656
-0.972656
-0.964844
-0.972656
-0.972656
-0.972656
-0.972656
-0.972656
-0.972656
-0.972656
-0.980469
-0.972656
-0.972656
-0.972656
-0.972656
-0.972656
-0.972656
-0.972656
-0.972656
-0.972656
-0.972656
-0.980469
-0.972656
-0.964844
-0.972656
-0.972656
-0.972656
-0.972656
-0.972656
-0.972656
-0.972656
-0.972656
-0.972656
-0.980469
-0.972656
-0.972656
-0.972656
-0.980469
-0.980469
-0.980469
-0.972656
-0.972656
-0.980469
-0.972656
-0.972656
-0.972656
-0.972656
-0.972656
-0.972656
-0.972656
-0.972656
-0.980469
-0.980469
-0.972656
-0.972656
-0.972656
-0.980469
-0.980469
-0.972656
-0.972656
-0.980469
-0.972656
-0.972656
-0.980469
-0.980469
-0.980469
-0.972656
-0.972656
-0.972656
-0.972656
-0.972656
-0.980469
-0.972656
-0.972656
-0.972656
-0.988281
-0.972656
-0.980469
-0.972656
-0.972656
-0.972656
-0.972656
-0.980469
-0.972656
-0.972656
-0.972656
-0.980469
-0.972656
-0.972656
-0.972656
-0.972656
-0.972656
-0.972656
-0.972656
-0.972656
-0.972656
-0.964844
-0.972656
-0.972656
-0.972656
-0.972656
-0.964844
-0.972656
-0.972656
-0.972656
-0.972656
-0.964844
-0.972656
-0.964844
-0.972656
-0.980469
-0.972656
-0.972656
-0.972656
-0.980469
-0.972656
-0.964844
-0.972656
-0.980469
-0.980469
-0.972656
-0.972656
-0.957031
-0.972656
-0.972656
-0.972656
-0.980469
-0.972656
-0.972656
-0.980469
-0.972656
-0.972656
-0.972656
-0.972656
-0.980469
-0.980469
-0.972656
-0.972656
-0.980469
-0.972656
-0.972656
-0.980469
-0.972656
-0.972656
-0.972656
-0.972656
-0.972656
-0.972656
-0.980469
-0.972656
-0.972656
-0.972656
-0.980469
-0.980469
-0.980469
-0.980469
-0.980469
-0.972656
-0.972656
-0.980469
-0.972656
-0.972656
-0.972656
-0.972656
-0.988281
-0.972656
-0.972656
-0.972656
-0.972656
-0.972656
-0.980469
-0.972656
-0.972656
-0.980469
-0.980469
-0.972656
-0.972656
-0.972656
-0.964844
-0.972656
-0.972656
-0.980469
-0.972656
-0.980469
-0.980469
-0.972656
-0.972656
-0.980469
-0.972656
-0.972656
-0.972656
-0.980469
-0.972656
-0.972656
-0.980469
-0.964844
-0.972656
-0.980469
-0.972656
-0.972656
-0.972656
-0.972656
-0.964844
-0.972656
-0.980469
-0.972656
-0.980469
-0.964844
-0.972656
-0.964844
-0.972656
-0.972656
-0.972656
-0.972656
-0.972656
-0.980469
-0.972656
-0.972656
-0.972656
-0.972656
-0.972656
-0.972656
-0.972656
-0.972656
-0.972656
-0.972656
-0.964844
-0.972656
-0.980469
-0.972656
-0.972656
-0.972656
-0.980469
-0.972656
-0.972656
-0.972656
-0.980469
-0.980469
-0.972656
-0.972656
-0.972656
-0.972656
-0.972656
-0.980469
-0.972656
-0.972656
-0.972656
-0.972656
-0.972656
-0.980469
-0.972656
-0.980469
-0.972656
-0.972656
-0.972656
-0.972656
-0.972656
-0.980469
-0.980469
-0.980469
-0.972656
-0.980469
-0.988281
-0.980469
-0.980469
-0.972656
-0.980469
-0.980469
-0.980469
-0.980469
-0.972656
-0.980469
-0.972656
-0.972656
-0.972656
-0.972656
-0.972656
-0.972656
-0.972656
-0.972656
-0.980469
-0.980469
-0.972656
-0.980469
-0.972656
-0.972656
-0.980469
-0.972656
-0.972656
-0.972656
-0.972656
-0.972656
-0.972656
-0.972656
-0.980469
-0.972656
-0.972656
-0.980469
-0.980469
-0.972656
-0.972656
-0.972656
-0.972656
-0.988281
-0.972656
-0.972656
-0.972656
-0.972656
-0.972656
-0.980469
-0.972656
-0.972656
-0.980469
-0.972656
-0.972656
-0.964844
-0.964844
-0.972656
-0.980469
-0.972656
-0.972656
-0.972656
-0.972656
-0.980469
-0.980469
-0.980469
-0.980469
-0.972656
-0.964844
-0.972656
-0.972656
-0.972656
-0.972656
-0.980469
-0.972656
-0.972656
-0.972656
-0.972656
-0.972656
-0.980469
-0.964844
-0.972656
-0.980469
-0.972656
-0.980469
-0.980469
-0.980469
-0.972656
-0.972656
-0.972656
-0.972656
-0.980469
-0.972656
-0.980469
-0.972656
-0.972656
-0.972656
-0.972656
-0.972656
-0.972656
-0.972656
-0.980469
-0.980469
-0.980469
-0.980469
-0.972656
-0.972656
-0.980469
-0.972656
-0.972656
-0.980469
-0.972656
-0.972656
-0.980469
-0.980469
-0.972656
-0.972656
-0.972656
-0.972656
-0.980469
-0.972656
-0.972656
-0.972656
-0.972656
-0.972656
-0.972656
-0.972656
-0.964844
-0.972656
-0.980469
-0.980469
-0.972656
-0.972656
-0.972656
-0.964844
-0.972656
-0.972656
-0.972656
-0.972656
-0.972656
-0.964844
-0.972656
-0.972656
-0.972656
-0.964844
-0.972656
-0.972656
-0.972656
-0.972656
-0.980469
-0.964844
-0.972656
-0.972656
-0.972656
-0.980469
-0.980469
-0.972656
-0.972656
-0.972656
-0.972656
-0.972656
-0.972656
-0.972656
-0.972656
-0.980469
-0.972656
-0.988281
-0.972656
-0.980469
-0.980469
-0.972656
-0.972656
-0.972656
-0.972656
-0.972656
-0.972656
-0.972656
-0.972656
-0.972656
-0.980469
-0.980469
-0.972656
-0.980469
-0.972656
-0.972656
-0.972656
-0.972656
-0.972656
-0.972656
-0.972656
-0.980469
-0.980469
-0.980469
-0.972656
-0.972656
-0.972656
-0.980469
-0.972656
-0.972656
-0.972656
-0.980469
-0.980469
-0.972656
-0.972656
-0.964844
-0.972656
-0.972656
-0.972656
-0.980469
-0.980469
-0.972656
-0.972656
-0.972656
-0.972656
-0.972656
-0.980469
-0.972656
-0.980469
-0.972656
-0.972656
-0.972656
-0.972656
-0.972656
-0.972656
-0.972656
-0.972656
-0.972656
-0.972656
-0.980469
-0.972656
-0.972656
-0.972656
-0.972656
-0.980469
-0.972656
-0.972656
-0.972656
-0.964844
-0.972656
-0.972656
-0.972656
-0.972656
-0.964844
-0.972656
-0.972656
-0.980469
-0.980469
-0.972656
-0.972656
-0.980469
-0.980469
-0.972656
-0.972656
-0.964844
-0.964844
-0.972656
-0.972656
-0.972656
-0.972656
-0.972656
-0.972656
-0.980469
-0.972656
-0.972656
-0.980469
-0.972656
-0.972656
-0.972656
-0.972656
-0.972656
-0.972656
-0.972656
-0.964844
-0.972656
-0.972656
-0.972656
-0.980469
-0.972656
-0.972656
-0.972656
0.996063
0.941376
0.972626
-0.964844
-0.941406
-0.933594
-0.910156
-0.941406
-0.941406
-0.949219
-0.964844
-0.972656
-0.972656
-0.964844
-0.972656
-0.988281
-0.980469
-0.980469
-0.980469
-0.980469
-0.980469
-0.972656
-0.980469
-0.972656
-0.980469
-0.980469
-0.972656
-0.972656
-0.972656
-0.972656
-0.972656
-0.972656
-0.988281
-0.972656
-0.980469
-0.980469
-0.972656
-0.972656
-0.972656
-0.980469
-0.980469
-0.980469
-0.972656
-0.980469
-0.972656
-0.980469
-0.980469
-0.972656
-0.980469
-0.972656
-0.972656
-0.972656
-0.980469
-0.980469
-0.972656
-0.980469
-0.972656
-0.972656
-0.980469
-0.972656
-0.972656
-0.980469
-0.972656
-0.972656
-0.980469
-0.972656
-0.972656
-0.972656
-0.980469
-0.972656
-0.980469
-0.972656
-0.972656
-0.972656
-0.980469
-0.972656
-0.972656
-0.980469
-0.980469
-0.972656
-0.964844
-0.972656
-0.980469
-0.972656
-0.972656
-0.972656
-0.972656
-0.980469
-0.972656
-0.972656
-0.964844
-0.972656
-0.972656
-0.972656
-0.972656
-0.972656
-0.980469
-0.972656
-0.972656
-0.972656
-0.972656
-0.972656
-0.972656
-0.972656
-0.964844
-0.972656
-0.972656
-0.980469
-0.972656
-0.972656
-0.972656
-0.964844
-0.972656
-0.972656
-0.972656
-0.972656
-0.972656
-0.980469
-0.988281
-0.980469
-0.972656
-0.972656
-0.972656
-0.980469
-0.980469
-0.972656
-0.972656
-0.980469
-0.972656
-0.957031
-0.980469
-0.972656
-0.972656
-0.972656
-0.980469
-0.972656
-0.980469
-0.980469
-0.972656
-0.980469
-0.972656
-0.980469
-0.988281
-0.972656
-0.972656
-0.972656
-0.972656
-0.972656
-0.972656
-0.972656
-0.964844
-0.972656
-0.980469
-0.972656
-0.980469
-0.972656
-0.972656
-0.972656
-0.972656
-0.980469
-0.972656
-0.972656
-0.964844
-0.972656
-0.972656
-0.972656
-0.972656
-0.980469
-0.972656
-0.972656
-0.972656
-0.972656
-0.964844
-0.972656
-0.972656
-0.972656
-0.972656
-0.972656
-0.972656
-0.972656
-0.964844
-0.972656
-0.980469
-0.972656
-0.972656
-0.964844
-0.941406
-0.957031
-0.972656
-0.980469
-0.996094
-0.980469
-0.964844
-0.949219
-0.972656
-0.980469
-0.996094
-0.996094
-0.980469
-0.964844
-0.964844
-0.972656
-0.972656
-0.972656
-0.980469
-0.972656
-0.964844
-0.964844
-0.972656
-0.972656
-0.980469
-0.980469
-0.972656
-0.972656
-0.972656
-0.988281
-0.988281
-0.972656
-0.972656
-0.972656
-0.972656
-0.964844
-0.972656
-0.972656
-0.972656
-0.964844
-0.972656
-0.964844
-0.972656
-0.972656
-0.972656
-0.980469
-0.980469
-0.980469
-0.980469
-0.972656
-0.972656
-0.972656
-0.980469
-0.972656
-0.972656
-0.972656
-0.964844
-0.972656
-0.972656
-0.972656
-0.980469
-0.972656
-0.972656
-0.972656
-0.972656
-0.972656
-0.972656
-0.980469
-0.972656
-0.972656
-0.972656
-0.980469
-0.980469
-0.980469
-0.972656
-0.972656
-0.972656
-0.980469
-0.972656
-0.972656
-0.964844
-0.972656
-0.972656
-0.972656
-0.972656
-0.972656
-0.972656
-0.972656
-0.972656
-0.980469
-0.980469
-0.980469
-0.972656
-0.964844
-0.972656
-0.980469
-0.980469
-0.980469
-0.964844
-0.949219
-0.949219
-0.980469
-0.988281
-0.972656
-0.980469
-0.964844
-0.957031
-0.964844
-0.988281
-0.996094
-0.988281
-0.972656
-0.964844
-0.964844
-0.980469
-0.988281
-0.988281
-0.972656
-0.964844
-0.949219
0.498286
0.499143
0.500001
