-0.972656
-0.957031
-0.957031
0.402344
-0.980255
-0.99585
-0.99585
-0.99585
-0.99585
-0.99585
-0.99585
-0.99585
0.277527
0.863495
-0.99585
-0.886902
-0.808838
-0.808838
0.996002
-0.99585
-0.99585
-0.277283
-0.808838
-0.808838
-0.808838
-0.566559
0.660156
0.964752
0.0817871
-0.808838
-0.808838
0.199036
0.488281
0.550873
0.769592
0.574188
0.488159
0.214691
0.0819092
-0.13681
-0.00402832
0.534973
0.37088
-0.41037
0.230286
-0.85556
0.652313
-0.792938
0.238281
-0.722687
-0.121185
0.183472
-0.76181
-0.503967
-0.707062
0.80072
0.33194
0.378784
0.206909
0.574097
-0.644623
0.222565
0.660065
0.636627
0.511627
0.535065
0.58194
0.597565
0.605377
0.70694
0.996002
-0.441467
0.464783
-0.0195618
0.121094
-0.839783
-0.941284
-0.808411
0.496307
-0.99585
-0.99585
-0.99585
-0.167755
0.0665588
-0.246002
-0.496063
-0.167999
0.92569
0.824097
-0.379028
-0.293091
0.675659
0.0350647
-0.10553
-0.246124
-0.785156
0.300781
-0.972626
-0.746063
0.761719
-0.667969
-0.652374
-0.457092
0.847565
-0.488342
-0.746124
0.957001
-0.386719
-0.957031
0.0663757
-0.386749
-0.0117493
0.910126
-0.207031
0.0351562
-0.589844
0.316376
-0.613312
-0.910187
-0.691437
-0.207062
0.0351257
-0.0429993
-0.136749
-0.0586243
0.238251
0.628876
0.910126
-0.941406
-0.808594
-0.644531
-0.636719
-0.792969
0.894501
0.488251
-0.0351868
-0.644562
0.855408
0.691345
0.722595
0.824158
0.730408
0.39447
0.0194702
-0.23053
-0.183655
0.214783
0.777283
-0.660187
-0.0898743
0.464813
0.996063
-0.457031
0.0898438
0.605469
0.980469
-0.886688
-0.988251
0.761719
0.464844
0.316406
0.160156
-0.0351562
-0.347656
-0.675781
-0.941406
-0.957031
-0.824219
-0.550781
-0.269531
0.0273438
0.269531
0.386719
0.425781
0.464844
0.449219
0.441406
0.511719
0.589844
0.628906
0.597656
0.488281
0.519531
0.738281
0.957031
0.933594
0.769531
0.605469
0.496094
0.496094
0.402344
0.207031
-0.0273438
-0.144531
-0.152344
-0.0820312
0.0351562
0.222656
0.363281
0.550781
0.722656
0.894531
-0.957001
-0.917938
-0.949188
0.886719
0.605469
0.261719
-0.0351562
-0.269531
-0.386719
-0.449219
-0.386719
-0.363281
-0.402344
-0.457031
-0.566406
-0.613281
-0.683594
-0.761719
-0.933594
0.886688
0.714813
0.699188
0.714813
0.792938
0.957001
-0.894531
-0.722656
-0.691406
-0.714844
-0.667969
-0.714844
-0.878906
-0.996094
0.902313
0.792938
0.730438
0.675751
0.660126
0.597626
0.558563
0.558563
0.652313
0.769501
0.792938
0.832001
0.839813
0.839813
0.917938
-0.996094
-0.949219
-0.996094
0.972626
0.910126
0.886688
0.933563
0.972626
-0.964844
-0.941406
-0.902344
-0.894531
-0.863281
-0.832031
-0.847656
-0.832031
-0.855469
-0.933594
-0.792969
-0.746094
-0.628906
-0.535156
-0.496094
-0.464844
-0.386719
-0.332031
-0.238281
-0.136719
-0.0351562
0.00390625
-0.00390625
0.00390625
0.0117188
0.0976562
0.144531
0.136719
0.113281
0.0976562
0.0976562
0.0976562
0.0976562
0.121094
0.121094
0.128906
0.113281
0.0976562
0.0976562
0.0976562
0.0976562
0.0898438
0.0664062
0.0742188
0.0742188
0.0273438
0.0507812
0.0351562
0.00390625
-0.0429688
-0.0976562
-0.121094
-0.136719
-0.175781
-0.277344
-0.378906
-0.425781
-0.457031
-0.511719
-0.582031
-0.589844
-0.621094
-0.652344
-0.691406
-0.722656
-0.699219
-0.722656
-0.746094
-0.808594
-0.824219
-0.855469
-0.878906
-0.878906
-0.886719
-0.902344
-0.917969
-0.941406
-0.996094
0.980438
0.972626
0.957001
0.925751
0.894501
0.886688
0.847626
0.855438
0.847626
0.847626
0.824188
0.769501
0.769501
0.800751
0.816376
0.863251
0.816376
0.769501
0.707001
0.832001
0.933563
0.902313
0.855438
0.925751
0.933563
0.933563
0.925751
0.949188
0.980438
-0.996094
-0.980469
-0.972656
0.988251
0.957001
0.925751
0.972626
0.996063
-0.988281
-0.933594
-0.949219
-0.949219
-0.933594
-0.949219
-0.933594
-0.886719
-0.886719
-0.902344
-0.894531
-0.855469
-0.832031
-0.816406
-0.855469
-0.839844
-0.824219
-0.855469
-0.878906
-0.894531
-0.863281
-0.855469
-0.816406
-0.808594
-0.824219
-0.847656
-0.824219
-0.855469
-0.800781
-0.800781
-0.816406
-0.800781
-0.800781
-0.832031
-0.839844
-0.816406
-0.816406
-0.800781
-0.816406
-0.800781
-0.816406
-0.816406
-0.816406
-0.785156
-0.792969
-0.832031
-0.816406
-0.746094
-0.746094
-0.738281
-0.800781
-0.785156
-0.816406
-0.855469
-0.886719
-0.863281
-0.871094
-0.894531
-0.886719
-0.863281
-0.902344
-0.902344
-0.871094
-0.863281
-0.839844
-0.894531
-0.886719
-0.886719
-0.878906
-0.871094
-0.855469
-0.878906
-0.902344
-0.902344
-0.863281
-0.871094
-0.839844
-0.855469
-0.871094
-0.878906
-0.871094
-0.878906
-0.886719
-0.910156
-0.886719
-0.910156
-0.933594
-0.917969
-0.878906
-0.871094
-0.878906
-0.894531
-0.863281
-0.871094
-0.863281
-0.902344
-0.933594
-0.957031
-0.925781
-0.957031
-0.933594
-0.925781
-0.964844
-0.941406
-0.933594
-0.925781
-0.925781
-0.980469
-0.988281
-0.972656
-0.972656
-0.964844
-0.980469
-0.988281
-0.949219
-0.996094
0.988251
-0.988281
-0.980469
-0.988281
-0.980469
-0.996094
-0.957031
-0.933594
-0.933594
-0.941406
-0.917969
-0.910156
-0.933594
-0.941406
-0.925781
-0.996094
-0.972656
-0.964844
-0.988281
-0.988281
-0.980469
-0.980469
-0.988281
-0.988281
-0.996094
-0.988281
0.988251
0.996063
0.957001
0.972626
0.964813
0.941376
0.941376
0.941376
0.933563
0.917938
0.925751
0.980438
0.988251
0.988251
0.957001
0.941376
0.949188
0.949188
0.980438
0.933563
-0.996094
-0.980469
-0.972656
0.980438
0.980438
0.972626
0.964813
0.996063
0.972626
0.996063
0.988251
-0.980469
-0.996094
-0.972656
-0.964844
-0.980469
-0.980469
0.988251
0.980438
0.988251
-0.949219
0.949188
0.957001
0.964813
0.972626
0.972626
0.964813
-0.996094
0.957001
0.964813
0.988251
0.996063
0.949188
0.878876
0.792938
0.816376
0.988251
-0.925781
-0.996094
0.972626
-0.996094
0.957001
0.949188
0.980438
0.996063
0.996063
0.988251
-0.988281
-0.996094
0.972626
0.980438
0.996063
0.988251
-0.996094
-0.988281
-0.988281
0.996063
-0.988281
-0.996094
-0.996094
0.996063
-0.996094
0.988251
0.980438
0.980438
0.980438
0.980438
0.996063
0.988251
-0.996094
-0.988281
-0.980469
-0.996094
-0.996094
-0.980469
-0.988281
-0.996094
-0.980469
-0.996094
-0.996094
-0.980469
-0.964844
-0.964844
0.988251
0.980438
0.988251
-0.917969
-0.917969
0.980438
0.964813
-0.996094
-0.941406
-0.949219
-0.972656
-0.996094
-0.988281
-0.980469
-0.988281
-0.941406
-0.925781
-0.941406
-0.964844
-0.988281
-0.980469
-0.941406
-0.941406
-0.964844
-0.980469
-0.941406
-0.957031
-0.957031
-0.964844
-0.964844
-0.972656
-0.988281
-0.988281
-0.949219
-0.941406
-0.957031
-0.972656
-0.988281
-0.996094
-0.980469
-0.996094
-0.988281
-0.972656
-0.941406
-0.941406
-0.964844
-0.957031
-0.980469
0.996063
-0.996094
-0.964844
-0.972656
-0.980469
-0.988281
-0.996094
-0.972656
-0.980469
-0.988281
-0.996094
0.996063
0.988251
0.996063
-0.980469
-0.996094
-0.996094
0.964813
-0.996094
-0.996094
0.957001
-0.996094
-0.996094
-0.996094
-0.988281
0.980438
0.964813
0.972626
0.972626
0.980438
0.972626
0.964813
0.996063
0.996063
0.996063
-0.996094
-0.980469
-0.988281
-0.988281
0.972626
0.957001
0.949188
0.972626
0.964813
0.996063
0.972626
0.980438
0.964813
0.957001
0.964813
0.988251
0.964813
0.957001
0.925751
0.910126
0.957001
0.957001
0.941376
0.933563
0.933563
0.925751
0.957001
0.949188
0.957001
0.957001
0.949188
0.941376
0.925751
0.964813
0.980438
0.957001
0.964813
0.964813
-0.996094
-0.996094
0.988251
0.996063
-0.996094
0.980438
0.996063
0.996063
-0.996094
-0.980469
-0.996094
0.996063
0.996063
0.972626
0.996063
0.980438
0.980438
0.972626
-0.996094
-0.972656
-0.972656
-0.980469
0.996063
-0.980469
-0.972656
-0.996094
0.996063
-0.996094
0.996063
-0.996094
-0.964844
-0.964844
-0.964844
-0.996094
-0.996094
-0.957031
-0.980469
-0.941406
-0.886719
-0.902344
0.964813
0.910126
0.855438
-0.949219
-0.949219
0.878876
-0.996094
-0.605469
-0.660156
0.847626
0.527313
0.667938
-0.808594
-0.214844
-0.339844
0.644501
0.0585632
0.808563
-0.378906
-0.675781
0.855438
0.949188
-0.933594
0.917938
0.800751
0.855438
0.972626
-0.933594
-0.917969
-0.996094
0.941376
0.839813
0.816376
0.964813
-0.925781
-0.988281
-0.925781
-0.847656
0.941376
0.410126
0.652313
-0.621094
-0.214844
-0.699219
0.433563
0.277313
0.925751
-0.628906
-0.699219
-0.792969
-0.988281
0.644501
0.566376
-0.972656
-0.527344
-0.667969
0.878876
0.628876
0.792938
-0.839844
-0.761719
-0.980469
0.949188
-0.980469
0.910126
0.800751
-0.925781
-0.683594
-0.832031
0.933563
0.902313
0.957001
-0.972656
-0.941406
-0.980469
-0.941406
-0.847656
-0.917969
0.894501
0.957001
-0.878906
-0.839844
-0.988281
0.957001
-0.925781
-0.863281
-0.941406
-0.980469
-0.925781
-0.878906
-0.933594
0.847626
0.925751
-0.707031
-0.730469
0.816376
0.714813
-0.839844
-0.683594
-0.925781
0.855438
0.878876
-0.996094
-0.910156
-0.839844
-0.910156
0.957001
0.902313
-0.972656
-0.863281
-0.964844
0.902313
0.988251
-0.847656
-0.800781
0.964813
0.699188
0.855438
-0.636719
-0.542969
0.910126
0.550751
0.902313
-0.691406
-0.886719
0.933563
-0.917969
-0.980469
0.753876
0.832001
-0.769531
-0.683594
0.769501
0.441376
-0.980469
-0.355469
-0.738281
0.527313
0.511688
-0.941406
-0.722656
0.957001
0.941376
-0.808594
-0.933594
0.597626
0.652313
-0.886719
-0.707031
-0.886719
0.839813
0.714813
0.917938
-0.988281
0.972626
-0.925781
-0.949219
0.738251
0.621063
-0.972656
-0.605469
-0.902344
0.535126
0.574188
-0.902344
-0.667969
-0.871094
0.902313
0.660126
0.582001
0.996063
-0.402344
-0.613281
0.503876
0.347626
-0.886719
-0.519531
-0.964844
0.753876
0.800751
0.980438
-0.730469
-0.816406
0.675751
0.714813
-0.683594
-0.542969
0.871063
0.621063
-0.988281
-0.761719
-0.917969
-0.933594
-0.792969
-0.957031
0.660126
0.753876
-0.636719
-0.347656
-0.894531
0.503876
0.675751
-0.683594
-0.503906
-0.933594
0.839813
0.957001
-0.933594
-0.792969
-0.777344
0.863251
0.886688
-0.574219
-0.566406
0.746063
0.660126
-0.628906
-0.613281
0.730438
0.730438
-0.589844
-0.605469
0.667938
0.574188
-0.636719
-0.339844
-0.925781
0.699188
0.886688
-0.800781
-0.675781
-0.832031
0.847626
0.808563
-0.707031
-0.542969
0.761688
0.355438
-0.855469
-0.0742188
-0.667969
0.332001
0.230438
0.871063
-0.386719
-0.222656
-0.949219
0.386688
0.644501
0.941376
0.800751
-0.847656
-0.230469
-0.558594
0.605438
0.199188
0.449188
-0.792969
-0.0195312
-0.339844
0.417938
-0.0976868
0.753876
-0.246094
-0.339844
0.816376
0.285126
0.589813
-0.792969
-0.464844
-0.785156
0.558563
0.488251
-0.769531
-0.402344
0.699188
0.167938
-0.800781
-0.175781
0.761688
0.183563
-0.832031
-0.480469
0.816376
0.652313
-0.980469
-0.996094
-0.902344
-0.707031
-0.910156
0.542938
0.441376
-0.855469
-0.207031
-0.652344
0.511688
0.683563
-0.707031
-0.769531
0.714813
0.699188
-0.886719
-0.480469
-0.441406
0.964813
0.316376
0.558563
-0.691406
-0.371094
-0.644531
-0.957031
0.878876
0.824188
0.863251
-0.933594
-0.660156
-0.613281
-0.964844
0.597626
0.761688
-0.613281
-0.472656
-0.910156
0.746063
0.613251
0.871063
-0.488281
-0.222656
0.980438
0.277313
0.832001
-0.433594
-0.753906
0.691376
0.886688
-0.699219
-0.652344
0.972626
0.660126
0.730438
-0.917969
-0.628906
-0.574219
-0.949219
0.308563
0.332001
-0.449219
0.308594
-0.871094
-0.363312
0.144501
-0.105469
0.207031
0.847626
0.0976257
0.933563
-0.621094
0.636688
0.621063
-0.402344
-0.417969
0.542938
0.222626
-0.972656
-0.308594
-0.832031
0.238251
0.535126
-0.324219
-0.222656
0.574188
-0.0351868
0.933563
-0.105469
-0.503906
0.488251
0.246063
-0.996094
-0.394531
-0.636719
0.691376
0.292938
0.902313
-0.292969
-0.636719
0.535126
0.558563
-0.871094
-0.605469
-0.777344
0.769501
0.582001
0.996063
-0.503906
-0.691406
0.769501
0.738251
-0.917969
-0.792969
-0.957031
0.933563
0.996063
-0.902344
-0.917969
-0.855469
-0.769531
0.902313
0.628876
-0.816406
-0.214844
-0.996094
0.0820007
0.839813
0.0507812
-0.300781
0.402313
0.167938
-0.925781
-0.300781
-0.683594
0.941376
-0.863281
-0.886719
0.605438
0.574188
-0.730469
-0.324219
-0.917969
0.683563
0.980438
-0.832031
0.855438
0.792938
-0.691406
-0.425781
0.777313
0.292938
-0.863281
-0.105469
-0.839844
0.199188
0.816376
-0.183594
-0.636719
0.363251
0.636688
-0.425781
-0.449219
0.785126
0.511688
0.941376
-0.566406
-0.589844
0.800751
0.230438
0.605438
-0.363281
0.0117188
0.933563
-0.144562
0.425751
-0.167969
-0.0585938
0.761688
0.214813
0.886688
-0.691406
-0.910156
-0.816406
-0.613281
0.714813
0.0663757
0.878876
-0.0820312
-0.378906
0.675751
0.511688
0.832001
0.886688
0.957001
-0.753906
-0.558594
-0.925781
0.667938
0.675751
0.871063
-0.832031
-0.675781
0.964813
0.636688
-0.996094
-0.574219
-0.785156
0.574188
0.378876
-0.910156
-0.144531
-0.667969
0.246063
0.449188
-0.519531
-0.253906
-0.910156
0.535126
0.558563
0.910126
-0.589844
-0.457031
-0.871094
0.933563
0.746063
0.417938
0.738251
-0.386719
-0.0351562
-0.582031
0.410126
-0.144562
0.644501
0.00390625
0.363281
-0.800781
-0.0742493
0.207001
-0.527344
-0.230469
-0.863281
0.761688
0.863251
-0.738281
-0.675781
0.613251
0.246063
-0.777344
0.0898438
-0.527344
0.558563
0.480438
0.714813
-0.980469
-0.371094
-0.222656
0.949188
0.214813
0.566376
-0.519531
-0.449219
0.894501
0.777313
-0.761719
-0.730469
0.777313
0.777313
-0.839844
-0.910156
0.847626
-0.714844
-0.519531
0.824188
0.535126
-0.964844
-0.683594
-0.964844
0.761688
0.941376
-0.675781
-0.566406
0.863251
0.394501
0.699188
-0.738281
-0.527344
-0.660156
-0.980469
0.550751
0.371063
-0.949219
-0.269531
-0.621094
0.707001
0.566376
0.777313
0.910126
-0.808594
-0.527344
-0.675781
0.394501
0.269501
-0.746094
-0.207031
-0.863281
0.332001
0.417938
-0.761719
-0.253906
-0.675781
0.613251
0.394501
0.871063
-0.582031
-0.675781
-0.996094
-0.957031
0.800751
0.410126
-0.800781
0.0351562
-0.988281
-0.105499
0.738251
-0.0273438
-0.417969
0.417938
0.402313
-0.785156
-0.644531
0.980438
-0.894531
-0.847656
0.675751
0.652313
-0.800781
-0.332031
-0.769531
0.621063
0.214813
0.917938
0.0429688
-0.269531
0.402313
0.136688
-0.917969
-0.292969
-0.597656
0.957001
0.722626
0.628876
-0.988281
-0.417969
-0.675781
0.738251
-0.988281
-0.683594
0.660126
0.535126
-0.410156
-0.121094
0.871063
0.324188
0.863251
-0.761719
-0.792969
-0.980469
0.878876
-0.839844
-0.464844
-0.949219
0.433563
0.972626
-0.386719
-0.683594
0.832001
0.808563
-0.988281
-0.832031
-0.839844
-0.980469
0.957001
0.964813
-0.964844
0.964813
0.816376
0.949188
-0.667969
-0.667969
0.738251
0.527313
-0.714844
-0.425781
0.691376
0.355438
-0.675781
-0.222656
0.792938
0.191376
-0.996094
-0.371094
-0.878906
0.480438
0.699188
-0.738281
-0.691406
-0.949219
0.910126
0.785126
0.714813
0.988251
-0.660156
-0.722656
0.878876
0.761688
0.894501
0.910126
0.910126
-0.925781
-0.714844
-0.714844
0.808563
0.457001
0.839813
-0.753906
-0.839844
-0.667969
-0.457031
0.761688
-0.136749
0.738251
0.261719
-0.246094
0.261688
0.496063
-0.535156
-0.652344
0.691376
0.699188
-0.996094
-0.722656
-0.496094
-0.566406
0.855438
0.0820007
0.191376
-0.300781
0.746094
-0.597656
-0.394562
0.0663757
-0.222656
0.207031
-0.972656
0.0976257
0.707001
-0.144531
-0.433594
0.480438
0.449188
-0.894531
-0.464844
-0.300781
-0.917969
0.0741882
0.253876
-0.238281
0.332031
-0.878906
0.0195007
0.496063
-0.371094
-0.339844
0.871063
0.808563
-0.714844
-0.941406
0.738251
-0.949219
-0.777344
-0.886719
-0.878906
-0.949219
0.863251
0.769501
0.941376
-0.785156
-0.480469
-0.753906
0.425751
0.324188
-0.628906
-0.0429688
-0.824219
0.339813
0.582001
-0.832031
-0.667969
-0.699219
-0.964844
0.558563
0.550751
-0.738281
-0.308594
-0.996094
0.160126
0.761688
-0.128906
-0.582031
0.269501
0.613251
-0.378906
-0.628906
0.527313
0.527313
-0.910156
-0.566406
-0.667969
0.808563
0.628876
0.996063
-0.996094
0.714813
-0.808594
-0.222656
-0.941406
-0.152374
0.378876
-0.105469
-0.0898438
0.574188
0.253876
-0.855469
-0.621094
0.785126
0.878876
-0.644531
-0.832031
0.644501
0.707001
-0.894531
-0.871094
-0.878906
-0.761719
0.957001
0.628876
0.832001
-0.933594
-0.808594
-0.628906
-0.746094
0.699188
0.550751
-0.957031
-0.714844
-0.964844
-0.964844
-0.792969
0.996063
0.714813
0.980438
-0.730469
-0.792969
-0.949219
-0.917969
-0.949219
0.933563
0.910126
-0.855469
-0.683594
-0.808594
0.902313
0.832001
-0.878906
-0.683594
0.972626
0.660126
-0.988281
-0.589844
-0.902344
0.800751
-0.996094
-0.894531
0.933563
0.894501
-0.746094
-0.496094
-0.917969
0.683563
0.855438
-0.855469
-0.863281
-0.738281
-0.621094
-0.855469
0.652313
0.417938
0.839813
-0.394531
-0.324219
0.894501
0.378876
0.574188
-0.878906
-0.566406
-0.699219
0.925751
0.667938
0.761688
-0.980469
-0.675781
-0.355469
-0.292969
-0.667969
0.636688
0.417938
-0.785156
-0.121094
-0.722656
0.433563
0.464813
0.855438
0.980438
-0.917969
-0.582031
-0.628906
0.503876
0.0585632
-0.996094
-0.121094
-0.722656
0.472626
0.644501
-0.949219
0.996063
0.933563
-0.894531
-0.855469
0.972626
0.785126
0.777313
0.996063
-0.792969
-0.949219
0.925751
-0.957031
-0.957031
0.855438
0.886688
-0.863281
-0.738281
0.988251
0.792938
0.917938
-0.925781
-0.902344
-0.902344
-0.996094
0.902313
0.996063
-0.886719
-0.886719
-0.941406
0.949188
0.894501
-0.972656
-0.839844
-0.878906
-0.972656
0.941376
0.886688
0.964813
-0.855469
-0.839844
-0.980469
-0.980469
-0.996094
0.964813
-0.980469
-0.886719
-0.808594
-0.925781
0.949188
0.964813
-0.878906
-0.832031
-0.988281
0.910126
-0.925781
-0.847656
-0.949219
0.980438
-0.972656
-0.941406
-0.957031
-0.964844
-0.957031
-0.996094
0.996063
-0.980469
-0.957031
-0.957031
-0.949219
-0.980469
0.949188
0.902313
-0.972656
-0.886719
-0.964844
0.941376
0.933563
0.949188
-0.964844
-0.894531
-0.917969
0.949188
0.886688
0.917938
-0.980469
-0.839844
-0.871094
0.894501
0.761688
0.949188
-0.808594
-0.863281
0.902313
0.855438
-0.972656
-0.847656
-0.964844
0.949188
-0.980469
-0.910156
0.996063
0.910126
0.957001
-0.816406
-0.769531
0.933563
0.589813
0.863251
-0.605469
-0.613281
0.855438
0.589813
0.941376
-0.652344
-0.785156
0.777313
0.675751
-0.777344
-0.441406
-0.996094
0.457001
0.792938
-0.558594
-0.621094
0.863251
0.714813
-0.949219
-0.707031
-0.847656
0.910126
0.839813
0.980438
-0.730469
-0.707031
-0.949219
0.714813
0.847626
-0.808594
-0.613281
-0.753906
-0.988281
0.917938
0.824188
0.917938
-0.808594
-0.574219
-0.800781
0.832001
0.761688
0.910126
-0.800781
-0.535156
-0.714844
0.785126
0.558563
0.847626
-0.660156
-0.605469
-0.917969
0.800751
0.691376
0.941376
-0.785156
-0.839844
-0.980469
-0.816406
-0.832031
0.910126
0.941376
-0.910156
-0.839844
-0.816406
-0.941406
0.972626
0.988251
-0.988281
-0.980469
-0.777344
-0.792969
0.847626
0.675751
-0.910156
-0.613281
-0.878906
0.878876
0.902313
0.878876
0.941376
-0.839844
-0.863281
0.917938
0.925751
-0.722656
-0.707031
0.855438
0.675751
0.957001
-0.832031
-0.933594
-0.957031
-0.902344
0.964813
0.886688
0.933563
-0.996094
-0.941406
-0.785156
-0.855469
0.839813
0.816376
-0.832031
-0.722656
0.886688
0.644501
-0.957031
-0.558594
-0.589844
0.816376
0.574188
0.667938
-0.988281
-0.652344
-0.558594
-0.777344
0.949188
0.824188
0.808563
0.886688
0.949188
-0.964844
-0.769531
-0.589844
-0.761719
0.863251
0.597626
0.542938
0.714813
-0.777344
-0.0351562
0.0117188
0.839813
-0.300812
0.0429382
-0.996094
-0.738281
-0.613281
0.0429688
0.230469
-0.949219
-0.355499
-0.332062
0.996063
0.230469
0.152344
0.800751
-0.00393677
0.238251
-0.902344
-0.238281
-0.332031
-0.800781
0.785126
0.652313
0.816376
-0.933594
-0.707031
-0.558594
-0.816406
0.660126
0.355438
0.230438
0.605438
0.261719
0.0429993
-0.941376
-0.792999
0.542877
0.253845
0.300781
0.847687
0.441437
0.105469
-0.496124
-0.10553
0.503845
-0.902344
-0.675751
-0.707001
-0.347656
-0.0976868
-0.800812
-0.128937
-0.636719
0.550781
0.410156
0.910126
-0.363312
-0.183624
-0.933594
0.113281
0.0507812
-0.996094
0.160126
0.269501
0.933563
-0.683594
-0.730469
-0.855469
-0.941406
-0.988281
0.988251
0.722626
0.621063
-0.792969
-0.113281
-0.730469
0.167938
0.628876
-0.253906
-0.714844
0.347626
0.777313
-0.457031
-0.503906
-0.972656
0.644501
0.519501
0.808563
-0.769531
-0.605469
-0.699219
-0.886719
0.839813
0.660126
0.800751
-0.863281
-0.628906
-0.839844
0.785126
0.769501
0.941376
-0.957031
-0.972656
-0.910156
-0.785156
-0.816406
0.925751
0.777313
0.792938
0.498286
0.499143
0.500001
