-0.980469
-0.988281
-0.996094
0.878876
-0.245972
0.675995
-0.99585
-0.99585
-0.99585
-0.99585
-0.99585
-0.99585
-0.99585
-0.792755
-0.99585
0.347656
-0.808838
-0.808838
0.5271
-0.0505981
-0.99585
0.488495
0.441193
-0.808838
-0.808838
0.4021
-0.183624
-0.167969
-0.0197144
-0.808838
-0.808838
0.2771
-0.777405
-0.972565
0.589935
-0.167938
-0.94928
0.628754
0.894379
-0.675873
-0.76181
-0.0899963
-0.699402
-0.496307
0.597443
0.769379
0.417908
0.683594
-0.902313
0.722626
-0.691467
0.511597
0.488159
0.33194
0.636658
-0.738312
-0.464905
0.863159
0.0506592
0.214722
0.870972
-0.238373
0.605377
0.61319
0.378815
0.355377
0.371002
0.410065
0.480377
0.628815
0.839752
-0.82428
-0.183655
-0.957062
0.933563
-0.488251
-0.996002
-0.777191
-0.80838
-0.99585
-0.99585
-0.99585
0.91037
0.0744019
-0.105347
-0.652283
-0.761719
0.0272827
-0.441498
-0.0587158
-0.543091
0.238159
-0.613373
-0.91803
0.964783
0.589813
-0.214844
0.785156
-0.871063
-0.933563
0.183594
0.550751
0.496033
0.95694
0.777252
0.14447
0.199188
-0.363281
-0.277344
0.800751
-0.167999
-0.378937
0.160126
-0.964844
-0.214844
-0.136719
-0.816406
0.136688
-0.566437
-0.691437
-0.433624
-0.199249
-0.0117493
0.0820007
0.199188
0.308563
0.417938
0.527313
0.636688
0.847626
-0.824219
-0.480469
-0.386719
-0.667969
0.832001
0.214813
-0.402374
-0.933624
0.816345
0.839783
0.917908
0.910095
0.574158
0.11322
-0.238342
-0.300842
-0.0899048
0.230408
0.855408
-0.324249
0.261688
0.714813
-0.652344
-0.0820312
0.324219
0.746094
-0.933563
-0.855438
-0.980438
0.660156
0.332031
0.0742188
-0.175781
-0.378906
-0.488281
-0.699219
-0.886719
-0.996094
-0.832031
-0.496094
-0.0351562
0.355469
0.613281
0.644531
0.550781
0.535156
0.503906
0.488281
0.527344
0.558594
0.542969
0.566406
0.496094
0.480469
0.503906
0.582031
0.613281
0.621094
0.511719
0.339844
0.214844
0.0664062
-0.136719
-0.332031
-0.488281
-0.480469
-0.339844
-0.128906
0.0273438
0.167969
0.332031
0.503906
0.667969
0.800781
0.816406
0.761719
0.628906
0.410156
0.160156
-0.0351562
-0.214844
-0.332031
-0.402344
-0.433594
-0.457031
-0.457031
-0.496094
-0.527344
-0.660156
-0.785156
-0.910156
-0.996094
0.902313
0.863251
0.863251
0.917938
-0.957031
-0.832031
-0.746094
-0.683594
-0.589844
-0.566406
-0.660156
-0.761719
-0.824219
-0.972656
0.839813
0.722626
0.660126
0.675751
0.730438
0.800751
0.800751
0.839813
0.871063
0.902313
0.910126
0.941376
-0.949219
-0.886719
-0.871094
-0.839844
-0.816406
-0.832031
-0.808594
-0.808594
-0.792969
-0.785156
-0.792969
-0.761719
-0.761719
-0.699219
-0.691406
-0.675781
-0.738281
-0.769531
-0.785156
-0.816406
-0.808594
-0.808594
-0.792969
-0.722656
-0.621094
-0.558594
-0.449219
-0.355469
-0.285156
-0.167969
-0.0820312
-0.0351562
-0.0195312
0.0117188
0.0195312
0.0195312
0.0351562
0.00390625
0.00390625
-0.0429688
-0.0195312
-0.0273438
-0.0273438
-0.0195312
0.0195312
0.0117188
0.0117188
-0.0351562
-0.0273438
0.0117188
-0.00390625
-0.0117188
-0.0195312
-0.0585938
-0.0507812
-0.105469
-0.00390625
-0.0585938
-0.261719
-0.128906
-0.136719
-0.253906
-0.253906
-0.292969
-0.363281
-0.464844
-0.574219
-0.613281
-0.675781
-0.714844
-0.746094
-0.761719
-0.761719
-0.753906
-0.785156
-0.816406
-0.816406
-0.699219
-0.816406
-0.800781
-0.839844
-0.878906
-0.878906
-0.878906
-0.863281
-0.832031
-0.824219
-0.910156
-0.933594
-0.972656
-0.980469
-0.980469
0.996063
0.925751
0.933563
0.933563
0.949188
0.949188
0.949188
0.917938
0.878876
0.871063
0.878876
0.878876
0.878876
0.847626
0.855438
0.863251
0.878876
0.886688
0.871063
0.855438
0.910126
0.878876
0.769501
0.878876
-0.902344
-0.886719
0.996063
-0.941406
-0.933594
-0.941406
-0.957031
-0.902344
-0.855469
-0.832031
-0.855469
-0.902344
-0.863281
-0.902344
-0.988281
-0.925781
-0.886719
-0.910156
-0.972656
-0.933594
-0.910156
-0.910156
-0.863281
-0.863281
-0.902344
-0.902344
-0.894531
-0.902344
-0.886719
-0.832031
-0.832031
-0.847656
-0.886719
-0.863281
-0.839844
-0.808594
-0.855469
-0.855469
-0.855469
-0.863281
-0.839844
-0.824219
-0.808594
-0.800781
-0.769531
-0.792969
-0.847656
-0.832031
-0.816406
-0.816406
-0.824219
-0.808594
-0.808594
-0.785156
-0.792969
-0.808594
-0.832031
-0.800781
-0.792969
-0.816406
-0.839844
-0.832031
-0.847656
-0.894531
-0.941406
-0.941406
-0.917969
-0.933594
-0.941406
-0.925781
-0.902344
-0.910156
-0.910156
-0.886719
-0.863281
-0.839844
-0.832031
-0.855469
-0.878906
-0.871094
-0.917969
-0.886719
-0.871094
-0.863281
-0.847656
-0.855469
-0.863281
-0.839844
-0.863281
-0.847656
-0.839844
-0.878906
-0.894531
-0.894531
-0.863281
-0.902344
-0.894531
-0.878906
-0.878906
-0.878906
-0.855469
-0.832031
-0.863281
-0.910156
-0.910156
-0.902344
-0.910156
-0.925781
-0.917969
-0.910156
-0.917969
-0.902344
-0.917969
-0.917969
-0.910156
-0.902344
-0.886719
-0.886719
-0.917969
-0.917969
-0.894531
-0.878906
-0.917969
-0.910156
-0.910156
-0.910156
-0.933594
-0.925781
-0.933594
-0.949219
-0.941406
-0.925781
-0.917969
-0.910156
-0.925781
-0.917969
-0.902344
-0.886719
-0.941406
-0.957031
-0.957031
-0.980469
-0.988281
-0.996094
-0.996094
0.980438
0.964813
0.949188
0.949188
0.933563
0.941376
0.925751
0.941376
0.949188
0.933563
0.933563
0.917938
0.933563
0.910126
0.917938
0.910126
0.878876
0.902313
0.863251
0.886688
0.941376
0.925751
0.917938
0.941376
0.949188
0.949188
0.917938
0.964813
0.933563
0.902313
0.941376
0.925751
0.933563
0.933563
0.941376
0.925751
0.925751
0.933563
0.910126
0.957001
0.917938
0.902313
0.910126
0.949188
0.933563
0.894501
0.910126
0.894501
0.910126
0.878876
0.894501
0.902313
0.933563
0.902313
0.910126
0.964813
0.988251
0.957001
0.949188
0.988251
0.972626
0.972626
0.980438
-0.980469
0.996063
0.988251
0.988251
0.933563
0.824188
0.878876
-0.894531
-0.855469
0.988251
-0.980469
-0.902344
-0.933594
-0.957031
-0.925781
-0.902344
-0.878906
-0.886719
-0.886719
-0.902344
-0.980469
0.957001
0.980438
-0.996094
0.988251
0.964813
0.980438
-0.949219
0.972626
-0.925781
0.996063
0.957001
-0.933594
-0.917969
0.988251
-0.996094
-0.917969
-0.925781
-0.972656
-0.933594
-0.917969
-0.949219
-0.949219
-0.941406
-0.910156
-0.925781
-0.933594
-0.925781
-0.925781
-0.925781
-0.949219
-0.941406
-0.933594
-0.910156
-0.917969
-0.957031
-0.949219
-0.949219
-0.964844
-0.972656
-0.972656
-0.980469
-0.980469
0.996063
-0.964844
0.917938
-0.925781
-0.917969
0.957001
0.988251
-0.980469
-0.957031
-0.972656
-0.996094
0.980438
-0.996094
-0.996094
-0.980469
0.996063
-0.996094
-0.988281
-0.964844
-0.980469
-0.980469
-0.972656
-0.972656
-0.980469
-0.996094
-0.996094
-0.996094
0.996063
0.988251
0.988251
0.980438
-0.988281
-0.996094
-0.996094
0.949188
0.996063
-0.996094
-0.996094
0.980438
-0.996094
-0.996094
0.996063
-0.996094
0.988251
0.988251
0.980438
0.972626
0.964813
0.980438
0.988251
0.957001
0.988251
0.980438
-0.996094
-0.972656
0.988251
0.972626
0.980438
0.964813
0.980438
0.996063
0.972626
0.972626
0.949188
0.949188
0.949188
0.964813
0.972626
0.957001
0.949188
0.957001
0.964813
0.964813
0.964813
0.957001
0.964813
0.933563
0.980438
0.964813
0.964813
0.964813
0.972626
0.957001
0.964813
0.996063
0.980438
0.941376
0.957001
0.972626
0.957001
0.949188
0.941376
0.941376
0.972626
0.949188
0.933563
0.933563
0.980438
0.964813
0.964813
0.949188
0.964813
0.988251
0.988251
-0.988281
0.980438
0.996063
0.988251
0.996063
-0.996094
-0.980469
-0.972656
-0.996094
-0.988281
-0.988281
0.972626
0.980438
0.988251
-0.996094
-0.988281
-0.964844
-0.964844
-0.996094
-0.980469
-0.949219
-0.980469
-0.957031
-0.957031
-0.972656
-0.964844
-0.957031
-0.957031
-0.996094
-0.996094
-0.980469
-0.941406
-0.964844
-0.996094
0.996063
-0.996094
-0.996094
-0.941406
-0.957031
0.988251
-0.996094
-0.988281
-0.996094
0.980438
-0.988281
-0.964844
-0.941406
-0.980469
-0.957031
0.964813
0.957001
-0.996094
0.957001
0.855438
0.886688
-0.949219
-0.902344
0.996063
-0.980469
-0.925781
-0.996094
0.964813
-0.996094
-0.949219
-0.949219
-0.941406
-0.980469
-0.996094
0.957001
0.902313
0.925751
0.941376
0.941376
0.910126
0.941376
0.949188
0.933563
0.925751
0.964813
0.964813
0.980438
0.964813
-0.996094
-0.988281
-0.996094
0.988251
0.972626
0.980438
0.980438
0.972626
-0.996094
-0.996094
0.996063
0.988251
-0.996094
-0.996094
-0.996094
-0.996094
0.988251
-0.980469
-0.988281
-0.949219
-0.972656
0.988251
0.988251
0.996063
-0.957031
-0.941406
-0.957031
-0.972656
-0.972656
-0.933594
-0.910156
-0.988281
0.964813
-0.988281
-0.894531
-0.886719
-0.964844
0.996063
-0.917969
-0.917969
-0.996094
0.988251
-0.847656
-0.785156
-0.957031
0.949188
0.988251
-0.925781
-0.832031
-0.878906
-0.988281
0.941376
-0.941406
-0.871094
-0.957031
-0.964844
-0.964844
0.917938
0.886688
-0.941406
-0.746094
-0.824219
0.824188
0.699188
-0.988281
-0.691406
-0.894531
0.832001
0.964813
-0.941406
0.894501
0.910126
-0.839844
-0.847656
0.902313
0.941376
-0.996094
0.832001
0.941376
-0.574219
-0.558594
0.574188
0.300751
-0.855469
-0.332031
-0.894531
0.550751
0.824188
-0.785156
0.894501
0.644501
-0.886719
-0.660156
0.683563
0.425751
-0.761719
-0.355469
0.816376
0.105438
0.699188
-0.464844
-0.582031
0.730438
0.496063
0.894501
-0.824219
0.855438
0.636688
-0.972656
-0.667969
0.949188
0.699188
0.902313
-0.902344
0.957001
0.652313
-0.863281
-0.644531
0.847626
0.386688
0.855438
-0.425781
-0.636719
0.667938
0.527313
0.957001
-0.847656
-0.996094
0.933563
-0.886719
-0.972656
0.753876
0.800751
-0.792969
-0.566406
0.871063
0.527313
0.980438
-0.550781
-0.746094
0.800751
0.816376
-0.925781
-0.917969
-0.972656
-0.847656
0.996063
0.792938
-0.949219
-0.574219
-0.777344
0.933563
0.730438
0.589813
-0.957031
-0.199219
-0.371094
0.660126
0.339813
0.972626
-0.613281
-0.722656
-0.816406
-0.871094
0.941376
0.785126
0.824188
0.980438
-0.566406
-0.363281
-0.996094
0.433563
0.691376
-0.730469
-0.449219
-0.589844
0.980438
0.566376
0.808563
-0.675781
-0.644531
-0.996094
-0.964844
-0.808594
0.886688
0.621063
0.933563
-0.675781
-0.699219
0.910126
0.621063
-0.910156
-0.402344
-0.792969
0.488251
0.746063
-0.433594
-0.480469
0.855438
0.753876
-0.855469
-0.808594
0.878876
0.746063
-0.949219
-0.785156
0.902313
0.644501
0.925751
-0.738281
-0.964844
0.738251
-0.988281
-0.667969
0.925751
0.394501
0.816376
-0.605469
-0.832031
0.761688
0.996063
-0.753906
0.792938
0.511688
0.910126
-0.589844
-0.714844
0.886688
0.667938
0.660126
0.902313
-0.785156
-0.800781
0.894501
0.855438
-0.988281
-0.917969
0.964813
0.800751
0.816376
-0.910156
-0.847656
-0.996094
-0.988281
-0.980469
0.878876
0.808563
0.964813
-0.972656
-0.917969
-0.667969
-0.753906
0.675751
0.402313
0.980438
-0.339844
-0.480469
0.628876
0.324188
-0.816406
-0.199219
-0.941406
0.417938
0.769501
-0.613281
-0.558594
-0.902344
0.871063
0.832001
0.925751
-0.957031
-0.761719
-0.652344
-0.910156
0.644501
0.691376
-0.667969
-0.542969
0.910126
0.738251
-0.878906
-0.761719
-0.863281
-0.996094
0.816376
0.792938
-0.839844
-0.613281
-0.957031
0.761688
0.910126
-0.808594
-0.847656
0.894501
0.941376
-0.894531
-0.902344
0.996063
0.957001
-0.910156
-0.949219
0.886688
0.957001
-0.855469
-0.902344
0.871063
0.808563
-0.988281
-0.847656
-0.996094
0.925751
0.925751
0.878876
-0.871094
-0.613281
0.917938
0.355438
0.792938
-0.488281
-0.535156
0.824188
0.433563
0.667938
-0.886719
-0.582031
-0.613281
0.871063
0.558563
0.519501
-0.964844
-0.636719
-0.628906
-0.964844
0.847626
0.847626
0.722626
0.683563
-0.925781
-0.519531
-0.628906
0.949188
0.628876
0.605438
0.855438
-0.878906
-0.730469
-0.660156
-0.925781
0.816376
0.722626
0.675751
-0.988281
-0.277344
-0.449219
0.566376
0.574188
-0.753906
-0.949219
0.683563
-0.863281
-0.527344
-0.871094
0.878876
0.839813
0.738251
0.957001
-0.582031
-0.503906
-0.988281
0.597626
0.746063
-0.925781
-0.949219
-0.746094
-0.246094
-0.722656
0.0585632
0.0976257
-0.472656
0.316406
-0.480469
0.464813
0.441376
0.988251
-0.917969
-0.941406
-0.441406
-0.285156
0.777313
0.246063
0.863251
-0.628906
-0.652344
-0.785156
-0.988281
0.667938
0.792938
-0.621094
-0.636719
0.800751
0.652313
-0.925781
-0.769531
-0.941406
0.886688
0.902313
-0.894531
-0.746094
-0.886719
0.980438
0.964813
0.996063
-0.949219
-0.917969
-0.910156
-0.902344
-0.910156
-0.925781
0.863251
0.644501
0.839813
-0.800781
-0.777344
0.941376
0.769501
0.800751
0.933563
-0.925781
-0.871094
-0.972656
0.863251
0.785126
0.941376
-0.847656
-0.941406
0.886688
0.964813
-0.980469
0.871063
0.941376
-0.871094
-0.972656
0.832001
0.996063
-0.792969
-0.972656
0.683563
0.800751
-0.785156
-0.660156
0.972626
0.722626
0.878876
-0.878906
-0.855469
-0.941406
0.972626
0.886688
0.910126
-0.910156
-0.863281
-0.972656
0.957001
0.964813
0.972626
-0.949219
-0.925781
-0.996094
-0.964844
-0.894531
0.988251
0.886688
-0.964844
-0.785156
-0.894531
0.894501
0.925751
-0.964844
-0.902344
-0.902344
-0.886719
-0.972656
0.957001
-0.996094
-0.980469
-0.964844
-0.878906
-0.832031
-0.996094
0.949188
0.972626
-0.941406
-0.800781
-0.941406
0.871063
0.980438
-0.824219
-0.886719
0.996063
-0.949219
-0.917969
0.902313
0.808563
-0.988281
-0.652344
-0.628906
0.949188
0.519501
0.699188
-0.722656
-0.519531
-0.863281
0.855438
0.746063
0.769501
-0.988281
-0.574219
-0.691406
0.824188
0.722626
-0.894531
-0.714844
0.996063
0.683563
0.808563
-0.832031
-0.683594
-0.933594
0.871063
0.871063
0.878876
0.949188
-0.777344
-0.691406
0.933563
0.621063
0.917938
-0.675781
-0.917969
0.707001
0.925751
-0.605469
-0.761719
0.621063
0.628876
-0.832031
-0.628906
-0.988281
0.847626
0.980438
0.972626
0.871063
-0.949219
-0.777344
-0.933594
0.816376
0.855438
-0.933594
-0.871094
0.980438
0.988251
-0.957031
-0.996094
0.949188
0.996063
-0.941406
-0.988281
-0.972656
-0.878906
-0.996094
0.949188
0.964813
-0.988281
-0.933594
-0.902344
-0.925781
0.871063
0.839813
-0.886719
-0.722656
-0.902344
0.847626
0.816376
-0.886719
-0.644531
-0.800781
0.816376
0.746063
0.980438
-0.738281
-0.613281
-0.847656
0.777313
0.761688
-0.996094
-0.816406
-0.808594
-0.839844
0.980438
0.785126
0.957001
-0.722656
-0.769531
0.816376
0.800751
-0.753906
-0.738281
0.824188
0.910126
-0.628906
-0.871094
0.605438
0.855438
-0.621094
-0.863281
0.722626
0.800751
0.996063
-0.996094
0.996063
-0.988281
-0.816406
-0.785156
-0.972656
0.941376
0.949188
0.910126
-0.894531
-0.667969
-0.753906
0.941376
0.777313
0.824188
-0.996094
-0.792969
-0.925781
0.792938
0.808563
-0.996094
-0.988281
-0.996094
-0.902344
-0.910156
0.855438
0.785126
0.980438
-0.785156
-0.847656
0.871063
0.714813
0.957001
-0.746094
-0.871094
0.933563
-0.980469
-0.917969
0.917938
0.824188
0.972626
-0.847656
-0.832031
0.996063
0.855438
0.925751
-0.824219
-0.769531
0.941376
0.792938
0.996063
-0.824219
-0.863281
0.972626
0.894501
0.949188
-0.972656
-0.902344
-0.925781
-0.941406
-0.949219
0.957001
0.933563
-0.988281
-0.769531
-0.832031
0.886688
0.847626
-0.792969
-0.660156
0.925751
0.699188
0.964813
-0.769531
-0.746094
-0.910156
0.941376
0.910126
0.972626
-0.988281
-0.933594
-0.808594
-0.769531
-0.996094
0.910126
-0.988281
-0.980469
0.980438
-0.941406
-0.753906
-0.753906
0.910126
0.753876
-0.988281
-0.714844
-0.785156
0.957001
0.933563
-0.964844
-0.941406
-0.917969
-0.917969
-0.996094
0.949188
-0.988281
-0.933594
-0.902344
-0.925781
-0.871094
-0.902344
0.792938
0.761688
-0.800781
-0.722656
0.996063
0.855438
-0.941406
-0.902344
0.980438
0.996063
-0.972656
0.847626
0.886688
-0.792969
-0.667969
-0.980469
0.738251
0.449188
0.996063
-0.394531
-0.574219
0.847626
0.417938
0.589813
-0.628906
-0.488281
0.863251
0.636688
0.988251
-0.980469
0.972626
-0.792969
-0.792969
0.886688
0.621063
0.621063
-0.800781
-0.199219
-0.808594
0.253876
0.480438
-0.402344
-0.449219
0.628876
0.488251
-0.707031
-0.410156
0.917938
0.347626
0.839813
-0.449219
-0.597656
0.871063
0.753876
0.917938
-0.980469
-0.863281
-0.777344
-0.957031
0.839813
0.917938
-0.933594
-0.910156
0.957001
0.871063
-0.847656
-0.511719
0.988251
0.371063
0.886688
-0.355469
-0.753906
0.699188
0.933563
-0.941406
0.910126
-0.902344
-0.691406
-0.910156
0.761688
0.808563
-0.863281
-0.722656
-0.871094
0.980438
0.972626
0.941376
0.988251
-0.839844
-0.746094
-0.917969
0.855438
0.863251
-0.964844
-0.808594
-0.800781
-0.964844
0.957001
0.980438
0.964813
-0.957031
-0.832031
-0.941406
0.925751
0.691376
0.800751
-0.808594
-0.722656
-0.824219
-0.902344
-0.996094
0.722626
0.699188
-0.800781
-0.410156
-0.699219
0.863251
0.816376
0.902313
0.917938
-0.816406
-0.574219
-0.964844
0.488251
0.597626
-0.847656
-0.636719
-0.855469
0.839813
0.855438
0.988251
0.988251
0.980438
-0.996094
-0.996094
-0.972656
-0.855469
-0.863281
0.792938
0.457001
0.980438
-0.542969
-0.855469
0.910126
0.996063
0.894501
0.730438
-0.980469
-0.613281
-0.792969
0.691376
0.683563
-0.917969
-0.667969
-0.855469
0.808563
0.816376
-0.949219
-0.824219
-0.886719
0.988251
-0.996094
-0.996094
0.949188
-0.957031
-0.910156
-0.996094
-0.855469
-0.753906
0.886688
0.730438
-0.847656
-0.691406
-0.972656
0.972626
-0.949219
0.957001
0.863251
-0.941406
-0.675781
-0.746094
-0.957031
0.847626
0.691376
0.933563
-0.558594
-0.480469
0.988251
0.644501
0.902313
-0.808594
-0.722656
-0.785156
-0.988281
0.832001
0.925751
-0.847656
-0.792969
-0.917969
0.933563
0.964813
-0.964844
-0.941406
-0.980469
-0.996094
0.972626
0.996063
-0.941406
-0.980469
0.925751
-0.957031
-0.878906
-0.996094
0.863251
0.949188
-0.871094
-0.832031
-0.996094
0.878876
0.910126
-0.996094
-0.941406
-0.902344
-0.902344
0.988251
0.855438
0.910126
-0.996094
-0.972656
0.996063
-0.980469
0.996063
0.980438
0.996063
0.996063
-0.980469
0.980438
-0.964844
-0.949219
0.996063
0.910126
0.847626
0.863251
-0.964844
-0.652344
-0.730469
0.792938
0.597626
0.972626
-0.769531
-0.886719
-0.933594
-0.917969
0.894501
0.792938
0.941376
-0.847656
-0.738281
-0.917969
0.917938
0.925751
-0.933594
-0.980469
0.964813
0.996063
-0.722656
-0.683594
0.917938
0.628876
0.800751
-0.730469
-0.488281
-0.816406
0.699188
0.660126
-0.972656
-0.785156
-0.878906
-0.949219
-0.964844
0.972626
0.917938
-0.925781
-0.964844
0.996063
-0.832031
-0.738281
0.933563
0.691376
0.996063
-0.675781
-0.769531
0.933563
0.847626
-0.980469
-0.824219
-0.886719
0.941376
-0.980469
-0.855469
-0.988281
0.949188
-0.949219
-0.886719
-0.957031
-0.988281
0.996063
-0.988281
-0.949219
-0.894531
-0.824219
-0.949219
0.832001
0.847626
-0.824219
-0.699219
0.980438
0.738251
0.800751
0.933563
-0.855469
-0.738281
0.980438
0.863251
-0.972656
-0.902344
-0.863281
-0.832031
-0.917969
0.941376
0.964813
-0.917969
-0.855469
-0.863281
-0.996094
0.972626
0.941376
0.792938
0.863251
-0.902344
-0.894531
-0.949219
-0.910156
-0.996094
0.832001
0.910126
-0.910156
-0.894531
-0.949219
0.988251
0.917938
0.894501
0.964813
-0.964844
-0.925781
-0.894531
-0.972656
0.933563
0.917938
0.964813
-0.988281
-0.957031
-0.972656
0.949188
0.941376
-0.910156
-0.902344
0.996063
0.941376
0.972626
-0.949219
-0.894531
-0.933594
0.988251
0.957001
0.996063
-0.980469
-0.972656
0.996063
-0.933594
-0.925781
-0.964844
0.964813
0.957001
-0.910156
-0.832031
-0.964844
0.910126
0.980438
-0.964844
-0.894531
-0.949219
-0.941406
-0.964844
-0.957031
0.980438
0.957001
-0.957031
-0.910156
-0.910156
-0.957031
0.996063
-0.996094
-0.964844
-0.902344
-0.925781
-0.972656
0.972626
0.980438
-0.996094
-0.941406
-0.941406
-0.949219
-0.957031
-0.941406
-0.917969
-0.964844
0.996063
0.972626
0.988251
-0.980469
-0.855469
-0.863281
-0.980469
0.917938
0.894501
-0.996094
-0.839844
-0.769531
-0.894531
0.917938
0.886688
-0.980469
-0.886719
-0.917969
0.980438
0.933563
0.988251
-0.988281
-0.996094
-0.996094
-0.964844
-0.886719
-0.917969
0.996063
0.980438
-0.988281
0.964813
0.941376
-0.988281
-0.855469
-0.894531
0.957001
0.839813
0.808563
-0.972656
-0.707031
-0.550781
-0.621094
0.964813
0.222626
0.113251
-0.855469
0.152344
-0.214844
0.683563
0.261688
0.808563
-0.777344
-0.855469
-0.839844
-0.839844
0.832001
0.675751
0.988251
-0.636719
-0.691406
0.925751
0.675751
0.847626
-0.636719
-0.410156
-0.910156
0.441376
0.363251
0.949188
-0.457031
-0.433594
-0.917969
0.785126
0.800751
0.917938
0.996063
-0.925781
-0.894531
-0.894531
-0.996094
0.800751
0.855438
0.498286
0.499143
0.500001
