-0.957031
-0.964844
-0.980469
-0.925781
0.621246
-0.99585
-0.99585
-0.99585
-0.99585
-0.99585
-0.99585
-0.99585
0.425995
-0.824036
-0.99585
-0.121185
-0.808838
-0.808838
0.613098
0.34787
-0.99585
0.191559
-0.558838
-0.808838
-0.808838
0.21463
-0.847656
-0.527374
-0.425995
-0.808838
-0.808838
0.0193176
0.0741882
-0.0350647
-0.30069
0.0742188
-0.347748
0.511566
-0.207153
-0.121185
0.910034
-0.730621
-0.949402
-0.340057
-0.511902
0.0975342
-0.417999
0.964844
0.699219
0.0429382
0.660065
0.503784
-0.82431
-0.933655
-0.878937
-0.832062
-0.972717
0.761597
0.441284
0.652222
-0.621185
0.20694
0.777252
0.855377
0.761627
0.746002
0.761627
0.80069
0.761627
0.808502
-0.957092
-0.48053
0.324158
-0.441437
-0.480469
0.308624
0.0274353
0.113434
-0.238068
-0.99585
-0.99585
-0.99585
0.340057
0.918121
0.683685
0.394562
0.558563
-0.550842
-0.82431
-0.0977783
0.0897217
0.699097
-0.285248
-0.722717
-0.847687
0.714813
-0.105469
0.816406
-0.707001
0.925781
-0.332031
0.0273132
0.292908
0.910065
0.839752
0.36322
0.222626
-0.738281
-0.246094
-0.253906
0.597626
0.89447
0.667908
0.855438
-0.699188
0.769531
-0.0742493
0.48822
-0.574249
0.449188
-0.00393677
-0.792999
-0.496124
0.199188
-0.0117493
-0.511749
0.214813
-0.0742188
0.636719
-0.316406
0.378876
0.00387573
0.402313
0.691376
0.605438
0.269501
-0.339874
0.910095
0.64447
-0.996124
-0.441437
-0.300812
-0.722687
0.316345
-0.816467
-0.785217
0.0741577
-0.894562
-0.582062
-0.753937
-0.386749
0.550751
-0.589844
0.0351562
0.582031
-0.972626
0.941406
0.683594
0.824219
-0.847626
-0.996063
0.378906
-0.246094
-0.519531
-0.871094
0.472626
0.0351257
0.324188
0.964813
-0.378906
0.316406
0.652344
0.253906
-0.0507812
0.371094
-0.792938
-0.230438
-0.417938
0.613281
-0.363281
-0.339844
0.503906
-0.941376
0.714844
0.199219
0.402344
0.972656
-0.933563
0.769531
0.535156
0.378906
0.472656
0.886719
0.652344
-0.683594
0.285126
0.621063
-0.0273438
-0.996063
-0.933563
0.707031
0.722656
-0.542938
0.285187
0.441437
-0.269501
0.613281
-0.386719
0.925751
0.527313
0.558563
0.957001
-0.636719
-0.347656
0.0585938
0.589844
0.925781
0.730469
0.160156
-0.660156
0.472626
-0.144562
-0.0976868
0.324188
0.574188
0.582001
0.777313
-0.730469
-0.175781
0.128906
0.0976562
-0.199219
-0.597656
-0.972656
0.699188
0.464813
0.472626
0.597626
0.542938
0.394501
0.417938
0.574188
0.621063
0.613251
0.652313
0.644501
0.652313
0.792938
0.964813
-0.972656
-0.972656
-0.886719
-0.800781
-0.714844
-0.839844
0.824188
0.527313
0.542938
0.925751
-0.675781
-0.621094
-0.925781
0.910126
-0.925781
-0.746094
-0.800781
-0.949219
-0.957031
-0.777344
-0.699219
-0.800781
-0.902344
-0.878906
-0.652344
-0.449219
-0.417969
-0.300781
-0.0507812
0.261719
0.371094
0.246094
-0.0195312
-0.175781
-0.136719
0.0117188
0.128906
0.0351562
-0.0507812
-0.113281
-0.0742188
0.0117188
0.0898438
0.191406
0.238281
0.238281
0.128906
0.0117188
0.0195312
0.199219
0.324219
0.222656
0.0117188
-0.136719
-0.0820312
0.0429688
0.113281
0.0195312
-0.191406
-0.300781
-0.183594
0.0976562
0.339844
0.308594
0.0820312
-0.261719
-0.574219
-0.730469
-0.675781
-0.582031
-0.683594
-0.871094
-0.980469
-0.839844
-0.597656
-0.386719
-0.441406
-0.644531
-0.832031
-0.847656
-0.808594
-0.824219
-0.878906
-0.941406
-0.988281
-0.996094
0.972626
0.964813
0.933563
0.972626
0.996063
0.964813
0.917938
0.933563
0.972626
0.964813
0.957001
0.886688
0.816376
0.753876
0.714813
0.777313
0.871063
0.917938
0.800751
0.667938
0.628876
0.691376
0.753876
0.871063
0.925751
0.910126
0.816376
0.667938
0.621063
0.699188
0.855438
-0.972656
-0.894531
-0.972656
0.941376
0.949188
-0.964844
-0.925781
-0.957031
0.949188
0.917938
0.917938
0.925751
0.996063
-0.941406
-0.902344
-0.863281
-0.832031
-0.753906
-0.730469
-0.730469
-0.769531
-0.832031
-0.964844
-0.988281
-0.988281
-0.910156
-0.839844
-0.785156
-0.753906
-0.808594
-0.863281
-0.871094
-0.832031
-0.753906
-0.769531
-0.855469
-0.957031
-0.957031
-0.800781
-0.792969
-0.847656
-0.777344
-0.738281
-0.753906
-0.746094
-0.730469
-0.730469
-0.746094
-0.667969
-0.636719
-0.574219
-0.660156
-0.800781
-0.871094
-0.863281
-0.824219
-0.738281
-0.738281
-0.761719
-0.792969
-0.832031
-0.847656
-0.816406
-0.769531
-0.816406
-0.894531
-0.925781
-0.894531
-0.871094
-0.847656
-0.902344
-0.925781
-0.972656
-0.894531
-0.886719
-0.863281
-0.871094
-0.878906
-0.894531
-0.847656
-0.730469
-0.800781
-0.910156
-0.832031
-0.902344
-0.863281
-0.894531
-0.941406
-0.988281
-0.925781
-0.933594
-0.957031
-0.925781
-0.910156
-0.910156
-0.902344
-0.832031
-0.824219
-0.855469
-0.894531
-0.894531
-0.925781
0.996063
0.996063
0.972626
0.988251
0.917938
0.988251
-0.894531
-0.902344
-0.902344
-0.925781
-0.933594
-0.996094
0.972626
0.910126
-0.902344
-0.996094
0.902313
0.894501
-0.996094
-0.996094
-0.972656
-0.910156
-0.917969
-0.972656
-0.980469
-0.941406
-0.941406
-0.917969
-0.894531
-0.894531
-0.949219
-0.996094
0.980438
-0.996094
-0.972656
-0.933594
-0.917969
-0.902344
-0.910156
-0.910156
-0.894531
-0.917969
-0.964844
-0.988281
0.964813
0.949188
0.964813
0.996063
-0.949219
-0.933594
-0.878906
-0.886719
-0.894531
-0.910156
-0.964844
-0.988281
0.988251
0.941376
0.957001
0.964813
0.972626
0.988251
0.972626
0.988251
-0.996094
-0.996094
0.964813
0.949188
0.964813
0.941376
0.917938
0.980438
-0.996094
-0.972656
-0.957031
-0.988281
-0.996094
0.964813
0.894501
0.855438
0.917938
0.941376
0.988251
0.972626
0.957001
0.941376
0.980438
-0.996094
-0.996094
0.972626
0.957001
0.933563
0.949188
0.941376
0.925751
0.886688
0.902313
0.941376
0.957001
0.980438
-0.996094
0.996063
0.964813
0.941376
0.933563
0.957001
0.925751
0.949188
0.933563
0.925751
0.933563
0.933563
0.925751
0.957001
0.972626
-0.996094
-0.972656
-0.972656
-0.988281
0.996063
0.988251
0.980438
-0.964844
-0.949219
-0.972656
-0.996094
-0.988281
0.980438
0.980438
0.996063
0.996063
0.996063
0.988251
0.996063
0.996063
0.980438
0.980438
-0.957031
-0.964844
0.996063
-0.980469
-0.988281
0.988251
0.996063
-0.996094
-0.957031
-0.964844
-0.988281
0.988251
0.925751
0.941376
-0.902344
-0.871094
-0.972656
-0.972656
-0.964844
-0.988281
-0.996094
0.996063
-0.957031
-0.933594
-0.925781
-0.894531
-0.933594
-0.972656
-0.972656
0.980438
0.980438
-0.980469
0.988251
0.988251
0.972626
0.996063
-0.949219
-0.941406
-0.933594
-0.917969
-0.917969
-0.910156
-0.972656
-0.988281
-0.941406
-0.957031
-0.980469
-0.972656
-0.996094
-0.988281
-0.996094
-0.964844
-0.972656
-0.957031
-0.941406
-0.917969
-0.925781
-0.910156
-0.941406
-0.941406
-0.980469
-0.972656
-0.988281
-0.972656
-0.996094
-0.996094
-0.964844
-0.964844
-0.988281
-0.988281
0.933563
0.941376
0.996063
0.996063
0.964813
0.988251
0.972626
0.964813
0.972626
0.988251
-0.988281
-0.996094
-0.988281
-0.980469
0.996063
0.980438
-0.996094
0.972626
0.964813
0.980438
0.980438
0.964813
0.964813
0.949188
0.980438
0.996063
0.980438
-0.996094
0.996063
0.980438
0.972626
-0.996094
-0.996094
0.996063
0.996063
0.980438
0.988251
0.972626
0.996063
0.964813
0.957001
0.941376
0.957001
0.949188
0.941376
0.941376
0.925751
0.925751
0.949188
0.964813
0.957001
0.941376
0.933563
0.941376
0.964813
0.949188
0.972626
0.964813
0.988251
0.964813
0.957001
0.980438
0.996063
0.988251
0.933563
0.933563
0.964813
0.972626
-0.980469
-0.996094
0.996063
0.972626
0.964813
-0.996094
-0.996094
-0.996094
0.964813
0.957001
0.972626
0.988251
0.988251
-0.972656
-0.996094
0.964813
0.972626
0.988251
-0.996094
-0.941406
-0.964844
0.996063
-0.988281
-0.941406
-0.957031
-0.941406
-0.964844
-0.988281
-0.996094
-0.972656
-0.917969
-0.925781
-0.941406
-0.957031
-0.964844
-0.957031
-0.980469
-0.996094
-0.988281
-0.964844
-0.957031
-0.933594
-0.949219
-0.957031
-0.941406
-0.972656
-0.996094
-0.980469
-0.949219
-0.980469
-0.972656
-0.949219
-0.988281
0.996063
-0.972656
-0.957031
-0.996094
-0.996094
-0.980469
0.996063
0.996063
0.980438
-0.996094
0.972626
0.964813
-0.972656
-0.957031
-0.988281
-0.996094
-0.996094
0.988251
0.996063
-0.988281
-0.980469
-0.957031
-0.996094
0.972626
0.988251
-0.996094
0.964813
0.941376
0.972626
-0.996094
0.996063
0.957001
0.941376
0.964813
0.949188
0.933563
0.886688
0.886688
-0.996094
-0.949219
-0.980469
-0.980469
-0.972656
0.949188
-0.996094
-0.910156
-0.917969
0.964813
0.886688
-0.996094
-0.871094
-0.902344
0.980438
0.871063
0.894501
0.925751
-0.964844
-0.925781
0.972626
0.816376
-0.980469
-0.777344
-0.949219
0.839813
0.957001
-0.894531
-0.964844
0.996063
-0.832031
-0.847656
0.863251
0.785126
-0.871094
-0.675781
-0.886719
0.886688
0.980438
-0.925781
0.996063
0.941376
-0.964844
-0.769531
-0.910156
0.683563
0.730438
-0.675781
-0.613281
0.800751
0.707001
-0.871094
-0.871094
0.941376
-0.988281
-0.941406
-0.957031
-0.777344
-0.925781
0.566376
0.691376
-0.519531
-0.332031
0.832001
0.410126
0.863251
-0.675781
-0.832031
-0.996094
-0.855469
-0.988281
0.707001
0.753876
-0.785156
-0.519531
-0.863281
0.613251
0.582001
0.972626
-0.746094
-0.636719
-0.785156
0.746063
0.472626
0.910126
-0.636719
-0.761719
0.996063
-0.871094
-0.894531
0.777313
0.644501
-0.972656
-0.644531
-0.839844
0.894501
-0.980469
-0.996094
0.746063
0.605438
-0.933594
-0.449219
-0.597656
0.777313
0.417938
0.582001
-0.878906
-0.433594
-0.605469
0.738251
0.488251
0.894501
-0.699219
-0.847656
0.824188
0.839813
0.996063
-0.769531
-0.925781
0.691376
0.574188
-0.863281
-0.417969
-0.847656
0.449188
0.457001
-0.941406
-0.535156
-0.761719
0.785126
0.722626
0.941376
-0.972656
-0.972656
-0.863281
-0.886719
0.863251
0.855438
-0.824219
-0.769531
0.871063
0.707001
0.988251
-0.699219
-0.855469
0.886688
0.886688
-0.996094
0.988251
-0.964844
-0.753906
-0.878906
0.917938
0.785126
0.792938
-0.769531
-0.597656
-0.878906
0.746063
0.683563
0.964813
-0.691406
-0.597656
-0.910156
0.792938
0.785126
0.972626
-0.707031
-0.675781
0.886688
0.730438
-0.863281
-0.660156
-0.996094
0.777313
0.972626
-0.746094
-0.652344
-0.910156
0.785126
0.816376
-0.878906
-0.738281
-0.847656
-0.957031
-0.964844
-0.902344
-0.980469
0.863251
0.910126
-0.824219
-0.816406
0.980438
-0.996094
-0.957031
0.910126
0.761688
-0.941406
-0.628906
-0.785156
0.777313
0.660126
-0.957031
-0.722656
-0.964844
0.910126
-0.925781
-0.972656
0.863251
0.902313
-0.910156
-0.917969
0.996063
0.996063
0.871063
0.839813
0.910126
0.980438
-0.886719
-0.941406
0.957001
0.941376
0.988251
-0.949219
0.988251
0.996063
-0.871094
-0.886719
0.972626
0.886688
0.941376
-0.964844
0.933563
0.816376
0.863251
-0.996094
-0.832031
-0.894531
0.902313
0.894501
0.964813
-0.972656
-0.878906
-0.871094
-0.996094
0.957001
0.933563
0.878876
-0.996094
-0.816406
-0.941406
-0.988281
-0.894531
0.949188
0.777313
-0.925781
-0.761719
-0.847656
0.847626
0.972626
-0.777344
-0.894531
0.675751
0.769501
-0.628906
-0.542969
0.910126
0.503876
0.824188
-0.519531
-0.230469
-0.894531
0.191376
0.433563
-0.472656
-0.0585938
-0.949219
0.316376
0.582001
-0.652344
-0.527344
0.894501
0.683563
-0.933594
-0.738281
-0.949219
-0.980469
-0.957031
0.996063
0.957001
0.957001
0.996063
-0.949219
0.996063
-0.925781
-0.792969
-0.988281
0.746063
0.957001
-0.699219
-0.800781
0.855438
0.816376
-0.980469
-0.832031
-0.808594
-0.894531
0.933563
0.871063
0.941376
-0.886719
-0.824219
-0.949219
0.902313
0.839813
-0.996094
-0.777344
-0.800781
0.949188
0.722626
0.855438
-0.847656
-0.699219
-0.902344
0.777313
0.824188
-0.847656
-0.777344
0.988251
0.933563
-0.988281
-0.925781
-0.980469
0.964813
0.894501
0.964813
-0.925781
-0.886719
-0.933594
0.941376
0.855438
0.917938
-0.878906
-0.808594
0.949188
0.855438
-0.964844
-0.863281
-0.980469
0.894501
0.988251
-0.886719
-0.910156
0.933563
0.871063
-0.980469
-0.855469
-0.988281
0.941376
0.972626
-0.996094
0.949188
-0.980469
-0.886719
-0.878906
0.972626
0.917938
0.988251
-0.925781
-0.949219
0.980438
-0.996094
-0.980469
-0.996094
-0.957031
-0.902344
-0.917969
0.964813
0.917938
0.988251
-0.933594
-0.894531
-0.863281
0.988251
0.910126
0.964813
-0.980469
0.980438
-0.941406
-0.839844
-0.894531
0.941376
0.871063
0.988251
-0.917969
-0.957031
-0.988281
-0.917969
-0.902344
0.941376
0.816376
0.902313
-0.964844
-0.925781
-0.824219
-0.855469
0.816376
0.667938
-0.933594
-0.597656
-0.886719
0.621063
0.753876
-0.777344
-0.699219
-0.933594
0.746063
0.722626
-0.871094
-0.605469
-0.910156
0.769501
0.871063
-0.996094
-0.917969
-0.902344
-0.941406
0.964813
0.785126
0.691376
-0.910156
-0.511719
-0.792969
0.753876
0.871063
-0.863281
-0.933594
-0.925781
-0.785156
-0.980469
0.800751
-0.964844
-0.675781
-0.785156
0.964813
0.863251
0.871063
-0.863281
-0.644531
0.996063
0.605438
0.964813
-0.683594
-0.980469
0.832001
-0.988281
-0.832031
-0.902344
-0.996094
0.855438
0.847626
-0.941406
-0.691406
-0.730469
0.964813
0.628876
0.699188
-0.871094
-0.535156
-0.769531
0.683563
0.722626
-0.667969
-0.589844
0.699188
0.503876
-0.816406
-0.347656
-0.808594
0.542938
0.621063
-0.839844
-0.714844
-0.894531
-0.949219
0.957001
0.621063
0.707001
-0.636719
-0.480469
0.886688
0.621063
-0.933594
-0.628906
-0.949219
0.714813
0.925751
-0.707031
-0.769531
0.957001
0.933563
0.933563
0.894501
-0.910156
-0.738281
0.855438
0.566376
-0.871094
-0.433594
0.980438
0.441376
-0.964844
-0.480469
0.871063
0.363251
-0.902344
-0.121094
-0.683594
0.222626
0.488251
-0.699219
-0.753906
-0.863281
-0.550781
0.917938
0.175751
0.839813
-0.152344
-0.410156
0.675751
0.417938
0.824188
-0.589844
-0.378906
-0.863281
0.449188
0.417938
0.988251
-0.300781
-0.316406
0.855438
0.269501
0.746063
-0.566406
-0.660156
0.871063
0.910126
-0.761719
-0.878906
0.816376
0.832001
-0.996094
-0.847656
-0.660156
-0.738281
0.777313
0.441376
0.871063
-0.449219
-0.472656
-0.996094
0.746063
0.769501
0.816376
-0.996094
-0.605469
-0.449219
-0.863281
0.582001
0.574188
-0.980469
-0.636719
-0.660156
-0.894531
0.863251
0.746063
-0.925781
-0.644531
0.949188
0.558563
-0.917969
-0.316406
-0.785156
0.457001
0.660126
-0.652344
-0.699219
0.957001
0.925751
-0.964844
-0.980469
-0.925781
-0.917969
0.972626
0.925751
0.941376
-0.886719
-0.675781
-0.910156
0.597626
0.675751
-0.667969
-0.417969
0.949188
0.386688
0.871063
-0.441406
-0.699219
0.667938
0.660126
-0.910156
-0.816406
-0.996094
-0.949219
-0.925781
0.847626
0.589813
0.988251
-0.425781
-0.386719
-0.816406
0.855438
0.988251
-0.511719
-0.410156
-0.863281
0.660126
0.535126
0.792938
-0.792969
-0.722656
0.941376
0.769501
0.839813
0.949188
-0.910156
-0.863281
0.863251
0.605438
0.878876
-0.746094
-0.847656
0.808563
0.613251
0.714813
-0.816406
-0.589844
0.949188
0.722626
-0.933594
-0.738281
-0.996094
0.769501
0.730438
-0.964844
-0.535156
-0.605469
0.605438
0.667938
-0.863281
-0.792969
0.949188
0.964813
-0.925781
0.972626
0.683563
0.753876
-0.800781
-0.582031
-0.910156
0.738251
0.839813
0.964813
0.894501
-0.816406
-0.410156
-0.941406
0.292938
0.574188
-0.660156
-0.652344
-0.972656
-0.980469
-0.972656
0.902313
0.910126
-0.902344
-0.878906
0.980438
0.886688
-0.972656
-0.730469
-0.816406
0.753876
0.667938
-0.894531
-0.691406
-0.855469
-0.871094
-0.917969
0.824188
0.746063
-0.980469
-0.753906
-0.746094
-0.894531
0.972626
0.832001
0.738251
-0.988281
-0.699219
-0.621094
-0.933594
0.738251
0.683563
0.917938
-0.816406
-0.691406
-0.785156
0.988251
0.753876
0.738251
-0.972656
-0.636719
-0.761719
0.839813
0.878876
-0.855469
-0.980469
0.855438
-0.933594
-0.746094
-0.917969
0.839813
0.839813
0.972626
-0.839844
-0.753906
-0.894531
0.847626
0.730438
0.902313
-0.832031
-0.800781
-0.949219
0.972626
0.988251
0.957001
0.941376
-0.917969
-0.855469
0.917938
0.792938
0.996063
-0.769531
-0.753906
0.988251
0.792938
0.808563
0.988251
-0.785156
-0.722656
-0.839844
-0.917969
0.769501
0.472626
-0.980469
-0.261719
-0.496094
0.785126
0.535126
0.886688
-0.738281
-0.753906
-0.957031
-0.941406
-0.925781
0.894501
0.917938
-0.933594
-0.988281
-0.949219
-0.699219
-0.769531
0.839813
0.613251
0.933563
-0.589844
-0.589844
0.933563
0.722626
0.996063
-0.730469
-0.972656
0.863251
-0.902344
-0.675781
-0.933594
0.691376
0.832001
-0.667969
-0.660156
0.894501
0.699188
-0.996094
-0.707031
-0.691406
0.972626
0.660126
0.863251
-0.738281
-0.667969
-0.910156
0.878876
0.824188
0.933563
-0.792969
-0.738281
-0.957031
0.902313
0.925751
-0.996094
-0.964844
-0.902344
-0.949219
0.996063
-0.964844
-0.933594
0.972626
0.980438
-0.964844
-0.988281
-0.964844
-0.910156
0.941376
0.824188
0.972626
-0.863281
-0.917969
-0.949219
-0.996094
0.917938
0.949188
-0.910156
-0.886719
-0.996094
0.980438
0.902313
0.925751
-0.863281
-0.753906
0.996063
0.683563
0.886688
-0.722656
-0.722656
0.910126
0.660126
0.871063
-0.839844
-0.777344
0.957001
0.582001
0.847626
-0.464844
-0.363281
-0.996094
0.511688
0.699188
-0.855469
-0.613281
-0.582031
-0.910156
0.691376
0.863251
-0.816406
-0.972656
0.839813
-0.847656
-0.605469
0.917938
0.714813
-0.941406
-0.785156
0.941376
0.855438
-0.832031
-0.582031
-0.988281
0.535126
0.878876
-0.527344
-0.628906
0.886688
0.800751
0.863251
-0.925781
-0.699219
-0.683594
0.988251
0.652313
0.730438
-0.824219
-0.535156
-0.847656
0.691376
0.730438
-0.753906
-0.542969
-0.933594
0.675751
0.800751
-0.847656
-0.761719
-0.832031
-0.949219
0.957001
0.839813
0.855438
-0.910156
-0.753906
-0.777344
-0.871094
0.832001
0.667938
-0.957031
-0.417969
-0.621094
0.621063
0.285126
0.980438
-0.253906
-0.613281
0.472626
0.667938
-0.433594
-0.589844
0.660126
0.738251
-0.761719
-0.824219
0.902313
0.988251
-0.855469
-0.855469
0.996063
0.808563
0.722626
-0.980469
-0.597656
-0.667969
0.996063
0.792938
0.722626
0.949188
-0.714844
-0.816406
0.863251
0.957001
-0.824219
-0.917969
0.878876
0.957001
-0.824219
-0.855469
0.933563
0.972626
-0.847656
-0.894531
0.863251
0.730438
0.933563
-0.699219
-0.628906
-0.988281
0.660126
0.761688
-0.855469
-0.589844
-0.816406
0.769501
0.722626
0.964813
-0.878906
-0.785156
-0.761719
0.871063
0.574188
0.855438
-0.691406
-0.660156
-0.980469
0.832001
0.910126
-0.988281
-0.941406
-0.832031
-0.808594
0.894501
0.636688
-0.988281
-0.480469
-0.722656
0.761688
0.792938
-0.878906
-0.855469
-0.996094
0.902313
0.902313
-0.902344
-0.738281
-0.917969
0.792938
0.847626
-0.894531
-0.753906
-0.808594
0.878876
0.644501
0.832001
-0.714844
-0.535156
-0.925781
0.613251
0.753876
-0.824219
-0.738281
-0.933594
0.925751
0.886688
0.972626
-0.871094
-0.847656
-0.980469
0.886688
0.910126
-0.996094
-0.957031
-0.847656
-0.761719
0.964813
0.660126
0.832001
-0.691406
-0.628906
0.917938
0.652313
0.925751
-0.738281
-0.832031
0.800751
0.832001
-0.824219
-0.761719
0.964813
0.894501
-0.917969
-0.832031
-0.964844
0.933563
0.957001
-0.910156
-0.988281
0.933563
-0.949219
-0.777344
-0.894531
0.902313
0.855438
-0.988281
-0.949219
0.863251
0.933563
-0.753906
-0.699219
0.886688
0.753876
-0.902344
-0.832031
-0.933594
-0.847656
-0.816406
-0.933594
0.996063
-0.949219
0.988251
-0.917969
-0.753906
-0.785156
0.808563
0.558563
0.832001
-0.691406
-0.730469
0.902313
0.824188
-0.824219
-0.683594
0.863251
0.699188
-0.972656
-0.816406
-0.894531
-0.839844
-0.902344
0.816376
0.777313
-0.871094
-0.777344
0.855438
0.761688
-0.785156
-0.566406
0.980438
0.621063
0.878876
-0.730469
-0.816406
0.824188
0.863251
-0.699219
-0.730469
0.691376
0.675751
-0.714844
-0.597656
0.832001
0.785126
-0.792969
-0.855469
0.988251
0.933563
-0.871094
-0.894531
-0.886719
-0.847656
0.964813
0.722626
-0.996094
-0.621094
-0.800781
0.902313
0.925751
-0.949219
0.964813
0.878876
-0.972656
-0.894531
-0.964844
-0.964844
-0.902344
-0.964844
0.949188
0.941376
-0.996094
-0.863281
-0.855469
-0.964844
-0.910156
-0.996094
0.785126
0.808563
-0.746094
-0.566406
0.941376
0.472626
0.738251
-0.660156
-0.574219
0.996063
0.855438
-0.980469
-0.996094
0.824188
-0.988281
-0.613281
-0.675781
0.808563
0.457001
0.816376
-0.597656
-0.488281
-0.824219
0.902313
0.738251
0.714813
0.964813
-0.746094
-0.722656
-0.902344
0.894501
0.816376
0.910126
-0.839844
-0.746094
0.957001
0.902313
-0.902344
-0.886719
0.886688
0.839813
-0.972656
-0.808594
-0.894531
0.910126
0.933563
-0.933594
-0.910156
-0.964844
0.988251
0.871063
-0.996094
-0.691406
0.498286
0.499143
0.500001
