-0.988281
-0.925781
-0.933594
0.386719
0.840027
-0.99585
-0.99585
-0.99585
-0.99585
-0.99585
-0.99585
-0.99585
-0.644318
-0.441193
0.621307
0.261505
-0.808838
-0.808838
-0.933685
-0.99585
-0.99585
-0.605408
-0.808838
-0.808838
-0.808838
0.456879
0.785187
0.58197
0.00366211
-0.808838
-0.808838
-0.808777
-0.785156
-0.714752
0.0352173
0.597626
-0.800873
-0.566528
-0.332123
-0.339905
-0.51181
-0.808746
0.238068
0.894287
-0.582214
0.449097
-0.113312
0.589844
-0.394531
0.730408
-0.464935
0.472534
-0.214935
0.503845
0.730438
0.128876
-0.753967
0.628784
0.285034
0.527222
-0.722748
0.0897522
0.58194
0.558502
0.402252
0.378815
0.449127
0.535065
0.58194
0.64444
0.839752
-0.582092
0.308533
-0.253937
-0.0664062
0.917999
0.691498
0.660309
0.0275574
-0.99585
-0.99585
-0.99585
0.183807
0.714996
0.57431
0.246124
0.386688
-0.613342
-0.691498
0.128784
0.0662842
0.925659
0.199127
-0.0352173
-0.253937
-0.839844
0.285156
-0.902313
-0.667938
0.503906
0.839813
-0.972687
-0.51178
0.574127
-0.832092
-0.996124
0.574188
-0.839844
-0.503906
-0.558594
0.214813
0.691345
0.917908
-0.761719
-0.941376
0.0351562
-0.425812
0.48822
-0.964874
-0.527374
-0.902374
0.847595
-0.628937
-0.230499
-0.324249
0.0116882
-0.714844
0.261719
-0.0664062
0.972626
0.636688
0.988251
-0.714844
-0.949219
0.449188
-0.238312
-0.949249
0.566345
0.652283
-0.972687
-0.761749
-0.746124
-0.902374
0.30072
-0.94928
-0.964905
-0.144592
0.80072
-0.652374
-0.222687
0.285126
0.628876
0.714813
-0.902344
0.0507812
-0.839813
-0.394501
-0.667938
-0.925751
0.980469
0.449219
-0.371094
-0.691406
-0.449219
-0.503906
0.816376
0.464813
-0.996094
-0.464844
-0.199219
-0.0195312
0.292969
0.269531
0.441406
0.910156
-0.628876
-0.433563
-0.605438
0.628906
-0.113281
0.105469
-0.949188
-0.566376
0.792969
0.324219
0.925781
-0.308563
-0.589813
0.425781
-0.0898438
0.160156
0.777344
0.949219
-0.0117188
0.402313
-0.160187
0.878876
0.542969
-0.519501
-0.667938
0.878906
0.894531
-0.597626
-0.230438
-0.488251
0.714844
-0.324219
0.964813
0.886688
-0.832031
-0.519531
-0.449219
-0.636719
-0.683594
-0.269531
0.300781
0.535156
0.300781
-0.324219
0.871063
0.0507507
-0.300812
0.136688
0.753876
0.902313
0.792938
0.980438
-0.535156
-0.0898438
-0.0664062
-0.503906
-0.925781
0.980438
0.902313
0.652313
0.496063
0.761688
-0.832031
-0.871094
0.675751
0.332001
0.410126
0.621063
0.574188
0.214813
0.00387573
0.253876
0.761688
-0.894531
-0.832031
-0.902344
-0.863281
-0.761719
-0.746094
-0.855469
0.871063
0.644501
0.753876
-0.816406
-0.402344
-0.386719
-0.675781
-0.832031
-0.753906
-0.730469
-0.855469
-0.949219
-0.691406
-0.285156
-0.175781
-0.511719
-0.855469
-0.808594
-0.449219
-0.152344
-0.0820312
-0.0429688
0.0585938
0.214844
0.285156
0.261719
0.0976562
-0.0898438
-0.0820312
0.0429688
0.0898438
-0.00390625
-0.152344
-0.105469
0.0273438
0.0117188
-0.0195312
0.0898438
0.347656
0.472656
0.269531
-0.0117188
-0.0664062
0.136719
0.300781
0.136719
-0.121094
-0.183594
0.00390625
0.191406
0.128906
-0.0820312
-0.199219
-0.253906
-0.128906
0.0351562
0.152344
0.0742188
-0.175781
-0.457031
-0.691406
-0.707031
-0.628906
-0.582031
-0.785156
0.972626
0.886688
-0.972656
-0.675781
-0.535156
-0.730469
0.941376
0.808563
0.871063
-0.949219
-0.847656
-0.902344
0.957001
0.894501
-0.972656
-0.847656
-0.863281
-0.902344
0.988251
0.863251
0.746063
0.675751
0.730438
0.855438
0.894501
0.886688
0.863251
0.847626
0.816376
0.832001
0.878876
0.910126
0.863251
0.691376
0.597626
0.660126
0.777313
0.917938
-0.957031
-0.941406
0.988251
0.816376
0.722626
0.660126
0.660126
0.792938
-0.957031
-0.785156
-0.855469
-0.964844
-0.996094
-0.996094
-0.980469
-0.996094
0.941376
0.964813
0.996063
-0.941406
-0.878906
-0.785156
-0.769531
-0.730469
-0.683594
-0.542969
-0.589844
-0.582031
-0.597656
-0.761719
-0.957031
0.972626
-0.988281
-0.808594
-0.667969
-0.628906
-0.738281
-0.878906
-0.910156
-0.847656
-0.769531
-0.738281
-0.777344
-0.792969
-0.816406
-0.824219
-0.808594
-0.816406
-0.847656
-0.816406
-0.761719
-0.683594
-0.644531
-0.675781
-0.777344
-0.839844
-0.832031
-0.714844
-0.707031
-0.785156
-0.855469
-0.910156
-0.941406
-0.996094
-0.839844
-0.855469
-0.855469
-0.832031
-0.832031
-0.832031
-0.847656
-0.816406
-0.832031
-0.832031
-0.863281
-0.902344
-0.902344
-0.925781
-0.933594
-0.957031
-0.941406
-0.933594
-0.925781
-0.949219
0.910126
0.988251
-0.847656
-0.792969
-0.917969
-0.902344
-0.957031
0.972626
-0.996094
-0.957031
-0.941406
-0.925781
-0.871094
-0.808594
-0.808594
-0.816406
-0.832031
-0.832031
-0.808594
-0.832031
-0.878906
-0.917969
-0.933594
-0.894531
-0.871094
-0.886719
-0.957031
0.933563
0.964813
-0.980469
-0.910156
-0.894531
-0.902344
-0.925781
-0.910156
-0.894531
-0.878906
-0.871094
-0.878906
-0.886719
-0.925781
-0.988281
-0.980469
-0.949219
-0.917969
-0.855469
-0.863281
-0.878906
-0.917969
-0.949219
-0.917969
-0.910156
-0.886719
-0.894531
-0.941406
-0.980469
0.980438
-0.972656
-0.949219
-0.933594
-0.917969
-0.886719
-0.839844
-0.839844
-0.847656
-0.871094
-0.933594
-0.972656
-0.964844
-0.996094
0.988251
0.964813
0.933563
0.933563
0.964813
0.980438
-0.996094
0.972626
0.941376
0.910126
0.894501
0.871063
0.894501
0.917938
0.894501
0.894501
0.886688
0.894501
0.902313
0.949188
0.964813
0.941376
0.988251
0.972626
0.949188
0.902313
0.878876
0.925751
0.957001
0.980438
0.980438
0.933563
0.910126
0.902313
0.894501
0.886688
0.917938
0.917938
0.964813
0.996063
-0.996094
0.972626
0.972626
0.972626
0.957001
0.972626
0.964813
0.933563
0.925751
0.941376
0.925751
0.949188
0.902313
0.988251
-0.980469
-0.964844
-0.996094
-0.996094
0.988251
0.988251
-0.996094
-0.996094
-0.996094
0.996063
0.980438
-0.996094
-0.988281
-0.957031
-0.941406
-0.957031
-0.941406
-0.964844
-0.996094
-0.964844
-0.941406
-0.949219
-0.941406
-0.980469
-0.996094
0.996063
0.988251
0.988251
-0.980469
0.996063
-0.988281
-0.996094
-0.996094
-0.980469
-0.996094
0.996063
-0.996094
-0.980469
-0.988281
-0.980469
0.996063
-0.988281
0.996063
0.988251
-0.996094
-0.996094
-0.988281
-0.972656
-0.964844
-0.972656
-0.980469
-0.980469
-0.964844
-0.957031
-0.980469
-0.988281
-0.980469
-0.964844
-0.941406
-0.949219
-0.949219
-0.957031
-0.964844
-0.964844
-0.980469
-0.964844
-0.996094
0.996063
0.980438
-0.996094
-0.996094
-0.988281
-0.996094
-0.996094
-0.988281
-0.996094
-0.996094
0.980438
0.964813
0.996063
0.996063
-0.988281
-0.949219
-0.980469
-0.996094
-0.988281
-0.972656
-0.988281
-0.964844
-0.933594
-0.980469
0.917938
0.964813
-0.902344
-0.878906
-0.925781
-0.894531
-0.894531
-0.925781
-0.972656
-0.980469
-0.957031
-0.957031
-0.894531
-0.878906
-0.941406
-0.941406
-0.964844
0.972626
0.996063
0.988251
0.964813
0.980438
0.957001
0.941376
0.941376
0.972626
0.980438
0.972626
0.949188
0.941376
0.957001
0.972626
0.964813
0.972626
0.972626
0.972626
0.964813
0.964813
0.964813
0.949188
0.964813
0.988251
0.988251
0.972626
0.972626
0.988251
-0.996094
0.996063
0.996063
0.957001
0.949188
0.964813
0.957001
0.964813
0.933563
0.941376
0.964813
0.925751
0.878876
0.878876
0.910126
0.878876
0.910126
0.910126
0.941376
0.972626
0.964813
0.910126
0.941376
0.941376
0.949188
0.917938
0.933563
0.972626
0.972626
0.996063
0.988251
0.972626
0.980438
0.996063
-0.996094
-0.996094
-0.996094
-0.996094
-0.996094
-0.980469
-0.957031
-0.980469
-0.972656
-0.972656
-0.957031
-0.972656
-0.988281
-0.972656
-0.949219
-0.964844
-0.941406
-0.957031
-0.957031
-0.972656
-0.964844
-0.941406
-0.988281
-0.996094
-0.972656
0.988251
-0.964844
-0.988281
-0.996094
-0.957031
-0.957031
-0.964844
-0.964844
-0.957031
-0.957031
-0.957031
-0.949219
-0.972656
-0.972656
-0.941406
-0.941406
-0.949219
-0.949219
-0.949219
-0.941406
-0.925781
-0.964844
0.988251
-0.996094
-0.996094
-0.972656
-0.957031
-0.949219
-0.996094
0.933563
0.910126
0.980438
-0.980469
-0.996094
0.980438
0.972626
0.972626
0.957001
0.972626
0.972626
0.972626
0.972626
0.949188
0.957001
0.964813
0.933563
0.957001
0.964813
0.949188
0.949188
0.941376
0.964813
0.949188
0.964813
0.933563
0.949188
0.964813
0.949188
0.964813
0.957001
0.925751
0.933563
0.964813
0.996063
0.980438
0.972626
0.972626
0.972626
0.980438
0.996063
-0.980469
-0.996094
0.988251
0.980438
0.941376
-0.980469
0.996063
-0.925781
-0.988281
0.988251
0.972626
0.964813
0.925751
0.980438
-0.996094
-0.972656
-0.980469
-0.972656
-0.972656
-0.964844
-0.941406
-0.933594
-0.964844
-0.980469
0.972626
-0.972656
-0.878906
-0.886719
0.996063
0.988251
-0.996094
-0.933594
-0.894531
-0.894531
-0.886719
-0.894531
-0.949219
-0.925781
-0.902344
-0.964844
0.910126
0.933563
-0.941406
-0.863281
-0.894531
-0.839844
-0.839844
-0.917969
-0.988281
-0.957031
-0.941406
-0.902344
-0.902344
-0.878906
-0.894531
-0.910156
-0.988281
0.996063
-0.980469
-0.949219
-0.980469
-0.980469
0.964813
-0.941406
0.964813
0.980438
-0.996094
-0.996094
0.949188
0.949188
0.988251
0.988251
0.996063
0.988251
0.996063
-0.996094
0.988251
0.988251
-0.996094
-0.996094
0.988251
0.996063
0.980438
0.949188
0.949188
0.957001
0.980438
-0.996094
0.988251
0.957001
0.964813
0.949188
0.949188
0.972626
0.957001
0.941376
0.949188
0.949188
0.933563
0.964813
0.964813
0.917938
-0.972656
0.988251
0.949188
0.925751
0.925751
0.949188
0.949188
0.933563
0.925751
0.949188
0.933563
0.941376
0.972626
0.980438
0.957001
0.964813
0.972626
0.964813
0.949188
0.980438
-0.996094
-0.980469
-0.972656
-0.980469
0.988251
0.980438
-0.996094
-0.941406
-0.941406
-0.957031
-0.972656
0.996063
0.996063
-0.996094
-0.964844
-0.949219
-0.988281
-0.972656
-0.949219
-0.933594
-0.957031
-0.964844
-0.972656
-0.972656
-0.941406
-0.910156
-0.925781
-0.933594
-0.933594
-0.941406
-0.949219
-0.917969
-0.933594
-0.949219
-0.941406
-0.941406
-0.949219
-0.941406
-0.933594
-0.902344
-0.902344
-0.933594
-0.988281
-0.988281
-0.988281
-0.941406
-0.910156
-0.917969
-0.917969
-0.964844
0.988251
-0.996094
-0.988281
-0.941406
-0.925781
-0.941406
-0.972656
-0.949219
-0.933594
-0.941406
0.957001
0.957001
-0.925781
-0.972656
0.925751
0.957001
-0.957031
-0.949219
-0.996094
0.957001
0.964813
-0.996094
0.996063
0.988251
0.988251
0.980438
0.964813
0.957001
0.996063
0.972626
0.957001
0.957001
0.949188
0.949188
0.941376
0.957001
0.972626
0.949188
0.925751
0.941376
0.980438
0.996063
0.980438
0.941376
0.972626
0.988251
0.949188
0.980438
0.980438
-0.988281
-0.996094
0.972626
0.988251
0.996063
0.964813
0.941376
0.949188
0.949188
0.988251
-0.972656
-0.957031
0.972626
-0.996094
-0.996094
-0.988281
-0.972656
-0.996094
-0.957031
-0.933594
-0.933594
-0.941406
-0.941406
-0.933594
-0.972656
-0.972656
-0.949219
-0.941406
-0.910156
-0.941406
-0.957031
-0.964844
-0.933594
-0.933594
0.980438
0.964813
-0.910156
-0.902344
-0.949219
-0.917969
-0.855469
-0.910156
-0.972656
-0.925781
-0.933594
-0.894531
-0.894531
-0.886719
-0.902344
-0.894531
-0.949219
0.980438
-0.996094
-0.996094
-0.980469
-0.949219
-0.957031
-0.996094
0.988251
0.996063
0.980438
-0.988281
-0.988281
-0.996094
-0.988281
-0.996094
-0.996094
0.996063
0.980438
0.980438
0.957001
0.964813
0.980438
0.980438
0.988251
0.980438
-0.988281
-0.996094
-0.996094
0.972626
0.957001
0.972626
0.980438
-0.996094
-0.996094
-0.996094
0.988251
0.941376
0.941376
0.996063
-0.988281
-0.949219
0.988251
0.957001
0.925751
0.964813
0.996063
0.996063
-0.972656
0.996063
0.988251
0.988251
0.988251
-0.996094
-0.996094
-0.964844
-0.980469
0.980438
0.988251
0.996063
-0.972656
-0.957031
-0.996094
-0.980469
-0.964844
-0.980469
-0.964844
-0.957031
-0.972656
-0.996094
-0.957031
-0.988281
-0.957031
-0.980469
0.988251
-0.996094
-0.957031
-0.917969
-0.925781
-0.972656
-0.996094
-0.988281
-0.949219
-0.949219
-0.996094
-0.980469
-0.957031
-0.980469
-0.964844
-0.964844
-0.972656
-0.964844
-0.996094
-0.996094
-0.964844
-0.941406
-0.933594
-0.941406
-0.949219
-0.964844
-0.988281
-0.980469
-0.964844
-0.933594
-0.941406
-0.957031
-0.980469
-0.972656
0.988251
-0.996094
-0.894531
-0.824219
-0.980469
0.832001
0.925751
-0.894531
-0.871094
-0.964844
-0.996094
-0.996094
0.996063
-0.996094
-0.972656
-0.980469
-0.972656
-0.980469
-0.964844
-0.972656
-0.996094
-0.972656
-0.972656
-0.980469
0.980438
0.980438
-0.996094
-0.996094
-0.972656
-0.996094
0.996063
-0.996094
-0.988281
-0.964844
-0.964844
-0.996094
-0.996094
-0.996094
-0.972656
-0.972656
-0.949219
-0.996094
-0.996094
0.964813
0.964813
-0.980469
-0.964844
-0.988281
0.972626
0.996063
-0.964844
-0.957031
-0.980469
0.980438
0.972626
0.996063
-0.988281
-0.988281
-0.996094
0.996063
0.996063
-0.980469
-0.988281
-0.988281
-0.988281
0.996063
-0.996094
-0.980469
-0.964844
-0.964844
-0.996094
-0.988281
-0.941406
-0.964844
-0.972656
-0.988281
-0.957031
-0.972656
-0.941406
-0.988281
-0.988281
-0.972656
-0.980469
-0.980469
-0.996094
0.996063
-0.941406
-0.941406
-0.972656
-0.964844
0.980438
0.925751
0.964813
-0.902344
-0.855469
-0.972656
-0.972656
-0.933594
-0.941406
-0.964844
-0.917969
-0.949219
-0.980469
-0.964844
-0.886719
-0.886719
-0.949219
-0.996094
0.949188
-0.996094
-0.996094
-0.996094
-0.996094
0.988251
-0.980469
-0.988281
-0.980469
-0.980469
-0.957031
-0.949219
-0.964844
-0.988281
0.972626
-0.996094
-0.980469
-0.972656
-0.988281
-0.972656
-0.996094
-0.996094
-0.980469
-0.957031
-0.996094
-0.996094
-0.996094
-0.972656
-0.949219
-0.980469
0.988251
0.964813
-0.996094
-0.957031
-0.949219
-0.988281
0.980438
0.980438
-0.996094
-0.996094
-0.980469
-0.941406
-0.949219
-0.964844
-0.996094
-0.988281
0.972626
-0.996094
-0.988281
0.996063
0.988251
0.980438
0.996063
0.996063
-0.980469
-0.972656
-0.996094
-0.988281
0.972626
-0.972656
0.996063
-0.957031
-0.933594
-0.957031
-0.996094
0.996063
-0.996094
-0.996094
-0.964844
-0.949219
-0.933594
-0.957031
0.980438
-0.996094
-0.972656
-0.941406
-0.941406
-0.941406
-0.957031
-0.972656
-0.980469
-0.988281
-0.996094
-0.980469
-0.964844
-0.957031
-0.988281
0.996063
-0.980469
-0.988281
-0.964844
-0.933594
-0.933594
-0.957031
-0.988281
0.925751
-0.917969
-0.917969
-0.910156
-0.933594
-0.988281
-0.996094
-0.996094
-0.996094
-0.941406
-0.941406
-0.964844
-0.980469
-0.996094
-0.980469
-0.972656
-0.949219
-0.957031
-0.996094
-0.996094
-0.996094
-0.964844
-0.972656
-0.988281
-0.964844
-0.996094
-0.996094
-0.988281
0.996063
-0.996094
-0.957031
-0.988281
-0.996094
-0.996094
-0.996094
-0.996094
-0.996094
0.980438
0.996063
-0.988281
0.988251
0.996063
-0.957031
-0.949219
-0.996094
-0.988281
-0.996094
-0.988281
-0.988281
-0.988281
-0.996094
-0.996094
0.996063
-0.996094
-0.996094
-0.996094
0.980438
0.988251
-0.988281
-0.988281
-0.964844
-0.949219
-0.972656
-0.964844
-0.972656
-0.964844
-0.964844
-0.972656
-0.996094
0.972626
0.972626
-0.996094
-0.972656
-0.949219
-0.964844
-0.972656
-0.996094
0.988251
-0.980469
-0.957031
-0.933594
-0.941406
-0.980469
0.996063
-0.980469
-0.988281
-0.964844
-0.957031
-0.949219
-0.964844
-0.980469
0.964813
-0.972656
-0.910156
-0.847656
-0.933594
-0.980469
0.980438
0.988251
-0.988281
-0.933594
-0.894531
-0.988281
0.917938
0.933563
-0.894531
-0.847656
-0.957031
-0.949219
-0.902344
-0.941406
-0.949219
-0.941406
-0.902344
-0.910156
-0.996094
-0.957031
-0.964844
-0.957031
-0.941406
-0.988281
-0.988281
0.996063
0.988251
-0.996094
-0.972656
-0.996094
0.957001
0.957001
-0.980469
-0.964844
-0.917969
-0.933594
-0.972656
0.988251
0.996063
0.988251
-0.996094
-0.980469
-0.972656
-0.964844
-0.988281
-0.996094
-0.988281
-0.996094
-0.996094
-0.996094
0.996063
-0.972656
-0.972656
-0.980469
-0.972656
-0.980469
-0.988281
0.988251
-0.988281
-0.996094
-0.988281
0.988251
0.996063
-0.996094
-0.988281
-0.980469
-0.988281
-0.996094
-0.980469
-0.996094
0.972626
-0.996094
-0.996094
0.996063
-0.996094
-0.964844
-0.972656
-0.988281
-0.988281
0.988251
-0.996094
-0.980469
-0.996094
-0.988281
-0.972656
-0.996094
-0.996094
-0.980469
-0.957031
-0.972656
-0.980469
-0.996094
0.980438
-0.996094
-0.933594
-0.941406
-0.980469
0.988251
-0.996094
0.996063
-0.996094
0.980438
-0.996094
-0.996094
0.996063
-0.996094
-0.964844
-0.949219
-0.949219
-0.980469
-0.988281
-0.972656
-0.941406
-0.941406
-0.933594
-0.941406
-0.957031
-0.964844
-0.980469
-0.957031
-0.957031
-0.972656
-0.996094
-0.972656
-0.972656
-0.996094
-0.996094
-0.996094
-0.980469
-0.949219
-0.925781
-0.941406
-0.957031
-0.996094
-0.972656
-0.941406
-0.933594
-0.925781
-0.949219
-0.972656
-0.996094
-0.996094
-0.996094
-0.964844
-0.957031
-0.980469
-0.988281
-0.980469
0.996063
-0.980469
-0.972656
-0.964844
0.996063
-0.964844
-0.980469
-0.972656
-0.964844
-0.949219
-0.964844
-0.988281
-0.972656
-0.988281
-0.949219
-0.941406
-0.964844
-0.972656
-0.972656
-0.972656
-0.996094
0.996063
-0.996094
0.980438
0.980438
-0.980469
-0.933594
-0.949219
-0.996094
-0.996094
-0.988281
-0.949219
-0.941406
-0.941406
-0.996094
0.988251
-0.980469
-0.933594
-0.957031
0.988251
-0.996094
-0.980469
-0.964844
-0.972656
-0.996094
-0.980469
-0.996094
-0.988281
0.996063
-0.996094
-0.988281
-0.980469
-0.980469
-0.949219
-0.957031
-0.988281
-0.957031
-0.933594
-0.949219
-0.957031
-0.980469
-0.980469
-0.949219
-0.980469
-0.957031
-0.972656
-0.957031
-0.996094
-0.988281
-0.980469
-0.996094
-0.972656
0.980438
0.941376
0.941376
-0.964844
-0.894531
-0.988281
-0.996094
-0.917969
-0.949219
-0.972656
-0.964844
-0.941406
-0.949219
-0.925781
-0.902344
-0.902344
-0.933594
-0.972656
-0.980469
-0.988281
-0.957031
-0.980469
-0.996094
-0.996094
-0.964844
-0.980469
0.996063
-0.996094
0.988251
-0.988281
-0.972656
0.996063
-0.996094
0.996063
-0.980469
-0.996094
-0.988281
0.988251
-0.988281
-0.996094
-0.996094
-0.996094
-0.996094
-0.964844
-0.988281
0.980438
0.972626
-0.996094
-0.996094
-0.964844
-0.972656
-0.964844
-0.964844
0.988251
0.972626
0.980438
-0.949219
-0.964844
-0.996094
-0.988281
-0.996094
-0.972656
-0.980469
-0.980469
-0.964844
-0.964844
-0.988281
-0.980469
-0.988281
-0.964844
-0.996094
0.980438
-0.996094
-0.988281
-0.941406
-0.972656
-0.980469
-0.988281
-0.996094
-0.996094
0.996063
-0.964844
-0.988281
-0.996094
-0.988281
-0.988281
-0.957031
-0.964844
-0.988281
-0.964844
-0.925781
-0.949219
-0.972656
-0.988281
-0.972656
-0.941406
-0.925781
-0.941406
-0.949219
-0.988281
-0.988281
-0.988281
-0.980469
-0.996094
-0.949219
-0.933594
-0.980469
-0.957031
-0.933594
-0.941406
-0.941406
-0.957031
-0.949219
-0.964844
-0.964844
-0.972656
-0.964844
-0.957031
-0.949219
-0.964844
-0.980469
-0.957031
-0.957031
-0.949219
-0.964844
-0.941406
-0.980469
-0.996094
-0.996094
-0.988281
-0.980469
-0.964844
-0.957031
-0.996094
-0.988281
-0.941406
-0.917969
-0.949219
-0.996094
0.996063
-0.964844
0.996063
-0.996094
-0.996094
-0.972656
-0.988281
0.988251
-0.988281
-0.972656
-0.996094
-0.957031
-0.949219
-0.980469
-0.996094
-0.996094
-0.917969
0.988251
0.988251
-0.972656
-0.941406
-0.996094
-0.996094
-0.964844
-0.964844
-0.996094
-0.996094
-0.957031
-0.964844
-0.941406
-0.964844
-0.964844
-0.957031
-0.980469
-0.972656
-0.980469
-0.964844
-0.972656
-0.996094
-0.980469
-0.980469
-0.996094
-0.996094
-0.988281
-0.996094
-0.964844
-0.925781
-0.949219
-0.980469
-0.988281
-0.941406
0.996063
0.941376
-0.964844
-0.988281
0.988251
-0.980469
-0.996094
-0.996094
-0.988281
0.996063
0.988251
-0.988281
-0.964844
-0.957031
-0.964844
-0.972656
-0.996094
0.988251
-0.996094
-0.957031
-0.964844
-0.964844
-0.988281
-0.996094
-0.996094
0.996063
0.957001
0.925751
-0.933594
-0.863281
-0.964844
-0.980469
-0.910156
-0.933594
-0.957031
-0.917969
-0.933594
-0.925781
-0.925781
-0.886719
-0.902344
-0.878906
-0.949219
0.949188
0.894501
0.972626
-0.996094
-0.972656
-0.941406
-0.941406
-0.917969
-0.917969
-0.910156
-0.910156
-0.910156
-0.886719
-0.878906
-0.894531
-0.878906
-0.886719
-0.886719
-0.886719
-0.886719
-0.902344
-0.863281
-0.886719
-0.902344
-0.878906
-0.910156
-0.925781
-0.910156
-0.894531
-0.917969
-0.894531
-0.855469
-0.878906
-0.917969
-0.933594
-0.949219
-0.925781
-0.863281
-0.847656
-0.917969
-0.949219
-0.972656
-0.933594
-0.933594
-0.925781
-0.910156
-0.910156
-0.949219
-0.941406
-0.917969
-0.925781
-0.933594
-0.933594
-0.996094
0.980438
0.988251
-0.925781
-0.902344
-0.925781
-0.964844
-0.988281
-0.980469
-0.957031
-0.941406
-0.925781
-0.933594
-0.925781
-0.949219
-0.980469
-0.941406
-0.925781
-0.925781
-0.972656
-0.996094
-0.996094
-0.996094
-0.964844
-0.988281
0.996063
-0.980469
0.996063
0.996063
-0.996094
-0.996094
0.498286
0.499143
0.500001
