-0.980469
-0.964844
-0.988281
-0.285156
-0.128723
-0.99585
-0.99585
-0.99585
-0.99585
-0.99585
-0.99585
-0.99585
-0.636505
0.949432
-0.99585
-0.535278
-0.808838
-0.808838
-0.0118408
0.41037
-0.99585
0.214966
-0.707275
-0.808838
-0.808838
0.519348
0.0586243
-0.621124
0.628662
-0.808838
-0.808838
-0.574432
-0.808624
0.753967
0.29303
0.925751
-0.941498
0.488129
0.191284
0.542877
-0.589935
-0.504059
0.980255
-0.332245
-0.441589
0.0662842
-0.683624
0.191406
-0.558594
0.667908
-0.691498
-0.472778
0.683472
0.95694
-0.761749
-0.605499
-0.652405
0.847534
0.363159
0.675659
-0.628998
0.14444
0.636627
0.527252
0.324127
0.277252
0.26944
0.292877
0.308502
0.503815
0.816315
-0.597717
0.30072
-0.308624
-0.527344
-0.144501
-0.55069
-0.0271912
0.113495
-0.99585
-0.99585
-0.99585
0.386932
0.566559
0.214935
0.253937
0.722626
0.0194702
0.0428772
0.910034
0.652222
-0.683685
0.785065
0.597595
0.246063
-0.542969
0.214844
0.488281
0.441406
-0.0585938
0.753876
0.964783
-0.79303
0.449127
-0.910217
0.76947
0.691376
-0.253906
-0.589844
0.457001
-0.128937
0.0195007
0.699188
-0.425781
0.0742188
-0.480469
0.261688
0.980408
0.253845
0.496033
-0.746124
-0.292999
-0.277374
-0.316437
-0.128937
0.128876
0.207001
0.207001
0.394501
0.839813
-0.738281
-0.644531
-0.957031
0.636688
0.308563
0.0273132
-0.277374
-0.699249
0.964783
0.871033
0.917908
0.855408
0.55072
0.128845
-0.277405
-0.44928
-0.16803
0.371033
0.855408
-0.652374
-0.0898743
0.457001
0.972626
-0.449219
0.121094
0.597656
0.832031
0.878906
0.910156
0.902344
0.792969
0.558594
0.277344
0.0664062
-0.0742188
-0.167969
-0.261719
-0.394531
-0.449219
-0.308594
0.128906
0.519531
0.667969
0.683594
0.628906
0.582031
0.558594
0.636719
0.800781
0.878906
0.839844
0.792969
0.902344
-0.972626
-0.933563
-0.980438
0.988281
0.863281
0.910156
0.847656
0.449219
0.113281
-0.0507812
-0.136719
-0.261719
-0.347656
-0.308594
-0.238281
-0.0585938
0.191406
0.425781
0.597656
0.660156
0.730469
0.722656
0.597656
0.371094
0.144531
-0.121094
-0.378906
-0.566406
-0.714844
-0.785156
-0.707031
-0.511719
-0.371094
-0.371094
-0.457031
-0.628906
-0.808594
0.878876
-0.988281
0.917938
0.761688
0.691376
0.660126
0.652313
0.769501
0.941376
-0.957031
-0.847656
-0.753906
-0.769531
-0.847656
-0.933594
0.988251
0.933563
0.839813
0.777313
0.722626
0.722626
0.777313
0.777313
0.785126
0.777313
0.722626
0.738251
0.808563
0.957001
-0.917969
-0.957031
0.980438
0.933563
-0.988281
-0.832031
-0.691406
-0.636719
-0.652344
-0.785156
-0.808594
-0.722656
-0.597656
-0.496094
-0.457031
-0.496094
-0.527344
-0.683594
-0.558594
-0.496094
-0.433594
-0.449219
-0.402344
-0.378906
-0.316406
-0.113281
-0.00390625
0.0429688
0.0820312
0.136719
0.113281
0.105469
0.0742188
0.113281
0.0820312
0.0664062
0.0820312
0.144531
0.0820312
0.0585938
0.0585938
0.0585938
0.113281
0.136719
0.152344
0.121094
0.0507812
0.0664062
0.0742188
-0.0195312
-0.136719
-0.238281
-0.261719
-0.261719
-0.214844
-0.167969
-0.191406
-0.191406
-0.214844
-0.238281
-0.292969
-0.324219
-0.339844
-0.394531
-0.433594
-0.527344
-0.582031
-0.652344
-0.738281
-0.785156
-0.777344
-0.753906
-0.761719
-0.808594
-0.824219
-0.839844
-0.847656
-0.886719
-0.941406
-0.964844
-0.964844
-0.980469
-0.988281
0.894501
0.785126
0.847626
-0.949219
-0.980469
0.933563
0.917938
0.925751
0.847626
0.902313
0.902313
0.941376
0.988251
0.933563
0.925751
0.957001
0.902313
0.824188
0.863251
0.855438
0.839813
0.824188
0.839813
0.847626
0.894501
0.902313
0.933563
0.957001
0.980438
-0.996094
-0.972656
-0.949219
-0.917969
-0.886719
-0.894531
-0.910156
-0.949219
-0.925781
-0.917969
-0.910156
-0.894531
-0.894531
-0.886719
-0.886719
-0.902344
-0.902344
-0.886719
-0.847656
-0.839844
-0.871094
-0.824219
-0.839844
-0.855469
-0.855469
-0.832031
-0.824219
-0.777344
-0.800781
-0.792969
-0.839844
-0.800781
-0.777344
-0.722656
-0.714844
-0.707031
-0.730469
-0.746094
-0.722656
-0.675781
-0.691406
-0.707031
-0.714844
-0.769531
-0.816406
-0.792969
-0.816406
-0.832031
-0.863281
-0.871094
-0.824219
-0.808594
-0.847656
-0.847656
-0.808594
-0.816406
-0.785156
-0.792969
-0.785156
-0.777344
-0.816406
-0.832031
-0.839844
-0.832031
-0.863281
-0.910156
-0.957031
-0.957031
-0.988281
-0.964844
-0.949219
-0.933594
-0.933594
-0.902344
-0.910156
-0.925781
-0.878906
-0.863281
-0.855469
-0.855469
-0.878906
-0.847656
-0.855469
-0.863281
-0.863281
-0.863281
-0.886719
-0.894531
-0.871094
-0.839844
-0.832031
-0.839844
-0.847656
-0.847656
-0.863281
-0.847656
-0.871094
-0.917969
-0.902344
-0.878906
-0.894531
-0.886719
-0.894531
-0.894531
-0.878906
-0.917969
-0.910156
-0.917969
-0.894531
-0.902344
-0.917969
-0.964844
-0.957031
-0.933594
-0.902344
-0.917969
-0.933594
-0.964844
-0.933594
-0.910156
-0.902344
-0.917969
-0.941406
-0.933594
-0.957031
-0.933594
-0.925781
-0.941406
-0.957031
-0.933594
-0.917969
-0.910156
-0.949219
-0.957031
-0.957031
-0.980469
-0.996094
0.996063
-0.964844
-0.996094
0.996063
0.972626
0.996063
0.980438
0.964813
0.941376
0.902313
0.902313
0.949188
0.964813
0.949188
0.941376
0.894501
0.910126
0.949188
0.949188
0.949188
0.957001
0.933563
0.933563
0.917938
0.910126
0.925751
0.910126
0.902313
0.894501
0.910126
0.917938
0.902313
0.902313
0.925751
0.941376
0.964813
0.941376
0.957001
0.972626
0.980438
0.949188
0.957001
0.917938
0.941376
0.972626
0.949188
0.949188
0.964813
0.964813
0.933563
0.785126
0.871063
-0.917969
-0.964844
0.972626
-0.996094
-0.980469
0.957001
-0.996094
-0.980469
-0.964844
-0.925781
-0.917969
-0.933594
-0.964844
-0.980469
0.996063
0.996063
0.980438
0.980438
-0.996094
-0.980469
-0.980469
-0.996094
-0.972656
-0.949219
-0.957031
-0.972656
-0.933594
-0.988281
-0.972656
-0.980469
-0.941406
-0.941406
-0.933594
-0.917969
-0.925781
-0.941406
-0.933594
-0.941406
-0.910156
-0.910156
-0.949219
-0.972656
-0.957031
-0.949219
-0.957031
-0.964844
-0.996094
-0.964844
-0.996094
-0.996094
-0.996094
0.988251
0.964813
-0.980469
-0.972656
-0.996094
0.972626
-0.964844
-0.949219
-0.957031
-0.980469
-0.933594
-0.988281
-0.972656
-0.957031
-0.933594
-0.964844
-0.949219
-0.996094
-0.996094
-0.972656
-0.988281
0.996063
-0.988281
-0.980469
-0.996094
-0.972656
-0.972656
0.996063
-0.988281
-0.996094
0.988251
0.964813
0.988251
0.988251
-0.972656
-0.996094
-0.988281
-0.988281
0.996063
0.996063
0.996063
-0.996094
-0.980469
0.996063
0.988251
-0.996094
0.996063
-0.988281
-0.957031
-0.996094
-0.972656
-0.988281
-0.996094
-0.980469
-0.980469
-0.996094
0.996063
-0.980469
-0.988281
-0.988281
-0.980469
-0.996094
-0.996094
0.988251
-0.964844
-0.996094
-0.996094
-0.972656
-0.980469
-0.980469
-0.988281
-0.957031
-0.996094
0.996063
-0.996094
0.988251
0.996063
0.988251
-0.964844
-0.949219
-0.980469
0.980438
-0.996094
-0.996094
-0.996094
-0.996094
0.972626
-0.949219
0.957001
0.957001
-0.972656
-0.988281
0.980438
0.972626
0.972626
-0.996094
0.980438
0.972626
0.980438
-0.996094
0.988251
-0.980469
-0.996094
-0.996094
0.972626
0.972626
-0.996094
0.964813
0.925751
0.925751
0.949188
0.941376
0.910126
0.925751
0.941376
0.941376
0.949188
0.957001
0.949188
0.933563
0.957001
0.785126
0.902313
0.996063
0.941376
0.878876
0.964813
0.972626
0.933563
0.941376
0.949188
0.996063
0.972626
0.980438
0.988251
0.996063
0.980438
0.980438
0.980438
-0.980469
-0.980469
-0.964844
-0.996094
0.972626
0.996063
-0.964844
-0.957031
-0.957031
-0.972656
-0.972656
-0.933594
-0.941406
-0.957031
-0.933594
-0.949219
-0.972656
-0.949219
-0.933594
-0.949219
-0.957031
-0.980469
0.972626
0.847626
0.910126
-0.847656
-0.816406
-0.941406
-0.910156
-0.917969
-0.910156
-0.933594
-0.910156
-0.933594
-0.910156
-0.910156
-0.917969
-0.902344
-0.917969
0.996063
-0.996094
0.988251
0.949188
0.972626
-0.988281
-0.980469
-0.996094
-0.996094
-0.988281
-0.988281
-0.996094
0.964813
0.980438
-0.996094
-0.996094
0.964813
0.957001
0.933563
0.980438
-0.996094
0.988251
0.972626
0.972626
0.972626
0.972626
0.988251
0.988251
0.949188
0.949188
0.972626
0.988251
0.972626
0.949188
0.933563
0.925751
0.957001
0.949188
0.972626
0.972626
0.949188
0.941376
0.949188
0.949188
0.957001
-0.996094
0.949188
0.980438
0.972626
-0.988281
0.988251
-0.980469
-0.996094
0.964813
0.988251
-0.972656
-0.980469
-0.980469
-0.996094
-0.972656
0.996063
0.964813
0.964813
0.988251
0.980438
-0.996094
0.988251
-0.996094
-0.972656
-0.957031
-0.996094
-0.964844
-0.972656
-0.957031
-0.949219
-0.964844
-0.964844
-0.949219
-0.972656
-0.957031
-0.925781
-0.957031
-0.917969
-0.957031
-0.949219
-0.964844
-0.941406
-0.949219
-0.933594
-0.988281
-0.949219
-0.902344
-0.925781
0.972626
-0.933594
-0.910156
-0.925781
-0.925781
-0.917969
0.980438
0.925751
0.972626
-0.964844
-0.925781
-0.894531
-0.964844
0.925751
0.964813
-0.917969
-0.933594
-0.957031
-0.871094
-0.988281
0.800751
0.941376
-0.792969
-0.925781
0.722626
0.660126
-0.964844
-0.363281
-0.457031
0.652313
0.0273132
0.652313
-0.464844
-0.347656
-0.738281
0.839813
0.300751
0.386688
-0.824219
-0.371094
-0.652344
0.988251
0.785126
0.691376
0.839813
-0.949219
-0.816406
-0.847656
0.972626
0.824188
0.886688
0.980438
0.925751
-0.980469
-0.730469
-0.738281
0.777313
0.339813
0.722626
-0.535156
-0.316406
-0.847656
0.238251
0.0273132
-0.824219
0.136719
-0.613281
0.277313
0.417938
-0.683594
-0.535156
0.910126
0.550751
0.761688
-0.855469
-0.730469
-0.847656
0.933563
0.730438
0.816376
-0.894531
-0.839844
0.933563
0.824188
-0.996094
-0.722656
-0.683594
0.863251
0.480438
0.746063
-0.519531
-0.300781
-0.894531
0.566376
0.613251
0.925751
-0.746094
-0.511719
-0.746094
0.746063
0.644501
-0.925781
-0.652344
-0.839844
0.933563
0.878876
0.964813
-0.988281
-0.808594
-0.878906
0.667938
0.777313
-0.433594
-0.207031
-0.917969
0.519501
0.808563
-0.621094
-0.628906
-0.980469
-0.957031
-0.949219
0.902313
0.855438
-0.949219
-0.871094
-0.996094
0.910126
-0.941406
-0.824219
0.910126
0.691376
0.996063
-0.597656
-0.699219
0.910126
0.722626
0.871063
-0.808594
-0.746094
0.839813
0.808563
-0.566406
-0.503906
0.636688
0.199188
-0.941406
-0.175781
-0.566406
0.558563
0.394501
0.910126
-0.683594
-0.746094
0.917938
0.738251
0.761688
0.996063
-0.589844
-0.652344
0.550751
0.324188
-0.761719
-0.347656
-0.878906
0.628876
0.621063
0.941376
-0.777344
-0.839844
0.863251
0.839813
0.980438
-0.925781
-0.894531
-0.996094
0.644501
0.660126
-0.660156
-0.371094
0.949188
0.542938
0.824188
-0.957031
0.957001
-0.871094
-0.667969
-0.855469
0.714813
0.730438
-0.933594
-0.800781
0.957001
0.941376
-0.761719
-0.800781
0.753876
0.613251
-0.847656
-0.394531
-0.933594
0.457001
0.925751
-0.542969
-0.949219
0.824188
-0.480469
-0.488281
0.347626
0.152313
-0.480469
0.199219
-0.652344
0.472626
0.613251
-0.941406
-0.824219
-0.925781
-0.933594
-0.738281
-0.628906
0.871063
0.480438
0.886688
-0.644531
-0.777344
-0.777344
-0.714844
0.785126
0.339813
0.964813
-0.285156
-0.652344
0.613251
0.832001
-0.683594
-0.933594
0.605438
0.816376
-0.589844
-0.550781
0.933563
0.488251
0.675751
-0.644531
-0.480469
0.917938
0.535126
0.964813
-0.738281
0.980438
0.847626
-0.847656
-0.886719
0.683563
0.667938
-0.800781
-0.675781
-0.902344
0.863251
0.746063
0.832001
-0.996094
-0.988281
-0.949219
-0.667969
-0.722656
0.542938
0.246063
-0.863281
-0.214844
-0.753906
0.707001
0.769501
0.910126
0.871063
0.972626
-0.792969
-0.722656
-0.925781
0.597626
0.589813
-0.878906
-0.503906
-0.628906
0.902313
0.433563
0.589813
-0.691406
-0.363281
-0.738281
0.847626
0.675751
0.769501
-0.902344
-0.589844
-0.597656
0.933563
0.472626
0.855438
-0.386719
-0.699219
0.410126
0.683563
-0.363281
-0.628906
0.488251
0.714813
-0.628906
-0.785156
-0.996094
-0.847656
0.871063
0.597626
-0.738281
-0.261719
-0.933594
0.191376
0.824188
-0.214844
-0.558594
0.394501
0.394501
-0.816406
-0.464844
-0.761719
-0.855469
-0.972656
0.699188
0.761688
-0.675781
-0.449219
-0.996094
0.605438
-0.988281
-0.527344
-0.816406
0.582001
0.808563
-0.660156
-0.886719
0.769501
-0.949219
-0.832031
0.777313
0.628876
-0.886719
-0.394531
-0.628906
0.667938
0.394501
0.855438
-0.613281
-0.464844
-0.777344
0.339813
0.238251
-0.675781
0.0664062
-0.550781
0.371063
0.292938
-0.902344
-0.425781
-0.792969
0.808563
0.957001
-0.933594
0.980438
0.863251
0.714813
0.949188
-0.472656
-0.519531
0.761688
0.589813
-0.816406
-0.511719
-0.824219
0.800751
0.894501
-0.683594
-0.636719
0.816376
0.699188
-0.863281
-0.449219
-0.519531
0.808563
0.371063
-0.996094
-0.0976562
-0.410156
0.488251
0.324188
-0.722656
-0.0976562
-0.535156
0.667938
0.425751
0.847626
-0.449219
-0.277344
-0.902344
0.503876
0.667938
-0.636719
-0.285156
-0.863281
0.535126
0.824188
-0.636719
-0.714844
0.964813
0.902313
-0.832031
-0.605469
-0.996094
0.488251
0.917938
-0.316406
-0.503906
0.691376
0.714813
-0.722656
-0.699219
0.902313
0.863251
-0.878906
-0.722656
-0.839844
-0.980469
-0.933594
-0.949219
0.777313
0.980438
-0.503906
-0.503906
0.675751
0.371063
-0.980469
-0.269531
-0.652344
0.707001
0.792938
-0.917969
0.964813
0.917938
-0.824219
-0.675781
-0.972656
0.691376
0.746063
-0.871094
-0.644531
-0.972656
0.714813
0.980438
-0.847656
-0.996094
0.925751
0.988251
0.800751
0.925751
-0.707031
-0.746094
0.824188
0.746063
0.832001
0.839813
-0.832031
-0.464844
0.988251
0.308563
0.746063
-0.449219
-0.800781
0.597626
0.777313
-0.800781
-0.824219
0.816376
0.675751
-0.996094
-0.582031
-0.792969
0.535126
0.550751
-0.753906
-0.785156
0.730438
-0.871094
-0.472656
0.605438
-0.0508118
0.988251
0.152344
-0.550781
0.261688
0.347626
-0.878906
-0.613281
-0.847656
0.847626
0.667938
0.871063
-0.832031
-0.894531
0.988251
0.980438
0.957001
0.917938
-0.949219
-0.871094
0.878876
0.699188
-0.878906
-0.558594
0.988251
0.480438
0.746063
-0.746094
-0.777344
-0.964844
-0.925781
0.988251
0.722626
0.777313
-0.660156
-0.636719
0.621063
0.542938
-0.636719
-0.464844
-0.996094
0.667938
0.457001
0.519501
-0.605469
0.0820312
-0.863281
0.0585632
0.769501
-0.128906
-0.667969
0.425751
0.878876
-0.308594
-0.722656
0.628876
0.871063
-0.746094
-0.824219
-0.878906
-0.910156
0.730438
0.550751
0.894501
-0.675781
-0.378906
-0.566406
0.589813
0.144501
0.714813
-0.558594
-0.300781
-0.511719
0.816376
0.121063
0.292938
-0.636719
0.0742188
-0.457031
0.472626
0.0820007
0.636688
-0.417969
-0.0585938
-0.933594
0.175751
0.628876
-0.730469
-0.949219
0.972626
-0.675781
-0.792969
0.628876
0.503876
-0.988281
-0.722656
-0.816406
-0.957031
-0.949219
-0.980469
0.792938
0.652313
0.847626
-0.582031
-0.441406
0.839813
0.246063
0.761688
-0.472656
-0.542969
0.894501
0.582001
0.714813
0.988251
-0.621094
-0.535156
-0.933594
0.425751
0.511688
-0.722656
-0.441406
-0.941406
0.675751
0.925751
-0.800781
0.957001
0.613251
-0.988281
-0.191406
-0.582031
0.292938
0.261688
-0.691406
-0.105469
-0.714844
0.589813
0.347626
0.753876
-0.394531
-0.253906
0.847626
0.488251
-0.855469
-0.503906
0.855438
0.683563
-0.832031
-0.777344
0.972626
0.949188
-0.949219
0.957001
0.949188
-0.878906
-0.691406
-0.722656
0.980438
0.628876
0.863251
-0.582031
-0.597656
0.949188
0.816376
0.964813
-0.855469
-0.902344
0.917938
-0.917969
-0.628906
-0.917969
0.636688
0.816376
-0.699219
-0.636719
-0.894531
0.941376
0.714813
0.738251
-0.769531
-0.582031
-0.902344
0.941376
0.988251
0.824188
-0.996094
-0.691406
0.957001
0.691376
-0.824219
-0.488281
-0.910156
0.433563
0.550751
-0.738281
-0.457031
-0.847656
0.792938
0.761688
0.886688
-0.957031
-0.792969
-0.996094
0.636688
0.871063
-0.503906
-0.746094
0.628876
0.683563
-0.800781
-0.636719
0.839813
0.480438
-0.996094
-0.378906
-0.707031
0.738251
0.582001
0.761688
-0.894531
-0.636719
-0.832031
0.949188
0.988251
0.800751
0.605438
-0.949219
-0.480469
-0.785156
0.714813
0.863251
-0.792969
0.964813
0.542938
0.949188
-0.277344
-0.613281
0.503876
0.542938
-0.886719
-0.832031
-0.972656
-0.777344
-0.667969
0.925751
0.457001
0.683563
-0.691406
-0.378906
-0.699219
0.753876
0.722626
-0.933594
-0.925781
0.902313
-0.777344
-0.433594
0.996063
0.316376
0.699188
-0.503906
-0.480469
-0.972656
0.824188
-0.980469
-0.707031
-0.675781
0.933563
0.628876
0.980438
-0.371094
-0.464844
0.925751
0.628876
0.871063
-0.800781
-0.714844
-0.972656
0.785126
-0.886719
-0.597656
0.808563
0.363251
-0.980469
-0.0976562
-0.363281
0.636688
0.121063
0.667938
-0.542969
-0.371094
-0.714844
0.988251
0.667938
0.386688
0.847626
-0.285156
-0.300781
0.855438
0.417938
0.746063
-0.800781
-0.769531
-0.800781
-0.871094
0.933563
0.714813
0.816376
-0.964844
-0.855469
-0.769531
-0.941406
0.699188
0.824188
-0.777344
0.988251
0.644501
-0.878906
-0.535156
0.949188
0.605438
-0.957031
-0.660156
-0.996094
0.792938
-0.972656
-0.988281
-0.847656
-0.613281
0.941376
0.363251
0.949188
-0.261719
-0.730469
0.613251
0.722626
-0.808594
-0.605469
0.996063
0.636688
0.941376
-0.714844
-0.917969
-0.871094
-0.738281
0.902313
0.621063
-0.933594
-0.605469
-0.753906
-0.917969
0.871063
0.902313
-0.949219
-0.996094
-0.972656
-0.730469
-0.746094
0.996063
0.761688
0.777313
-0.800781
-0.511719
-0.730469
0.722626
0.769501
-0.839844
-0.785156
-0.964844
0.996063
-0.964844
-0.988281
-0.972656
-0.871094
-0.886719
0.949188
-0.996094
-0.808594
-0.894531
-0.980469
-0.996094
0.800751
0.910126
-0.675781
-0.691406
0.878876
0.675751
0.839813
-0.894531
-0.746094
-0.894531
0.910126
0.957001
-0.996094
0.832001
0.847626
-0.832031
-0.605469
-0.738281
0.746063
0.449188
0.753876
-0.753906
-0.566406
-0.675781
0.917938
0.488251
0.730438
-0.535156
-0.597656
0.660126
0.550751
-0.730469
-0.472656
0.964813
0.542938
0.730438
-0.925781
-0.613281
-0.675781
0.808563
0.457001
0.894501
-0.527344
-0.636719
0.753876
0.707001
-0.808594
-0.800781
0.753876
0.886688
-0.582031
-0.589844
0.746063
0.402313
0.863251
-0.449219
-0.480469
0.855438
0.519501
0.839813
-0.792969
-0.816406
-0.871094
-0.902344
0.816376
0.761688
-0.824219
-0.722656
-0.996094
0.949188
0.972626
0.910126
-0.832031
-0.652344
0.972626
0.527313
-0.957031
-0.339844
-0.761719
0.449188
0.628876
-0.644531
-0.386719
-0.582031
-0.996094
0.449188
0.410126
-0.855469
-0.121094
-0.222656
0.839813
0.191376
0.519501
-0.769531
-0.464844
-0.746094
0.933563
0.964813
-0.761719
-0.863281
0.886688
0.839813
-0.785156
-0.457031
-0.730469
0.925751
0.792938
0.714813
0.941376
-0.550781
-0.597656
0.792938
0.542938
0.871063
-0.800781
-0.777344
-0.824219
0.988251
0.746063
0.667938
-0.878906
-0.457031
-0.785156
0.628876
0.511688
-0.871094
-0.347656
-0.777344
0.457001
0.652313
-0.675781
-0.675781
0.902313
0.949188
-0.886719
0.988251
0.871063
-0.996094
-0.894531
-0.957031
0.964813
-0.957031
-0.878906
-0.996094
0.902313
-0.996094
-0.800781
-0.808594
0.996063
0.683563
0.691376
-0.769531
-0.394531
-0.832031
0.503876
0.457001
-0.980469
-0.472656
-0.589844
-0.996094
0.753876
0.699188
0.855438
-0.722656
-0.464844
-0.863281
0.566376
0.628876
-0.824219
-0.597656
-0.886719
-0.941406
-0.886719
0.800751
0.628876
-0.957031
-0.488281
-0.667969
0.667938
0.621063
-0.738281
-0.519531
0.839813
0.519501
-0.933594
-0.542969
-0.777344
0.855438
0.761688
0.941376
-0.839844
-0.675781
-0.816406
0.753876
0.738251
-0.769531
-0.488281
-0.964844
0.574188
0.878876
-0.542969
-0.667969
0.777313
0.707001
-0.847656
-0.621094
-0.964844
0.808563
0.933563
-0.863281
-0.785156
-0.871094
0.800751
0.652313
-0.863281
-0.402344
-0.816406
0.597626
0.730438
-0.707031
-0.621094
0.925751
0.699188
0.972626
-0.753906
-0.792969
-0.933594
0.871063
0.597626
0.816376
-0.535156
-0.339844
0.933563
0.277313
0.636688
-0.511719
-0.464844
0.972626
0.824188
0.917938
0.761688
0.769501
-0.753906
-0.511719
-0.925781
0.753876
0.886688
-0.878906
-0.894531
-0.996094
0.839813
0.886688
-0.894531
-0.769531
-0.855469
0.996063
0.800751
0.832001
-0.824219
-0.574219
-0.855469
0.722626
0.660126
-0.996094
-0.636719
-0.699219
0.886688
0.605438
0.800751
-0.777344
-0.660156
-0.871094
0.925751
0.902313
-0.972656
-0.972656
0.894501
0.847626
-0.824219
-0.542969
-0.910156
0.605438
0.785126
-0.800781
-0.808594
0.839813
0.863251
-0.746094
-0.777344
0.941376
0.972626
-0.824219
-0.996094
0.746063
0.925751
-0.683594
-0.957031
0.183563
-0.0429993
-0.574219
-0.410126
-0.332001
0.498286
0.499143
0.500001
