-0.972656
-0.988281
-0.996094
-0.972656
0.48053
0.582245
-0.99585
-0.99585
-0.99585
-0.99585
-0.99585
-0.99585
-0.99585
-0.136566
-0.99585
-0.808441
-0.808838
-0.808838
-0.808838
-0.167938
-0.99585
-0.99585
-0.300873
-0.808838
-0.808838
-0.676025
-0.988342
0.636719
0.136566
-0.808838
-0.808838
-0.621338
0.0115967
0.863312
0.0899353
0.558624
0.308533
-0.425903
-0.894653
-0.457123
0.191315
0.941254
-0.144714
-0.300995
-0.0978699
-0.519684
0.683502
-0.605469
0.582031
0.800751
-0.38678
0.738159
0.160034
0.0428772
0.58197
-0.230499
0.441345
-0.332123
0.105347
0.269409
0.792847
-0.38681
0.324127
0.589752
0.464752
0.410065
0.449127
0.51944
0.535065
0.566315
0.722565
-0.902405
-0.191467
0.941345
0.652313
-0.878876
0.488342
0.535278
0.449402
0.965057
-0.99585
-0.99585
0.965057
0.558777
-0.925629
0.63678
0.0351562
-0.917999
-0.433655
-0.558685
0.855316
-0.863403
-0.707123
0.222595
-0.503937
-0.175812
-0.660156
-0.675751
-0.605438
-0.238281
-0.964844
-0.683594
0.0273132
0.941315
-0.550873
-0.566467
0.707001
0.410156
-0.207031
0.308563
-0.269562
0.105438
0.589813
-0.996094
-0.363281
-0.285156
0.722626
-0.527374
0.980408
-0.636749
0.167938
0.472626
-0.207062
0.964783
-0.886749
-0.0195618
0.488251
0.410126
0.582001
-0.722656
-0.386719
-0.824219
0.863251
-0.785156
-0.605469
0.722626
-0.464874
0.67572
0.605408
0.886658
-0.917999
-0.917999
0.941345
0.371033
-0.496155
-0.902405
-0.425842
0.441345
-0.675812
0.0116882
0.113251
-0.0976868
0.0820007
-0.925781
0.441406
-0.503876
-0.128876
-0.496063
0.769531
0.144531
-0.0273438
0.402344
0.683594
0.0976562
-0.777344
0.824188
0.847626
-0.957031
-0.519531
-0.0976562
0.0742188
0.199219
0.292969
0.269531
0.113281
0.0664062
0.253906
0.636719
-0.957001
-0.996063
0.542969
0.199219
0.363281
0.769531
-0.910126
-0.886688
-0.972626
0.941406
-0.933563
-0.769501
-0.957001
0.441406
-0.121094
-0.402344
-0.410156
-0.222656
0.0664062
0.183594
0.00390625
-0.121094
0.167969
0.660156
-0.925751
-0.644501
-0.519501
-0.832001
0.566406
0.00390625
-0.128906
-0.0585938
-0.167969
-0.503906
-0.769531
-0.792969
-0.636719
-0.339844
-0.277344
-0.433594
-0.675781
-0.855469
-0.925781
-0.972656
-0.996094
0.886688
0.761688
0.644501
0.660126
0.847626
-0.832031
-0.511719
-0.464844
-0.683594
-0.863281
-0.871094
-0.699219
-0.574219
-0.660156
0.972626
0.527313
0.355438
0.464813
0.714813
0.816376
0.816376
0.652313
0.472626
0.417938
0.519501
0.730438
0.996063
-0.769531
-0.683594
-0.855469
0.871063
0.738251
0.855438
-0.910156
-0.761719
-0.816406
-0.949219
0.972626
-0.964844
-0.878906
-0.785156
-0.699219
-0.636719
-0.605469
-0.660156
-0.683594
-0.613281
-0.597656
-0.707031
-0.699219
-0.472656
-0.199219
-0.0820312
-0.136719
-0.136719
-0.0742188
0.0585938
0.144531
0.199219
0.183594
0.144531
0.0898438
-0.00390625
-0.0820312
-0.0742188
-0.0429688
0.0351562
0.0742188
0.0664062
0.0195312
0.0507812
0.0585938
0.0742188
0.0507812
0.0664062
0.121094
0.0898438
0.00390625
-0.0898438
-0.113281
-0.0273438
0.113281
0.152344
0.0742188
-0.121094
-0.238281
-0.214844
-0.105469
-0.0585938
-0.136719
-0.253906
-0.378906
-0.503906
-0.589844
-0.644531
-0.660156
-0.660156
-0.675781
-0.714844
-0.707031
-0.691406
-0.691406
-0.792969
-0.886719
-0.933594
-0.894531
-0.847656
-0.847656
-0.839844
-0.917969
-0.988281
0.957001
0.949188
0.980438
0.972626
0.925751
0.816376
0.777313
0.832001
0.910126
0.910126
0.824188
0.808563
0.785126
0.878876
0.933563
0.933563
0.957001
0.839813
0.871063
0.832001
0.792938
0.863251
0.917938
0.871063
0.855438
0.886688
0.902313
0.925751
0.941376
0.933563
0.972626
0.917938
0.863251
0.855438
0.996063
-0.996094
0.941376
-0.996094
-0.957031
-0.980469
-0.925781
-0.886719
-0.886719
-0.886719
-0.886719
-0.847656
-0.800781
-0.808594
-0.847656
-0.863281
-0.917969
-0.855469
-0.917969
-0.910156
-0.707031
-0.785156
-0.832031
-0.847656
-0.855469
-0.855469
-0.832031
-0.792969
-0.785156
-0.824219
-0.824219
-0.824219
-0.777344
-0.707031
-0.722656
-0.753906
-0.800781
-0.816406
-0.792969
-0.753906
-0.769531
-0.777344
-0.824219
-0.824219
-0.863281
-0.839844
-0.824219
-0.777344
-0.761719
-0.808594
-0.832031
-0.863281
-0.839844
-0.808594
-0.769531
-0.769531
-0.785156
-0.832031
-0.847656
-0.839844
-0.847656
-0.839844
-0.847656
-0.910156
-0.855469
-0.824219
-0.847656
-0.839844
-0.824219
-0.839844
-0.886719
-0.894531
-0.855469
-0.863281
-0.871094
-0.886719
-0.886719
-0.886719
-0.878906
-0.933594
-0.957031
-0.941406
-0.886719
-0.894531
-0.917969
-0.949219
-0.941406
-0.917969
-0.925781
-0.917969
-0.925781
-0.949219
-0.941406
-0.949219
-0.941406
-0.910156
-0.925781
-0.886719
-0.871094
-0.886719
-0.871094
-0.902344
-0.917969
-0.910156
-0.957031
-0.917969
-0.910156
-0.941406
-0.917969
-0.894531
-0.917969
-0.941406
-0.941406
-0.910156
-0.855469
-0.871094
-0.878906
-0.902344
-0.933594
-0.933594
-0.933594
-0.941406
-0.949219
-0.933594
-0.949219
-0.949219
-0.941406
-0.957031
-0.957031
-0.957031
-0.988281
-0.949219
-0.917969
-0.886719
-0.910156
-0.933594
-0.972656
-0.957031
-0.957031
-0.933594
-0.964844
-0.972656
-0.972656
0.972626
0.933563
0.957001
0.957001
0.988251
0.980438
0.980438
0.980438
0.964813
0.925751
0.941376
0.980438
0.972626
0.941376
0.941376
0.925751
0.886688
0.902313
0.910126
0.933563
0.957001
0.941376
0.917938
0.925751
0.949188
0.949188
0.957001
0.894501
0.925751
0.925751
0.925751
0.933563
0.925751
0.933563
0.925751
0.933563
0.910126
0.925751
0.941376
0.964813
0.980438
0.957001
0.988251
0.964813
0.980438
0.964813
0.925751
0.964813
0.949188
0.941376
0.957001
0.941376
0.949188
0.957001
0.941376
0.996063
0.988251
-0.996094
0.996063
-0.996094
-0.980469
-0.964844
0.996063
-0.996094
-0.988281
-0.996094
-0.988281
-0.996094
0.988251
0.933563
0.910126
0.917938
-0.980469
-0.894531
-0.964844
-0.996094
-0.925781
-0.910156
-0.949219
-0.925781
-0.925781
-0.925781
-0.886719
-0.941406
-0.925781
-0.988281
-0.988281
-0.988281
0.996063
0.957001
0.972626
0.964813
-0.996094
-0.996094
0.988251
0.988251
-0.996094
-0.972656
-0.949219
-0.964844
-0.972656
-0.972656
-0.980469
-0.996094
-0.980469
-0.972656
-0.957031
-0.996094
-0.988281
-0.996094
-0.980469
-0.972656
-0.972656
-0.957031
-0.980469
-0.996094
-0.949219
-0.949219
-0.980469
0.996063
0.964813
0.964813
0.988251
0.996063
-0.980469
-0.988281
0.980438
0.980438
0.972626
0.988251
-0.996094
-0.988281
-0.972656
-0.972656
-0.972656
-0.949219
-0.972656
-0.980469
-0.972656
-0.988281
-0.988281
-0.988281
-0.988281
-0.996094
-0.980469
-0.980469
-0.988281
0.988251
0.996063
0.996063
0.996063
0.988251
-0.996094
-0.957031
-0.941406
-0.925781
-0.933594
-0.949219
-0.980469
-0.996094
-0.996094
-0.996094
-0.988281
-0.988281
-0.988281
-0.980469
-0.996094
0.996063
-0.980469
-0.972656
-0.996094
-0.996094
-0.988281
-0.980469
-0.972656
0.988251
0.988251
-0.972656
-0.964844
0.980438
0.988251
-0.996094
-0.972656
-0.996094
0.964813
0.941376
0.972626
-0.996094
-0.988281
0.988251
0.972626
0.972626
-0.996094
0.996063
0.972626
0.972626
0.988251
0.933563
0.941376
0.957001
0.964813
0.949188
0.980438
0.941376
0.925751
0.941376
0.933563
0.949188
0.949188
0.925751
0.925751
0.957001
0.917938
0.910126
0.933563
0.925751
0.925751
0.917938
0.957001
0.949188
0.910126
0.957001
0.964813
0.980438
0.996063
0.972626
0.972626
-0.988281
-0.980469
0.996063
-0.972656
-0.949219
-0.980469
-0.996094
0.996063
0.988251
0.972626
0.996063
-0.988281
-0.996094
0.996063
-0.996094
-0.980469
-0.988281
-0.980469
-0.972656
-0.996094
-0.980469
-0.964844
-0.964844
-0.972656
-0.972656
-0.957031
-0.941406
-0.964844
-0.957031
-0.949219
-0.949219
-0.964844
-0.941406
-0.949219
-0.941406
-0.964844
-0.957031
-0.972656
-0.949219
-0.957031
-0.933594
-0.957031
-0.925781
-0.949219
-0.964844
-0.980469
-0.933594
-0.941406
-0.972656
-0.980469
-0.996094
-0.996094
-0.972656
-0.980469
-0.949219
-0.996094
-0.996094
-0.996094
0.925751
0.878876
-0.972656
-0.925781
0.972626
0.988251
-0.957031
-0.972656
-0.980469
0.980438
0.964813
0.980438
0.980438
-0.996094
-0.988281
0.980438
0.925751
0.925751
0.925751
0.949188
0.925751
0.925751
0.894501
0.964813
0.980438
0.949188
0.917938
0.902313
0.925751
0.933563
0.957001
0.941376
0.964813
0.933563
0.949188
0.957001
-0.996094
0.996063
0.910126
0.941376
0.988251
-0.980469
-0.996094
0.988251
0.996063
0.925751
0.957001
-0.996094
-0.988281
0.988251
-0.996094
-0.972656
0.972626
0.910126
-0.949219
-0.785156
0.996063
0.902313
0.917938
-0.902344
-0.792969
-0.917969
0.949188
0.949188
-0.996094
-0.941406
-0.785156
-0.808594
0.925751
0.808563
-0.949219
-0.769531
-0.832031
-0.949219
-0.988281
0.910126
0.917938
-0.871094
-0.777344
-0.941406
-0.996094
-0.886719
-0.957031
0.925751
-0.902344
-0.800781
0.941376
0.902313
-0.738281
-0.730469
0.894501
0.871063
-0.871094
-0.839844
0.957001
-0.988281
-0.964844
0.988251
-0.933594
-0.800781
-0.910156
0.855438
0.824188
0.925751
-0.871094
-0.699219
-0.863281
0.746063
0.613251
-0.957031
-0.550781
-0.863281
0.675751
0.746063
-0.839844
-0.753906
0.933563
0.761688
0.980438
-0.800781
0.996063
0.792938
0.925751
-0.949219
-0.996094
0.957001
0.980438
0.933563
0.808563
0.816376
0.988251
-0.878906
-0.925781
0.855438
0.761688
0.886688
0.988251
-0.980469
-0.980469
0.933563
0.808563
0.878876
-0.941406
-0.980469
0.894501
0.910126
-0.988281
-0.972656
0.996063
0.910126
0.871063
0.917938
-0.988281
-0.957031
0.949188
0.917938
0.964813
-0.988281
-0.996094
0.996063
-0.910156
-0.949219
0.917938
0.917938
-0.941406
-0.894531
0.996063
0.957001
0.988251
-0.964844
-0.964844
-0.988281
-0.980469
-0.972656
-0.988281
-0.925781
-0.957031
-0.980469
-0.941406
-0.863281
-0.902344
0.996063
0.996063
-0.941406
-0.917969
-0.933594
-0.933594
-0.910156
-0.941406
-0.980469
-0.957031
-0.933594
-0.878906
-0.949219
-0.949219
-0.957031
-0.933594
-0.902344
-0.902344
-0.949219
0.972626
-0.980469
-0.839844
-0.832031
-0.925781
-0.996094
-0.988281
-0.980469
-0.980469
-0.933594
-0.902344
-0.886719
-0.980469
0.925751
0.855438
0.933563
-0.957031
-0.871094
-0.894531
0.972626
0.972626
-0.964844
-0.910156
-0.980469
0.972626
-0.980469
-0.964844
-0.941406
-0.925781
-0.910156
-0.957031
0.941376
0.933563
0.957001
0.964813
0.949188
0.972626
0.964813
0.964813
0.917938
0.941376
-0.996094
-0.988281
0.988251
0.933563
0.878876
0.902313
0.933563
-0.996094
0.988251
0.988251
0.980438
-0.996094
0.949188
0.925751
0.972626
0.972626
0.957001
0.964813
0.980438
0.988251
0.988251
0.988251
-0.980469
-0.972656
0.980438
0.949188
0.964813
0.996063
-0.996094
-0.957031
-0.980469
-0.980469
-0.972656
0.988251
-0.988281
-0.949219
-0.925781
-0.957031
-0.972656
-0.980469
-0.972656
-0.917969
-0.949219
-0.933594
-0.957031
-0.964844
-0.957031
-0.917969
-0.917969
-0.941406
-0.925781
-0.941406
-0.957031
-0.949219
-0.964844
-0.933594
-0.941406
-0.917969
-0.910156
-0.957031
-0.957031
-0.964844
-0.988281
-0.980469
-0.941406
-0.957031
-0.949219
-0.957031
-0.941406
-0.941406
-0.902344
-0.964844
-0.964844
-0.933594
-0.949219
-0.949219
-0.964844
-0.957031
0.988251
-0.996094
0.988251
-0.996094
-0.972656
-0.964844
-0.996094
-0.988281
-0.988281
-0.996094
-0.980469
-0.988281
-0.996094
0.996063
0.988251
0.972626
0.988251
0.996063
0.988251
0.980438
0.972626
0.972626
0.996063
0.980438
0.988251
-0.996094
0.996063
0.988251
0.972626
-0.996094
0.980438
0.957001
0.964813
0.988251
-0.980469
0.996063
0.980438
0.957001
0.964813
0.988251
-0.996094
0.988251
0.988251
-0.996094
0.964813
0.964813
0.972626
0.980438
-0.996094
-0.988281
0.988251
0.996063
0.972626
-0.996094
-0.980469
-0.941406
-0.933594
-0.988281
-0.996094
0.980438
-0.996094
-0.972656
-0.941406
-0.957031
-0.980469
-0.980469
-0.980469
-0.941406
-0.933594
-0.941406
-0.957031
-0.980469
-0.996094
-0.964844
-0.957031
-0.957031
-0.933594
-0.933594
-0.941406
-0.941406
-0.941406
-0.941406
-0.925781
-0.949219
-0.957031
-0.972656
-0.964844
-0.980469
-0.964844
-0.933594
-0.972656
-0.988281
-0.957031
-0.964844
-0.988281
-0.980469
-0.925781
-0.941406
-0.972656
-0.980469
-0.996094
-0.964844
-0.941406
-0.941406
-0.957031
-0.964844
-0.972656
-0.996094
-0.980469
-0.980469
0.988251
0.925751
0.910126
-0.980469
-0.910156
-0.957031
-0.988281
-0.949219
-0.996094
0.996063
-0.980469
-0.964844
-0.925781
-0.910156
-0.957031
-0.972656
-0.972656
0.996063
0.996063
-0.996094
0.957001
0.949188
0.957001
0.964813
0.972626
0.957001
0.996063
0.980438
0.964813
0.996063
0.996063
-0.996094
-0.996094
-0.996094
-0.980469
-0.988281
0.988251
-0.972656
-0.996094
-0.996094
-0.996094
-0.980469
-0.996094
0.996063
-0.996094
-0.996094
0.988251
-0.988281
-0.996094
-0.996094
-0.996094
0.964813
-0.972656
-0.941406
-0.910156
-0.941406
-0.972656
-0.957031
0.996063
0.980438
0.988251
-0.964844
-0.972656
-0.949219
-0.964844
-0.957031
-0.964844
-0.949219
-0.964844
-0.980469
0.996063
-0.996094
-0.949219
-0.910156
-0.863281
-0.996094
0.972626
-0.972656
-0.964844
-0.957031
-0.925781
-0.925781
-0.980469
-0.980469
-0.933594
-0.949219
-0.980469
0.980438
-0.996094
-0.972656
-0.964844
-0.980469
-0.964844
-0.941406
-0.964844
-0.972656
-0.957031
-0.996094
-0.972656
-0.972656
-0.933594
-0.957031
-0.972656
-0.980469
-0.988281
-0.957031
-0.941406
-0.964844
-0.972656
-0.988281
-0.972656
-0.972656
-0.996094
0.972626
0.996063
-0.996094
-0.996094
0.988251
0.980438
-0.996094
-0.957031
-0.988281
-0.972656
-0.996094
-0.996094
-0.980469
-0.988281
-0.949219
0.957001
-0.996094
-0.957031
-0.988281
0.988251
-0.964844
-0.949219
-0.996094
-0.980469
-0.949219
-0.949219
-0.988281
0.988251
-0.996094
-0.996094
-0.996094
0.988251
-0.988281
-0.964844
-0.980469
-0.996094
-0.996094
-0.980469
-0.957031
-0.964844
-0.980469
-0.980469
-0.972656
-0.988281
-0.996094
-0.996094
-0.980469
-0.980469
-0.957031
-0.964844
-0.964844
0.964813
-0.941406
-0.972656
-0.980469
-0.957031
-0.957031
0.988251
0.980438
-0.988281
-0.964844
-0.996094
0.972626
-0.988281
-0.980469
-0.980469
-0.941406
-0.988281
-0.996094
-0.996094
-0.996094
-0.996094
-0.980469
-0.964844
-0.964844
-0.972656
-0.925781
-0.957031
-0.988281
-0.988281
-0.957031
-0.925781
-0.902344
-0.949219
-0.941406
-0.949219
-0.988281
-0.988281
-0.988281
-0.980469
-0.980469
-0.972656
-0.949219
-0.980469
0.964813
0.964813
0.996063
-0.957031
-0.972656
-0.972656
-0.988281
0.996063
0.980438
0.941376
0.917938
-0.996094
-0.886719
-0.972656
-0.988281
-0.941406
-0.957031
-0.988281
-0.972656
-0.972656
0.996063
-0.988281
-0.964844
-0.972656
0.996063
0.972626
0.980438
0.980438
0.972626
0.957001
0.980438
0.980438
0.957001
-0.996094
0.996063
-0.996094
-0.988281
-0.980469
-0.957031
-0.988281
-0.980469
-0.980469
-0.972656
-0.972656
-0.980469
0.988251
-0.996094
-0.996094
-0.988281
-0.988281
-0.988281
-0.980469
-0.957031
-0.949219
-0.957031
-0.964844
-0.957031
-0.996094
-0.972656
-0.941406
-0.972656
-0.972656
-0.996094
-0.996094
-0.996094
-0.972656
-0.949219
-0.949219
-0.941406
-0.949219
-0.964844
-0.972656
-0.949219
-0.957031
-0.917969
-0.910156
-0.949219
-0.949219
-0.988281
-0.980469
-0.941406
-0.980469
-0.972656
-0.957031
-0.957031
-0.996094
-0.972656
-0.957031
-0.957031
-0.972656
-0.972656
-0.941406
-0.949219
-0.957031
-0.957031
-0.925781
-0.933594
-0.980469
-0.988281
-0.980469
-0.941406
-0.941406
-0.964844
-0.957031
-0.972656
-0.941406
-0.941406
-0.933594
-0.949219
-0.972656
-0.949219
-0.957031
-0.957031
-0.972656
-0.988281
-0.957031
-0.964844
-0.957031
-0.972656
-0.941406
-0.972656
-0.972656
-0.980469
-0.996094
-0.996094
-0.980469
-0.996094
-0.996094
0.988251
0.996063
0.972626
-0.996094
-0.996094
-0.996094
-0.996094
-0.957031
0.996063
0.964813
0.996063
-0.996094
0.988251
-0.996094
-0.996094
-0.988281
-0.988281
-0.996094
-0.980469
0.988251
-0.988281
0.988251
-0.996094
0.988251
-0.972656
-0.988281
-0.996094
-0.996094
-0.980469
-0.988281
-0.988281
-0.957031
-0.972656
-0.980469
-0.988281
-0.980469
-0.988281
-0.996094
-0.980469
0.996063
0.972626
-0.996094
-0.957031
-0.957031
-0.964844
-0.972656
-0.972656
-0.980469
-0.972656
-0.980469
-0.988281
-0.941406
-0.941406
-0.972656
-0.972656
-0.964844
-0.996094
-0.996094
-0.996094
-0.980469
-0.972656
-0.941406
-0.996094
-0.980469
-0.964844
-0.957031
-0.980469
-0.957031
-0.964844
-0.949219
-0.917969
-0.933594
-0.996094
-0.988281
-0.988281
-0.980469
-0.988281
-0.980469
-0.964844
-0.988281
-0.972656
-0.964844
-0.980469
-0.972656
-0.949219
-0.964844
-0.941406
-0.933594
-0.957031
-0.957031
-0.964844
-0.972656
-0.972656
-0.980469
0.988251
0.957001
0.964813
0.917938
-0.996094
-0.878906
-0.941406
-0.964844
-0.878906
-0.933594
-0.957031
-0.980469
-0.933594
-0.941406
-0.925781
-0.941406
-0.933594
-0.988281
0.988251
0.964813
0.972626
0.980438
0.988251
0.996063
-0.996094
-0.972656
-0.980469
-0.996094
-0.996094
-0.996094
-0.996094
-0.996094
-0.972656
-0.980469
-0.988281
0.996063
0.996063
-0.964844
-0.964844
-0.980469
-0.964844
-0.941406
-0.925781
-0.933594
-0.964844
-0.996094
-0.996094
-0.988281
-0.980469
-0.972656
-0.988281
-0.988281
-0.964844
-0.964844
-0.964844
-0.988281
-0.980469
-0.972656
-0.972656
-0.957031
-0.996094
-0.996094
-0.957031
-0.964844
-0.972656
-0.988281
-0.941406
-0.941406
-0.972656
-0.957031
-0.972656
-0.980469
-0.980469
-0.972656
-0.972656
-0.988281
-0.957031
-0.980469
-0.941406
-0.972656
-0.980469
-0.972656
-0.972656
-0.964844
-0.949219
-0.972656
-0.972656
-0.957031
-0.949219
-0.949219
-0.964844
-0.949219
-0.957031
-0.957031
-0.996094
-0.957031
-0.980469
-0.996094
-0.980469
-0.957031
0.996063
-0.996094
-0.964844
-0.949219
0.996063
-0.980469
-0.972656
-0.964844
-0.980469
-0.988281
-0.957031
-0.941406
-0.964844
-0.988281
-0.988281
-0.988281
0.996063
-0.996094
0.988251
0.988251
0.972626
-0.996094
-0.988281
-0.964844
-0.964844
-0.964844
0.996063
0.996063
0.972626
0.972626
0.980438
-0.996094
-0.996094
-0.980469
-0.996094
-0.996094
0.996063
-0.996094
0.980438
-0.988281
-0.972656
-0.972656
-0.964844
-0.988281
-0.996094
-0.996094
-0.988281
-0.988281
-0.996094
0.996063
-0.996094
0.988251
0.988251
-0.996094
-0.988281
-0.972656
-0.996094
-0.996094
-0.980469
-0.957031
-0.972656
-0.988281
-0.941406
-0.949219
0.972626
0.988251
-0.910156
-0.910156
-0.972656
-0.996094
-0.972656
-0.925781
-0.941406
-0.957031
-0.980469
-0.980469
-0.988281
-0.925781
-0.917969
-0.957031
-0.996094
-0.988281
-0.957031
-0.941406
-0.941406
-0.988281
-0.996094
-0.996094
-0.964844
-0.980469
-0.957031
-0.941406
-0.957031
-0.964844
-0.996094
-0.972656
-0.933594
-0.949219
-0.972656
-0.902344
-0.996094
-0.925781
-0.894531
-0.980469
-0.988281
-0.925781
-0.972656
-0.996094
-0.996094
-0.988281
-0.949219
-0.980469
-0.980469
-0.996094
-0.996094
-0.988281
-0.988281
0.957001
0.886688
0.996063
-0.894531
-0.957031
-0.980469
-0.910156
-0.941406
-0.996094
-0.972656
-0.964844
-0.972656
-0.933594
-0.949219
-0.917969
-0.941406
-0.972656
-0.988281
-0.996094
0.964813
-0.949219
-0.996094
-0.988281
-0.996094
0.996063
0.988251
-0.996094
-0.996094
-0.980469
-0.980469
0.996063
-0.996094
-0.988281
-0.996094
0.988251
0.988251
0.988251
-0.996094
-0.988281
-0.988281
-0.964844
-0.996094
-0.980469
-0.988281
-0.957031
-0.972656
-0.988281
0.996063
-0.964844
-0.957031
-0.957031
-0.972656
-0.972656
-0.964844
-0.957031
-0.972656
-0.957031
-0.980469
-0.972656
-0.988281
0.988251
0.980438
-0.996094
-0.964844
-0.972656
-0.996094
0.988251
-0.996094
-0.957031
-0.886719
-0.871094
-0.886719
-0.972656
0.980438
0.933563
0.941376
0.964813
-0.996094
-0.996094
-0.972656
-0.964844
-0.980469
-0.996094
0.988251
0.980438
-0.980469
-0.988281
-0.792969
-0.847656
-0.933594
0.964813
0.980438
0.996063
-0.964844
-0.925781
-0.964844
0.972626
0.949188
-0.988281
-0.941406
-0.949219
0.988251
0.988251
-0.988281
-0.972656
-0.988281
-0.941406
-0.988281
0.964813
0.964813
0.957001
0.988251
-0.996094
-0.941406
-0.910156
-0.933594
-0.988281
-0.988281
-0.925781
-0.925781
-0.941406
-0.964844
-0.964844
-0.972656
-0.988281
-0.972656
-0.972656
-0.996094
0.980438
0.957001
0.957001
0.988251
-0.996094
0.980438
0.933563
0.957001
0.988251
-0.925781
-0.886719
-0.847656
-0.847656
-0.917969
-0.996094
0.996063
-0.957031
-0.839844
-0.753906
-0.832031
-0.957031
0.957001
0.917938
0.878876
0.847626
0.886688
0.964813
-0.941406
-0.910156
-0.886719
-0.847656
-0.886719
-0.933594
-0.996094
-0.996094
0.941376
0.949188
0.996063
-0.972656
-0.933594
-0.925781
-0.925781
-0.957031
-0.910156
-0.917969
-0.855469
-0.910156
-0.964844
0.988251
0.498286
0.499143
0.500001
