-0.996094
-0.988281
-0.941406
-0.847656
0.277496
-0.99585
-0.99585
-0.99585
-0.99585
-0.99585
-0.99585
-0.99585
0.613495
0.0119324
-0.99585
-0.621155
-0.808838
-0.808838
-0.457214
-0.0271301
-0.99585
-0.316223
-0.105713
-0.808838
-0.808838
-0.16037
-0.964844
0.0663757
-0.105682
-0.808838
-0.808838
-0.543182
-0.605499
-0.214752
-0.0428772
0.519531
-0.0196228
0.378754
-0.660278
-0.425873
0.949097
-0.691559
0.941193
-0.480682
-0.840027
-0.394653
-0.769562
0.925781
0.808594
0.246063
0.808502
0.277222
0.449097
0.714752
0.972595
-0.777374
-0.839905
0.699097
0.105347
0.378784
-0.88681
-0.0586853
0.464752
0.683502
0.527252
0.45694
0.48819
0.574127
0.605377
0.64444
0.86319
-0.621155
0.20697
-0.394562
-0.425781
0.347687
-0.0272522
0.121246
-0.222443
-0.99585
-0.99585
-0.99585
0.44162
-0.925598
0.878998
0.660187
0.808563
-0.371155
-0.746185
-0.207153
-0.543091
0.316284
-0.589935
-0.683655
-0.808624
0.777313
0.0195312
0.933594
-0.675751
-0.933563
-0.214844
-0.160187
-0.10553
0.855377
-0.769592
0.839783
0.636688
-0.394531
-0.714844
0.308563
-0.378937
-0.160187
0.785126
-0.207031
0.128906
-0.378906
0.566376
-0.433624
-0.800812
-0.566437
-0.191437
0.0585632
0.128876
0.0195007
-0.0117493
0.0507507
0.253876
0.496063
0.777313
-0.957031
-0.777344
-0.730469
-0.871094
0.878876
0.542938
0.0898132
-0.480499
-0.988312
0.777283
0.785095
0.886658
0.792908
0.48822
0.14447
-0.13678
-0.113342
0.222595
0.753845
-0.722687
-0.246124
0.253876
0.800751
-0.605469
-0.0273438
0.511719
0.886719
-0.949188
0.988281
0.808594
0.597656
0.355469
0.0976562
-0.207031
-0.488281
-0.714844
-0.863281
-0.933594
-0.871094
-0.730469
-0.480469
-0.121094
0.160156
0.394531
0.449219
0.449219
0.464844
0.464844
0.511719
0.535156
0.535156
0.519531
0.511719
0.605469
0.699219
0.769531
0.761719
0.777344
0.777344
0.714844
0.613281
0.480469
0.300781
0.160156
-0.0117188
-0.121094
-0.113281
-0.0976562
0.0273438
0.207031
0.339844
0.488281
0.621094
0.832031
0.941406
0.980469
0.878906
0.636719
0.339844
0.0429688
-0.238281
-0.378906
-0.449219
-0.503906
-0.488281
-0.472656
-0.488281
-0.550781
-0.644531
-0.730469
-0.824219
-0.933594
0.941376
0.839813
0.753876
0.730438
0.792938
0.925751
-0.855469
-0.667969
-0.542969
-0.542969
-0.574219
-0.675781
-0.777344
-0.933594
0.949188
0.832001
0.714813
0.644501
0.589813
0.582001
0.582001
0.628876
0.660126
0.722626
0.769501
0.808563
0.878876
0.941376
0.957001
0.941376
0.917938
0.878876
0.925751
0.949188
0.964813
0.980438
0.949188
0.972626
-0.996094
-0.980469
-0.878906
-0.800781
-0.769531
-0.761719
-0.808594
-0.855469
-0.832031
-0.824219
-0.792969
-0.769531
-0.699219
-0.597656
-0.503906
-0.410156
-0.308594
-0.230469
-0.285156
-0.105469
0.0820312
0.0664062
0.0351562
0.113281
0.152344
0.0898438
0.0820312
0.0976562
0.0820312
0.128906
0.121094
0.175781
0.144531
0.0820312
0.0273438
0.0351562
0.0429688
0.0585938
0.0742188
0.0742188
0.0351562
0.0273438
0.00390625
-0.0195312
0.0351562
0.0117188
-0.00390625
0.0117188
-0.0195312
-0.0507812
-0.0898438
-0.128906
-0.199219
-0.308594
-0.363281
-0.457031
-0.535156
-0.597656
-0.605469
-0.644531
-0.675781
-0.730469
-0.722656
-0.722656
-0.738281
-0.761719
-0.769531
-0.761719
-0.792969
-0.816406
-0.847656
-0.871094
-0.863281
-0.871094
-0.902344
-0.949219
0.996063
-0.972656
0.996063
0.941376
0.910126
0.878876
0.878876
0.855438
0.878876
0.871063
0.894501
0.871063
0.832001
0.816376
0.808563
0.824188
0.785126
0.785126
0.824188
0.839813
0.847626
0.832001
0.863251
0.847626
0.910126
0.925751
0.910126
0.925751
0.949188
0.957001
0.980438
-0.996094
-0.996094
-0.980469
-0.964844
-0.964844
-0.964844
-0.996094
-0.972656
-0.933594
-0.949219
-0.917969
-0.886719
-0.910156
-0.925781
-0.917969
-0.902344
-0.886719
-0.871094
-0.894531
-0.863281
-0.855469
-0.894531
-0.894531
-0.894531
-0.902344
-0.871094
-0.839844
-0.855469
-0.832031
-0.824219
-0.832031
-0.832031
-0.824219
-0.808594
-0.832031
-0.816406
-0.800781
-0.824219
-0.832031
-0.824219
-0.816406
-0.800781
-0.808594
-0.800781
-0.777344
-0.792969
-0.808594
-0.832031
-0.832031
-0.839844
-0.816406
-0.800781
-0.792969
-0.769531
-0.777344
-0.785156
-0.800781
-0.832031
-0.824219
-0.855469
-0.886719
-0.878906
-0.886719
-0.886719
-0.902344
-0.933594
-0.933594
-0.917969
-0.894531
-0.933594
-0.871094
-0.878906
-0.878906
-0.855469
-0.855469
-0.886719
-0.863281
-0.863281
-0.847656
-0.863281
-0.824219
-0.871094
-0.847656
-0.839844
-0.832031
-0.878906
-0.871094
-0.871094
-0.871094
-0.878906
-0.902344
-0.917969
-0.917969
-0.933594
-0.933594
-0.917969
-0.910156
-0.886719
-0.886719
-0.902344
-0.902344
-0.917969
-0.917969
-0.949219
-0.902344
-0.902344
-0.949219
-0.957031
-0.941406
-0.957031
-0.964844
-0.933594
-0.917969
-0.925781
-0.949219
-0.941406
-0.941406
-0.964844
-0.917969
-0.910156
-0.949219
-0.925781
-0.957031
-0.941406
-0.957031
-0.996094
0.917938
0.972626
-0.886719
-0.886719
-0.964844
-0.902344
-0.863281
-0.925781
-0.917969
-0.886719
-0.894531
-0.886719
-0.917969
-0.917969
-0.964844
-0.996094
0.949188
0.949188
0.957001
0.949188
0.949188
0.972626
0.972626
0.949188
0.949188
0.941376
0.980438
0.980438
0.964813
0.957001
0.925751
0.902313
0.957001
0.964813
0.957001
0.941376
0.941376
-0.996094
0.957001
0.957001
0.949188
0.949188
0.988251
0.980438
0.980438
0.996063
0.980438
0.980438
0.964813
0.972626
0.941376
0.949188
0.957001
0.949188
0.996063
0.980438
0.972626
0.957001
0.972626
0.988251
0.941376
0.957001
0.964813
0.933563
0.941376
0.925751
0.917938
0.933563
0.964813
0.933563
0.941376
0.925751
0.925751
0.964813
0.957001
0.972626
0.957001
0.972626
0.957001
0.964813
0.957001
0.964813
0.964813
0.949188
0.964813
0.972626
0.964813
0.980438
-0.988281
-0.996094
0.988251
0.988251
-0.996094
-0.988281
-0.996094
-0.996094
-0.972656
0.972626
-0.910156
-0.972656
-0.996094
-0.996094
-0.996094
-0.996094
0.957001
0.980438
0.980438
0.980438
0.988251
-0.996094
0.996063
0.972626
0.980438
0.988251
-0.980469
0.988251
0.996063
-0.988281
-0.972656
-0.941406
-0.988281
-0.949219
-0.941406
-0.957031
-0.964844
-0.949219
-0.957031
-0.988281
-0.980469
-0.964844
-0.996094
-0.949219
-0.988281
0.964813
-0.902344
-0.933594
-0.988281
-0.957031
-0.972656
-0.957031
-0.964844
-0.957031
-0.980469
-0.996094
-0.957031
-0.996094
-0.988281
-0.957031
-0.980469
-0.957031
-0.980469
-0.941406
-0.949219
-0.996094
-0.980469
-0.996094
0.980438
-0.980469
-0.980469
-0.996094
-0.988281
-0.988281
-0.972656
0.988251
-0.964844
-0.957031
-0.957031
-0.972656
-0.964844
-0.972656
0.996063
-0.988281
0.996063
0.996063
0.980438
0.980438
0.988251
0.980438
-0.996094
-0.996094
-0.996094
0.996063
-0.988281
-0.964844
0.996063
0.988251
-0.996094
0.996063
0.964813
0.996063
-0.988281
0.980438
-0.996094
-0.996094
-0.996094
0.980438
0.941376
0.902313
-0.886719
0.972626
0.933563
-0.988281
-0.972656
0.996063
-0.996094
-0.996094
0.957001
0.972626
0.980438
0.972626
0.972626
0.980438
0.972626
0.949188
0.917938
0.855438
0.964813
-0.957031
0.972626
0.925751
-0.910156
-0.996094
0.972626
0.980438
0.972626
0.972626
-0.996094
-0.996094
-0.996094
0.941376
0.902313
0.902313
0.972626
0.957001
0.917938
0.925751
0.957001
0.949188
0.949188
0.988251
0.980438
0.933563
0.941376
0.964813
0.988251
-0.996094
-0.996094
0.910126
0.941376
-0.980469
-0.988281
0.878876
0.996063
-0.824219
-0.824219
-0.972656
0.902313
0.917938
0.996063
0.949188
0.839813
-0.996094
-0.667969
-0.800781
0.785126
0.636688
0.832001
-0.902344
-0.722656
-0.761719
0.902313
0.714813
0.964813
-0.832031
-0.949219
0.925751
-0.878906
-0.824219
0.847626
0.675751
-0.878906
-0.621094
-0.988281
0.628876
0.964813
-0.605469
-0.722656
0.839813
0.691376
0.917938
-0.839844
-0.753906
-0.777344
-0.941406
0.800751
0.722626
0.855438
-0.933594
-0.792969
-0.691406
-0.761719
0.855438
0.402313
0.714813
-0.574219
-0.457031
-0.964844
0.738251
0.730438
0.917938
-0.855469
-0.785156
-0.980469
0.777313
0.824188
-0.902344
-0.761719
-0.988281
0.699188
0.808563
-0.917969
-0.886719
0.957001
0.941376
-0.996094
0.957001
0.957001
-0.902344
0.988251
0.707001
0.941376
-0.605469
-0.738281
0.660126
0.558563
-0.964844
-0.714844
-0.957031
0.957001
-0.980469
0.886688
0.800751
0.933563
-0.941406
-0.792969
-0.816406
0.902313
0.792938
0.871063
0.925751
-0.941406
-0.730469
-0.785156
-0.996094
0.800751
0.699188
0.925751
-0.605469
-0.433594
-0.972656
0.488251
0.691376
-0.832031
-0.714844
-0.894531
0.910126
0.847626
-0.832031
-0.683594
0.972626
0.714813
0.996063
-0.621094
-0.707031
-0.964844
0.933563
0.839813
0.839813
-0.714844
-0.410156
-0.980469
0.394501
0.808563
-0.339844
-0.535156
0.636688
0.675751
-0.636719
-0.589844
0.894501
0.691376
0.917938
-0.878906
-0.792969
-0.769531
-0.910156
0.707001
0.589813
-0.996094
-0.480469
-0.621094
0.785126
0.488251
0.863251
-0.613281
-0.652344
0.964813
0.667938
0.761688
-0.855469
-0.824219
0.824188
0.839813
-0.847656
-0.894531
0.878876
0.917938
-0.980469
0.941376
0.941376
-0.871094
-0.996094
0.785126
0.847626
-0.886719
-0.902344
0.839813
0.824188
0.949188
0.902313
0.800751
-0.949219
-0.792969
0.847626
0.574188
0.917938
-0.550781
-0.675781
0.667938
0.269501
0.792938
-0.316406
-0.238281
0.855438
-0.0117493
0.347626
-0.480469
-0.261719
0.769501
0.355438
0.871063
-0.957031
0.792938
0.917938
-0.769531
-0.910156
0.792938
0.855438
0.972626
0.878876
0.925751
-0.847656
-0.777344
0.949188
0.652313
0.746063
-0.847656
-0.566406
-0.816406
0.761688
0.652313
0.957001
-0.746094
-0.683594
-0.980469
0.730438
0.816376
-0.863281
-0.738281
-0.847656
0.886688
0.746063
0.917938
-0.792969
-0.699219
-0.878906
0.878876
0.777313
-0.949219
-0.769531
-0.816406
-0.941406
0.980438
0.972626
-0.996094
-0.917969
-0.832031
-0.816406
-0.863281
0.996063
0.886688
-0.988281
-0.769531
-0.847656
-0.980469
-0.910156
-0.808594
0.988251
0.792938
0.996063
-0.605469
-0.636719
0.871063
0.707001
-0.980469
-0.683594
-0.769531
-0.980469
0.941376
0.933563
-0.980469
-0.808594
-0.746094
0.980438
0.847626
-0.886719
-0.699219
0.941376
0.660126
0.957001
-0.613281
-0.785156
0.714813
0.707001
-0.957031
-0.746094
-0.894531
0.878876
0.855438
0.996063
-0.902344
-0.980469
0.886688
0.894501
0.996063
-0.917969
-0.980469
0.894501
0.894501
-0.964844
-0.925781
0.988251
-0.972656
0.988251
0.769501
0.761688
-0.941406
-0.800781
-0.988281
0.808563
0.730438
0.925751
-0.871094
-0.902344
0.886688
0.839813
-0.988281
-0.878906
0.910126
0.792938
-0.980469
-0.847656
0.871063
0.589813
0.980438
-0.417969
-0.613281
0.707001
0.472626
0.769501
-0.777344
-0.613281
-0.902344
0.847626
0.933563
0.988251
-0.894531
-0.871094
0.832001
0.746063
-0.582031
-0.402344
0.785126
0.386688
-0.871094
-0.347656
-0.832031
0.597626
0.941376
-0.574219
-0.660156
0.707001
0.644501
-0.707031
-0.441406
-0.996094
0.667938
0.980438
-0.824219
-0.980469
0.980438
-0.792969
-0.824219
0.894501
0.824188
-0.933594
-0.753906
-0.980469
0.792938
-0.957031
-0.691406
0.988251
0.785126
0.972626
-0.878906
-0.855469
-0.785156
0.957001
0.675751
0.894501
-0.699219
-0.769531
0.878876
0.769501
0.839813
0.996063
-0.675781
-0.832031
0.808563
0.675751
-0.988281
-0.605469
-0.863281
0.636688
0.589813
0.941376
-0.792969
-0.824219
0.980438
0.824188
0.824188
0.964813
-0.871094
-0.761719
-0.871094
0.800751
0.683563
-0.894531
-0.566406
-0.863281
0.660126
0.691376
-0.980469
0.996063
0.847626
-0.941406
-0.707031
0.980438
0.613251
0.792938
-0.855469
0.980438
-0.488281
-0.957031
-0.902344
-0.550781
-0.425781
-0.636719
-0.707031
-0.839844
0.816376
0.558563
0.894501
-0.542969
-0.628906
0.847626
0.667938
0.996063
-0.667969
-0.722656
0.917938
0.808563
0.996063
-0.886719
0.996063
0.910126
0.996063
-0.910156
-0.878906
0.957001
0.886688
-0.871094
-0.769531
-0.996094
0.816376
0.941376
-0.863281
-0.800781
-0.910156
0.972626
0.910126
0.941376
-0.988281
-0.863281
-0.972656
0.925751
-0.964844
-0.949219
0.792938
0.824188
-0.777344
-0.660156
0.894501
0.589813
0.894501
-0.644531
-0.785156
0.621063
0.613251
-0.582031
-0.347656
0.808563
0.207001
0.714813
-0.488281
-0.605469
0.972626
0.847626
0.917938
0.972626
0.917938
0.808563
0.980438
-0.527344
-0.683594
0.652313
0.527313
0.878876
-0.824219
-0.613281
-0.839844
0.464813
0.464813
-0.597656
-0.363281
0.769501
0.316376
0.902313
-0.496094
-0.839844
0.566376
0.902313
-0.707031
0.886688
0.683563
-0.792969
-0.707031
0.722626
0.558563
-0.746094
-0.503906
0.792938
0.386688
0.925751
-0.683594
0.996063
-0.949219
-0.480469
-0.894531
0.0663757
0.175751
-0.457031
0.0507812
-0.878906
0.496063
0.785126
-0.972656
0.878876
0.949188
-0.699219
-0.566406
-0.972656
0.527313
0.550751
-0.886719
-0.441406
-0.628906
0.902313
0.699188
0.886688
-0.996094
-0.996094
-0.800781
-0.691406
-0.917969
0.964813
-0.949219
0.886688
0.707001
0.980438
-0.410156
-0.300781
0.769501
0.0351257
0.855438
-0.191406
-0.550781
0.621063
0.777313
-0.667969
-0.738281
0.691376
0.707001
-0.800781
-0.566406
-0.683594
0.878876
0.511688
0.792938
-0.566406
-0.394531
-0.933594
0.503876
0.550751
-0.894531
-0.582031
-0.738281
-0.925781
0.832001
0.707001
0.988251
-0.730469
-0.855469
-0.996094
-0.957031
-0.988281
0.910126
0.878876
0.972626
-0.886719
-0.722656
-0.785156
0.996063
0.730438
0.613251
0.996063
-0.386719
-0.457031
0.714813
0.238251
0.675751
-0.605469
-0.449219
-0.878906
0.550751
0.621063
-0.878906
-0.660156
-0.691406
-0.917969
0.699188
0.457001
-0.722656
-0.152344
-0.957031
0.253876
0.589813
-0.527344
-0.394531
0.777313
0.347626
0.824188
-0.722656
-0.839844
-0.964844
-0.980469
0.902313
0.777313
0.871063
-0.902344
-0.808594
-0.722656
-0.613281
0.667938
0.136688
0.847626
0.253906
-0.121094
0.121063
-0.136749
-0.800781
-0.0507812
-0.550781
0.855438
0.683563
0.652313
0.847626
-0.636719
-0.433594
-0.917969
0.699188
0.832001
-0.832031
-0.714844
0.949188
0.761688
-0.769531
-0.496094
-0.925781
0.527313
0.707001
-0.550781
-0.261719
-0.964844
0.292938
0.597626
-0.378906
-0.0351562
0.917938
-0.0429993
0.535126
-0.136719
-0.0742188
-0.988281
0.660126
0.777313
0.660126
0.855438
-0.316406
-0.292969
0.800751
0.472626
0.886688
-0.746094
-0.621094
-0.957031
0.480438
0.894501
-0.316406
-0.683594
0.527313
0.738251
-0.808594
-0.933594
0.910126
-0.980469
-0.785156
0.980438
0.652313
0.800751
-0.574219
-0.550781
0.769501
0.371063
0.847626
-0.433594
-0.386719
0.816376
0.128876
0.503876
-0.300781
-0.0117188
0.925751
0.0976257
0.582001
-0.464844
-0.488281
0.808563
0.636688
0.996063
-0.832031
0.988251
0.894501
0.941376
0.917938
-0.964844
-0.667969
-0.847656
0.636688
0.652313
-0.925781
-0.800781
-0.871094
0.996063
0.878876
0.863251
-0.972656
-0.949219
0.980438
-0.894531
-0.863281
0.910126
0.777313
0.941376
-0.824219
-0.839844
0.988251
-0.964844
-0.878906
0.839813
0.816376
-0.699219
-0.667969
0.894501
0.808563
-0.996094
-0.980469
-0.753906
-0.535156
-0.941406
0.457001
0.589813
-0.660156
-0.105469
-0.675781
0.410126
0.527313
-0.535156
-0.496094
0.878876
0.785126
0.972626
-0.957031
-0.574219
-0.628906
0.730438
0.652313
-0.839844
-0.683594
-0.792969
-0.917969
0.871063
0.761688
-0.847656
-0.441406
-0.785156
0.597626
0.675751
-0.753906
-0.527344
-0.816406
0.886688
0.824188
0.910126
-0.988281
-0.824219
-0.800781
-0.917969
0.964813
0.910126
0.957001
-0.980469
-0.871094
-0.886719
0.996063
0.957001
0.996063
0.964813
0.988251
-0.910156
-0.839844
0.988251
0.785126
0.808563
-0.988281
-0.863281
-0.917969
0.933563
0.824188
0.863251
-0.871094
-0.746094
-0.988281
0.761688
0.808563
-0.902344
-0.753906
-0.964844
0.839813
0.941376
-0.910156
-0.972656
0.863251
0.917938
-0.964844
-0.957031
0.902313
0.902313
-0.980469
-0.996094
0.980438
0.941376
-0.910156
-0.964844
0.878876
0.886688
-0.949219
-0.839844
-0.949219
0.902313
0.933563
-0.910156
-0.894531
-0.980469
0.996063
0.980438
0.964813
0.988251
-0.894531
-0.847656
0.941376
0.847626
-0.917969
-0.675781
-0.871094
0.761688
0.902313
-0.730469
-0.871094
0.691376
0.777313
-0.605469
-0.527344
0.894501
0.707001
-0.957031
-0.691406
0.894501
0.910126
-0.707031
-0.582031
-0.941406
0.722626
0.761688
-0.996094
-0.667969
-0.558594
-0.902344
0.722626
0.878876
-0.886719
-0.988281
-0.925781
-0.714844
-0.746094
0.933563
0.769501
0.894501
-0.902344
-0.769531
-0.792969
-0.957031
0.902313
0.832001
0.871063
-0.878906
-0.738281
-0.933594
0.824188
0.949188
-0.863281
-0.886719
0.980438
0.925751
0.933563
-0.902344
-0.746094
-0.996094
0.667938
0.832001
-0.738281
-0.808594
0.917938
0.972626
-0.910156
0.957001
0.847626
0.933563
-0.941406
-0.925781
-0.886719
-0.988281
0.847626
0.878876
-0.933594
-0.871094
-0.925781
-0.996094
0.917938
0.902313
0.957001
-0.964844
-0.957031
-0.988281
-0.933594
-0.925781
0.933563
0.871063
0.957001
-0.902344
-0.894531
-0.980469
0.980438
0.933563
0.886688
0.996063
-0.839844
-0.871094
-0.949219
-0.996094
0.972626
0.894501
-0.996094
-0.824219
-0.808594
-0.988281
0.925751
-0.988281
-0.933594
-0.949219
-0.917969
-0.878906
-0.878906
0.988251
0.949188
-0.878906
-0.753906
-0.917969
0.902313
0.988251
-0.824219
-0.761719
-0.902344
0.878876
0.847626
-0.902344
-0.660156
-0.824219
0.855438
0.871063
-0.847656
-0.769531
-0.957031
0.949188
-0.933594
-0.824219
-0.863281
-0.988281
0.917938
-0.996094
-0.824219
-0.878906
-0.972656
-0.917969
-0.917969
0.910126
0.917938
-0.925781
-0.925781
-0.957031
-0.925781
-0.996094
0.917938
-0.949219
-0.957031
0.917938
0.964813
-0.824219
-0.878906
0.964813
0.863251
0.894501
-0.941406
-0.925781
0.957001
0.933563
0.996063
0.941376
0.949188
0.996063
0.847626
0.863251
-0.988281
-0.910156
-0.941406
-0.949219
0.964813
0.878876
-0.957031
-0.871094
0.964813
0.910126
-0.902344
-0.832031
-0.941406
0.980438
0.847626
0.816376
0.910126
-0.964844
-0.925781
0.964813
0.902313
0.917938
0.941376
0.972626
0.972626
-0.972656
-0.925781
-0.957031
0.980438
0.925751
0.957001
-0.957031
-0.902344
-0.949219
-0.996094
0.988251
-0.996094
0.980438
0.941376
-0.917969
-0.894531
-0.964844
0.988251
-0.941406
-0.839844
-0.925781
0.925751
0.941376
-0.917969
-0.808594
-0.761719
-0.917969
0.792938
0.847626
-0.722656
-0.550781
-0.925781
0.785126
0.894501
-0.902344
-0.910156
-0.816406
-0.667969
-0.707031
0.980438
0.699188
0.761688
-0.980469
-0.707031
-0.589844
-0.597656
-0.808594
0.855438
0.675751
0.730438
0.886688
-0.878906
-0.683594
0.980438
0.199188
-0.105499
0.636688
-0.152344
0.683594
0.699219
0.558594
0.199219
0.0663757
0.441315
0.597565
0.621094
-0.136658
0.00390625
-0.878906
0.0352173
0.792969
0.706879
0.347534
0.753967
-0.597473
-0.316345
0.785065
-0.972748
-0.10553
-0.285156
-0.503876
0.722656
0.980438
-0.519562
-0.957062
0.191376
-0.316406
0.144531
-0.707031
0.332001
0.472626
-0.683594
-0.777344
-0.0820618
-0.519562
0.902313
0.230469
-0.253906
0.652313
0.175751
0.222626
0.675751
-0.707031
-0.707031
0.714813
0.441376
0.878876
-0.535156
-0.441406
-0.964844
0.441376
0.199188
0.449188
0.902313
-0.605469
-0.261719
-0.292969
-0.496094
-0.832031
0.269501
0.76947
0.597595
-0.0429688
0.425873
0.0665283
0.566315
-0.6604
0.910004
0.41037
-0.99585
0.277344
-0.808838
0.253693
-0.152161
-0.99585
0.886871
-0.402466
0.0974121
-0.0197144
-0.261719
0.269684
-0.745941
0.285156
0.0897217
0.925629
-0.0742798
0.464905
0.378967
0.472565
-0.394653
-0.652344
0.113342
0.542938
0.55069
0.472595
0.324188
-0.675781
-0.199219
-0.675812
0.95694
-0.988312
0.324219
0.394531
-0.0586243
0.0507202
-0.667999
-0.785126
0.00393677
0.910095
-0.808685
0.886658
0.425812
0.183624
0.246063
-0.0117798
0.347595
0.308563
-0.0429688
-0.800781
-0.410187
0.0351257
-0.0664062
-0.574219
0.222595
-0.316467
-0.996063
-0.89444
-0.105469
0.722534
0.605377
0.347687
-0.61319
0.558594
-0.363342
0.777252
-0.886749
0.300781
-0.644501
-0.519531
-0.816437
0.886658
0.605438
0.722656
0.542969
-0.714874
-0.878967
0.457001
0.183655
-0.45697
-0.0820923
0.597534
-0.769562
-0.48822
-0.355408
-0.558594
0.17572
-0.160217
-0.0742493
-0.160156
-0.0898438
-0.714844
-0.855469
-0.894531
0.707001
-0.160187
-0.855499
0.355438
-0.347626
0.527374
0.753876
0.589752
-0.121155
0.855469
0.832062
0.371094
-0.628937
0.636658
-0.0117493
-0.386719
0.498286
0.499143
0.500001
