-0.949219
-0.933594
-0.988281
-0.988281
-0.722565
0.543182
-0.99585
-0.99585
-0.99585
-0.99585
-0.99585
-0.99585
-0.99585
0.902557
-0.99585
0.589905
-0.808838
-0.808838
-0.808838
-0.527252
-0.99585
-0.99585
0.175629
-0.808838
-0.808838
-0.183838
0.207001
-0.417908
-0.996216
-0.808838
-0.808838
-0.7229
0.949066
-0.699188
0.496155
-0.949188
-0.91803
-0.785278
-0.441528
0.0194397
0.152252
0.605316
-0.254089
-0.0900574
0.472443
0.269379
-0.175842
0.425781
0.902344
0.285126
0.589752
-0.230591
-0.00402832
-0.269623
0.410095
-0.199249
0.496033
-0.378998
0.175659
0.410034
-0.941498
-0.0899353
0.636627
0.73819
0.433502
0.316315
0.33194
0.355377
0.386627
0.402252
0.61319
-0.98053
-0.183655
-0.964874
0.714813
0.683594
-0.449158
-0.339722
0.0431519
0.965057
-0.99585
-0.99585
-0.99585
0.793152
0.839966
0.63678
0.488281
-0.964874
0.48819
0.995972
0.456909
0.777222
-0.0586853
-0.277405
-0.332062
-0.933594
-0.0742188
0.480469
0.769531
0.730469
0.113281
0.480438
0.191345
0.417877
0.261627
-0.152405
0.0351257
-0.714844
-0.902344
0.0898132
-0.753937
-0.347687
0.855438
-0.269531
-0.0664062
-0.214844
-0.785156
0.113251
-0.941437
0.566345
0.70697
-0.863312
-0.253937
-0.199249
-0.707062
-0.472687
0.449188
0.222626
-0.542999
0.113251
-0.660156
-0.324219
-0.792969
0.378876
-0.0976868
0.347626
0.628876
-0.269562
0.64447
0.67572
-0.792999
-0.957062
0.316345
-0.10553
0.17572
0.410095
0.136658
-0.214905
0.253845
-0.621124
0.207001
0.566376
0.941376
-0.707031
-0.386719
-0.00390625
0.542969
-0.941376
-0.652313
0.996094
0.339844
-0.00390625
-0.0664062
0.0976562
0.253906
0.308594
0.0273438
-0.566406
-0.941406
-0.574219
0.0820312
0.519531
0.683594
0.746094
0.652344
0.449219
0.371094
0.667969
-0.871063
-0.824188
0.816406
0.488281
0.457031
0.816406
-0.582001
-0.457001
-0.964813
0.613281
0.714844
0.753906
0.457031
0.167969
0.152344
0.0351562
-0.277344
-0.394531
-0.0664062
0.542969
0.332031
0.0898438
0.0820312
0.308594
0.519531
0.894531
-0.964813
0.550781
-0.285156
-0.761719
-0.589844
-0.207031
-0.0898438
-0.292969
-0.464844
-0.480469
-0.402344
-0.253906
-0.238281
-0.378906
-0.699219
-0.996094
0.824188
0.628876
0.394501
0.433563
0.667938
0.792938
0.652313
0.628876
0.933563
-0.542969
-0.238281
-0.449219
-0.949219
0.738251
0.746063
0.957001
-0.863281
-0.964844
0.808563
0.652313
0.652313
0.722626
0.933563
-0.886719
0.964813
0.589813
0.386688
0.683563
-0.886719
-0.753906
-0.910156
0.902313
0.863251
0.925751
-0.941406
-0.714844
-0.574219
-0.753906
0.941376
0.902313
-0.792969
-0.480469
-0.410156
-0.582031
-0.855469
-0.878906
-0.761719
-0.542969
-0.222656
-0.0820312
-0.246094
-0.355469
-0.425781
-0.402344
-0.136719
0.167969
0.222656
0.0820312
-0.0117188
0.00390625
0.0742188
0.0429688
0.0117188
0.0742188
0.152344
0.136719
0.121094
0.121094
0.0898438
0.105469
0.152344
0.191406
0.144531
0.0273438
-0.0742188
-0.0742188
-0.0273438
-0.0585938
-0.152344
-0.238281
-0.207031
-0.105469
-0.0820312
-0.183594
-0.277344
-0.230469
-0.136719
-0.0820312
-0.214844
-0.332031
-0.402344
-0.378906
-0.339844
-0.332031
-0.441406
-0.605469
-0.738281
-0.722656
-0.660156
-0.628906
-0.667969
-0.785156
-0.863281
-0.863281
-0.847656
-0.832031
-0.855469
-0.894531
-0.917969
-0.972656
0.988251
0.988251
0.988251
0.980438
0.886688
0.894501
0.941376
0.941376
0.878876
0.839813
0.839813
0.792938
0.824188
0.855438
0.894501
0.910126
0.925751
0.894501
0.871063
0.886688
0.933563
0.957001
0.886688
0.816376
0.832001
0.839813
0.855438
0.917938
0.964813
0.964813
0.910126
0.910126
0.972626
-0.925781
-0.847656
-0.878906
-0.933594
-0.878906
-0.839844
-0.871094
-0.894531
-0.886719
-0.886719
-0.839844
-0.847656
-0.878906
-0.917969
-0.941406
-0.941406
-0.871094
-0.832031
-0.847656
-0.878906
-0.878906
-0.863281
-0.832031
-0.808594
-0.808594
-0.824219
-0.800781
-0.824219
-0.839844
-0.800781
-0.800781
-0.792969
-0.816406
-0.792969
-0.738281
-0.667969
-0.699219
-0.722656
-0.746094
-0.753906
-0.738281
-0.730469
-0.722656
-0.769531
-0.800781
-0.839844
-0.910156
-0.878906
-0.855469
-0.824219
-0.777344
-0.777344
-0.839844
-0.855469
-0.808594
-0.816406
-0.816406
-0.800781
-0.832031
-0.816406
-0.855469
-0.917969
-0.949219
-0.894531
-0.886719
-0.886719
-0.957031
0.988251
0.964813
-0.996094
-0.925781
-0.910156
-0.925781
-0.933594
-0.910156
-0.886719
-0.863281
-0.832031
-0.800781
-0.800781
-0.808594
-0.816406
-0.847656
-0.863281
-0.847656
-0.824219
-0.839844
-0.863281
-0.902344
-0.894531
-0.878906
-0.824219
-0.808594
-0.800781
-0.816406
-0.847656
-0.886719
-0.925781
-0.878906
-0.847656
-0.863281
-0.902344
-0.910156
-0.902344
-0.902344
-0.785156
-0.816406
-0.886719
-0.886719
-0.910156
-0.910156
-0.941406
-0.910156
-0.894531
-0.925781
-0.996094
0.886688
0.957001
-0.785156
-0.785156
-0.917969
-0.886719
-0.878906
-0.871094
-0.894531
-0.847656
-0.839844
-0.941406
-0.894531
-0.863281
-0.925781
-0.933594
-0.925781
-0.949219
-0.996094
-0.996094
-0.988281
0.980438
0.941376
0.941376
0.972626
0.972626
0.941376
0.917938
0.964813
0.933563
0.941376
0.917938
0.910126
0.902313
0.917938
0.941376
0.957001
0.917938
0.917938
0.917938
0.925751
0.910126
0.902313
0.925751
0.949188
0.949188
0.894501
0.894501
0.902313
0.902313
0.925751
0.988251
0.980438
0.941376
0.902313
0.917938
0.917938
0.957001
0.964813
0.957001
0.941376
0.933563
0.972626
0.972626
0.925751
0.941376
0.957001
0.941376
0.949188
0.957001
0.964813
0.925751
0.917938
0.910126
0.933563
0.925751
0.949188
0.964813
-0.996094
0.996063
0.988251
-0.996094
0.972626
0.972626
0.972626
-0.980469
-0.964844
-0.980469
-0.996094
-0.949219
-0.941406
-0.949219
-0.949219
-0.957031
-0.949219
-0.964844
-0.910156
-0.910156
-0.949219
-0.964844
-0.949219
-0.972656
-0.925781
-0.917969
-0.917969
-0.917969
-0.917969
-0.949219
-0.972656
-0.964844
-0.957031
-0.949219
-0.957031
-0.941406
-0.925781
-0.925781
-0.988281
-0.949219
-0.957031
-0.964844
-0.980469
-0.964844
-0.957031
-0.964844
-0.972656
-0.933594
-0.949219
-0.964844
-0.996094
-0.972656
-0.957031
-0.972656
-0.964844
-0.988281
-0.996094
-0.988281
-0.972656
-0.957031
-0.957031
-0.957031
-0.964844
-0.980469
-0.988281
-0.988281
0.980438
0.996063
-0.996094
0.988251
-0.980469
0.996063
-0.996094
0.988251
-0.996094
-0.996094
-0.988281
-0.996094
0.957001
0.972626
0.933563
0.988251
0.957001
0.957001
0.949188
0.988251
0.964813
0.902313
0.949188
-0.917969
-0.863281
-0.972656
0.902313
0.902313
-0.964844
-0.933594
-0.957031
0.980438
0.957001
0.964813
-0.980469
-0.964844
-0.964844
-0.972656
-0.996094
0.980438
0.980438
-0.980469
-0.964844
-0.957031
-0.996094
0.972626
-0.917969
0.996063
-0.980469
-0.957031
-0.964844
0.980438
-0.996094
-0.980469
-0.996094
-0.980469
-0.941406
-0.980469
-0.996094
-0.996094
-0.980469
-0.925781
-0.957031
-0.996094
0.957001
0.957001
-0.980469
-0.949219
-0.972656
0.933563
0.785126
0.800751
-0.996094
-0.863281
-0.957031
-0.949219
-0.902344
-0.949219
-0.996094
0.996063
-0.988281
-0.980469
-0.925781
0.980438
0.972626
-0.933594
0.925751
0.886688
0.917938
0.917938
0.894501
0.925751
0.878876
0.871063
0.910126
0.917938
0.917938
0.917938
0.902313
0.917938
0.902313
0.957001
0.964813
0.964813
0.957001
0.972626
0.980438
0.964813
0.949188
0.957001
0.957001
0.949188
0.964813
0.964813
0.949188
0.964813
0.988251
0.972626
-0.996094
-0.957031
-0.964844
-0.988281
-0.988281
-0.996094
0.996063
-0.996094
-0.996094
-0.964844
-0.988281
-0.996094
-0.996094
-0.996094
-0.980469
-0.949219
-0.941406
-0.972656
-0.933594
-0.917969
-0.949219
-0.972656
-0.972656
-0.988281
-0.949219
-0.957031
-0.941406
-0.988281
-0.941406
-0.972656
-0.933594
-0.957031
-0.972656
-0.972656
-0.980469
-0.957031
-0.957031
-0.949219
-0.933594
-0.972656
-0.988281
-0.957031
-0.972656
-0.972656
-0.941406
-0.957031
-0.957031
-0.957031
-0.957031
-0.980469
-0.988281
-0.996094
-0.996094
-0.980469
-0.980469
-0.980469
-0.996094
0.972626
0.996063
-0.988281
-0.996094
0.988251
0.980438
-0.988281
-0.996094
0.980438
0.980438
0.980438
0.980438
0.980438
0.964813
0.957001
0.972626
0.980438
0.996063
0.957001
0.964813
0.972626
0.941376
0.988251
0.972626
0.988251
0.972626
0.996063
0.972626
-0.996094
-0.996094
0.996063
0.972626
0.972626
0.996063
-0.980469
0.988251
0.988251
0.980438
0.964813
0.988251
0.996063
0.988251
0.996063
0.980438
0.996063
-0.996094
-0.988281
0.988251
-0.996094
-0.988281
-0.988281
0.988251
0.996063
-0.972656
-0.949219
-0.941406
-0.964844
-0.996094
-0.980469
-0.964844
-0.964844
-0.949219
-0.988281
0.996063
-0.964844
-0.972656
-0.941406
-0.941406
-0.957031
-0.996094
-0.980469
-0.972656
-0.964844
-0.964844
-0.988281
-0.996094
-0.980469
-0.941406
-0.933594
-0.910156
-0.964844
-0.980469
-0.964844
-0.996094
-0.996094
-0.980469
0.996063
-0.996094
-0.980469
-0.988281
0.980438
-0.980469
-0.996094
-0.988281
-0.996094
-0.949219
-0.980469
-0.988281
-0.996094
-0.996094
-0.957031
-0.988281
0.996063
-0.996094
-0.988281
0.996063
0.988251
-0.996094
-0.996094
0.949188
0.863251
0.839813
-0.996094
-0.878906
-0.949219
-0.949219
-0.894531
-0.941406
0.964813
0.949188
0.964813
-0.957031
-0.917969
-0.980469
-0.933594
-0.917969
0.863251
0.699188
0.902313
-0.808594
-0.871094
0.816376
0.714813
0.988251
-0.777344
0.949188
0.605438
0.925751
-0.621094
-0.769531
0.855438
0.667938
0.535126
0.824188
-0.371094
-0.371094
0.535126
0.144501
0.933563
-0.371094
-0.753906
0.644501
0.847626
-0.660156
-0.941406
0.417938
0.683563
-0.496094
-0.472656
0.816376
0.480438
0.902313
-0.730469
-0.886719
0.988251
-0.941406
0.996063
0.894501
0.980438
-0.933594
-0.941406
-0.964844
-0.957031
-0.886719
-0.871094
0.863251
0.683563
-0.988281
-0.589844
-0.550781
-0.753906
0.769501
0.347626
0.746063
-0.269531
-0.121094
0.941376
0.394501
0.871063
-0.730469
-0.878906
-0.871094
-0.644531
-0.863281
0.675751
0.707001
-0.832031
-0.660156
-0.917969
-0.941406
-0.769531
0.917938
0.542938
0.964813
-0.308594
-0.472656
0.746063
0.402313
0.949188
-0.371094
-0.480469
0.925751
0.542938
0.832001
-0.777344
-0.824219
-0.949219
-0.980469
0.910126
0.925751
-0.832031
-0.972656
0.730438
-0.996094
-0.511719
-0.785156
0.597626
0.621063
-0.941406
-0.738281
-0.792969
-0.925781
0.863251
0.683563
0.902313
-0.785156
-0.886719
0.871063
0.824188
0.925751
-0.996094
-0.878906
-0.800781
0.839813
0.613251
-0.988281
-0.644531
-0.917969
0.792938
0.824188
0.878876
-0.980469
-0.910156
0.878876
0.839813
-0.964844
-0.871094
-0.964844
0.949188
0.792938
0.761688
-0.871094
-0.519531
-0.816406
0.746063
0.628876
0.691376
-0.902344
-0.300781
-0.566406
0.480438
0.394501
-0.886719
-0.707031
-0.777344
-0.753906
-0.886719
0.691376
0.722626
-0.878906
-0.722656
-0.769531
0.980438
0.964813
-0.855469
-0.964844
0.660126
0.957001
-0.394531
-0.527344
0.699188
0.464813
-0.839844
-0.394531
-0.925781
0.503876
-0.980469
-0.542969
0.871063
0.738251
-0.574219
-0.613281
0.691376
0.699188
-0.871094
-0.910156
-0.933594
-0.597656
-0.808594
0.457001
0.441376
-0.597656
-0.175781
-0.824219
0.449188
0.605438
-0.722656
-0.371094
-0.832031
0.503876
0.566376
-0.863281
-0.566406
-0.714844
0.957001
0.535126
0.488251
-0.910156
-0.394531
-0.722656
0.871063
0.816376
0.777313
0.957001
-0.691406
-0.691406
0.894501
0.777313
-0.886719
-0.746094
0.886688
0.667938
0.980438
-0.613281
-0.800781
0.652313
0.527313
0.964813
-0.605469
-0.644531
0.910126
0.699188
0.839813
-0.925781
-0.988281
0.917938
-0.957031
-0.824219
-0.949219
0.808563
0.863251
-0.988281
0.996063
-0.996094
-0.699219
-0.769531
0.691376
0.503876
-0.800781
-0.402344
-0.949219
0.480438
0.738251
-0.628906
-0.441406
-0.910156
0.558563
0.660126
-0.769531
-0.722656
-0.996094
-0.996094
-0.644531
0.949188
0.339813
0.738251
-0.394531
-0.183594
-0.863281
0.363251
0.355438
-0.832031
-0.371094
-0.714844
0.949188
-0.980469
0.980438
0.769501
0.769501
-0.808594
-0.355469
-0.628906
0.597626
0.519501
-0.941406
-0.597656
-0.707031
0.925751
0.644501
-0.894531
-0.332031
-0.886719
0.378876
0.652313
-0.566406
-0.386719
-0.902344
0.527313
0.855438
-0.597656
-0.964844
0.652313
-0.941406
-0.582031
0.972626
0.730438
-0.769531
-0.777344
0.503876
0.605438
-0.332031
-0.191406
0.660126
0.105438
0.839813
-0.339844
-0.386719
0.933563
0.605438
0.746063
0.964813
-0.949219
-0.699219
-0.535156
0.980438
0.394501
0.636688
-0.667969
-0.472656
-0.894531
0.621063
0.488251
-0.996094
-0.394531
-0.597656
0.613251
0.503876
-0.980469
-0.886719
-0.894531
-0.582031
-0.785156
0.402313
0.277313
-0.816406
-0.332031
-0.753906
0.902313
0.910126
0.714813
0.558563
0.980438
-0.433594
-0.511719
0.996063
0.621063
0.597626
0.957001
-0.917969
-0.753906
-0.425781
-0.660156
0.457001
0.207001
-0.996094
-0.386719
-0.589844
-0.972656
0.761688
0.707001
0.894501
-0.894531
-0.792969
-0.722656
-0.941406
0.667938
0.714813
-0.707031
-0.355469
-0.878906
0.363251
0.457001
-0.582031
-0.0429688
-0.792969
0.363251
0.480438
-0.761719
-0.417969
-0.746094
0.957001
0.839813
0.839813
0.933563
-0.808594
-0.589844
-0.761719
0.707001
0.542938
-0.988281
-0.402344
-0.433594
0.800751
0.339813
0.972626
-0.339844
-0.691406
0.675751
0.542938
0.972626
-0.636719
-0.613281
-0.863281
0.777313
0.472626
0.816376
-0.441406
-0.417969
0.917938
0.589813
0.644501
0.746063
-0.894531
-0.417969
-0.683594
0.574188
0.410126
-0.902344
-0.214844
-0.574219
0.644501
0.433563
-0.933594
-0.386719
-0.691406
0.675751
0.597626
-0.933594
-0.644531
-0.792969
0.878876
0.441376
0.535126
-0.566406
-0.0429688
-0.996094
0.0820007
0.699188
-0.308594
-0.550781
0.589813
0.574188
-0.816406
-0.511719
-0.871094
0.605438
0.644501
-0.855469
-0.675781
0.949188
0.722626
-0.910156
-0.503906
-0.910156
0.496063
0.613251
-0.746094
-0.417969
-0.785156
0.613251
0.722626
-0.722656
-0.746094
0.777313
0.832001
-0.792969
-0.714844
-0.808594
0.988251
0.597626
0.738251
-0.550781
-0.402344
0.910126
0.574188
0.894501
-0.800781
-0.699219
-0.785156
0.910126
0.785126
0.878876
-0.917969
-0.644531
-0.644531
0.886688
0.527313
0.816376
-0.691406
-0.761719
-0.949219
-0.972656
0.855438
0.769501
-0.894531
-0.652344
-0.839844
0.847626
0.753876
0.933563
-0.855469
-0.707031
-0.636719
0.964813
0.480438
0.785126
-0.589844
-0.605469
-0.988281
0.980438
-0.964844
0.917938
0.808563
-0.917969
-0.488281
-0.769531
0.464813
0.449188
-0.582031
-0.113281
-0.855469
0.324188
0.402313
-0.816406
-0.214844
-0.535156
0.566376
0.214813
0.886688
-0.371094
-0.308594
-0.902344
0.441376
0.441376
-0.964844
-0.457031
-0.613281
0.910126
0.605438
0.675751
-0.996094
-0.667969
-0.667969
-0.988281
0.707001
0.667938
0.871063
-0.714844
-0.519531
-0.878906
0.527313
0.566376
-0.847656
-0.464844
-0.894531
0.589813
0.910126
-0.644531
-0.917969
0.746063
0.894501
-0.957031
-0.894531
-0.800781
-0.933594
0.800751
0.925751
-0.628906
-0.746094
0.738251
0.628876
0.972626
-0.667969
-0.550781
-0.863281
0.503876
0.566376
-0.464844
-0.316406
0.660126
0.324188
-0.738281
-0.0898438
-0.777344
0.300751
0.542938
-0.605469
-0.308594
-0.675781
0.613251
0.253876
-0.996094
-0.0820312
-0.574219
0.511688
0.613251
-0.800781
-0.667969
-0.902344
0.832001
0.972626
-0.746094
-0.894531
0.910126
0.917938
0.972626
-0.933594
-0.675781
-0.691406
0.777313
0.652313
-0.753906
-0.535156
0.753876
0.496063
-0.558594
-0.0820312
0.957001
0.144501
0.589813
-0.425781
-0.191406
-0.902344
0.347626
0.324188
-0.832031
-0.363281
-0.769531
0.589813
0.566376
-0.941406
-0.621094
-0.730469
-0.949219
0.894501
0.824188
0.847626
-0.941406
-0.644531
-0.746094
0.675751
0.957001
-0.917969
-0.925781
-0.824219
-0.988281
0.511688
0.730438
-0.535156
-0.519531
0.785126
0.628876
-0.957031
-0.839844
0.925751
0.847626
-0.996094
-0.824219
-0.777344
-0.988281
0.714813
0.683563
-0.878906
-0.464844
-0.714844
0.605438
0.519501
-0.949219
-0.691406
-0.816406
0.933563
0.941376
0.925751
-0.871094
0.910126
0.839813
-0.730469
-0.746094
0.707001
0.871063
-0.519531
-0.855469
0.472626
0.769501
-0.410156
-0.488281
0.699188
0.558563
-0.847656
-0.628906
-0.910156
0.980438
0.785126
-0.933594
-0.675781
-0.800781
0.902313
0.832001
-0.832031
-0.652344
-0.902344
0.886688
-0.996094
-0.988281
0.949188
-0.792969
-0.542969
-0.894531
0.628876
0.746063
-0.917969
-0.863281
-0.839844
-0.777344
0.972626
0.636688
0.886688
-0.480469
-0.394531
0.886688
0.503876
-0.964844
-0.519531
-0.902344
0.785126
-0.847656
-0.574219
-0.933594
0.597626
0.652313
-0.894531
-0.691406
-0.910156
0.871063
0.925751
0.933563
0.863251
0.957001
-0.746094
-0.667969
0.941376
0.527313
0.785126
-0.621094
-0.566406
0.902313
0.621063
0.894501
-0.777344
-0.777344
0.988251
0.800751
0.972626
-0.808594
-0.949219
0.769501
0.878876
-0.839844
-0.816406
0.972626
0.792938
0.949188
-0.722656
-0.800781
0.683563
0.582001
-0.832031
-0.410156
-0.871094
0.519501
0.628876
-0.761719
-0.464844
-0.722656
0.800751
0.597626
0.808563
-0.808594
-0.589844
-0.777344
0.902313
0.863251
-0.988281
-0.996094
-0.949219
-0.800781
-0.832031
0.996063
0.863251
0.933563
-0.871094
-0.769531
-0.957031
0.863251
0.957001
-0.792969
-0.722656
-0.855469
0.996063
0.917938
0.988251
-0.863281
-0.910156
-0.957031
-0.941406
-0.988281
-0.902344
-0.667969
-0.957031
0.644501
0.972626
-0.558594
-0.800781
0.761688
0.902313
-0.863281
-0.832031
-0.886719
-0.949219
0.972626
0.988251
0.996063
-0.988281
-0.746094
-0.769531
0.761688
0.707001
-0.753906
-0.636719
-0.980469
0.832001
0.902313
-0.996094
-0.964844
-0.996094
-0.902344
-0.902344
0.910126
0.878876
0.949188
0.980438
-0.917969
-0.777344
0.972626
0.621063
0.886688
-0.699219
-0.886719
0.824188
0.949188
-0.871094
-0.886719
0.886688
0.722626
0.964813
-0.792969
-0.800781
-0.957031
0.972626
0.894501
0.777313
0.855438
-0.777344
-0.675781
0.894501
0.738251
-0.855469
-0.753906
0.800751
0.761688
-0.644531
-0.667969
0.792938
0.792938
-0.871094
0.988251
0.714813
-0.957031
-0.464844
-0.628906
0.660126
0.246063
0.808563
-0.324219
-0.269531
0.980438
0.605438
0.917938
-0.761719
-0.988281
0.839813
-0.777344
-0.386719
-0.855469
0.324188
0.550751
-0.417969
-0.292969
0.746063
0.457001
-0.816406
-0.582031
0.925751
0.933563
-0.699219
-0.871094
0.738251
0.980438
-0.746094
-0.949219
0.941376
-0.933594
-0.816406
-0.871094
0.996063
0.871063
0.902313
-0.824219
-0.597656
-0.816406
0.753876
0.746063
-0.839844
-0.738281
0.972626
0.910126
-0.933594
0.941376
0.917938
-0.964844
-0.917969
-0.824219
-0.761719
-0.957031
0.988251
0.988251
0.917938
-0.824219
-0.636719
-0.886719
0.894501
-0.988281
-0.878906
0.925751
0.839813
-0.917969
-0.777344
0.917938
0.628876
0.855438
-0.753906
-0.699219
0.957001
0.675751
0.894501
-0.769531
-0.730469
0.996063
0.792938
0.785126
-0.996094
-0.699219
-0.660156
0.933563
0.628876
0.847626
-0.808594
-0.628906
-0.839844
0.722626
0.636688
-0.886719
-0.535156
-0.878906
0.746063
0.847626
-0.957031
-0.910156
-0.910156
-0.871094
0.972626
0.800751
0.878876
-0.902344
-0.824219
-0.800781
-0.925781
0.746063
0.691376
-0.792969
-0.472656
0.941376
0.488251
-0.988281
-0.472656
-0.816406
0.660126
0.582001
0.980438
-0.519531
-0.433594
0.996063
0.441376
0.628876
-0.707031
-0.425781
-0.941406
0.613251
0.894501
-0.699219
-0.878906
0.847626
0.917938
-0.847656
-0.832031
-0.941406
0.941376
0.917938
-0.996094
-0.917969
-0.738281
-0.738281
0.847626
0.464813
0.964813
-0.378906
-0.605469
0.863251
0.769501
0.988251
0.980438
0.917938
-0.753906
-0.527344
-0.925781
0.582001
0.683563
-0.730469
-0.613281
-0.808594
-0.972656
0.941376
0.949188
0.980438
0.988251
-0.917969
-0.808594
-0.824219
0.949188
0.777313
0.878876
-0.824219
-0.660156
-0.925781
0.746063
0.863251
-0.730469
-0.675781
-0.949219
0.769501
0.792938
-0.980469
-0.824219
-0.839844
0.972626
0.738251
0.816376
-0.753906
-0.589844
-0.855469
0.894501
0.933563
0.910126
-0.972656
0.980438
-0.941406
-0.933594
-0.894531
-0.964844
0.746063
0.707001
-0.847656
-0.457031
-0.738281
0.660126
0.628876
-0.902344
-0.667969
-0.996094
0.738251
-0.988281
-0.589844
-0.871094
0.597626
0.667938
-0.792969
-0.574219
-0.871094
0.753876
0.644501
-0.964844
-0.644531
-0.777344
0.949188
0.839813
0.847626
0.972626
-0.816406
-0.621094
-0.847656
0.683563
0.699188
-0.925781
-0.808594
-0.964844
-0.949219
-0.910156
0.871063
0.714813
-0.980469
0.498286
0.499143
0.500001
