-0.972656
-0.964844
-0.964844
-0.933594
0.988342
0.582245
-0.99585
-0.99585
-0.99585
-0.99585
-0.99585
-0.99585
-0.99585
-0.839722
0.918182
-0.410004
-0.621338
-0.808838
-0.808838
0.402374
-0.99585
-0.99585
-0.214935
-0.808838
-0.808838
-0.730713
0.839752
0.339844
-0.222809
-0.808838
-0.808838
-0.519775
0.503784
-0.683533
0.285248
0.402374
-0.207092
0.847504
0.394379
0.816284
-0.535248
0.433441
-0.269714
-0.37912
-0.0275574
-0.285309
-0.941467
-0.175781
0.957031
-0.917969
-0.191467
0.816284
0.425659
-0.0743103
0.183533
-0.722687
-0.0820923
-0.738373
0.222534
0.292847
0.824097
-0.308685
0.433502
0.730377
0.621002
0.55069
0.597565
0.605377
0.621002
0.628815
0.808502
-0.79303
-0.160217
0.902283
0.597626
-0.949188
0.394592
0.472778
0.386902
0.97287
-0.99585
-0.99585
-0.99585
0.457214
0.449341
0.16803
0.0976562
0.683533
0.0663147
0.277222
-0.316528
0.245972
-0.863373
0.683502
0.558533
0.332001
-0.347656
0.644531
-0.816376
-0.824188
0.308594
0.621063
0.597595
-0.894592
0.941315
0.121033
-0.0664368
-0.652344
-0.480469
0.636688
-0.214874
-0.199249
0.503876
-0.699219
-0.136719
-0.191406
0.980438
-0.136749
-0.769562
-0.667999
-0.308624
-0.0117493
0.144501
0.160126
0.00387573
0.113251
0.449188
0.589813
0.566376
0.769501
-0.753906
-0.386719
-0.480469
-0.871094
0.707001
0.355438
-0.105499
-0.621124
-0.988312
0.855408
0.847595
0.855408
0.746033
0.45697
0.0663452
-0.316467
-0.32428
0.0975952
0.753845
-0.574249
0.199188
-0.988281
-0.324219
0.0820312
0.394531
0.699219
0.863281
0.871094
0.769531
0.660156
0.542969
0.363281
0.0898438
-0.238281
-0.511719
-0.691406
-0.714844
-0.691406
-0.699219
-0.597656
-0.269531
0.175781
0.511719
0.636719
0.636719
0.636719
0.613281
0.566406
0.558594
0.566406
0.472656
0.371094
0.480469
0.722656
0.980469
0.777344
0.652344
0.746094
0.894531
0.816406
0.628906
0.230469
-0.113281
-0.222656
-0.175781
-0.0507812
0.0507812
0.0585938
0.144531
0.371094
0.628906
0.808594
0.941406
-0.964813
-0.925751
-0.996063
0.824219
0.613281
0.300781
-0.0273438
-0.238281
-0.394531
-0.488281
-0.542969
-0.449219
-0.355469
-0.300781
-0.285156
-0.363281
-0.738281
-0.832031
0.902313
0.863251
0.886688
0.894501
0.832001
0.941376
-0.855469
-0.785156
-0.660156
-0.519531
-0.503906
-0.589844
-0.691406
-0.871094
-0.941406
0.996063
0.886688
0.777313
0.621063
0.582001
0.644501
0.683563
0.707001
0.667938
0.675751
0.707001
0.824188
-0.996094
-0.847656
-0.792969
-0.941406
0.886688
0.855438
0.941376
-0.980469
-0.933594
-0.964844
0.980438
0.949188
-0.996094
-0.925781
-0.800781
-0.785156
-0.761719
-0.808594
-0.886719
-0.894531
-0.777344
-0.660156
-0.628906
-0.636719
-0.644531
-0.621094
-0.488281
-0.324219
-0.183594
-0.128906
-0.0742188
-0.0507812
-0.0195312
0.0742188
0.0820312
0.0898438
0.0898438
0.0585938
0.0585938
0.0507812
0.121094
0.105469
-0.0507812
-0.0195312
0.0507812
0.128906
0.175781
0.222656
0.269531
0.207031
0.121094
0.105469
0.0664062
-0.00390625
-0.0195312
-0.00390625
0.0429688
0.0507812
0.0429688
0.00390625
-0.0195312
-0.105469
-0.167969
-0.199219
-0.230469
-0.261719
-0.292969
-0.347656
-0.472656
-0.582031
-0.675781
-0.652344
-0.652344
-0.613281
-0.636719
-0.628906
-0.683594
-0.714844
-0.722656
-0.761719
-0.761719
-0.792969
-0.769531
-0.761719
-0.816406
-0.878906
-0.925781
-0.972656
-0.980469
0.996063
-0.988281
0.988251
0.949188
0.910126
0.894501
0.917938
0.925751
0.933563
0.886688
0.855438
0.832001
0.816376
0.808563
0.785126
0.792938
0.785126
0.785126
0.746063
0.808563
0.816376
0.847626
0.878876
0.863251
0.902313
0.894501
0.933563
0.972626
0.964813
0.996063
-0.996094
-0.996094
-0.996094
-0.996094
-0.996094
-0.980469
-0.957031
-0.933594
-0.910156
-0.894531
-0.878906
-0.871094
-0.894531
-0.871094
-0.855469
-0.894531
-0.878906
-0.910156
-0.902344
-0.878906
-0.871094
-0.863281
-0.878906
-0.894531
-0.894531
-0.886719
-0.894531
-0.878906
-0.894531
-0.886719
-0.902344
-0.886719
-0.824219
-0.800781
-0.808594
-0.824219
-0.808594
-0.761719
-0.785156
-0.769531
-0.746094
-0.761719
-0.738281
-0.738281
-0.738281
-0.769531
-0.792969
-0.746094
-0.730469
-0.769531
-0.785156
-0.792969
-0.761719
-0.777344
-0.792969
-0.808594
-0.824219
-0.847656
-0.855469
-0.855469
-0.871094
-0.878906
-0.886719
-0.878906
-0.871094
-0.902344
-0.902344
-0.855469
-0.832031
-0.847656
-0.847656
-0.878906
-0.957031
-0.988281
-0.871094
-0.746094
-0.808594
-0.863281
-0.808594
-0.824219
-0.816406
-0.808594
-0.808594
-0.839844
-0.816406
-0.832031
-0.847656
-0.839844
-0.847656
-0.863281
-0.863281
-0.894531
-0.941406
-0.917969
-0.878906
-0.894531
-0.886719
-0.871094
-0.902344
-0.910156
-0.925781
-0.925781
-0.941406
-0.910156
-0.933594
-0.941406
-0.957031
-0.972656
-0.933594
-0.941406
-0.941406
-0.949219
-0.996094
-0.949219
-0.941406
-0.933594
-0.933594
-0.902344
-0.941406
-0.941406
-0.933594
-0.902344
-0.902344
-0.941406
-0.933594
-0.988281
-0.964844
-0.933594
-0.980469
-0.988281
-0.988281
-0.996094
-0.996094
-0.996094
-0.996094
-0.988281
-0.957031
-0.996094
-0.964844
-0.933594
-0.964844
-0.996094
-0.996094
0.988251
0.972626
0.964813
0.949188
0.972626
0.957001
0.996063
0.996063
0.964813
0.933563
0.933563
0.941376
0.964813
0.941376
0.941376
0.941376
0.925751
0.925751
0.910126
0.996063
0.988251
0.972626
0.972626
0.957001
0.996063
0.972626
0.988251
0.988251
0.957001
0.980438
0.988251
-0.996094
-0.996094
0.980438
0.988251
0.988251
-0.996094
0.980438
-0.996094
-0.957031
-0.980469
-0.996094
0.988251
0.972626
0.996063
0.996063
0.972626
0.949188
0.949188
0.996063
0.972626
0.957001
0.957001
0.964813
0.957001
0.957001
0.972626
0.988251
0.988251
0.957001
0.964813
0.980438
0.972626
0.917938
0.949188
0.957001
0.917938
0.941376
0.996063
-0.996094
-0.996094
0.957001
0.988251
0.980438
0.972626
0.972626
0.972626
0.980438
-0.996094
-0.972656
-0.996094
-0.996094
-0.964844
-0.972656
-0.972656
0.972626
-0.996094
-0.996094
-0.996094
-0.988281
0.988251
0.972626
-0.996094
-0.988281
-0.980469
-0.972656
-0.972656
-0.988281
-0.988281
-0.972656
-0.988281
-0.972656
-0.996094
0.996063
-0.996094
-0.980469
-0.964844
-0.949219
-0.964844
-0.980469
-0.988281
-0.980469
-0.988281
-0.972656
-0.964844
-0.996094
-0.996094
-0.957031
-0.964844
-0.964844
-0.964844
-0.964844
-0.957031
-0.949219
-0.972656
-0.957031
-0.949219
-0.933594
-0.980469
-0.941406
-0.980469
-0.988281
-0.941406
-0.941406
-0.933594
-0.980469
-0.949219
-0.988281
-0.996094
0.988251
0.957001
0.980438
-0.996094
0.980438
0.925751
0.910126
-0.996094
-0.878906
-0.933594
-0.957031
-0.949219
-0.964844
-0.957031
-0.964844
-0.980469
-0.941406
-0.925781
-0.933594
-0.957031
-0.957031
0.996063
0.949188
0.957001
0.972626
0.964813
-0.988281
0.988251
0.988251
0.996063
-0.988281
-0.964844
-0.980469
-0.996094
0.964813
0.988251
-0.996094
0.957001
-0.957031
0.933563
0.972626
-0.957031
-0.996094
0.957001
-0.996094
0.980438
0.996063
0.957001
-0.996094
0.980438
0.972626
0.964813
0.980438
0.980438
-0.988281
-0.972656
-0.957031
0.996063
0.980438
0.980438
0.964813
0.957001
-0.996094
-0.972656
0.964813
0.949188
0.972626
0.925751
0.886688
0.917938
0.988251
-0.910156
-0.949219
0.753876
0.785126
0.910126
-0.894531
-0.816406
-0.933594
0.902313
0.800751
0.667938
0.746063
-0.769531
-0.425781
-0.847656
0.605438
0.597626
0.910126
-0.925781
-0.925781
-0.839844
-0.917969
0.800751
0.613251
0.917938
-0.550781
-0.691406
0.597626
0.363251
0.988251
-0.371094
-0.597656
0.753876
0.503876
0.886688
-0.871094
-0.855469
-0.839844
-0.871094
0.925751
0.746063
0.832001
-0.941406
-0.667969
-0.613281
-0.996094
0.511688
0.675751
-0.753906
-0.628906
-0.863281
0.996063
0.863251
0.785126
0.972626
-0.878906
-0.871094
-0.847656
-0.808594
0.878876
0.636688
0.894501
-0.738281
-0.683594
-0.910156
0.925751
0.832001
0.917938
-0.894531
-0.910156
0.996063
-0.894531
-0.910156
0.871063
0.777313
-0.941406
-0.714844
-0.871094
0.917938
0.933563
0.964813
0.863251
0.785126
-0.957031
-0.691406
-0.878906
0.808563
0.855438
0.957001
0.964813
-0.980469
-0.863281
-0.824219
-0.964844
0.808563
0.777313
-0.902344
-0.636719
-0.949219
0.722626
0.886688
-0.847656
-0.878906
-0.988281
0.910126
0.839813
0.941376
-0.855469
-0.917969
0.871063
0.980438
-0.847656
-0.957031
0.738251
0.769501
-0.722656
-0.589844
0.792938
0.558563
-0.964844
-0.574219
-0.855469
0.644501
0.613251
-0.964844
-0.652344
-0.792969
0.910126
0.824188
0.933563
-0.878906
-0.863281
0.957001
0.988251
-0.699219
-0.949219
0.667938
-0.964844
-0.496094
-0.917969
0.636688
0.980438
-0.566406
-0.910156
0.691376
0.902313
-0.730469
-0.769531
-0.917969
0.933563
0.652313
0.847626
-0.511719
-0.605469
0.730438
0.675751
-0.761719
-0.652344
0.972626
0.863251
-0.941406
-0.800781
-0.949219
-0.996094
-0.972656
-0.957031
0.980438
0.988251
-0.949219
-0.941406
0.910126
0.871063
-0.964844
-0.917969
0.988251
-0.996094
-0.824219
-0.847656
0.886688
0.785126
-0.988281
-0.699219
-0.871094
0.871063
0.863251
-0.941406
-0.933594
0.886688
0.871063
-0.925781
-0.839844
-0.980469
0.824188
0.863251
-0.894531
-0.753906
-0.957031
0.792938
0.792938
-0.949219
-0.878906
0.972626
0.855438
0.957001
0.949188
0.832001
0.941376
-0.847656
-0.910156
0.832001
0.707001
0.871063
-0.863281
-0.847656
0.878876
0.722626
0.949188
-0.785156
0.964813
0.605438
0.792938
-0.777344
-0.699219
-0.996094
0.675751
0.699188
-0.925781
-0.652344
-0.941406
0.613251
0.816376
-0.808594
-0.746094
0.933563
0.847626
0.910126
-0.917969
-0.816406
0.980438
0.707001
0.746063
-0.824219
-0.714844
0.972626
0.847626
-0.941406
-0.917969
0.878876
0.785126
-0.886719
-0.589844
-0.753906
0.808563
0.714813
0.917938
-0.777344
-0.699219
-0.964844
0.925751
-0.917969
-0.996094
0.910126
-0.894531
-0.675781
-0.800781
0.886688
0.785126
-0.980469
-0.628906
-0.667969
0.839813
0.746063
-0.761719
-0.574219
-0.972656
0.746063
-0.964844
-0.675781
-0.933594
0.761688
-0.917969
-0.488281
-0.800781
0.683563
0.722626
-0.824219
-0.597656
-0.792969
0.996063
0.972626
-0.996094
0.949188
0.980438
-0.894531
-0.824219
-0.855469
-0.996094
0.871063
0.941376
-0.878906
-0.847656
-0.972656
0.964813
0.933563
0.894501
0.972626
-0.847656
-0.839844
0.949188
0.769501
0.886688
-0.839844
-0.816406
0.957001
0.847626
0.902313
-0.964844
-0.933594
0.996063
0.871063
0.964813
-0.824219
-0.996094
0.746063
0.917938
-0.777344
-0.902344
0.839813
0.863251
-0.980469
-0.917969
0.917938
0.769501
0.894501
-0.816406
-0.847656
0.824188
0.691376
0.996063
-0.683594
-0.769531
0.847626
0.683563
0.894501
-0.847656
-0.761719
-0.941406
0.816376
0.761688
-0.917969
-0.550781
-0.871094
0.597626
0.589813
-0.871094
-0.527344
-0.683594
0.902313
0.488251
0.488251
-0.792969
-0.253906
-0.628906
0.628876
0.503876
0.878876
-0.832031
-0.667969
-0.722656
-0.972656
0.863251
0.871063
-0.933594
-0.675781
-0.738281
0.925751
0.777313
0.980438
-0.699219
-0.652344
-0.910156
0.980438
0.980438
0.816376
0.722626
-0.839844
-0.441406
-0.769531
0.613251
0.582001
-0.886719
-0.511719
-0.613281
0.816376
0.472626
0.996063
-0.261719
-0.621094
0.285126
0.316376
-0.214844
0.253906
0.761688
-0.261749
0.488251
-0.402344
0.0117188
-0.558594
0.402313
0.0585632
0.847626
-0.292969
-0.464844
0.910126
0.761688
0.871063
0.714813
0.941376
-0.386719
-0.753906
0.136688
0.722626
0.292969
-0.417969
-0.457062
-0.128937
-0.105469
0.253906
0.933563
0.214813
0.707001
-0.714844
-0.886719
0.589813
0.675751
-0.472656
-0.128906
0.988251
0.0116882
0.300751
-0.542969
-0.136719
-0.925781
0.457001
0.785126
-0.792969
-0.863281
0.972626
0.902313
-0.996094
-0.746094
-0.855469
0.652313
0.542938
-0.691406
-0.128906
-0.964844
0.0976257
0.613251
-0.371094
-0.605469
0.941376
-0.957031
0.894501
0.527313
0.996063
-0.253906
-0.582031
0.519501
0.363251
-0.769531
-0.316406
-0.808594
0.707001
0.949188
-0.785156
0.902313
0.816376
-0.785156
-0.722656
0.925751
0.871063
-0.738281
-0.628906
0.816376
0.300751
0.855438
-0.175781
-0.222656
0.785126
0.332001
0.714813
-0.808594
-0.558594
-0.628906
-0.980469
0.753876
0.714813
0.863251
-0.933594
-0.667969
-0.558594
-0.933594
0.574188
0.628876
-0.957031
-0.308594
-0.527344
0.621063
0.425751
0.957001
-0.597656
-0.542969
-0.605469
0.730438
0.167938
0.808563
-0.261719
-0.378906
0.957001
0.652313
0.675751
0.792938
-0.769531
-0.542969
0.980438
0.761688
-0.792969
-0.792969
0.613251
0.386688
-0.933594
-0.167969
-0.449219
0.550751
0.175751
0.785126
-0.433594
-0.425781
0.910126
0.488251
0.824188
-0.917969
0.972626
-0.871094
-0.488281
-0.878906
0.449188
0.605438
-0.753906
-0.644531
0.964813
0.910126
-0.902344
0.878876
0.683563
-0.957031
-0.675781
-0.855469
0.894501
0.808563
0.996063
-0.839844
0.972626
0.855438
-0.800781
-0.746094
0.613251
0.535126
-0.558594
-0.246094
0.957001
0.316376
0.433563
-0.894531
-0.0429688
-0.152344
0.378876
-0.316437
0.941376
0.0507812
-0.503906
0.644501
0.761688
-0.902344
0.832001
0.941376
-0.425781
-0.542969
0.855438
0.746063
0.949188
0.988251
-0.738281
-0.558594
-0.933594
0.699188
0.917938
-0.949219
0.847626
-0.980469
-0.417969
-0.707031
0.339813
0.480438
-0.441406
-0.410156
0.855438
0.628876
0.800751
0.996063
-0.511719
-0.269531
0.988251
0.0195007
0.191376
-0.378906
0.582031
-0.449219
-0.105499
-0.0429993
-0.597656
0.0351562
-0.675781
0.621063
0.707001
-0.941406
0.910126
0.902313
-0.582031
-0.496094
0.839813
0.441376
0.753876
-0.691406
-0.519531
-0.777344
0.878876
0.707001
0.714813
0.894501
-0.597656
-0.550781
0.871063
0.628876
-0.816406
-0.675781
0.746063
0.574188
-0.714844
-0.121094
-0.730469
-0.0351868
0.0351257
-0.363281
0.332031
-0.785156
0.113251
0.316376
-0.824219
-0.527344
-0.832031
0.925751
-0.878906
-0.941406
0.535126
0.699188
-0.519531
-0.550781
0.667938
0.636688
-0.738281
-0.667969
0.800751
0.589813
0.910126
-0.675781
-0.644531
-0.925781
0.847626
0.699188
0.707001
-0.863281
-0.503906
-0.769531
0.910126
-0.996094
0.847626
0.480438
0.941376
-0.160156
-0.308594
0.605438
0.152313
0.839813
-0.300781
-0.410156
0.785126
0.472626
-0.957031
-0.402344
-0.800781
0.417938
0.714813
-0.394531
-0.527344
0.714813
0.628876
-0.808594
-0.464844
-0.925781
0.542938
0.871063
-0.449219
-0.582031
0.660126
0.503876
-0.792969
-0.417969
-0.949219
0.652313
0.972626
-0.832031
0.871063
-0.996094
-0.472656
-0.761719
0.488251
0.636688
-0.667969
-0.707031
0.941376
-0.964844
-0.871094
-0.996094
0.863251
0.910126
-0.886719
-0.800781
-0.980469
0.925751
-0.933594
-0.878906
0.816376
0.824188
-0.753906
-0.886719
0.808563
-0.917969
-0.652344
0.980438
0.613251
0.894501
-0.714844
-0.761719
0.980438
0.777313
0.769501
0.988251
-0.699219
-0.738281
0.761688
0.652313
-0.824219
-0.675781
0.769501
0.714813
-0.613281
-0.582031
0.738251
0.574188
0.957001
-0.722656
-0.816406
0.902313
0.972626
-0.683594
-0.769531
0.636688
0.363251
0.902313
-0.355469
-0.292969
-0.933594
0.480438
0.503876
0.933563
-0.746094
-0.613281
-0.675781
0.949188
0.746063
0.917938
0.988251
0.855438
0.925751
-0.714844
-0.621094
0.847626
0.636688
-0.902344
-0.582031
-0.832031
0.863251
0.980438
-0.910156
-0.894531
-0.839844
-0.941406
0.832001
-0.925781
-0.480469
-0.847656
0.394501
0.691376
-0.449219
-0.535156
0.988251
0.855438
0.769501
0.917938
-0.589844
-0.691406
0.597626
0.847626
-0.363281
-0.792969
0.425751
0.878876
-0.511719
-0.910156
0.816376
-0.800781
-0.722656
0.964813
0.957001
-0.917969
-0.972656
0.972626
-0.925781
0.996063
-0.949219
-0.628906
0.980438
0.230438
0.785126
0.0351562
-0.433594
0.136688
0.230438
-0.417969
-0.0585938
0.910126
0.230438
0.660126
-0.652344
-0.511719
-0.855469
0.753876
0.691376
0.972626
-0.777344
-0.855469
0.910126
0.957001
-0.871094
-0.972656
0.878876
0.996063
-0.980469
0.894501
-0.996094
-0.746094
-0.785156
0.972626
0.785126
0.808563
0.980438
-0.832031
-0.777344
-0.941406
0.917938
0.988251
0.855438
0.636688
-0.808594
-0.214844
-0.832031
0.238251
0.449188
-0.636719
-0.339844
-0.777344
0.644501
0.667938
-0.878906
-0.714844
0.980438
0.816376
-0.871094
-0.605469
-0.964844
0.613251
0.902313
-0.519531
-0.582031
0.746063
0.378876
0.980438
-0.152344
-0.410156
0.574188
0.300751
-0.972656
-0.550781
-0.824219
-0.730469
-0.636719
0.769501
0.371063
0.957001
-0.472656
-0.753906
0.855438
0.753876
-0.855469
-0.582031
0.917938
0.339813
0.910126
-0.144531
-0.433594
0.667938
0.425751
0.878876
-0.738281
-0.746094
0.980438
-0.917969
-0.785156
0.753876
0.371063
-0.878906
-0.0664062
-0.652344
0.488251
0.769501
-0.621094
-0.988281
0.480438
-0.941406
-0.160156
-0.714844
0.316376
0.503876
-0.785156
-0.628906
-0.777344
-0.863281
-0.910156
0.878876
0.597626
0.574188
-0.894531
-0.253906
-0.480469
0.707001
0.386688
0.847626
-0.785156
-0.761719
-0.832031
-0.980469
0.808563
0.753876
0.980438
-0.730469
-0.878906
0.855438
0.894501
-0.824219
-0.808594
0.824188
0.761688
0.980438
-0.855469
-0.730469
-0.722656
0.933563
0.527313
0.785126
-0.738281
-0.628906
-0.964844
0.816376
-0.996094
-0.777344
0.972626
0.683563
0.917938
-0.519531
-0.519531
0.886688
0.566376
0.871063
-0.855469
-0.863281
-0.605469
-0.847656
0.644501
0.417938
0.941376
-0.425781
-0.558594
-0.972656
0.871063
0.933563
0.839813
0.996063
-0.628906
-0.597656
-0.917969
0.964813
-0.941406
0.980438
0.847626
-0.988281
-0.535156
-0.628906
0.707001
0.472626
0.972626
-0.496094
-0.582031
0.964813
0.730438
0.871063
-0.894531
-0.675781
-0.910156
0.800751
-0.980469
-0.777344
0.878876
0.699188
-0.855469
-0.550781
-0.832031
0.785126
0.628876
0.894501
-0.707031
-0.621094
-0.746094
-0.855469
0.785126
0.347626
0.644501
-0.363281
0.0742188
-0.800781
0.167938
0.253876
-0.847656
-0.300781
-0.628906
0.886688
0.824188
0.964813
0.941376
0.785126
0.933563
-0.628906
-0.636719
0.878876
0.691376
0.980438
-0.878906
0.917938
0.933563
-0.660156
-0.722656
0.699188
0.519501
-0.871094
-0.332031
-0.644531
0.558563
0.355438
-0.980469
-0.402344
-0.644531
0.871063
0.761688
0.816376
0.808563
-0.910156
-0.542969
-0.761719
0.738251
0.613251
-0.957031
-0.613281
-0.886719
0.738251
0.832001
-0.839844
-0.683594
-0.863281
0.847626
0.855438
-0.941406
-0.839844
-0.988281
0.957001
0.996063
0.996063
-0.886719
-0.855469
0.949188
0.746063
0.941376
-0.582031
-0.675781
0.761688
0.589813
-0.964844
-0.605469
-0.777344
0.816376
0.714813
0.878876
-0.746094
-0.519531
-0.761719
0.863251
0.636688
0.777313
-0.832031
-0.605469
-0.871094
0.628876
0.636688
-0.800781
-0.574219
-0.957031
0.925751
-0.871094
-0.996094
0.699188
0.941376
-0.511719
-0.511719
0.933563
0.496063
0.589813
-0.917969
-0.566406
-0.597656
-0.933594
0.605438
0.675751
-0.628906
-0.394531
-0.988281
0.503876
0.816376
-0.699219
-0.707031
0.941376
0.832001
0.886688
0.863251
-0.964844
-0.464844
-0.410156
0.925751
0.371063
0.519501
-0.957031
-0.621094
-0.511719
-0.527344
-0.964844
0.527313
0.378876
0.777313
-0.503906
0.0507812
-0.269531
0.457001
-0.269562
0.535126
-0.410156
-0.230469
-0.699219
0.964813
0.628876
0.605438
-0.949219
-0.574219
-0.675781
0.886688
0.714813
0.941376
-0.800781
-0.808594
0.972626
0.878876
-0.902344
-0.730469
-0.855469
0.941376
0.886688
0.964813
-0.996094
-0.917969
-0.699219
-0.644531
-0.980469
0.488251
-0.0195618
0.105438
-0.332031
-0.417938
-0.902313
-0.0898743
-0.597717
0.86322
0.957031
0.800812
0.464844
-0.457062
-0.933624
-0.0273743
0.988251
0.253906
0.753906
-0.722656
-0.308624
0.128876
-0.699219
-0.652344
0.972626
-0.941406
-0.746094
0.925751
0.597626
0.761688
-0.777344
-0.597656
-0.777344
0.855438
0.714813
0.871063
-0.855469
-0.777344
-0.894531
-0.972656
0.980438
0.996063
0.980438
0.988251
0.949188
0.949188
-0.902344
-0.753906
-0.785156
0.941376
0.777313
0.824188
-0.972656
-0.730469
-0.714844
0.917938
0.597626
0.777313
-0.691406
-0.488281
-0.878906
0.738251
0.699188
0.933563
-0.832031
-0.792969
-0.816406
-0.839844
0.964813
0.777313
0.878876
-0.871094
-0.769531
-0.933594
0.949188
0.941376
0.878876
0.878876
-0.941406
-0.730469
-0.925781
0.824188
0.917938
-0.777344
-0.636719
-0.808594
0.824188
0.746063
0.949188
-0.878906
-0.777344
-0.925781
0.746063
0.667938
0.933563
-0.839844
-0.816406
-0.980469
0.972626
-0.933594
-0.988281
0.878876
-0.988281
-0.863281
-0.996094
0.949188
-0.910156
-0.878906
0.988251
0.498286
0.499143
0.500001
