-0.972656
-0.980469
-0.957031
-0.761719
-0.706848
-0.99585
-0.99585
-0.99585
-0.99585
-0.99585
-0.99585
-0.99585
0.652527
-0.816223
-0.99585
-0.933655
-0.808838
-0.808838
-0.472839
0.777527
-0.99585
0.535309
-0.261963
-0.808838
-0.808838
0.972443
-0.410156
-0.902374
-0.87912
-0.808838
-0.808838
0.113068
0.300751
-0.167877
-0.699127
-0.378906
-0.785248
0.120941
-0.535278
-0.38681
0.456909
0.941223
0.667755
-0.621307
-0.605652
0.0272217
-0.378937
0.933594
0.472656
-0.269562
0.324127
0.191284
0.910034
0.933502
0.972595
0.980408
0.83194
0.355347
0.160034
0.472534
-0.839935
0.0116272
0.58194
0.597565
0.464752
0.464752
0.542877
0.61319
0.64444
0.67569
0.871002
-0.652405
0.136658
-0.519562
-0.457031
0.347687
0.0899353
0.293121
-0.0583801
-0.99585
-0.99585
-0.99585
0.300995
0.730621
0.496185
0.175812
0.347626
-0.660217
-0.82431
-0.152466
-0.332153
0.511597
-0.339935
-0.527405
-0.511749
-0.886719
0.191406
0.847656
-0.863251
0.832031
-0.269531
-0.00393677
-0.0586548
0.652252
0.933502
0.808533
-0.933594
0.105469
-0.628906
-0.0508118
-0.894562
-0.667999
0.636688
0.0976562
0.488281
-0.441406
0.0116882
0.933533
-0.808624
0.0585632
0.160126
-0.386749
-0.222687
0.574188
0.425751
-0.433624
0.167938
-0.394531
-0.792969
-0.0273743
0.503876
-0.00390625
0.347656
-0.613281
0.160126
-0.472687
-0.324249
-0.269562
-0.785187
0.80072
0.70697
0.667908
0.566345
0.20697
-0.269592
-0.222717
0.417908
0.886658
-0.949249
-0.519562
0.386688
-0.871094
-0.363281
0.0898438
0.503906
0.644531
0.699219
0.800781
-0.910126
-0.738251
0.636719
-0.371094
-0.675781
-0.597656
-0.738281
-0.824219
-0.449219
-0.207031
-0.707031
0.894501
-0.628906
0.339844
0.933594
-0.941376
0.941406
0.535156
0.105469
0.152344
0.644531
-0.886688
-0.894501
0.628906
0.0585938
-0.121094
0.355469
-0.769501
-0.464813
0.832031
0.175781
0.160156
0.347656
0.464844
0.511719
0.0976562
-0.621094
-0.816406
-0.113281
0.792969
-0.949188
0.488281
-0.207031
-0.214844
0.503906
-0.589813
-0.191376
-0.480438
0.683594
-0.230469
-0.753906
-0.503906
0.144531
0.449219
0.0820312
-0.621094
0.925751
-0.980469
-0.324219
0.0898438
-0.300781
0.996063
0.777313
0.910126
0.832001
0.644501
0.785126
-0.910156
-0.925781
0.761688
0.683563
-0.816406
-0.183594
-0.0117188
-0.449219
0.972626
0.699188
0.730438
0.808563
0.847626
0.871063
0.738251
0.433563
0.292938
0.496063
0.871063
-0.957031
0.847626
0.542938
0.574188
0.933563
-0.636719
-0.574219
-0.847656
0.871063
0.839813
0.886688
-0.996094
-0.753906
-0.636719
-0.785156
0.871063
0.792938
-0.957031
-0.558594
-0.378906
-0.519531
-0.855469
0.902313
0.964813
-0.699219
-0.457031
-0.503906
-0.722656
-0.753906
-0.675781
-0.457031
-0.214844
-0.160156
-0.183594
-0.167969
-0.0195312
0.191406
0.238281
0.105469
0.0195312
0.0195312
0.152344
0.214844
0.191406
0.128906
0.136719
0.175781
0.183594
0.128906
0.113281
0.136719
0.144531
0.121094
0.113281
0.0898438
0.0273438
0.0195312
0.0664062
0.0976562
0.0742188
-0.0429688
-0.0664062
-0.0195312
0.0351562
0.0273438
-0.113281
-0.222656
-0.300781
-0.316406
-0.324219
-0.386719
-0.464844
-0.613281
-0.660156
-0.675781
-0.628906
-0.675781
-0.738281
-0.800781
-0.761719
-0.792969
-0.824219
-0.871094
-0.847656
-0.847656
-0.832031
-0.855469
-0.910156
-0.917969
-0.910156
-0.996094
0.988251
-0.988281
-0.964844
0.980438
0.894501
0.855438
0.855438
0.886688
0.894501
0.863251
0.847626
0.839813
0.863251
0.871063
0.871063
0.863251
0.894501
0.902313
0.855438
0.792938
0.769501
0.816376
0.863251
0.902313
0.894501
0.886688
0.871063
0.871063
0.964813
-0.980469
-0.972656
0.996063
0.972626
0.972626
-0.980469
-0.925781
-0.972656
-0.949219
-0.902344
-0.871094
-0.894531
-0.902344
-0.941406
-0.917969
-0.949219
-0.871094
-0.832031
-0.824219
-0.832031
-0.832031
-0.816406
-0.855469
-0.871094
-0.847656
-0.847656
-0.847656
-0.855469
-0.847656
-0.894531
-0.917969
-0.933594
0.996063
-0.957031
-0.769531
-0.699219
-0.839844
-0.808594
-0.769531
-0.792969
-0.746094
-0.761719
-0.761719
-0.738281
-0.785156
-0.839844
-0.816406
-0.816406
-0.816406
-0.808594
-0.832031
-0.847656
-0.894531
-0.878906
-0.839844
-0.769531
-0.722656
-0.746094
-0.769531
-0.824219
-0.832031
-0.855469
-0.839844
-0.855469
-0.863281
-0.894531
-0.894531
-0.933594
-0.949219
-0.925781
-0.886719
-0.871094
-0.863281
-0.871094
-0.878906
-0.886719
-0.839844
-0.855469
-0.839844
-0.808594
-0.824219
-0.871094
-0.871094
-0.847656
-0.824219
-0.847656
-0.839844
-0.832031
-0.855469
-0.871094
-0.878906
-0.894531
-0.878906
-0.886719
-0.886719
-0.871094
-0.871094
-0.878906
-0.863281
-0.871094
-0.847656
-0.832031
-0.878906
-0.847656
-0.925781
-0.917969
-0.941406
-0.902344
-0.894531
-0.894531
-0.917969
-0.949219
-0.972656
-0.964844
-0.964844
-0.933594
-0.949219
-0.917969
-0.933594
-0.949219
-0.964844
-0.964844
-0.925781
-0.925781
-0.972656
-0.996094
0.980438
-0.996094
-0.988281
-0.964844
-0.972656
-0.972656
-0.980469
-0.964844
-0.964844
-0.988281
0.996063
-0.972656
-0.980469
-0.949219
-0.933594
-0.949219
0.988251
-0.988281
-0.996094
-0.988281
-0.996094
0.980438
0.996063
0.980438
-0.996094
0.957001
0.972626
0.964813
0.933563
0.941376
0.925751
0.886688
0.902313
0.910126
0.910126
0.886688
0.925751
0.910126
0.957001
0.925751
0.957001
0.972626
0.996063
0.988251
0.996063
-0.996094
0.996063
0.941376
0.980438
-0.964844
-0.957031
0.996063
0.957001
0.980438
-0.996094
-0.988281
-0.996094
0.964813
0.964813
-0.988281
-0.996094
0.996063
0.996063
-0.996094
0.980438
0.957001
0.972626
0.996063
0.949188
0.949188
0.949188
0.964813
0.925751
0.964813
0.964813
0.972626
0.957001
0.964813
0.980438
0.957001
0.957001
0.972626
0.988251
0.964813
0.933563
0.933563
0.964813
0.996063
-0.988281
0.988251
0.949188
0.957001
0.980438
0.988251
0.980438
0.980438
0.972626
0.996063
-0.996094
-0.996094
0.996063
-0.972656
0.996063
-0.996094
-0.988281
0.996063
0.933563
-0.957031
-0.980469
0.972626
-0.972656
0.933563
0.996063
0.996063
0.972626
0.964813
-0.980469
0.988251
0.996063
-0.957031
-0.996094
0.949188
0.964813
-0.964844
-0.894531
-0.996094
-0.933594
-0.855469
-0.941406
-0.957031
-0.917969
-0.910156
-0.894531
-0.910156
-0.910156
-0.886719
-0.933594
-0.949219
-0.925781
-0.964844
0.964813
0.988251
-0.996094
-0.957031
-0.949219
-0.910156
-0.886719
-0.878906
0.941376
-0.894531
-0.886719
-0.996094
-0.988281
-0.902344
-0.941406
-0.964844
-0.972656
-0.964844
-0.996094
-0.988281
-0.972656
-0.972656
-0.980469
0.996063
-0.996094
-0.996094
0.988251
-0.996094
0.988251
0.996063
0.964813
0.996063
-0.996094
-0.988281
-0.988281
-0.964844
-0.964844
-0.996094
-0.996094
0.996063
-0.996094
-0.996094
-0.996094
0.988251
0.980438
0.972626
0.972626
0.964813
0.980438
0.980438
0.964813
0.925751
0.964813
0.972626
0.964813
0.988251
0.980438
0.941376
0.980438
0.972626
0.980438
0.964813
0.949188
0.917938
0.964813
0.964813
0.972626
0.980438
0.988251
0.972626
0.980438
0.980438
0.980438
0.964813
0.972626
0.972626
-0.996094
-0.980469
0.972626
0.972626
-0.996094
0.996063
0.988251
0.949188
0.980438
0.957001
0.996063
0.964813
0.957001
0.925751
0.957001
0.972626
0.964813
0.964813
0.972626
0.964813
0.964813
0.980438
0.957001
0.949188
0.949188
0.980438
0.980438
0.972626
0.964813
0.964813
0.957001
0.972626
0.996063
0.996063
0.972626
0.988251
0.996063
0.988251
-0.988281
-0.996094
-0.988281
-0.980469
0.980438
-0.996094
0.996063
0.972626
0.957001
0.972626
-0.996094
0.996063
0.980438
-0.980469
-0.957031
0.996063
-0.996094
-0.964844
-0.957031
-0.996094
-0.996094
-0.980469
-0.980469
-0.941406
-0.964844
-0.957031
0.972626
0.988251
-0.988281
-0.996094
-0.996094
-0.988281
-0.996094
-0.996094
-0.996094
0.980438
-0.996094
-0.980469
-0.957031
-0.980469
-0.957031
-0.964844
-0.980469
-0.996094
-0.996094
-0.996094
-0.996094
-0.972656
-0.996094
0.980438
0.996063
-0.996094
-0.996094
-0.996094
-0.988281
-0.980469
0.988251
0.988251
0.949188
0.964813
0.964813
0.988251
0.988251
0.996063
0.980438
0.957001
0.996063
0.980438
0.957001
0.996063
0.996063
0.972626
0.972626
0.980438
0.964813
0.949188
-0.996094
-0.949219
-0.980469
0.957001
0.972626
0.941376
0.878876
0.847626
-0.964844
-0.839844
-0.941406
0.996063
0.964813
0.980438
-0.964844
0.988251
0.925751
-0.941406
-0.582031
-0.652344
0.753876
0.433563
0.933563
-0.613281
-0.855469
0.996063
-0.894531
0.886688
0.582001
0.855438
-0.714844
-0.691406
-0.824219
-0.941406
0.746063
0.449188
0.996063
-0.246094
-0.464844
0.777313
0.488251
0.800751
-0.730469
-0.402344
-0.707031
0.582001
0.535126
-0.761719
-0.339844
-0.738281
0.730438
0.597626
0.894501
-0.667969
-0.628906
0.964813
0.808563
-0.917969
-0.980469
0.738251
-0.902344
-0.425781
-0.941406
0.394501
0.855438
-0.371094
-0.730469
0.628876
0.839813
-0.675781
-0.847656
0.660126
0.691376
-0.738281
-0.472656
-0.902344
0.636688
0.691376
0.917938
-0.957031
-0.777344
-0.707031
0.964813
0.683563
0.863251
-0.957031
-0.980469
-0.902344
-0.878906
0.847626
0.769501
-0.910156
-0.785156
0.847626
0.683563
0.988251
-0.824219
-0.902344
0.910126
0.753876
0.871063
-0.863281
-0.863281
0.863251
0.722626
0.980438
-0.824219
-0.957031
0.808563
0.855438
-0.964844
-0.972656
0.917938
0.941376
-0.972656
0.964813
0.910126
-0.941406
-0.996094
0.855438
0.941376
-0.894531
-0.964844
0.910126
0.832001
0.800751
0.964813
-0.699219
-0.746094
0.707001
0.425751
0.972626
-0.472656
-0.777344
0.636688
0.699188
-0.785156
-0.691406
0.910126
0.761688
-0.996094
-0.792969
-0.941406
0.902313
0.949188
-0.894531
-0.902344
0.917938
0.902313
-0.761719
-0.660156
0.933563
0.621063
0.816376
-0.628906
-0.519531
0.972626
0.660126
0.980438
-0.785156
-0.871094
0.996063
-0.949219
-0.824219
-0.707031
-0.988281
0.527313
0.777313
-0.308594
-0.152344
0.878876
0.191376
0.707001
-0.488281
-0.433594
-0.878906
0.917938
0.910126
0.839813
0.855438
-0.910156
-0.808594
-0.785156
-0.574219
-0.871094
0.292938
0.316376
-0.417969
0.152344
-0.949219
0.0663757
0.605438
-0.324219
-0.433594
0.691376
0.550751
-0.902344
-0.660156
-0.761719
-0.964844
0.660126
0.496063
0.972626
-0.394531
-0.441406
0.792938
0.277313
0.792938
-0.394531
-0.566406
0.621063
0.613251
-0.738281
-0.613281
0.894501
0.644501
0.957001
-0.675781
-0.746094
0.816376
0.542938
0.824188
-0.816406
-0.863281
0.886688
-0.996094
-0.832031
0.863251
0.582001
-0.886719
-0.394531
-0.972656
0.261688
0.652313
-0.363281
-0.292969
0.683563
0.105438
0.808563
-0.464844
-0.816406
0.675751
0.964813
-0.910156
0.652313
0.566376
-0.777344
-0.253906
-0.675781
0.402313
0.378876
-0.777344
-0.472656
-0.902344
0.957001
-0.996094
0.675751
0.667938
-0.597656
-0.300781
0.894501
0.386688
-0.988281
-0.410156
-0.800781
0.660126
0.792938
-0.824219
-0.644531
-0.675781
0.988251
0.761688
0.972626
-0.785156
-0.816406
0.988251
0.910126
0.902313
-0.777344
-0.535156
-0.988281
0.472626
0.855438
-0.511719
-0.644531
0.707001
0.761688
-0.644531
-0.746094
0.613251
0.753876
-0.597656
-0.730469
0.714813
0.894501
-0.824219
0.964813
-0.980469
-0.660156
0.996063
0.574188
0.988251
-0.589844
0.996063
0.582001
0.957001
-0.644531
-0.808594
0.832001
0.683563
0.847626
-0.816406
-0.707031
-0.996094
0.871063
0.949188
0.996063
-0.988281
0.949188
0.816376
0.886688
-0.753906
-0.582031
-0.910156
0.535126
0.394501
-0.996094
-0.285156
-0.542969
0.621063
0.425751
-0.917969
-0.644531
-0.832031
0.941376
0.816376
0.738251
-0.972656
-0.496094
-0.550781
0.605438
0.261688
-0.964844
-0.175781
-0.480469
0.761688
0.519501
0.636688
0.972626
-0.449219
-0.402344
0.769501
0.457001
-0.949219
-0.722656
0.824188
0.894501
-0.496094
-0.589844
0.800751
0.652313
0.847626
-0.917969
-0.527344
-0.394531
-0.871094
0.402313
0.292938
0.972626
-0.214844
-0.246094
0.941376
0.363251
0.621063
-0.988281
-0.691406
-0.667969
-0.699219
0.964813
0.511688
0.714813
-0.597656
-0.480469
0.925751
0.558563
0.941376
-0.519531
-0.644531
0.605438
0.472626
-0.683594
-0.246094
0.753876
0.191376
-0.792969
0.0351562
-0.996094
0.0663757
0.847626
-0.339844
-0.777344
0.605438
0.792938
-0.761719
-0.722656
-0.972656
0.808563
0.699188
0.855438
-0.574219
-0.324219
0.839813
0.121063
0.800751
-0.292969
-0.605469
0.707001
0.871063
-0.660156
-0.949219
0.410126
0.613251
-0.503906
-0.308594
-0.996094
0.550751
0.667938
0.832001
-0.800781
-0.574219
-0.847656
0.886688
0.886688
0.667938
0.589813
-0.722656
-0.0898438
-0.902344
0.113251
0.472626
-0.730469
-0.292969
-0.386719
0.910126
0.136688
0.417938
-0.394531
-0.0429688
-0.996094
0.324188
0.832001
-0.488281
-0.652344
0.636688
0.542938
-0.691406
-0.511719
0.636688
0.480438
-0.683594
-0.503906
0.761688
0.472626
0.957001
-0.621094
-0.597656
-0.917969
0.855438
0.886688
0.972626
-0.925781
-0.878906
-0.933594
0.980438
-0.910156
-0.792969
0.863251
0.636688
-0.816406
-0.441406
-0.871094
0.667938
0.847626
-0.933594
0.964813
-0.886719
-0.589844
-0.886719
0.667938
0.824188
-0.722656
-0.871094
0.785126
-0.996094
-0.535156
-0.644531
0.808563
0.582001
0.753876
-0.894531
-0.441406
-0.410156
0.847626
0.222626
0.652313
-0.519531
-0.371094
-0.871094
0.746063
0.746063
0.941376
-0.917969
-0.785156
-0.816406
0.988251
0.769501
0.730438
-0.800781
-0.363281
-0.988281
0.269501
0.816376
-0.363281
-0.707031
0.636688
0.957001
-0.628906
0.917938
0.496063
0.972626
-0.558594
-0.769531
0.886688
0.839813
0.902313
0.964813
0.996063
0.949188
-0.925781
-0.667969
-0.839844
0.605438
0.582001
-0.683594
-0.402344
0.769501
0.238251
-0.847656
-0.0820312
-0.894531
0.316376
0.667938
-0.652344
-0.605469
-0.925781
0.824188
0.730438
0.871063
-0.902344
-0.738281
-0.660156
-0.886719
0.621063
0.464813
0.941376
-0.535156
-0.535156
-0.964844
0.589813
0.597626
0.996063
-0.753906
-0.644531
-0.730469
0.988251
0.628876
0.660126
-0.996094
-0.574219
-0.386719
-0.902344
0.417938
0.503876
-0.816406
-0.488281
-0.753906
0.957001
0.832001
0.792938
-0.933594
-0.769531
-0.941406
0.917938
0.949188
-0.910156
-0.769531
-0.839844
0.746063
0.582001
-0.746094
-0.214844
-0.808594
0.324188
0.535126
-0.441406
-0.378906
0.738251
0.542938
-0.597656
-0.527344
0.558563
0.386688
-0.667969
-0.113281
-0.753906
0.371063
0.503876
-0.792969
-0.628906
-0.800781
-0.863281
0.894501
0.464813
0.792938
-0.457031
-0.425781
0.925751
0.410126
0.628876
-0.660156
-0.347656
-0.816406
0.574188
0.605438
-0.996094
-0.722656
-0.792969
-0.988281
0.925751
0.972626
0.894501
0.824188
0.957001
-0.777344
-0.777344
0.941376
0.808563
0.957001
-0.980469
0.941376
0.878876
-0.816406
-0.597656
0.777313
0.144501
-0.996094
0.105469
-0.597656
0.339813
0.683563
-0.691406
-0.761719
-0.988281
0.949188
-0.996094
-0.808594
-0.964844
0.792938
0.957001
-0.839844
0.980438
0.824188
0.996063
-0.988281
0.878876
-0.777344
-0.488281
0.964813
0.535126
0.792938
-0.910156
-0.707031
-0.410156
-0.714844
0.597626
0.519501
-0.980469
-0.691406
-0.761719
-0.894531
-0.996094
-0.988281
-0.941406
0.925751
0.863251
-0.980469
-0.636719
-0.746094
0.933563
0.855438
0.902313
0.972626
-0.785156
-0.636719
0.933563
0.605438
-0.894531
-0.488281
-0.925781
0.636688
0.894501
-0.722656
-0.777344
0.941376
0.957001
-0.871094
-0.832031
0.988251
0.746063
0.878876
-0.511719
-0.449219
0.691376
0.207001
-0.949219
-0.0273438
-0.550781
0.371063
0.441376
-0.855469
-0.605469
-0.699219
-0.777344
0.957001
0.511688
0.722626
-0.621094
-0.441406
-0.980469
0.542938
0.824188
-0.792969
-0.832031
0.972626
0.972626
0.996063
0.996063
0.980438
0.894501
-0.996094
-0.722656
-0.847656
0.628876
0.621063
-0.855469
-0.558594
-0.714844
0.839813
0.433563
0.683563
-0.589844
-0.527344
0.824188
0.746063
-0.855469
-0.886719
0.839813
0.785126
-0.988281
-0.613281
-0.746094
0.597626
0.535126
-0.667969
-0.457031
0.777313
0.480438
-0.941406
-0.535156
-0.800781
0.738251
0.691376
-0.980469
-0.769531
-0.910156
0.996063
0.878876
0.769501
-0.886719
-0.621094
-0.972656
0.675751
0.910126
-0.753906
-0.886719
0.910126
-0.996094
-0.847656
-0.933594
0.957001
0.871063
0.761688
-0.949219
-0.339844
-0.433594
0.566376
0.128876
0.988251
-0.175781
-0.464844
0.863251
0.699188
0.855438
-0.996094
-0.691406
-0.472656
-0.972656
0.582001
0.933563
-0.605469
-0.824219
0.933563
-0.996094
-0.925781
-0.941406
-0.949219
0.996063
0.980438
-0.855469
-0.894531
0.808563
0.902313
-0.597656
-0.519531
0.800751
0.363251
0.878876
-0.449219
-0.675781
0.738251
0.878876
-0.628906
-0.910156
0.589813
0.738251
-0.691406
-0.589844
0.933563
0.792938
-0.925781
-0.933594
0.824188
0.832001
-0.917969
-0.691406
-0.878906
0.707001
0.761688
-0.816406
-0.847656
0.855438
-0.980469
-0.816406
0.941376
0.769501
0.863251
-0.863281
-0.816406
-0.964844
0.753876
0.738251
-0.941406
-0.816406
-0.800781
-0.800781
0.949188
0.636688
0.769501
-0.847656
-0.722656
-0.683594
-0.816406
0.816376
0.472626
0.582001
-0.761719
-0.324219
-0.535156
0.472626
0.121063
-0.855469
-0.152344
-0.910156
0.472626
-0.980469
-0.660156
0.886688
0.949188
-0.597656
-0.941406
0.503876
0.925751
-0.308594
-0.589844
0.714813
0.800751
-0.738281
-0.800781
0.800751
0.902313
-0.699219
-0.574219
-0.847656
0.769501
0.691376
0.996063
-0.589844
-0.613281
-0.957031
0.941376
0.933563
0.871063
-0.988281
-0.730469
-0.675781
-0.957031
0.761688
0.988251
-0.730469
-0.902344
0.839813
-0.988281
-0.660156
-0.839844
0.847626
0.738251
0.980438
-0.730469
-0.675781
-0.910156
0.746063
0.699188
-0.988281
-0.621094
-0.644531
0.902313
0.660126
0.855438
-0.996094
-0.925781
-0.808594
-0.808594
-0.996094
0.847626
0.753876
0.832001
-0.832031
-0.660156
-0.917969
0.746063
0.785126
-0.996094
-0.886719
-0.878906
0.964813
0.886688
-0.863281
-0.878906
0.714813
0.644501
-0.917969
-0.636719
-0.730469
0.925751
0.566376
0.613251
-0.769531
-0.457031
-0.925781
0.652313
0.871063
-0.886719
0.980438
0.910126
-0.808594
-0.808594
0.824188
0.714813
-0.941406
-0.722656
-0.871094
0.910126
0.855438
-0.933594
-0.910156
0.894501
0.871063
-0.917969
-0.746094
-0.699219
-0.996094
0.433563
0.425751
-0.730469
-0.0820312
-0.597656
0.457001
0.316376
-0.933594
-0.449219
-0.636719
-0.996094
0.800751
0.785126
-0.964844
-0.722656
-0.714844
-0.964844
0.832001
0.925751
-0.878906
-0.824219
-0.894531
0.972626
0.957001
-0.980469
0.917938
-0.980469
-0.667969
-0.816406
0.777313
0.863251
-0.800781
-0.832031
-0.996094
0.980438
-0.996094
0.996063
-0.917969
-0.800781
-0.910156
0.847626
0.816376
-0.910156
-0.660156
-0.824219
0.714813
0.636688
-0.925781
-0.574219
-0.839844
0.808563
0.886688
-0.894531
0.988251
0.941376
-0.847656
-0.847656
-0.988281
-0.980469
0.980438
0.917938
0.996063
-0.941406
-0.933594
-0.800781
-0.871094
0.800751
0.691376
0.925751
-0.753906
-0.621094
-0.855469
0.675751
0.699188
-0.839844
-0.660156
-0.941406
0.941376
-0.996094
0.855438
0.746063
-0.972656
-0.644531
-0.863281
0.746063
0.800751
-0.878906
-0.800781
-0.816406
-0.871094
0.871063
0.613251
0.957001
-0.425781
-0.433594
0.925751
0.566376
0.660126
0.878876
-0.863281
-0.566406
-0.753906
0.886688
0.660126
0.988251
-0.613281
-0.785156
0.644501
0.464813
-0.957031
-0.394531
-0.621094
0.644501
0.441376
0.917938
-0.613281
-0.527344
-0.753906
0.964813
0.769501
0.714813
0.871063
-0.714844
-0.511719
-0.785156
0.542938
0.355438
-0.816406
-0.253906
-0.707031
0.652313
0.683563
-0.980469
-0.816406
-0.988281
0.988251
-0.878906
-0.753906
-0.980469
0.863251
0.746063
0.675751
0.925751
-0.457031
-0.363281
-0.964844
0.683563
0.800751
0.910126
-0.949219
-0.714844
-0.574219
-0.753906
0.792938
0.441376
0.785126
-0.707031
-0.738281
-0.863281
-0.691406
-0.894531
0.582001
0.699188
-0.707031
-0.707031
0.917938
0.847626
0.996063
-0.824219
-0.753906
-0.925781
0.894501
0.902313
0.996063
-0.964844
-0.917969
-0.933594
-0.949219
-0.910156
-0.980469
0.855438
0.957001
-0.699219
-0.691406
-0.988281
0.800751
0.855438
0.902313
-0.847656
-0.574219
-0.777344
0.738251
0.769501
-0.683594
-0.628906
0.957001
0.933563
-0.886719
0.933563
0.699188
0.933563
-0.839844
-0.949219
0.933563
-0.902344
-0.816406
0.964813
0.839813
-0.925781
-0.832031
-0.863281
-0.800781
-0.980469
0.730438
0.800751
-0.910156
-0.792969
-0.832031
-0.964844
0.777313
0.707001
-0.933594
-0.457031
-0.730469
0.621063
0.386688
0.949188
0.498286
0.499143
0.500001
