-0.933594
-0.972656
-0.988281
-0.949219
-0.0897827
0.480682
-0.99585
-0.99585
-0.99585
-0.99585
-0.99585
-0.99585
-0.99585
0.941559
-0.99585
0.519653
-0.808838
-0.808838
-0.808838
-0.785065
-0.99585
-0.99585
-0.79306
-0.808838
-0.808838
-0.75415
0.308502
0.644531
0.753754
-0.808838
-0.808838
-0.6604
-0.285278
0.800812
0.394623
-0.941345
0.683533
-0.230591
-0.894653
-0.371185
0.503815
-0.566528
0.363098
0.167755
0.144318
-0.371246
0.70694
-0.582031
0.707031
0.949188
-0.214905
0.878784
0.675659
0.152252
0.433533
-0.285187
0.535095
-0.10556
0.683472
0.597534
-0.94931
-0.160248
0.558502
0.83194
0.714752
0.605377
0.628815
0.636627
0.683502
0.691315
0.839752
-0.808655
-0.13678
0.871033
0.550751
0.972656
0.222717
0.214966
0.136902
0.84787
-0.99585
-0.99585
-0.99585
0.535339
0.629028
0.44928
0.433594
-0.941437
0.480377
0.722534
-0.0977783
0.410034
-0.66806
0.746002
0.574158
0.269501
-0.496094
0.441406
-0.957001
-0.957001
0.0898438
0.417938
0.683533
-0.753967
0.691315
-0.23053
-0.269562
-0.902344
-0.386719
-0.199219
-0.699219
-0.144562
0.722595
-0.308624
0.292969
-0.667938
-0.761719
0.621033
0.542908
-0.0117493
0.394501
-0.519562
-0.964874
-0.316437
0.0976257
-0.425812
-0.441437
-0.949219
0.605469
0.457031
-0.933594
0.0116882
0.0429382
0.574188
0.800751
0.527313
-0.0586243
-0.808624
0.777283
0.972595
-0.628937
-0.558624
-0.910187
0.449158
-0.535217
-0.957092
-0.277405
0.871033
-0.488312
-0.808624
-0.988312
-0.152374
-0.941406
-0.175781
0.238281
0.597656
0.871094
0.800781
0.769531
-0.996063
-0.933563
0.628906
0.0976562
-0.214844
-0.472656
0.941376
0.253876
0.191376
0.800751
-0.472656
0.0898438
0.558594
0.449219
-0.167969
-0.136719
0.746094
-0.378876
-0.0663757
-0.660126
0.0664062
-0.628906
-0.0976562
0.886719
-0.863251
0.652344
0.386719
0.832031
-0.746063
-0.878876
0.753906
0.488281
0.496094
0.738281
0.800781
-0.128906
0.472626
0.0898132
-0.816406
0.542969
0.949219
0.550781
0.308594
0.972656
0.128937
0.730499
0.261749
-0.886688
-0.0507812
-0.902344
0.582001
0.425751
0.746063
-0.761719
-0.464844
-0.183594
0.261719
0.597656
0.558594
0.121094
-0.441406
0.886688
0.222626
-0.0820618
0.183563
0.582001
0.722626
0.707001
0.933563
-0.660156
-0.238281
-0.105469
-0.300781
-0.488281
-0.675781
-0.972656
0.636688
0.511688
0.707001
0.808563
0.628876
0.480438
0.519501
0.605438
0.597626
0.605438
0.589813
0.542938
0.621063
0.792938
0.917938
0.996063
-0.980469
-0.847656
-0.746094
-0.800781
-0.996094
0.722626
0.605438
0.824188
-0.714844
-0.433594
-0.511719
-0.761719
-0.824219
-0.730469
-0.800781
-0.996094
0.894501
-0.917969
-0.550781
-0.410156
-0.613281
-0.699219
-0.597656
-0.386719
-0.339844
-0.308594
-0.128906
0.175781
0.433594
0.441406
0.222656
-0.0585938
-0.167969
-0.105469
0.0585938
0.144531
0.0742188
-0.0742188
-0.175781
-0.0664062
0.128906
0.191406
0.214844
0.144531
0.0664062
-0.0742188
-0.0898438
0.0898438
0.222656
0.199219
-0.0351562
-0.308594
-0.308594
-0.105469
0.0664062
0.0195312
-0.167969
-0.292969
-0.292969
-0.0898438
0.183594
0.347656
0.121094
-0.191406
-0.527344
-0.808594
-0.855469
-0.691406
-0.644531
-0.777344
-0.925781
-0.949219
-0.761719
-0.511719
-0.394531
-0.582031
-0.886719
0.917938
0.996063
-0.933594
-0.894531
-0.972656
-0.996094
0.949188
0.972626
0.980438
0.988251
-0.957031
-0.941406
-0.996094
0.824188
0.753876
0.792938
0.964813
-0.996094
-0.996094
0.902313
0.769501
0.800751
0.722626
0.824188
0.957001
0.894501
0.761688
0.675751
0.691376
0.761688
0.902313
0.988251
-0.996094
0.871063
0.753876
0.691376
0.714813
0.824188
0.980438
-0.878906
-0.878906
0.996063
0.917938
0.964813
-0.847656
-0.878906
-0.925781
-0.972656
0.941376
0.902313
0.980438
-0.980469
-0.902344
-0.839844
-0.792969
-0.808594
-0.792969
-0.808594
-0.699219
-0.605469
-0.746094
-0.894531
-0.941406
-0.949219
-0.925781
-0.855469
-0.800781
-0.761719
-0.777344
-0.738281
-0.738281
-0.691406
-0.753906
-0.832031
-0.910156
-0.886719
-0.878906
-0.886719
-0.871094
-0.886719
-0.839844
-0.816406
-0.839844
-0.824219
-0.839844
-0.832031
-0.832031
-0.785156
-0.730469
-0.746094
-0.800781
-0.847656
-0.824219
-0.785156
-0.761719
-0.746094
-0.746094
-0.808594
-0.855469
-0.871094
-0.832031
-0.816406
-0.863281
-0.894531
-0.941406
-0.933594
-0.894531
-0.894531
-0.878906
-0.894531
-0.957031
-0.980469
-0.949219
-0.902344
-0.917969
-0.894531
-0.886719
-0.878906
-0.855469
-0.871094
-0.894531
-0.878906
-0.878906
-0.933594
-0.949219
-0.925781
-0.910156
-0.894531
-0.847656
-0.847656
-0.886719
-0.933594
-0.933594
-0.847656
-0.808594
-0.824219
-0.863281
-0.925781
-0.910156
-0.878906
-0.917969
-0.902344
-0.972656
-0.996094
0.996063
-0.957031
-0.917969
-0.894531
-0.878906
-0.894531
-0.910156
-0.886719
-0.902344
-0.925781
-0.910156
-0.910156
-0.964844
-0.996094
0.980438
-0.988281
-0.949219
-0.902344
-0.910156
-0.941406
-0.933594
-0.941406
-0.933594
-0.878906
-0.863281
-0.871094
-0.902344
-0.949219
-0.941406
-0.980469
-0.964844
-0.925781
-0.925781
-0.949219
-0.988281
-0.972656
-0.980469
-0.964844
0.972626
0.964813
0.964813
0.917938
0.917938
0.894501
0.957001
0.964813
0.996063
-0.996094
0.996063
0.988251
0.941376
0.941376
0.933563
0.964813
0.917938
0.886688
0.894501
0.871063
0.910126
0.964813
0.980438
0.988251
0.957001
0.941376
0.957001
0.910126
0.894501
0.925751
0.972626
0.996063
0.996063
0.964813
0.949188
0.933563
0.925751
0.902313
0.902313
0.910126
0.933563
0.957001
0.972626
0.941376
0.941376
0.949188
0.949188
0.964813
0.996063
0.964813
0.957001
0.964813
0.964813
0.933563
0.957001
0.972626
0.980438
0.980438
-0.996094
0.988251
-0.972656
-0.980469
-0.988281
0.996063
0.996063
0.988251
0.972626
0.964813
0.941376
0.925751
0.957001
-0.988281
-0.964844
-0.957031
-0.996094
-0.996094
-0.988281
-0.964844
-0.980469
-0.972656
-0.972656
-0.957031
-0.925781
-0.941406
-0.996094
0.949188
0.933563
0.980438
0.972626
0.996063
0.917938
-0.972656
-0.878906
-0.980469
0.996063
-0.964844
-0.949219
-0.972656
-0.988281
-0.988281
0.996063
-0.996094
-0.949219
-0.902344
-0.925781
-0.957031
-0.988281
0.996063
-0.996094
-0.980469
0.996063
-0.996094
0.988251
0.988251
0.996063
-0.988281
0.988251
-0.980469
-0.972656
-0.957031
-0.964844
-0.980469
-0.996094
-0.980469
0.988251
0.988251
-0.996094
-0.980469
-0.996094
-0.988281
-0.980469
-0.996094
0.996063
-0.996094
-0.964844
-0.980469
0.988251
0.996063
-0.996094
-0.996094
-0.996094
-0.996094
-0.996094
-0.996094
-0.957031
-0.964844
-0.996094
-0.972656
-0.941406
-0.949219
-0.964844
-0.964844
-0.933594
-0.941406
-0.949219
-0.972656
-0.980469
-0.980469
-0.941406
-0.941406
-0.941406
-0.941406
-0.964844
-0.996094
-0.972656
-0.949219
-0.964844
-0.957031
-0.988281
0.972626
0.972626
-0.972656
-0.980469
-0.996094
0.972626
0.964813
0.980438
0.980438
0.988251
0.988251
0.957001
0.941376
0.964813
0.996063
0.996063
0.957001
0.964813
0.949188
0.972626
0.972626
0.972626
0.988251
0.972626
0.980438
-0.988281
0.988251
0.988251
0.980438
0.972626
0.980438
0.941376
0.957001
0.972626
0.980438
0.949188
0.957001
0.933563
0.910126
0.917938
0.894501
0.902313
0.917938
0.933563
0.910126
0.949188
0.925751
0.941376
0.917938
0.910126
0.933563
0.988251
0.988251
0.925751
0.925751
0.941376
0.941376
0.941376
0.941376
0.996063
0.964813
0.957001
0.964813
-0.996094
0.980438
0.996063
-0.988281
-0.972656
-0.996094
0.996063
-0.988281
-0.972656
-0.980469
0.996063
-0.964844
-0.972656
-0.988281
0.988251
-0.980469
0.996063
-0.957031
-0.957031
-0.949219
-0.933594
-0.941406
-0.957031
-0.917969
-0.941406
-0.941406
-0.957031
-0.957031
-0.957031
-0.957031
-0.996094
-0.980469
-0.996094
-0.988281
-0.972656
-0.996094
-0.964844
-0.941406
-0.925781
-0.957031
-0.980469
-0.996094
-0.988281
-0.894531
-0.996094
0.972626
-0.964844
-0.980469
-0.988281
-0.972656
-0.972656
-0.996094
0.988251
-0.996094
0.996063
-0.996094
-0.980469
0.996063
0.972626
0.980438
0.972626
0.964813
0.964813
0.941376
0.949188
0.949188
0.957001
0.972626
0.964813
0.980438
0.980438
0.902313
0.847626
0.800751
0.894501
-0.972656
-0.996094
0.933563
0.988251
0.917938
0.894501
-0.996094
0.957001
0.972626
0.980438
0.972626
-0.996094
0.988251
0.972626
0.972626
0.949188
0.941376
0.933563
0.910126
0.941376
0.964813
-0.996094
-0.996094
0.988251
0.957001
0.949188
0.972626
-0.964844
-0.972656
0.988251
0.957001
0.972626
-0.996094
-0.988281
-0.917969
-0.917969
-0.964844
-0.957031
-0.933594
-0.933594
-0.941406
-0.949219
-0.949219
-0.941406
-0.972656
-0.941406
-0.933594
-0.949219
-0.910156
-0.941406
-0.941406
-0.917969
-0.910156
-0.933594
-0.957031
-0.957031
-0.902344
-0.863281
-0.894531
-0.972656
-0.972656
-0.996094
0.988251
-0.972656
-0.941406
-0.933594
-0.964844
-0.972656
-0.996094
-0.996094
-0.957031
-0.957031
-0.949219
-0.996094
-0.996094
-0.980469
-0.964844
-0.964844
-0.957031
-0.980469
-0.980469
-0.996094
-0.988281
-0.964844
-0.972656
-0.996094
0.957001
0.964813
-0.996094
0.988251
0.957001
0.980438
0.957001
0.988251
0.980438
0.972626
0.957001
0.964813
0.941376
0.957001
0.980438
0.972626
0.957001
0.933563
0.902313
0.941376
0.957001
0.949188
0.941376
0.933563
0.941376
0.964813
0.957001
0.933563
0.933563
0.925751
0.972626
0.957001
0.964813
0.933563
0.964813
0.972626
0.972626
0.964813
0.957001
0.949188
0.933563
0.941376
0.980438
0.996063
0.957001
0.917938
0.957001
-0.972656
-0.980469
0.925751
0.871063
0.957001
-0.933594
-0.949219
0.949188
0.855438
0.871063
0.996063
-0.910156
-0.933594
0.957001
0.941376
-0.972656
-0.894531
-0.933594
-0.980469
-0.917969
-0.855469
-0.972656
0.902313
0.964813
-0.925781
-0.949219
-0.949219
-0.808594
-0.957031
0.816376
-0.972656
-0.636719
-0.792969
0.894501
0.902313
0.980438
-0.972656
-0.761719
-0.699219
0.996063
0.902313
-0.996094
0.988251
-0.878906
-0.542969
-0.691406
0.691376
0.613251
-0.808594
-0.566406
-0.996094
0.777313
-0.988281
-0.738281
-0.769531
0.972626
0.832001
0.972626
-0.816406
-0.839844
-0.964844
-0.964844
0.980438
0.972626
-0.785156
-0.925781
0.667938
0.894501
-0.574219
-0.769531
0.683563
0.902313
-0.722656
-0.957031
0.832001
0.996063
0.964813
0.894501
-0.832031
-0.683594
0.800751
0.449188
0.730438
-0.800781
-0.542969
-0.800781
0.707001
0.675751
0.863251
-0.972656
-0.746094
-0.847656
0.707001
0.777313
-0.847656
-0.863281
0.925751
0.933563
0.777313
0.542938
0.894501
-0.488281
-0.683594
0.558563
0.363251
-0.949219
-0.378906
-0.761719
0.613251
0.550751
0.964813
-0.738281
-0.699219
-0.941406
0.597626
0.425751
-0.832031
0.0117188
-0.652344
0.00387573
0.339813
-0.378906
-0.222656
-0.949219
0.746063
0.910126
0.894501
0.863251
-0.941406
-0.628906
-0.644531
0.949188
0.574188
0.855438
-0.675781
-0.769531
0.816376
0.980438
-0.660156
-0.878906
0.800751
0.902313
-0.847656
-0.816406
0.980438
-0.980469
-0.589844
-0.738281
0.558563
0.464813
-0.628906
-0.285156
-0.910156
0.761688
-0.980469
-0.949219
0.785126
0.871063
-0.753906
-0.566406
-0.769531
0.769501
0.566376
0.863251
-0.644531
-0.457031
-0.746094
0.675751
0.457001
0.902313
-0.667969
-0.675781
-0.925781
-0.996094
0.925751
0.691376
0.714813
-0.816406
-0.589844
-0.894531
0.824188
0.808563
0.871063
0.878876
0.949188
-0.863281
-0.769531
0.894501
0.511688
0.777313
-0.691406
-0.738281
0.792938
0.800751
-0.933594
0.933563
0.792938
-0.824219
-0.550781
0.949188
0.410126
0.738251
-0.628906
-0.574219
0.925751
0.714813
0.871063
0.964813
0.925751
-0.894531
-0.644531
-0.824219
0.730438
0.503876
0.832001
-0.582031
-0.457031
0.988251
0.589813
0.878876
-0.777344
0.980438
0.746063
-0.832031
-0.441406
-0.933594
0.363251
0.613251
-0.566406
-0.496094
0.996063
0.855438
-0.964844
-0.964844
0.871063
0.925751
-0.691406
-0.714844
0.761688
0.667938
-0.769531
-0.730469
0.792938
0.996063
-0.488281
-0.925781
0.480438
0.886688
-0.402344
-0.550781
0.800751
0.613251
0.957001
-0.660156
-0.769531
0.863251
0.957001
-0.558594
-0.855469
0.355438
0.535126
-0.496094
-0.339844
0.871063
0.582001
-0.910156
-0.628906
0.957001
0.449188
0.824188
-0.433594
-0.519531
0.980438
0.824188
0.714813
0.589813
-0.878906
-0.277344
-0.613281
0.574188
0.535126
-0.988281
-0.894531
-0.910156
-0.667969
-0.777344
0.574188
0.488251
-0.832031
-0.519531
-0.824219
0.980438
0.800751
0.339813
0.652313
-0.355469
-0.0976562
0.792938
0.0116882
0.636688
-0.378906
-0.292969
-0.925781
0.519501
0.535126
0.964813
-0.660156
-0.542969
-0.792969
0.832001
0.722626
0.746063
0.832001
-0.730469
-0.410156
-0.996094
0.457001
0.832001
-0.746094
0.902313
0.816376
-0.667969
-0.457031
0.957001
0.308563
0.269501
-0.871094
0.105469
-0.113281
0.488251
-0.261749
0.644501
-0.214844
-0.207031
-0.910156
0.441376
0.316376
-0.925781
-0.160156
-0.644531
0.292938
0.566376
-0.457031
-0.496094
0.589813
0.402313
-0.738281
-0.199219
-0.753906
0.558563
0.511688
-0.996094
-0.582031
-0.699219
0.855438
0.824188
-0.785156
-0.738281
0.761688
0.527313
0.988251
-0.363281
-0.339844
0.847626
0.0585632
0.503876
-0.152344
0.0351562
0.769501
0.308563
0.925751
-0.707031
0.988251
0.839813
-0.636719
-0.667969
0.785126
0.503876
-0.878906
-0.636719
0.855438
0.910126
-0.574219
-0.808594
0.527313
0.613251
-0.863281
-0.691406
-0.707031
-0.871094
0.558563
0.496063
-0.761719
-0.488281
-0.917969
0.917938
-0.933594
0.628876
0.457001
-0.652344
-0.214844
-0.871094
0.574188
0.644501
0.972626
-0.808594
-0.847656
-0.871094
-0.863281
0.832001
0.738251
0.988251
-0.925781
0.964813
-0.925781
-0.816406
-0.980469
0.910126
0.800751
0.714813
-0.855469
-0.339844
-0.839844
0.378876
0.746063
-0.660156
-0.902344
0.925751
-0.777344
-0.886719
0.597626
0.636688
-0.769531
-0.410156
-0.746094
0.496063
0.457001
-0.816406
-0.535156
-0.800781
-0.996094
0.894501
0.589813
0.792938
-0.519531
-0.308594
-0.964844
0.410126
0.542938
-0.816406
-0.371094
-0.699219
0.597626
0.660126
-0.730469
-0.707031
0.957001
0.964813
-0.902344
0.941376
0.824188
-0.910156
-0.527344
-0.636719
0.871063
0.574188
0.691376
-0.707031
-0.417969
-0.839844
0.605438
0.808563
-0.714844
0.941376
0.613251
-0.769531
-0.300781
-0.855469
0.488251
0.582001
-0.871094
-0.566406
-0.636719
-0.886719
0.730438
0.535126
0.910126
-0.511719
-0.597656
0.816376
0.519501
0.808563
-0.558594
-0.386719
0.800751
0.253876
0.933563
-0.324219
-0.605469
0.660126
0.550751
0.996063
-0.714844
-0.792969
-0.894531
0.957001
0.628876
0.660126
-0.792969
-0.488281
0.980438
0.644501
0.972626
0.964813
0.550751
-0.964844
-0.128906
-0.660156
0.394501
0.511688
-0.863281
-0.660156
-0.863281
-0.996094
0.949188
0.941376
0.949188
0.964813
-0.949219
-0.964844
0.925751
0.878876
0.972626
0.972626
-0.863281
-0.683594
-0.902344
0.621063
0.699188
-0.675781
-0.550781
0.980438
0.722626
-0.996094
-0.855469
0.980438
0.886688
-0.996094
-0.714844
-0.652344
0.871063
0.550751
0.957001
-0.660156
-0.839844
-0.996094
-0.886719
0.996063
0.761688
0.964813
-0.738281
-0.761719
-0.988281
0.847626
0.996063
-0.832031
-0.941406
0.902313
0.996063
-0.808594
-0.746094
0.996063
0.816376
0.996063
-0.917969
-0.933594
-0.777344
-0.808594
0.878876
0.785126
-0.910156
-0.691406
-0.839844
0.878876
0.839813
-0.980469
-0.707031
-0.691406
0.832001
0.582001
-0.863281
-0.324219
-0.777344
0.511688
0.613251
-0.714844
-0.519531
-0.964844
0.644501
0.753876
-0.707031
-0.667969
0.824188
0.699188
-0.917969
-0.683594
-0.925781
0.769501
0.730438
-0.925781
-0.644531
-0.738281
0.957001
0.683563
0.769501
-0.746094
-0.730469
0.761688
0.683563
-0.871094
-0.675781
-0.925781
0.941376
0.878876
0.738251
0.863251
-0.707031
-0.550781
0.902313
0.730438
0.972626
-0.957031
-0.972656
-0.855469
-0.996094
0.855438
-0.988281
-0.957031
-0.996094
0.941376
0.839813
-0.941406
-0.628906
-0.871094
0.574188
0.699188
-0.777344
-0.667969
-0.855469
0.941376
0.746063
0.582001
0.878876
-0.574219
-0.574219
0.933563
0.644501
0.847626
-0.808594
-0.738281
0.871063
0.824188
-0.683594
-0.761719
0.558563
0.660126
-0.566406
-0.496094
0.941376
0.722626
0.871063
-0.988281
-0.839844
-0.722656
-0.777344
0.902313
0.699188
0.910126
-0.886719
-0.824219
-0.628906
-0.878906
0.496063
0.582001
-0.605469
-0.371094
0.988251
0.558563
0.800751
-0.667969
-0.496094
0.933563
0.480438
0.886688
-0.558594
-0.730469
0.996063
-0.996094
0.863251
0.730438
-0.894531
-0.488281
-0.769531
0.761688
0.816376
-0.933594
-0.988281
-0.910156
-0.777344
0.878876
0.722626
-0.824219
-0.542969
-0.957031
0.589813
0.746063
-0.769531
-0.621094
-0.777344
0.957001
0.667938
0.777313
-0.675781
-0.535156
0.894501
0.535126
0.816376
-0.738281
-0.746094
-0.957031
0.996063
0.957001
0.800751
-0.980469
-0.628906
-0.691406
0.839813
0.558563
0.886688
-0.535156
-0.488281
0.917938
0.511688
0.839813
-0.660156
-0.847656
0.730438
0.925751
-0.761719
-0.941406
0.933563
-0.957031
0.988251
0.761688
0.917938
-0.691406
-0.527344
-0.949219
0.433563
0.464813
-0.824219
-0.300781
-0.582031
0.777313
0.519501
0.753876
-0.847656
-0.722656
-0.777344
-0.839844
0.964813
0.644501
0.714813
-0.863281
-0.699219
-0.785156
-0.832031
0.769501
0.496063
-0.996094
-0.355469
-0.566406
0.667938
0.621063
-0.910156
-0.949219
0.980438
-0.652344
-0.605469
0.847626
0.535126
0.886688
-0.644531
-0.621094
0.949188
0.621063
0.902313
-0.636719
-0.667969
0.917938
0.714813
0.917938
-0.878906
-0.855469
-0.964844
-0.917969
-0.933594
0.871063
0.925751
-0.707031
-0.878906
0.667938
0.863251
-0.558594
-0.808594
0.761688
0.792938
-0.855469
-0.894531
0.972626
0.964813
-0.902344
-0.894531
0.863251
0.628876
0.863251
-0.605469
-0.496094
0.957001
0.433563
0.667938
-0.769531
-0.714844
-0.925781
0.980438
0.839813
0.832001
-0.800781
-0.644531
0.941376
0.691376
0.988251
-0.707031
-0.925781
0.839813
0.910126
0.949188
-0.847656
-0.691406
0.871063
0.683563
0.902313
-0.589844
-0.777344
0.839813
0.847626
-0.980469
0.949188
0.972626
-0.683594
-0.707031
0.816376
0.714813
-0.972656
-0.847656
-0.886719
-0.792969
-0.933594
0.800751
0.792938
-0.902344
-0.816406
-0.847656
-0.808594
-0.972656
0.667938
0.714813
-0.785156
-0.519531
-0.910156
0.777313
0.839813
-0.949219
-0.878906
-0.863281
-0.878906
-0.964844
0.996063
0.957001
0.878876
-0.988281
-0.722656
-0.644531
-0.957031
0.644501
0.628876
-0.855469
-0.402344
-0.699219
0.636688
0.535126
-0.886719
-0.605469
-0.863281
0.917938
0.941376
0.925751
0.996063
-0.792969
-0.832031
0.785126
0.769501
-0.808594
-0.605469
-0.894531
0.722626
0.753876
-0.855469
-0.691406
-0.902344
0.949188
0.917938
0.886688
-0.910156
-0.839844
-0.949219
0.949188
0.941376
-0.980469
-0.910156
-0.933594
0.925751
0.917938
-0.988281
-0.886719
-0.863281
-0.917969
0.871063
0.824188
-0.980469
0.988251
0.878876
-0.910156
-0.761719
-0.933594
0.917938
0.925751
-0.996094
-0.871094
-0.855469
-0.839844
-0.847656
0.941376
0.769501
0.988251
-0.746094
-0.800781
-0.980469
0.957001
0.839813
0.785126
0.964813
-0.785156
-0.871094
0.925751
0.871063
0.949188
0.980438
-0.957031
-0.714844
-0.816406
0.800751
0.597626
0.785126
-0.738281
-0.425781
-0.753906
0.667938
0.488251
0.816376
-0.753906
-0.613281
-0.746094
0.996063
0.683563
0.714813
-0.894531
-0.652344
-0.769531
0.988251
0.871063
0.917938
0.996063
-0.972656
-0.824219
-0.738281
0.964813
0.675751
0.878876
-0.800781
-0.753906
-0.894531
0.863251
0.753876
0.886688
-0.769531
-0.652344
-0.863281
0.925751
0.808563
0.792938
-0.949219
-0.605469
-0.871094
0.722626
0.769501
-0.988281
-0.871094
-0.785156
-0.800781
0.949188
0.808563
0.988251
-0.738281
-0.824219
0.894501
0.839813
-0.902344
-0.722656
-0.972656
0.753876
0.847626
-0.933594
-0.824219
-0.792969
-0.871094
0.808563
0.746063
-0.878906
-0.683594
0.917938
0.699188
-0.902344
-0.628906
-0.847656
0.910126
0.855438
0.847626
-0.996094
-0.769531
-0.832031
0.917938
0.855438
0.925751
-0.972656
-0.933594
-0.855469
-0.847656
-0.941406
0.863251
0.722626
0.964813
-0.660156
-0.597656
-0.761719
0.949188
0.746063
0.800751
-0.925781
-0.746094
-0.847656
0.996063
0.917938
0.957001
-0.957031
-0.832031
-0.832031
0.925751
0.785126
0.964813
-0.769531
-0.714844
-0.910156
0.933563
0.839813
0.894501
-0.925781
-0.652344
-0.738281
0.964813
0.816376
0.902313
-0.949219
-0.871094
-0.949219
0.988251
-0.980469
-0.964844
0.498286
0.499143
0.500001
