-0.925781
-0.941406
-0.957031
-0.863281
0.957184
-0.99585
-0.99585
-0.99585
-0.99585
-0.99585
-0.99585
-0.99585
0.0275574
0.0509949
-0.99585
-0.51181
-0.808838
-0.808838
-0.933746
0.480682
-0.99585
0.152496
-0.574463
-0.808838
-0.808838
0.55838
-0.355469
-0.457062
-0.699432
-0.808838
-0.808838
0.105255
0.394501
0.183685
-0.246002
0.0429688
-0.48056
0.167816
-0.613403
-0.308685
0.722534
-0.824371
0.753693
-0.621307
-0.746277
-0.121216
-0.496124
0.972656
0.613281
-0.0351868
0.527252
0.253784
0.886597
0.95694
-0.855499
-0.800812
-0.941467
0.511597
0.105347
0.433472
-0.871185
0.0428772
0.621002
0.652252
0.48819
0.464752
0.511627
0.55069
0.566315
0.61319
0.855377
-0.628967
0.230408
-0.394562
-0.441406
0.277374
-0.0038147
0.246246
-0.0193176
-0.99585
-0.99585
-0.99585
-0.18338
-0.261566
-0.0116272
0.589874
0.988251
-0.347717
-0.652435
0.105347
-0.535278
0.0428467
-0.48056
0.0116577
0.0820007
-0.988281
-0.238281
0.785156
-0.449188
-0.574188
0.0507812
-0.128937
-0.152405
0.964752
-0.41803
-0.863312
0.832001
-0.378906
-0.886719
0.121063
-0.277374
0.277313
-0.667969
0.128906
-0.0195312
0.996063
-0.160187
-0.878937
0.972595
-0.832062
-0.402374
0.0741882
0.207001
-0.0898743
-0.167999
0.214813
0.683563
0.738251
0.636688
0.746063
-0.988281
-0.792969
-0.691406
-0.636719
-0.808594
0.566376
-0.386749
0.98822
0.386658
0.503845
-0.980499
-0.699249
-0.949249
0.285095
-0.558655
-0.863342
-0.300842
0.730408
-0.355499
0.121063
0.316376
0.566376
-0.933594
-0.160156
0.699219
-0.777313
-0.816376
0.824219
0.542969
0.503906
0.238281
0.0429688
-0.253906
-0.660156
-0.972656
0.957001
-0.949219
-0.871094
-0.824219
-0.613281
-0.144531
0.347656
0.566406
0.511719
0.425781
0.511719
0.675781
0.699219
0.550781
0.363281
0.347656
0.519531
0.738281
0.839844
0.816406
0.792969
0.714844
0.652344
0.636719
0.636719
0.566406
0.316406
-0.105469
-0.449219
-0.550781
-0.285156
0.0898438
0.355469
0.324219
0.167969
0.269531
0.613281
0.972656
-0.855438
-0.878876
0.878906
0.550781
0.277344
0.0585938
-0.144531
-0.269531
-0.371094
-0.449219
-0.496094
-0.566406
-0.472656
-0.425781
-0.503906
-0.675781
-0.847656
0.980438
0.863251
0.761688
0.707001
0.730438
0.808563
0.902313
-0.910156
-0.699219
-0.550781
-0.496094
-0.535156
-0.621094
-0.707031
-0.792969
-0.886719
0.988251
0.816376
0.652313
0.582001
0.542938
0.542938
0.613251
0.753876
0.832001
0.785126
0.738251
0.769501
0.855438
0.980438
-0.933594
-0.847656
-0.847656
-0.886719
-0.925781
-0.980469
0.988251
-0.996094
-0.925781
-0.894531
-0.792969
-0.691406
-0.675781
-0.738281
-0.863281
-0.917969
-0.800781
-0.691406
-0.667969
-0.746094
-0.816406
-0.832031
-0.722656
-0.527344
-0.332031
-0.207031
-0.144531
-0.136719
-0.121094
-0.0742188
0.0117188
0.105469
0.152344
0.128906
0.0742188
0.0507812
0.0429688
0.0117188
0.0195312
0.0195312
0.0195312
-0.0195312
-0.0195312
-0.0351562
-0.00390625
0.0195312
0.0507812
0.0429688
-0.0429688
-0.0820312
0.0273438
0.0742188
-0.00390625
-0.0351562
0.00390625
-0.0507812
-0.0351562
-0.0507812
-0.00390625
-0.00390625
-0.121094
-0.222656
-0.316406
-0.417969
-0.488281
-0.472656
-0.550781
-0.660156
-0.730469
-0.753906
-0.769531
-0.714844
-0.699219
-0.683594
-0.753906
-0.816406
-0.855469
-0.832031
-0.855469
-0.824219
-0.800781
-0.824219
-0.863281
-0.878906
-0.902344
-0.910156
-0.972656
0.964813
0.894501
0.886688
0.886688
0.855438
0.886688
0.839813
0.917938
0.863251
0.816376
0.839813
0.894501
0.886688
0.839813
0.839813
0.839813
0.855438
0.886688
0.894501
0.855438
0.847626
0.871063
0.894501
0.917938
0.925751
0.949188
0.941376
0.957001
0.972626
0.964813
0.988251
0.988251
0.972626
0.949188
0.980438
-0.988281
-0.941406
-0.925781
-0.910156
-0.917969
-0.871094
-0.917969
0.988251
-0.863281
-0.816406
-0.785156
-0.832031
-0.855469
-0.902344
-0.917969
-0.878906
-0.855469
-0.863281
-0.855469
-0.839844
-0.894531
-0.894531
-0.878906
-0.863281
-0.847656
-0.855469
-0.839844
-0.824219
-0.816406
-0.777344
-0.792969
-0.769531
-0.761719
-0.800781
-0.792969
-0.746094
-0.746094
-0.785156
-0.800781
-0.863281
-0.863281
-0.832031
-0.839844
-0.847656
-0.832031
-0.839844
-0.808594
-0.800781
-0.769531
-0.769531
-0.761719
-0.808594
-0.824219
-0.839844
-0.902344
-0.871094
-0.847656
-0.886719
-0.910156
-0.917969
-0.917969
-0.902344
-0.886719
-0.917969
-0.917969
-0.871094
-0.839844
-0.839844
-0.847656
-0.863281
-0.863281
-0.878906
-0.894531
-0.902344
-0.894531
-0.863281
-0.855469
-0.832031
-0.839844
-0.839844
-0.832031
-0.816406
-0.777344
-0.863281
-0.871094
-0.902344
-0.910156
-0.917969
-0.886719
-0.894531
-0.941406
-0.933594
-0.894531
-0.910156
-0.925781
-0.925781
-0.941406
-0.949219
-0.941406
-0.933594
-0.964844
-0.941406
-0.957031
-0.949219
-0.941406
-0.957031
-0.925781
-0.925781
-0.933594
-0.902344
-0.894531
-0.886719
-0.878906
-0.917969
-0.949219
-0.949219
-0.933594
-0.878906
-0.933594
-0.933594
-0.925781
-0.925781
-0.925781
-0.910156
-0.917969
-0.902344
-0.902344
-0.894531
-0.894531
-0.910156
-0.910156
-0.941406
-0.957031
-0.964844
-0.957031
-0.980469
-0.996094
0.996063
0.957001
0.996063
0.949188
0.863251
0.886688
0.980438
-0.964844
0.957001
0.957001
0.996063
0.996063
0.941376
0.972626
0.972626
-0.996094
0.996063
0.964813
0.996063
0.964813
0.902313
0.910126
0.933563
0.925751
0.925751
0.925751
0.941376
0.925751
0.941376
0.941376
0.949188
0.933563
0.949188
0.964813
0.949188
0.917938
0.949188
0.933563
0.949188
0.941376
0.933563
0.980438
-0.996094
0.980438
0.941376
0.972626
0.933563
0.941376
0.925751
0.925751
0.933563
0.917938
0.917938
0.933563
0.941376
0.964813
0.964813
0.980438
0.980438
0.972626
0.972626
0.988251
0.988251
0.972626
0.972626
0.972626
0.988251
-0.996094
-0.988281
-0.996094
-0.996094
-0.996094
-0.980469
-0.980469
-0.996094
-0.988281
-0.988281
-0.964844
-0.980469
-0.949219
-0.972656
-0.996094
-0.996094
0.980438
-0.996094
-0.996094
-0.996094
0.980438
0.988251
0.988251
-0.996094
-0.980469
-0.980469
-0.988281
-0.996094
-0.972656
-0.972656
-0.957031
-0.949219
-0.933594
-0.933594
-0.972656
-0.964844
-0.972656
-0.941406
-0.949219
-0.925781
-0.941406
-0.941406
-0.949219
-0.957031
-0.972656
-0.941406
-0.933594
-0.957031
-0.933594
-0.910156
-0.941406
-0.972656
-0.957031
-0.980469
-0.972656
-0.957031
-0.972656
-0.980469
-0.996094
-0.988281
-0.972656
0.996063
0.972626
0.980438
0.996063
0.988251
-0.988281
-0.996094
-0.996094
-0.972656
-0.980469
-0.988281
-0.957031
-0.933594
-0.933594
-0.964844
0.996063
-0.988281
-0.996094
-0.996094
-0.980469
-0.957031
-0.980469
-0.980469
-0.957031
-0.980469
-0.996094
-0.988281
-0.964844
-0.964844
-0.964844
-0.964844
-0.996094
0.996063
0.988251
0.980438
0.980438
0.996063
0.988251
-0.996094
0.996063
-0.996094
-0.988281
-0.996094
-0.964844
-0.996094
-0.980469
-0.996094
0.980438
0.988251
-0.980469
-0.972656
-0.964844
0.996063
0.988251
-0.996094
-0.980469
-0.996094
0.996063
0.988251
0.988251
-0.996094
-0.996094
-0.996094
0.980438
0.988251
0.972626
0.996063
0.996063
0.972626
-0.988281
0.988251
0.949188
0.980438
0.980438
0.949188
0.949188
0.949188
0.957001
0.933563
0.941376
0.941376
0.902313
0.941376
0.964813
0.980438
0.996063
0.980438
0.964813
0.925751
0.949188
0.917938
0.832001
0.839813
0.996063
-0.941406
0.964813
0.949188
-0.972656
-0.988281
0.972626
0.964813
0.988251
-0.988281
-0.964844
-0.996094
-0.988281
0.988251
0.949188
0.972626
0.972626
0.964813
0.972626
-0.996094
-0.996094
0.980438
-0.988281
-0.996094
0.988251
-0.980469
-0.972656
-0.957031
-0.949219
-0.988281
-0.964844
-0.996094
-0.996094
-0.972656
-0.996094
-0.980469
-0.964844
-0.941406
-0.996094
-0.980469
-0.941406
-0.949219
-0.964844
-0.980469
-0.988281
-0.972656
-0.980469
-0.964844
-0.949219
-0.964844
-0.949219
-0.957031
-0.980469
-0.996094
-0.996094
-0.972656
-0.941406
-0.910156
-0.933594
-0.957031
-0.996094
-0.964844
-0.980469
-0.980469
0.972626
0.988251
-0.996094
0.988251
0.996063
0.988251
0.996063
-0.996094
0.980438
0.988251
0.996063
0.964813
-0.949219
0.878876
-0.988281
-0.996094
0.902313
0.925751
0.980438
0.980438
0.980438
0.964813
0.933563
0.933563
0.957001
0.988251
0.988251
0.980438
0.949188
0.941376
0.972626
0.949188
0.957001
0.949188
-0.988281
0.949188
-0.925781
0.964813
0.941376
0.980438
0.957001
0.949188
-0.996094
-0.855469
-0.878906
0.925751
0.832001
-0.996094
-0.925781
-0.964844
-0.988281
-0.988281
0.964813
0.988251
-0.941406
-0.941406
-0.964844
0.863251
0.800751
-0.847656
-0.441406
-0.683594
0.628876
0.503876
-0.980469
-0.550781
-0.597656
-0.792969
0.800751
0.496063
0.816376
-0.464844
-0.339844
-0.996094
0.566376
0.917938
-0.621094
-0.597656
0.855438
0.605438
-0.855469
-0.378906
-0.738281
0.660126
0.722626
-0.675781
-0.707031
0.761688
0.917938
-0.589844
-0.621094
0.910126
0.730438
0.941376
-0.785156
-0.894531
0.917938
-0.855469
-0.582031
-0.996094
0.472626
0.691376
-0.683594
-0.496094
-0.902344
0.574188
0.503876
-0.792969
-0.285156
-0.847656
0.425751
0.613251
-0.878906
-0.738281
-0.863281
-0.964844
0.894501
0.722626
0.941376
0.972626
0.996063
0.996063
-0.863281
-0.878906
0.964813
0.714813
0.582001
0.792938
-0.699219
-0.449219
-0.941406
0.410126
0.410126
0.902313
-0.707031
-0.714844
-0.878906
0.746063
0.402313
0.652313
-0.691406
-0.503906
0.933563
0.402313
0.574188
-0.761719
-0.511719
0.949188
0.347626
0.503876
-0.878906
-0.605469
-0.996094
0.613251
0.691376
-0.855469
-0.667969
-0.917969
0.675751
0.792938
-0.738281
-0.644531
0.996063
0.777313
0.800751
0.925751
-0.769531
-0.683594
0.886688
0.566376
0.824188
-0.761719
-0.613281
-0.878906
0.738251
0.753876
-0.910156
-0.824219
-0.949219
-0.917969
-0.761719
0.988251
0.636688
0.847626
-0.527344
-0.394531
0.972626
0.410126
0.769501
-0.550781
-0.433594
-0.925781
0.769501
0.988251
-0.730469
-0.738281
0.980438
0.769501
-0.902344
-0.339844
-0.660156
0.574188
0.652313
-0.667969
-0.511719
-0.886719
-0.980469
0.972626
0.675751
0.777313
-0.503906
-0.160156
-0.910156
0.324188
0.433563
-0.902344
-0.363281
-0.269531
-0.871094
0.253876
0.199188
-0.683594
-0.0117188
-0.753906
0.363251
0.582001
-0.589844
-0.433594
0.839813
0.300751
0.996063
-0.261719
-0.824219
0.550751
0.847626
-0.847656
0.941376
0.957001
-0.738281
-0.847656
0.667938
0.550751
-0.871094
-0.511719
-0.996094
0.550751
0.917938
-0.746094
0.839813
0.683563
-0.800781
-0.800781
0.605438
0.722626
-0.707031
-0.855469
0.511688
0.746063
-0.363281
-0.496094
0.378876
0.238251
-0.753906
-0.277344
0.933563
0.324188
0.972626
-0.324219
-0.792969
0.457001
0.542938
-0.863281
-0.527344
-0.675781
0.910126
0.582001
0.574188
-0.894531
-0.363281
-0.503906
0.824188
0.457001
0.792938
-0.847656
-0.792969
-0.652344
-0.660156
0.675751
0.378876
-0.746094
-0.0351562
-0.957031
0.0273132
0.746063
0.0273438
-0.277344
0.574188
0.253876
0.863251
-0.464844
-0.402344
-0.957031
0.558563
0.589813
-0.933594
-0.496094
-0.613281
0.988251
0.777313
0.730438
0.863251
-0.605469
-0.292969
-0.925781
0.425751
0.597626
-0.925781
-0.519531
-0.347656
0.949188
0.0507507
0.621063
-0.0351562
-0.316406
0.394501
0.425751
-0.628906
-0.675781
0.824188
0.894501
-0.785156
-0.808594
0.808563
0.605438
0.925751
-0.621094
-0.777344
0.800751
0.769501
0.949188
-0.925781
-0.855469
-0.957031
0.761688
0.871063
-0.761719
0.949188
0.605438
-0.894531
-0.480469
0.917938
0.371063
0.871063
-0.488281
-0.917969
0.503876
-0.980469
-0.449219
0.941376
0.394501
-0.996094
-0.433594
-0.941406
0.511688
0.878876
-0.714844
-0.871094
0.886688
0.839813
-0.878906
-0.808594
0.910126
0.863251
-0.714844
-0.574219
0.964813
0.519501
0.808563
-0.535156
-0.527344
0.910126
0.691376
0.925751
0.972626
0.925751
-0.863281
-0.761719
0.925751
0.957001
-0.675781
-0.996094
0.535126
-0.824219
-0.222656
0.925751
0.355438
-0.792969
-0.355469
0.957001
0.621063
-0.878906
-0.839844
0.988251
-0.699219
-0.605469
0.683563
0.527313
-0.628906
-0.425781
0.902313
0.691376
-0.972656
-0.839844
-0.863281
-0.917969
-0.933594
0.941376
0.660126
0.816376
-0.378906
-0.230469
0.683563
0.113251
0.949188
-0.402344
-0.644531
-0.847656
-0.917969
0.597626
0.464813
-0.761719
-0.308594
-0.816406
0.878876
-0.886719
0.824188
0.316376
0.957001
0.0820312
-0.425781
0.191376
0.300751
-0.394531
-0.425781
0.410126
0.464813
-0.261719
-0.167969
0.417938
-0.199249
-0.871094
0.207031
-0.644531
0.503876
0.808563
0.871063
0.488251
-0.824219
0.0117188
-0.785156
0.136688
0.433563
-0.792969
-0.902344
-0.996094
-0.566406
-0.761719
0.550751
0.542938
-0.980469
-0.824219
-0.660156
-0.582031
0.808563
0.167938
0.652313
-0.128906
0.0117188
0.636688
-0.207062
0.660126
-0.105469
-0.214844
0.777313
0.371063
0.753876
-0.824219
-0.777344
-0.910156
0.988251
0.792938
0.847626
-0.863281
-0.894531
0.800751
-0.972656
-0.558594
-0.769531
0.550751
0.261688
-0.996094
-0.0507812
-0.394531
0.644501
0.628876
0.980438
0.707001
0.886688
-0.292969
-0.207031
0.917938
0.410126
0.730438
-0.910156
-0.933594
-0.714844
-0.371094
-0.878906
0.339813
0.691376
-0.472656
-0.824219
0.496063
-0.785156
0.00390625
-0.878906
0.253876
0.699188
-0.777344
0.996063
-0.785156
-0.199219
-0.816406
0.222626
0.410126
-0.839844
-0.292969
-0.402344
0.769501
0.183563
0.636688
-0.425781
-0.355469
0.855438
0.488251
0.878876
-0.863281
-0.675781
-0.644531
0.683563
0.121063
0.925751
0.160156
-0.152344
0.332001
-0.113312
-0.980469
-0.113281
-0.644531
0.714813
0.816376
0.894501
0.792938
0.996063
-0.566406
-0.550781
0.917938
0.433563
0.503876
-0.699219
-0.152344
-0.769531
0.441376
0.574188
-0.769531
-0.652344
0.972626
0.441376
0.691376
-0.199219
-0.175781
0.464813
-0.167999
0.816376
-0.0976562
-0.113281
-0.902344
0.511688
0.730438
0.964813
0.941376
-0.824219
-0.488281
-0.683594
0.800751
0.675751
-0.988281
-0.792969
0.769501
0.621063
-0.613281
-0.199219
0.910126
-0.0195618
0.511688
-0.167969
0.0742188
0.769501
0.222626
0.996063
-0.597656
0.996063
0.949188
-0.769531
-0.855469
0.894501
0.917938
-0.941406
-0.863281
-0.902344
0.964813
-0.902344
-0.730469
0.980438
0.503876
-0.855469
-0.300781
0.871063
0.347626
-0.738281
-0.238281
0.816376
0.253876
-0.894531
-0.0273438
-0.527344
0.324188
0.191376
-0.816406
-0.167969
-0.738281
0.597626
0.871063
-0.785156
-0.972656
0.894501
0.863251
0.730438
-0.824219
-0.175781
-0.652344
0.183563
0.0429382
-0.886719
-0.0273438
-0.488281
0.722626
0.652313
0.675751
0.714813
-0.761719
-0.363281
-0.792969
0.519501
0.542938
-0.910156
-0.691406
-0.949219
0.933563
-0.878906
0.980438
0.769501
0.917938
-0.792969
-0.753906
0.972626
0.707001
0.933563
-0.714844
-0.839844
0.800751
0.714813
0.792938
-0.886719
-0.363281
-0.863281
0.800751
0.847626
0.707001
0.636688
-0.707031
-0.238281
-0.738281
0.808563
0.621063
0.292938
0.683563
-0.0820312
0.230469
0.847626
-0.246124
0.527313
-0.160156
-0.207031
0.785126
0.457001
-0.917969
-0.722656
-0.871094
-0.941406
0.949188
0.769501
-0.988281
-0.464844
-0.800781
0.582001
0.816376
-0.652344
-0.777344
-0.839844
-0.722656
0.753876
0.449188
-0.777344
-0.183594
-0.988281
0.496063
-0.816406
-0.480469
0.746063
0.433563
-0.769531
-0.105469
-0.722656
0.292938
0.667938
-0.363281
-0.542969
0.566376
0.691376
-0.628906
-0.691406
0.988251
0.996063
-0.902344
0.957001
0.871063
0.941376
-0.832031
-0.542969
-0.808594
0.605438
0.535126
0.910126
-0.496094
-0.246094
0.980438
0.121063
0.542938
-0.449219
-0.464844
0.886688
0.746063
0.980438
-0.855469
-0.925781
0.816376
0.847626
-0.902344
-0.683594
-0.691406
0.863251
0.300751
0.574188
-0.417969
-0.214844
0.910126
0.425751
0.707001
0.988251
-0.847656
-0.777344
-0.957031
0.933563
0.980438
0.886688
0.972626
-0.777344
0.996063
0.660126
0.878876
-0.605469
-0.675781
0.722626
0.496063
0.832001
-0.785156
-0.753906
0.988251
0.878876
-0.964844
-0.839844
-0.917969
0.863251
0.949188
-0.746094
-0.691406
-0.902344
0.886688
0.644501
0.808563
-0.628906
-0.457031
0.824188
0.386688
-0.980469
-0.496094
0.949188
0.558563
-0.746094
-0.316406
0.957001
0.324188
0.917938
-0.433594
-0.714844
0.824188
0.933563
-0.832031
0.980438
0.769501
-0.902344
-0.550781
-0.785156
0.738251
0.644501
0.996063
-0.792969
-0.839844
-0.527344
-0.566406
0.316376
0.00387573
-0.597656
0.300781
-0.574219
0.332001
0.277313
0.980438
-0.488281
-0.480469
-0.761719
0.816376
0.410126
0.660126
-0.558594
-0.246094
-0.855469
0.527313
0.621063
-0.972656
-0.761719
-0.691406
-0.832031
0.769501
0.644501
-0.808594
-0.464844
-0.957031
0.582001
0.941376
-0.652344
-0.894531
0.832001
-0.949219
-0.855469
0.925751
0.886688
-0.738281
-0.832031
0.675751
0.785126
-0.660156
-0.738281
0.902313
0.933563
-0.972656
0.941376
0.910126
-0.933594
-0.949219
0.964813
-0.917969
-0.816406
0.972626
0.636688
0.722626
-0.753906
-0.621094
-0.980469
0.933563
-0.847656
-0.910156
0.675751
0.558563
-0.941406
-0.214844
-0.230469
0.730438
0.0585632
0.667938
-0.582031
-0.488281
-0.753906
-0.972656
0.753876
0.613251
0.988251
-0.582031
-0.660156
-0.949219
0.730438
0.683563
-0.910156
-0.527344
-0.738281
0.847626
0.941376
-0.972656
0.847626
-0.980469
-0.488281
-0.691406
0.597626
0.613251
-0.699219
-0.605469
0.839813
0.832001
-0.746094
-0.910156
0.761688
-0.933594
-0.644531
0.949188
0.675751
0.996063
-0.597656
-0.597656
0.972626
0.652313
0.855438
-0.777344
-0.792969
0.886688
0.925751
-0.652344
-0.605469
0.558563
0.113251
-0.910156
0.144531
-0.339844
0.441376
0.160126
-0.988281
-0.410156
-0.652344
-0.972656
0.871063
0.785126
0.933563
-0.738281
-0.839844
0.902313
-0.972656
-0.917969
0.910126
0.839813
-0.878906
-0.621094
-0.894531
0.566376
0.644501
-0.714844
-0.433594
-0.957031
0.503876
0.707001
-0.691406
-0.566406
0.964813
0.660126
0.839813
-0.824219
-0.746094
-0.980469
0.964813
0.988251
0.800751
0.824188
-0.722656
-0.535156
-0.933594
0.636688
0.769501
0.980438
-0.871094
-0.621094
-0.675781
0.699188
0.441376
0.917938
-0.636719
-0.613281
-0.894531
0.863251
0.988251
-0.769531
0.988251
0.753876
-0.816406
-0.464844
-0.933594
0.667938
0.949188
-0.667969
-0.878906
0.667938
0.675751
-0.816406
-0.613281
-0.964844
0.753876
0.902313
-0.941406
-0.972656
0.964813
-0.980469
-0.902344
0.988251
0.972626
-0.941406
-0.925781
0.980438
0.933563
-0.886719
-0.675781
-0.957031
0.628876
0.933563
-0.488281
-0.730469
0.628876
0.832001
-0.589844
-0.769531
0.683563
0.746063
-0.847656
-0.699219
-0.886719
0.910126
0.824188
0.980438
-0.871094
-0.894531
0.972626
0.941376
-0.964844
-0.863281
-0.832031
-0.964844
0.769501
0.761688
-0.855469
-0.496094
-0.691406
0.753876
0.550751
-0.996094
-0.566406
-0.808594
0.964813
0.972626
0.949188
0.808563
0.996063
-0.636719
-0.746094
0.800751
0.574188
0.972626
-0.417969
-0.644531
0.730438
0.621063
-0.863281
-0.566406
-0.824219
0.832001
0.660126
0.855438
-0.636719
-0.457031
0.917938
0.386688
0.707001
-0.652344
-0.582031
-0.933594
0.902313
0.832001
0.910126
-0.941406
-0.847656
-0.816406
-0.761719
-0.925781
0.644501
0.519501
-0.824219
-0.207031
-0.628906
0.496063
0.457001
-0.785156
-0.550781
-0.800781
0.832001
0.949188
-0.996094
0.847626
0.808563
-0.839844
-0.480469
-0.902344
0.457001
0.738251
-0.527344
-0.621094
0.777313
0.722626
-0.847656
-0.644531
-0.816406
0.863251
0.628876
0.746063
-0.785156
-0.480469
-0.683594
0.863251
0.667938
0.792938
-0.996094
-0.894531
-0.847656
-0.808594
-0.933594
0.738251
0.621063
-0.964844
-0.441406
-0.628906
0.785126
0.730438
-0.753906
-0.667969
0.871063
0.644501
0.878876
-0.824219
-0.894531
0.816376
0.886688
-0.746094
-0.730469
0.980438
0.808563
-0.996094
-0.839844
-0.894531
0.933563
0.886688
0.964813
-0.980469
-0.972656
-0.808594
-0.761719
-0.925781
0.816376
0.824188
-0.949219
-0.738281
-0.722656
-0.925781
0.886688
0.792938
0.855438
-0.785156
-0.496094
-0.730469
0.746063
0.574188
0.972626
-0.628906
-0.785156
0.753876
0.738251
-0.824219
-0.527344
-0.824219
0.832001
0.699188
0.832001
-0.871094
-0.722656
-0.839844
0.980438
0.941376
0.925751
0.839813
0.792938
0.902313
0.941376
-0.902344
-0.722656
-0.800781
-0.917969
-0.816406
-0.925781
0.957001
-0.980469
-0.792969
-0.722656
-0.800781
0.972626
0.800751
0.816376
-0.902344
-0.683594
-0.730469
-0.949219
0.917938
0.839813
0.746063
0.800751
-0.988281
-0.769531
-0.777344
-0.996094
0.582001
0.558563
0.498286
0.499143
0.500001
