-0.957031
-0.941406
-0.964844
0.839813
0.800903
0.840057
-0.99585
-0.99585
-0.99585
-0.99585
-0.99585
-0.99585
0.488495
-0.988098
-0.99585
-0.457001
-0.808838
-0.808838
-0.582214
-0.925568
-0.99585
-0.30838
-0.683807
-0.808838
-0.808838
-0.902527
0.433624
0.300812
0.0193481
-0.808838
-0.808838
-0.699463
-0.761841
0.808594
-0.61322
0.230469
0.95694
-0.277466
0.831909
-0.35553
-0.69928
-0.871216
-0.254089
-0.355682
0.417755
0.355316
-0.60553
-0.980469
-0.933594
0.699158
-0.472748
-0.0977783
0.527222
0.48819
-0.855499
0.128876
0.464783
-0.433685
0.378784
0.433472
0.917847
-0.316498
0.277252
0.402252
0.277252
0.152252
0.14444
0.14444
0.230377
0.355377
0.64444
-0.863342
-0.144592
0.933533
0.558563
0.769531
0.0977173
0.472778
0.894714
-0.99585
-0.99585
-0.99585
0.949432
0.144714
0.105591
0.0195923
0.371094
-0.714874
0.910065
-0.527435
-0.988373
-0.54306
0.636627
0.222595
-0.160187
-0.972656
-0.246094
0.144531
0.269531
-0.0507812
0.902313
-0.761749
-0.566467
0.285065
0.503815
-0.0274048
-0.113312
-0.910156
-0.949219
0.152313
-0.613312
-0.582062
0.332001
-0.519531
0.246094
0.0117188
0.910126
-0.441437
0.683533
0.558533
0.83197
-0.792999
-0.628937
-0.550812
-0.480499
-0.277374
0.0351257
0.378876
0.746063
-0.949219
-0.707031
-0.597656
-0.691406
-0.949219
0.816376
0.449188
-0.0195618
-0.550812
-0.847687
0.824158
0.699158
0.67572
0.402283
-0.0977173
-0.433655
-0.464905
-0.214905
0.0975952
0.597595
-0.839874
-0.363312
0.160126
0.761688
-0.636719
-0.0585938
0.441406
0.714844
0.824219
0.785156
0.777344
0.886719
0.871094
0.636719
0.277344
-0.0351562
-0.152344
-0.144531
-0.0976562
-0.0429688
0.0429688
0.300781
0.605469
0.792969
0.777344
0.800781
0.589844
0.675781
0.855469
0.792969
0.792969
0.894531
-0.964813
-0.808563
-0.628876
-0.441376
-0.332001
-0.324188
-0.496063
-0.730438
0.933594
0.527344
0.144531
-0.261719
-0.605469
-0.800781
-0.761719
-0.488281
-0.199219
0.136719
0.457031
0.714844
0.917969
0.964844
0.894531
0.730469
0.457031
0.144531
-0.160156
-0.425781
-0.566406
-0.589844
-0.433594
-0.253906
-0.0429688
0.0664062
0.0742188
-0.0820312
-0.339844
-0.738281
0.933563
0.644501
0.371063
0.246063
0.214813
0.292938
0.488251
0.800751
-0.933594
-0.746094
-0.652344
-0.714844
-0.808594
-0.925781
0.957001
0.839813
0.761688
0.753876
0.753876
0.730438
0.769501
0.746063
0.714813
0.660126
0.628876
0.589813
0.605438
0.675751
0.730438
0.847626
0.957001
-0.988281
-0.933594
-0.886719
-0.847656
-0.816406
-0.785156
-0.738281
-0.691406
-0.605469
-0.550781
-0.449219
-0.363281
-0.339844
-0.292969
-0.308594
-0.347656
-0.402344
-0.441406
-0.488281
-0.464844
-0.464844
-0.417969
-0.332031
-0.214844
-0.0976562
0.0585938
0.167969
0.253906
0.253906
0.230469
0.207031
0.230469
0.175781
0.152344
0.199219
0.160156
0.136719
0.121094
0.175781
0.152344
0.207031
0.207031
0.191406
0.144531
0.105469
0.00390625
-0.160156
-0.0820312
0.0820312
0.0273438
-0.128906
-0.0507812
0.00390625
-0.0429688
-0.0820312
-0.0976562
-0.0976562
-0.0898438
-0.121094
-0.144531
-0.222656
-0.355469
-0.417969
-0.472656
-0.574219
-0.652344
-0.691406
-0.761719
-0.808594
-0.808594
-0.839844
-0.824219
-0.824219
-0.824219
-0.863281
-0.941406
-0.964844
0.980438
0.957001
0.933563
0.925751
0.917938
0.902313
0.878876
0.878876
0.847626
0.824188
0.824188
0.824188
0.832001
0.824188
0.824188
0.808563
0.785126
0.816376
0.808563
0.808563
0.839813
0.839813
0.878876
0.871063
0.871063
0.878876
0.902313
0.941376
0.941376
0.941376
0.972626
0.964813
0.972626
-0.996094
0.972626
0.980438
-0.980469
-0.972656
-0.972656
-0.941406
-0.941406
-0.941406
-0.933594
-0.902344
-0.886719
-0.816406
-0.832031
-0.886719
-0.902344
-0.832031
-0.753906
-0.792969
-0.839844
-0.792969
-0.730469
-0.722656
-0.753906
-0.777344
-0.777344
-0.777344
-0.769531
-0.785156
-0.761719
-0.730469
-0.753906
-0.707031
-0.644531
-0.644531
-0.644531
-0.644531
-0.550781
-0.527344
-0.636719
-0.683594
-0.613281
-0.628906
-0.738281
-0.769531
-0.761719
-0.730469
-0.753906
-0.785156
-0.808594
-0.769531
-0.730469
-0.691406
-0.683594
-0.722656
-0.769531
-0.816406
-0.839844
-0.855469
-0.878906
-0.886719
-0.871094
-0.957031
-0.917969
-0.886719
-0.871094
-0.863281
-0.933594
-0.949219
-0.949219
-0.949219
-0.980469
-0.980469
-0.964844
-0.949219
-0.949219
-0.949219
-0.917969
-0.894531
-0.878906
-0.878906
-0.902344
-0.941406
-0.949219
-0.910156
-0.863281
-0.878906
-0.902344
-0.902344
-0.886719
-0.878906
-0.902344
-0.894531
-0.910156
-0.886719
-0.925781
-0.925781
-0.925781
-0.964844
-0.964844
-0.925781
-0.894531
-0.878906
-0.878906
-0.894531
-0.878906
-0.871094
-0.878906
-0.894531
-0.925781
-0.925781
-0.933594
-0.917969
-0.949219
-0.941406
-0.925781
-0.902344
-0.902344
-0.878906
-0.855469
-0.855469
-0.878906
-0.863281
-0.871094
-0.847656
-0.847656
-0.855469
-0.886719
-0.871094
-0.894531
-0.910156
-0.957031
-0.949219
-0.933594
-0.949219
-0.964844
-0.957031
-0.949219
-0.941406
-0.980469
-0.949219
-0.988281
-0.980469
0.996063
0.972626
-0.996094
0.972626
0.949188
0.941376
0.933563
0.902313
0.808563
0.925751
-0.917969
-0.988281
0.949188
-0.988281
-0.988281
0.972626
0.949188
0.933563
0.925751
0.964813
0.964813
0.910126
0.894501
0.855438
0.824188
0.847626
0.824188
0.847626
0.878876
0.878876
0.902313
0.910126
0.902313
0.910126
0.894501
0.886688
0.910126
0.933563
0.894501
0.917938
0.910126
0.933563
0.964813
0.941376
0.957001
0.964813
0.941376
0.972626
0.972626
0.964813
-0.988281
0.980438
0.957001
0.957001
0.964813
0.996063
0.972626
0.972626
-0.996094
0.949188
0.917938
-0.855469
0.964813
0.941376
-0.894531
-0.886719
-0.949219
-0.941406
-0.957031
-0.996094
-0.957031
-0.933594
-0.894531
-0.949219
-0.933594
-0.933594
-0.917969
-0.917969
-0.902344
-0.902344
-0.949219
-0.988281
-0.816406
-0.886719
-0.972656
-0.917969
-0.925781
-0.941406
-0.902344
-0.871094
-0.878906
-0.902344
-0.941406
-0.964844
-0.964844
-0.933594
-0.949219
-0.949219
-0.988281
0.980438
-0.996094
-0.988281
-0.972656
-0.980469
-0.949219
-0.964844
-0.980469
-0.949219
-0.933594
-0.980469
-0.972656
-0.933594
-0.972656
-0.996094
-0.980469
0.996063
-0.996094
-0.996094
-0.996094
-0.988281
-0.996094
-0.964844
-0.996094
-0.972656
-0.964844
-0.988281
0.996063
0.988251
0.996063
0.972626
0.980438
0.980438
0.988251
-0.996094
0.972626
0.933563
0.941376
0.988251
0.964813
0.949188
0.949188
0.957001
0.957001
0.964813
-0.996094
-0.996094
0.964813
0.964813
0.988251
0.988251
0.980438
0.996063
-0.996094
0.988251
-0.996094
-0.980469
-0.988281
-0.949219
-0.964844
0.980438
0.996063
0.988251
-0.988281
-0.972656
-0.996094
-0.980469
-0.972656
-0.988281
-0.996094
0.996063
-0.988281
-0.980469
-0.996094
-0.996094
-0.996094
-0.996094
0.996063
0.988251
0.988251
-0.996094
-0.980469
0.996063
0.972626
-0.964844
0.925751
-0.980469
-0.949219
0.988251
0.964813
-0.996094
-0.996094
0.949188
0.980438
0.980438
-0.996094
0.980438
0.964813
0.980438
0.964813
0.925751
0.957001
0.933563
0.972626
0.972626
0.972626
0.980438
0.941376
0.949188
0.941376
0.933563
0.941376
0.949188
0.917938
0.886688
0.933563
0.941376
0.925751
0.941376
0.925751
0.949188
0.863251
0.996063
0.902313
0.699188
0.824188
-0.863281
-0.972656
0.878876
0.996063
-0.933594
-0.996094
-0.980469
-0.933594
-0.949219
-0.925781
-0.917969
-0.902344
-0.925781
-0.980469
0.972626
0.988251
-0.996094
0.972626
0.988251
-0.996094
-0.964844
-0.980469
-0.980469
-0.996094
-0.996094
-0.972656
-0.949219
-0.980469
-0.988281
-0.980469
-0.972656
-0.996094
-0.980469
-0.988281
-0.941406
-0.933594
-0.917969
-0.917969
-0.910156
-0.894531
-0.917969
-0.933594
-0.917969
-0.933594
-0.941406
-0.949219
-0.957031
-0.933594
-0.957031
-0.957031
-0.933594
-0.941406
-0.941406
-0.964844
-0.957031
-0.949219
-0.996094
-0.972656
-0.964844
-0.996094
-0.996094
-0.996094
-0.996094
0.980438
0.980438
0.996063
0.980438
-0.996094
-0.996094
0.980438
0.957001
0.957001
0.980438
0.988251
0.957001
0.980438
0.980438
0.988251
0.980438
0.949188
0.980438
0.980438
-0.996094
0.996063
0.988251
0.949188
0.964813
0.957001
0.980438
-0.996094
-0.996094
0.996063
0.949188
0.941376
0.941376
0.980438
0.988251
0.980438
0.988251
0.972626
0.964813
0.996063
0.996063
0.972626
0.988251
0.964813
0.972626
0.988251
-0.996094
0.988251
0.980438
0.972626
0.964813
0.972626
-0.996094
-0.988281
-0.972656
-0.988281
-0.988281
0.996063
0.964813
0.996063
-0.949219
-0.949219
-0.996094
-0.964844
-0.980469
-0.957031
-0.980469
-0.988281
-0.996094
-0.996094
-0.957031
-0.972656
-0.996094
-0.949219
-0.933594
-0.980469
0.996063
-0.980469
-0.957031
-0.972656
-0.996094
-0.925781
-0.949219
-0.964844
-0.972656
-0.925781
-0.957031
-0.972656
-0.988281
-0.964844
-0.925781
-0.980469
0.996063
-0.988281
-0.964844
-0.996094
0.964813
-0.996094
-0.871094
-0.855469
-0.957031
0.855438
0.832001
-0.933594
-0.660156
-0.894531
0.746063
0.878876
-0.816406
0.910126
0.660126
-0.972656
-0.589844
-0.816406
0.832001
0.785126
0.894501
0.988251
-0.910156
-0.957031
0.964813
-0.996094
-0.886719
-0.941406
0.746063
0.832001
-0.824219
-0.910156
0.761688
0.925751
-0.699219
-0.964844
0.597626
0.699188
-0.863281
-0.707031
-0.871094
0.855438
0.707001
0.769501
-0.816406
-0.550781
-0.933594
0.464813
0.582001
-0.808594
-0.652344
-0.972656
0.878876
0.972626
0.863251
0.503876
0.722626
-0.566406
-0.691406
0.667938
0.855438
-0.660156
-0.933594
0.699188
0.972626
-0.683594
-0.894531
0.816376
0.988251
-0.722656
-0.917969
0.800751
0.957001
-0.941406
0.785126
0.855438
-0.613281
-0.480469
0.761688
0.207001
0.855438
-0.292969
-0.496094
0.785126
0.667938
0.988251
-0.839844
-0.824219
0.996063
0.886688
-0.832031
-0.839844
0.855438
-0.917969
-0.480469
-0.964844
0.464813
0.957001
-0.363281
-0.785156
0.683563
-0.933594
-0.425781
-0.957031
0.371063
0.871063
-0.230469
-0.441406
0.667938
0.566376
-0.769531
-0.542969
0.949188
0.738251
-0.910156
-0.628906
-0.964844
0.628876
0.792938
-0.675781
-0.496094
-0.917969
0.691376
0.792938
-0.917969
-0.644531
-0.699219
0.832001
0.621063
-0.902344
-0.582031
0.972626
0.683563
0.863251
0.972626
-0.964844
-0.574219
-0.675781
0.566376
0.402313
-0.980469
-0.582031
-0.699219
0.957001
0.605438
0.699188
-0.863281
-0.753906
0.910126
0.824188
-0.941406
-0.863281
0.832001
0.589813
0.941376
-0.472656
-0.792969
0.535126
0.644501
-0.886719
-0.839844
-0.980469
-0.972656
0.980438
0.800751
0.746063
-0.964844
-0.628906
-0.738281
0.777313
0.675751
-0.988281
-0.785156
-0.917969
0.949188
0.832001
0.988251
-0.644531
-0.855469
0.511688
0.847626
-0.402344
-0.730469
0.542938
0.691376
-0.714844
-0.722656
0.886688
0.917938
-0.933594
-0.957031
-0.964844
-0.878906
0.996063
0.761688
-0.972656
-0.707031
-0.902344
0.988251
-0.824219
-0.785156
0.871063
0.683563
0.949188
-0.597656
-0.410156
-0.832031
0.621063
0.613251
-0.980469
-0.753906
-0.691406
-0.589844
-0.988281
0.535126
0.792938
-0.699219
-0.644531
-0.886719
0.988251
0.925751
0.886688
0.894501
-0.871094
-0.605469
-0.777344
0.605438
0.582001
-0.636719
-0.378906
0.980438
0.488251
0.660126
-0.824219
-0.566406
-0.964844
0.769501
0.996063
0.996063
0.597626
0.855438
-0.378906
-0.441406
0.714813
0.308563
0.746063
-0.660156
-0.535156
-0.878906
0.808563
0.714813
0.894501
-0.824219
-0.800781
0.925751
0.832001
-0.839844
-0.878906
0.683563
0.753876
-0.652344
-0.621094
0.792938
0.660126
-0.949219
-0.824219
-0.949219
-0.910156
-0.964844
0.785126
0.730438
0.964813
-0.886719
0.988251
0.878876
-0.824219
-0.628906
-0.949219
0.683563
0.777313
-0.847656
-0.558594
-0.675781
0.925751
0.636688
0.878876
-0.636719
-0.699219
0.714813
0.542938
-0.910156
-0.652344
0.996063
-0.894531
-0.996094
0.730438
0.972626
-0.683594
-0.847656
0.886688
0.933563
-0.957031
-0.972656
-0.871094
-0.910156
0.910126
0.964813
-0.738281
-0.871094
0.808563
-0.933594
-0.550781
-0.996094
0.535126
-0.949219
-0.628906
-0.933594
-0.925781
-0.753906
0.855438
0.550751
0.863251
-0.652344
-0.480469
-0.738281
0.628876
0.285126
-0.917969
-0.0976562
-0.628906
0.472626
0.574188
-0.910156
-0.753906
-0.808594
-0.988281
0.894501
-0.957031
0.988251
0.652313
0.949188
-0.371094
-0.621094
0.363251
0.339813
-0.519531
-0.152344
0.980438
0.464813
0.777313
-0.886719
-0.847656
-0.699219
-0.878906
0.738251
0.722626
0.996063
-0.957031
0.972626
-0.878906
-0.667969
-0.878906
0.683563
0.597626
0.933563
-0.582031
-0.449219
-0.980469
0.464813
0.675751
-0.792969
-0.675781
-0.933594
0.902313
0.988251
-0.957031
-0.933594
-0.964844
-0.996094
0.847626
0.824188
-0.777344
-0.433594
-0.832031
0.449188
0.332001
-0.917969
-0.238281
-0.308594
0.464813
0.0116882
-0.824219
0.0351562
-0.644531
0.488251
0.339813
0.949188
-0.425781
-0.511719
0.894501
0.511688
0.730438
-0.816406
-0.449219
-0.527344
0.863251
0.324188
0.699188
-0.699219
-0.589844
-0.550781
-0.636719
0.660126
0.316376
-0.917969
-0.371094
-0.886719
0.925751
-0.761719
-0.949219
0.660126
0.808563
-0.792969
-0.589844
-0.808594
0.839813
0.847626
0.957001
-0.949219
-0.777344
-0.910156
0.777313
0.972626
-0.660156
-0.808594
0.738251
0.636688
0.902313
-0.714844
-0.472656
-0.949219
0.394501
0.785126
-0.542969
-0.964844
0.605438
-0.667969
-0.207031
0.832001
0.0429382
0.699188
-0.402344
-0.457031
-0.941406
0.816376
0.714813
0.886688
-0.792969
-0.964844
0.730438
-0.863281
-0.433594
-0.996094
0.121063
0.675751
0.0664062
-0.191406
0.0898132
-0.246124
-0.535156
0.550781
-0.753906
-0.277374
0.292938
-0.222656
-0.222656
0.785126
0.464813
0.902313
-0.769531
-0.792969
-0.964844
0.816376
0.769501
-0.980469
-0.972656
-0.996094
-0.753906
-0.878906
0.652313
0.894501
-0.574219
-0.691406
-0.941406
0.949188
0.824188
-0.996094
-0.589844
-0.707031
0.894501
0.871063
-0.785156
-0.800781
0.769501
0.441376
0.824188
-0.316406
-0.277344
0.621063
0.0585632
-0.988281
-0.0976562
-0.675781
0.449188
0.777313
-0.488281
-0.699219
0.660126
0.691376
-0.761719
-0.667969
0.996063
0.832001
-0.949219
-0.683594
-0.832031
0.597626
0.542938
-0.714844
-0.238281
-0.761719
0.511688
0.402313
0.949188
-0.535156
-0.535156
-0.847656
0.792938
0.683563
0.964813
-0.753906
-0.847656
-0.863281
-0.886719
0.753876
0.824188
-0.582031
-0.761719
0.628876
0.800751
-0.746094
-0.761719
-0.910156
0.925751
0.675751
0.925751
-0.574219
-0.753906
0.722626
0.816376
-0.792969
-0.753906
0.988251
0.800751
0.800751
-0.816406
-0.558594
0.988251
0.496063
0.832001
-0.566406
-0.535156
0.941376
0.316376
0.621063
-0.246094
-0.207031
0.496063
0.285126
-0.824219
-0.441406
-0.910156
0.667938
0.917938
-0.824219
-0.902344
0.917938
0.824188
-0.816406
-0.558594
0.753876
0.339813
-0.722656
-0.222656
0.886688
0.457001
-0.863281
-0.472656
0.917938
0.511688
0.925751
-0.582031
-0.621094
-0.964844
0.722626
0.550751
0.839813
-0.449219
-0.292969
0.925751
0.222626
0.785126
-0.285156
-0.597656
0.527313
0.738251
-0.386719
-0.667969
0.472626
0.605438
-0.621094
-0.378906
-0.832031
0.621063
0.558563
-0.855469
-0.449219
-0.808594
0.785126
0.761688
-0.996094
-0.644531
-0.660156
0.753876
0.613251
-0.785156
-0.558594
-0.972656
0.746063
0.886688
-0.832031
-0.738281
-0.949219
-0.941406
0.972626
0.628876
0.878876
-0.425781
-0.378906
0.925751
0.503876
0.621063
-0.894531
-0.472656
-0.566406
0.941376
0.636688
0.824188
-0.808594
-0.746094
0.941376
0.894501
-0.761719
-0.746094
0.816376
0.738251
-0.972656
-0.824219
-0.871094
-0.925781
0.917938
0.792938
0.863251
-0.832031
-0.792969
0.902313
0.917938
-0.785156
0.925751
0.613251
-0.949219
-0.457031
-0.871094
0.519501
0.730438
-0.660156
-0.824219
0.792938
0.871063
-0.902344
-0.941406
0.933563
0.964813
0.988251
0.949188
-0.957031
-0.738281
-0.886719
0.566376
0.464813
-0.964844
-0.496094
-0.691406
0.761688
0.542938
-0.964844
-0.644531
-0.871094
0.949188
-0.910156
-0.808594
0.996063
0.871063
-0.949219
-0.925781
-0.902344
-0.707031
-0.847656
0.707001
0.574188
0.933563
-0.746094
-0.714844
-0.917969
0.917938
0.863251
0.933563
-0.917969
-0.761719
-0.902344
-0.996094
-0.894531
-0.808594
0.808563
0.550751
-0.886719
-0.105469
-0.488281
0.472626
0.292938
-0.746094
-0.253906
-0.855469
0.691376
0.964813
-0.722656
-0.863281
0.816376
0.769501
-0.761719
-0.410156
-0.800781
0.636688
0.652313
-0.894531
-0.636719
-0.785156
0.917938
0.824188
0.996063
-0.777344
-0.800781
0.902313
0.730438
-0.980469
-0.652344
-0.847656
0.792938
0.972626
-0.730469
0.972626
0.667938
-0.949219
-0.597656
-0.871094
0.878876
0.933563
0.761688
0.863251
-0.503906
-0.496094
0.660126
0.355438
-0.871094
-0.386719
-0.863281
0.613251
0.777313
-0.886719
-0.746094
-0.957031
0.808563
0.972626
-0.769531
-0.964844
0.683563
0.925751
-0.597656
-0.738281
0.808563
0.722626
0.910126
-0.980469
-0.808594
-0.707031
-0.871094
0.761688
0.722626
-0.980469
-0.871094
-0.792969
-0.816406
0.855438
0.652313
-0.972656
-0.582031
-0.839844
0.777313
0.863251
-0.855469
-0.832031
-0.996094
-0.972656
-0.910156
-0.988281
0.964813
-0.941406
-0.886719
-0.933594
-0.949219
-0.886719
-0.949219
0.980438
-0.988281
-0.910156
-0.972656
0.996063
-0.832031
-0.746094
0.980438
0.832001
-0.996094
-0.832031
-0.910156
-0.941406
-0.910156
-0.964844
0.941376
0.941376
-0.902344
-0.824219
-0.894531
-0.972656
0.980438
0.957001
0.996063
-0.910156
-0.792969
-0.871094
0.925751
0.855438
-0.980469
-0.878906
-0.863281
-0.910156
-0.980469
0.949188
0.910126
0.980438
-0.933594
-0.933594
-0.980469
-0.949219
-0.972656
0.996063
0.941376
0.941376
0.996063
-0.863281
-0.816406
-0.949219
0.855438
0.800751
0.988251
-0.816406
-0.855469
0.933563
0.917938
-0.957031
-0.941406
0.964813
0.964813
0.988251
0.957001
0.988251
-0.886719
-0.933594
-0.972656
0.824188
0.839813
-0.964844
-0.847656
-0.886719
0.871063
-0.980469
-0.808594
-0.957031
-0.996094
-0.894531
-0.941406
0.949188
-0.941406
-0.777344
-0.933594
0.816376
0.753876
0.980438
-0.832031
-0.925781
0.972626
-0.839844
-0.667969
-0.769531
-0.996094
0.839813
-0.816406
-0.503906
-0.605469
-0.894531
0.933563
0.988251
-0.878906
-0.792969
-0.863281
0.910126
-0.878906
-0.808594
-0.988281
-0.917969
-0.699219
-0.824219
-0.996094
-0.910156
-0.839844
-0.894531
-0.871094
-0.753906
-0.847656
0.980438
0.957001
-0.886719
-0.777344
-0.785156
-0.800781
-0.933594
0.855438
0.910126
-0.691406
-0.566406
-0.925781
0.847626
-0.996094
-0.863281
-0.980469
-0.988281
-0.722656
-0.722656
-0.996094
0.777313
0.800751
-0.910156
-0.535156
-0.605469
0.894501
0.589813
0.855438
-0.816406
-0.832031
-0.878906
-0.878906
0.988251
0.753876
0.800751
-0.933594
-0.753906
-0.847656
0.972626
0.863251
0.878876
0.996063
-0.894531
-0.910156
0.996063
0.941376
0.933563
0.855438
0.972626
-0.800781
-0.714844
0.988251
0.589813
0.597626
-0.800781
-0.417969
-0.886719
0.605438
0.722626
-0.941406
-0.808594
-0.878906
0.917938
0.699188
0.847626
-0.746094
-0.691406
0.941376
0.644501
0.871063
-0.628906
-0.730469
0.644501
0.675751
-0.621094
-0.652344
0.714813
0.746063
-0.871094
-0.910156
0.910126
-0.886719
-0.792969
0.957001
0.738251
0.761688
-0.925781
-0.605469
-0.675781
0.824188
0.566376
0.832001
-0.785156
-0.660156
-0.816406
0.886688
0.753876
0.957001
-0.933594
0.902313
0.964813
-0.683594
-0.761719
0.761688
0.425751
0.777313
-0.464844
-0.253906
0.917938
0.214813
0.628876
-0.496094
-0.488281
0.925751
0.832001
-0.996094
0.910126
0.855438
-0.941406
-0.769531
-0.816406
0.925751
0.746063
0.902313
-0.808594
-0.777344
-0.996094
0.871063
0.917938
-0.972656
-0.832031
-0.855469
0.894501
0.683563
0.925751
-0.558594
-0.589844
0.910126
0.519501
0.761688
-0.675781
-0.582031
0.839813
0.683563
-0.832031
-0.761719
0.761688
0.792938
-0.839844
-0.917969
0.933563
-0.917969
-0.917969
0.855438
0.855438
-0.972656
-0.792969
-0.886719
0.824188
0.738251
-0.910156
-0.714844
0.949188
0.800751
-0.972656
-0.957031
0.863251
0.972626
-0.777344
-0.894531
0.730438
0.816376
-0.683594
-0.714844
0.753876
0.589813
0.996063
-0.605469
-0.644531
0.949188
0.582001
0.566376
0.894501
-0.769531
-0.660156
0.972626
0.730438
-0.972656
-0.714844
-0.878906
-0.996094
0.871063
0.871063
-0.816406
-0.691406
0.964813
0.941376
-0.746094
-0.878906
0.761688
0.699188
0.941376
-0.730469
-0.527344
-0.949219
0.308563
0.207001
-0.800781
0.191406
-0.0507812
0.558563
-0.214874
0.582001
-0.308594
0.498286
0.499143
0.500001
