-0.964844
0.980438
0.988251
0.980438
-0.0584412
-0.99585
-0.99585
-0.99585
-0.99585
-0.99585
-0.99585
-0.99585
0.136932
-0.464661
-0.597473
0.386597
-0.808838
-0.808838
-0.527557
0.824371
-0.99585
0.12912
-0.199432
-0.808838
-0.808838
-0.652466
0.777374
-0.386841
-0.808838
-0.808838
0.425537
0.433533
0.144562
-0.402344
0.292938
0.183533
0.136597
0.449097
0.683563
-0.660095
-0.714844
-0.261871
0.0505371
-0.808838
0.331818
-0.871185
-0.425781
-0.0741882
0.246094
0.535095
0.644409
0.300659
-0.925842
0.777313
-0.542969
-0.597687
0.816315
0.730347
0.277222
0.706909
-0.582123
0.0975647
0.402252
0.191315
-0.0743103
0.11319
0.730377
0.902252
0.527252
0.191315
0.378815
-0.972717
0.0507202
-0.621124
-0.472656
0.519562
0.16806
-0.0115662
-0.644318
-0.99585
-0.99585
-0.99585
-0.99585
0.418152
-0.214722
-0.86322
-0.785156
0.26947
0.0663147
0.667847
0.160034
0.488159
-0.38681
-0.738342
-0.785187
-0.957031
0.472656
-0.660126
-0.464813
0.894531
-0.582031
-0.613312
-0.597717
0.48819
-0.558655
-0.503937
0.753876
0.449188
-0.222687
0.339813
0.792938
0.355438
0.113251
0.910126
-0.167969
-0.261719
0.691376
-0.613312
0.410095
0.11322
0.472595
-0.941437
-0.386749
0.292938
0.636688
0.292938
-0.214874
-0.136749
0.535126
-0.449219
0.402344
0.457031
-0.402344
0.675751
0.136688
-0.167999
-0.0195618
-0.488312
0.58197
0.0663452
0.386658
0.683533
0.402283
-0.0195923
-0.32428
-0.69928
-0.519592
0.574158
-0.519562
-0.449249
-0.472687
0.0976257
0.792938
-0.566406
0.378906
-0.972626
-0.714813
0.832031
0.378906
0.285156
0.292969
0.121094
-0.0976562
-0.214844
-0.347656
-0.777344
0.667938
0.496063
0.886688
-0.480469
0.128906
0.542969
0.699219
0.691406
0.691406
0.839844
-0.933563
-0.777313
-0.925751
0.753906
0.535156
0.496094
0.582031
0.605469
0.527344
0.503906
0.730469
-0.964813
-0.777313
-0.894501
0.714844
0.183594
-0.191406
-0.230469
-0.167969
-0.253906
-0.503906
-0.613281
-0.425781
-0.0898438
0.230469
0.652344
-0.980438
-0.933563
0.988281
0.878906
0.589844
0.175781
-0.0585938
-0.246094
-0.519531
-0.761719
-0.839844
-0.738281
-0.597656
-0.394531
-0.261719
-0.339844
-0.738281
0.839813
0.839813
-0.996094
-0.996094
0.738251
0.457001
0.449188
0.722626
-0.941406
-0.667969
-0.566406
-0.535156
-0.558594
-0.753906
-0.996094
0.878876
0.839813
0.746063
0.597626
0.394501
0.230438
0.238251
0.339813
0.464813
0.589813
0.621063
0.550751
0.519501
0.644501
0.839813
-0.996094
-0.855469
-0.925781
0.847626
0.707001
0.917938
-0.871094
-0.855469
-0.996094
0.996063
-0.910156
-0.839844
-0.738281
-0.683594
-0.628906
-0.558594
-0.511719
-0.628906
-0.769531
-0.761719
-0.589844
-0.449219
-0.363281
-0.339844
-0.417969
-0.441406
-0.425781
-0.308594
-0.160156
-0.0117188
0.0976562
0.0742188
-0.0429688
-0.0898438
0.00390625
0.0898438
0.152344
0.152344
0.105469
0.00390625
-0.0429688
-0.0742188
-0.0585938
0.00390625
0.0742188
0.0898438
0.0898438
0.0351562
0.0117188
0.00390625
0.0585938
0.0976562
0.0820312
0.0429688
0.0820312
0.0976562
0.0976562
0.0429688
-0.0742188
-0.0976562
-0.0976562
-0.175781
-0.167969
-0.269531
-0.378906
-0.542969
-0.667969
-0.792969
-0.730469
-0.667969
-0.644531
-0.699219
-0.824219
-0.925781
0.652313
-0.472656
-0.292969
-0.589844
-0.613281
-0.636719
-0.753906
-0.933594
0.972626
0.886688
0.808563
0.839813
0.925751
-0.996094
-0.988281
0.933563
0.832001
0.777313
0.785126
0.824188
0.894501
0.941376
0.886688
0.785126
0.738251
0.777313
0.839813
0.839813
0.777313
0.699188
0.683563
0.636688
0.683563
0.816376
0.917938
0.917938
0.847626
0.800751
0.816376
0.917938
0.972626
0.964813
0.933563
0.886688
0.832001
0.832001
0.816376
0.886688
0.980438
-0.980469
-0.957031
-0.964844
-0.972656
-0.894531
-0.808594
-0.808594
-0.847656
-0.902344
-0.941406
-0.941406
-0.933594
-0.894531
-0.886719
-0.933594
-0.894531
-0.800781
-0.738281
-0.675781
-0.699219
-0.777344
-0.816406
-0.832031
-0.878906
-0.832031
-0.808594
-0.839844
-0.855469
-0.824219
-0.761719
-0.699219
-0.683594
-0.675781
-0.738281
-0.761719
-0.800781
-0.902344
-0.925781
-0.933594
-0.933594
-0.941406
-0.917969
-0.878906
-0.878906
-0.800781
-0.714844
-0.761719
-0.808594
-0.769531
-0.800781
-0.878906
-0.894531
-0.902344
-0.863281
-0.808594
-0.785156
-0.753906
-0.738281
-0.792969
-0.894531
-0.910156
-0.964844
-0.996094
-0.980469
-0.949219
-0.941406
-0.972656
-0.949219
-0.917969
-0.902344
-0.878906
-0.886719
-0.933594
-0.988281
-0.996094
-0.988281
-0.933594
-0.886719
-0.878906
-0.902344
-0.894531
-0.878906
-0.902344
-0.925781
-0.933594
-0.941406
-0.933594
-0.941406
-0.910156
-0.894531
-0.863281
-0.816406
-0.871094
-0.894531
-0.910156
-0.917969
-0.949219
-0.933594
-0.917969
-0.910156
-0.917969
-0.902344
-0.847656
-0.847656
-0.855469
-0.855469
-0.839844
-0.839844
-0.832031
-0.824219
-0.886719
-0.917969
-0.917969
-0.910156
-0.925781
-0.925781
-0.949219
-0.917969
-0.972656
-0.949219
-0.957031
-0.949219
-0.949219
-0.933594
-0.941406
-0.933594
-0.925781
-0.917969
-0.894531
-0.902344
-0.894531
-0.902344
-0.917969
-0.917969
-0.933594
-0.964844
-0.996094
0.996063
-0.996094
0.972626
0.957001
0.957001
0.964813
0.980438
0.972626
0.964813
0.972626
0.972626
0.933563
0.894501
0.925751
0.894501
0.925751
0.949188
0.964813
0.941376
0.910126
0.910126
0.941376
0.957001
0.972626
0.988251
0.949188
0.917938
0.886688
0.910126
0.894501
0.871063
0.917938
0.933563
0.933563
0.925751
0.941376
0.949188
0.972626
0.972626
0.957001
0.957001
0.980438
0.964813
0.949188
0.988251
0.964813
0.933563
0.917938
0.941376
0.957001
0.949188
0.980438
0.964813
0.933563
0.941376
0.964813
0.972626
-0.996094
0.988251
0.980438
0.988251
-0.996094
-0.996094
-0.957031
-0.964844
-0.988281
-0.988281
-0.996094
-0.988281
-0.949219
-0.964844
-0.964844
-0.964844
-0.972656
-0.980469
-0.980469
-0.941406
-0.933594
-0.949219
-0.933594
-0.949219
-0.941406
-0.957031
-0.933594
-0.894531
-0.996094
0.925751
-0.964844
-0.832031
-0.871094
0.917938
0.832001
0.980438
-0.886719
-0.824219
-0.941406
0.964813
0.925751
0.957001
-0.964844
-0.949219
-0.933594
-0.957031
0.972626
-0.957031
0.980438
-0.957031
-0.894531
-0.941406
-0.996094
-0.964844
-0.933594
-0.980469
-0.941406
-0.949219
-0.949219
-0.980469
-0.957031
-0.980469
-0.996094
0.964813
0.910126
-0.996094
-0.894531
-0.917969
-0.996094
-0.933594
-0.957031
0.996063
-0.988281
-0.949219
-0.957031
-0.941406
-0.964844
-0.964844
-0.957031
0.996063
0.949188
0.988251
0.996063
0.980438
-0.972656
0.941376
-0.957031
-0.949219
-0.933594
-0.917969
-0.917969
-0.917969
-0.941406
-0.972656
-0.949219
-0.949219
-0.957031
-0.972656
-0.949219
-0.941406
-0.902344
-0.925781
-0.941406
-0.949219
-0.980469
0.996063
-0.949219
-0.988281
-0.980469
-0.988281
0.988251
0.996063
-0.996094
-0.972656
-0.996094
0.980438
0.980438
0.972626
0.972626
0.964813
0.996063
0.996063
0.988251
0.988251
0.980438
0.957001
0.957001
0.972626
0.988251
0.972626
-0.996094
0.988251
0.988251
0.972626
0.988251
0.957001
0.964813
0.972626
0.972626
0.980438
0.933563
0.964813
0.988251
0.957001
0.964813
0.949188
0.941376
0.933563
0.933563
0.910126
0.910126
0.941376
0.941376
0.902313
0.902313
0.910126
0.933563
0.933563
0.925751
0.941376
0.949188
0.949188
0.902313
0.941376
0.949188
0.957001
0.949188
0.972626
0.964813
0.972626
-0.996094
0.996063
0.980438
0.988251
-0.996094
-0.972656
-0.980469
-0.972656
-0.957031
-0.996094
-0.988281
-0.980469
-0.933594
-0.933594
-0.949219
-0.949219
-0.941406
-0.964844
-0.964844
-0.980469
-0.972656
-0.941406
-0.941406
-0.941406
-0.964844
-0.933594
-0.941406
-0.972656
-0.949219
-0.949219
-0.816406
-0.863281
0.886688
-0.902344
-0.847656
-0.972656
-0.964844
-0.964844
-0.972656
-0.996094
-0.980469
-0.917969
-0.941406
-0.964844
-0.964844
-0.957031
-0.972656
-0.964844
-0.917969
-0.925781
-0.988281
-0.917969
0.996063
-0.910156
-0.949219
0.988251
0.996063
0.980438
0.964813
0.972626
-0.980469
0.996063
0.988251
0.996063
0.964813
0.957001
0.957001
0.964813
0.917938
0.917938
0.949188
0.988251
0.964813
0.972626
0.957001
0.910126
0.917938
0.949188
0.957001
0.957001
0.980438
0.957001
0.964813
0.972626
0.980438
0.972626
0.933563
0.933563
0.925751
0.933563
0.949188
0.964813
0.941376
0.980438
0.949188
0.980438
-0.996094
-0.988281
-0.996094
0.988251
-0.996094
-0.972656
-0.980469
-0.996094
-0.996094
-0.949219
-0.917969
-0.933594
0.980438
0.832001
0.925751
-0.910156
-0.832031
-0.855469
-0.910156
-0.925781
-0.996094
-0.996094
-0.902344
-0.847656
-0.824219
-0.855469
-0.925781
-0.996094
0.972626
-0.964844
-0.847656
-0.832031
-0.941406
0.949188
0.949188
-0.957031
-0.878906
-0.871094
-0.910156
-0.964844
-0.996094
-0.964844
-0.925781
-0.894531
-0.917969
-0.941406
-0.972656
-0.964844
-0.972656
-0.925781
-0.902344
-0.933594
-0.972656
-0.988281
-0.988281
-0.964844
-0.988281
0.988251
-0.996094
-0.972656
-0.957031
-0.988281
-0.996094
0.972626
-0.996094
0.996063
0.949188
0.949188
0.972626
0.980438
-0.996094
0.980438
0.980438
0.972626
0.964813
-0.996094
-0.996094
-0.964844
-0.949219
0.996063
0.933563
0.949188
0.980438
0.988251
0.972626
0.957001
0.964813
0.957001
0.957001
-0.996094
0.996063
0.957001
0.949188
0.957001
-0.996094
-0.988281
0.988251
0.964813
0.925751
0.957001
0.957001
0.941376
0.933563
0.964813
0.980438
0.941376
0.941376
0.949188
0.988251
0.949188
0.902313
0.917938
0.988251
0.964813
0.980438
0.996063
-0.996094
-0.988281
0.964813
0.933563
0.949188
0.996063
-0.996094
0.964813
0.972626
0.980438
-0.988281
-0.988281
-0.988281
-0.957031
-0.957031
-0.964844
-0.988281
-0.949219
-0.933594
-0.917969
-0.894531
-0.933594
-0.980469
-0.972656
-0.949219
-0.933594
-0.972656
-0.972656
-0.941406
-0.949219
-0.957031
-0.949219
-0.957031
-0.941406
-0.949219
-0.941406
-0.941406
-0.933594
-0.917969
-0.925781
-0.941406
-0.925781
-0.949219
-0.886719
-0.886719
-0.917969
-0.957031
-0.957031
-0.910156
-0.886719
-0.925781
-0.933594
-0.910156
-0.917969
-0.917969
-0.949219
-0.933594
-0.980469
-0.964844
-0.949219
-0.980469
-0.988281
-0.988281
-0.972656
-0.949219
-0.949219
-0.980469
-0.988281
-0.957031
-0.949219
-0.996094
0.996063
-0.996094
-0.996094
0.972626
0.957001
0.933563
0.972626
0.972626
0.980438
0.949188
0.941376
0.964813
-0.980469
-0.972656
-0.996094
0.957001
0.964813
0.972626
0.972626
0.996063
0.996063
0.988251
0.980438
0.988251
0.988251
0.996063
0.988251
0.988251
0.980438
0.980438
0.933563
0.925751
0.941376
0.972626
0.980438
-0.996094
-0.996094
0.980438
-0.996094
0.980438
0.964813
0.886688
0.949188
-0.941406
-0.957031
0.980438
-0.964844
-0.925781
-0.964844
-0.980469
-0.964844
-0.949219
-0.925781
-0.917969
-0.933594
-0.917969
-0.972656
-0.964844
-0.941406
-0.933594
-0.972656
-0.980469
-0.957031
-0.972656
-0.972656
-0.917969
-0.933594
-0.980469
-0.964844
-0.925781
-0.941406
-0.933594
-0.941406
-0.917969
-0.902344
-0.933594
-0.972656
-0.933594
-0.910156
-0.941406
-0.949219
-0.949219
-0.988281
-0.972656
-0.964844
-0.980469
-0.980469
-0.957031
-0.949219
-0.980469
0.996063
0.996063
-0.996094
-0.988281
-0.972656
-0.925781
-0.925781
-0.996094
0.949188
0.980438
-0.996094
-0.972656
-0.949219
-0.996094
0.996063
-0.988281
-0.996094
-0.964844
0.972626
0.988251
-0.964844
-0.980469
0.957001
0.964813
-0.996094
-0.988281
-0.996094
-0.972656
-0.988281
-0.980469
0.996063
0.996063
0.988251
0.972626
0.980438
0.972626
0.964813
0.972626
-0.980469
0.996063
-0.988281
-0.996094
0.972626
-0.988281
-0.996094
-0.988281
0.988251
0.996063
-0.996094
-0.988281
0.996063
-0.964844
-0.996094
0.972626
-0.917969
-0.925781
-0.980469
-0.988281
-0.957031
-0.964844
-0.980469
-0.996094
-0.980469
-0.941406
-0.941406
-0.925781
-0.910156
-0.941406
-0.941406
-0.980469
-0.949219
-0.957031
-0.902344
-0.957031
-0.949219
-0.949219
-0.949219
-0.964844
-0.980469
-0.941406
-0.957031
-0.964844
-0.996094
-0.957031
-0.933594
-0.972656
-0.972656
-0.972656
-0.972656
-0.941406
-0.949219
-0.917969
-0.949219
-0.972656
-0.996094
-0.996094
-0.941406
-0.972656
-0.949219
-0.941406
-0.941406
-0.980469
-0.964844
-0.988281
-0.949219
-0.964844
-0.980469
-0.980469
-0.980469
-0.972656
-0.972656
-0.957031
-0.972656
-0.996094
0.988251
-0.957031
-0.949219
-0.980469
0.988251
0.988251
0.988251
-0.996094
0.996063
0.996063
-0.980469
-0.988281
0.996063
0.996063
0.996063
0.980438
-0.996094
-0.988281
0.996063
0.996063
0.996063
-0.996094
-0.980469
-0.988281
0.980438
0.996063
0.996063
-0.996094
-0.996094
-0.964844
-0.988281
-0.996094
-0.996094
-0.972656
-0.964844
-0.996094
0.996063
0.980438
-0.972656
-0.957031
-0.980469
-0.964844
-0.980469
-0.972656
-0.988281
0.988251
-0.988281
-0.980469
-0.996094
-0.996094
-0.980469
0.988251
0.933563
0.972626
-0.917969
-0.957031
-0.996094
-0.949219
-0.933594
-0.957031
-0.996094
-0.996094
-0.957031
-0.894531
-0.910156
-0.910156
-0.949219
-0.988281
0.988251
-0.964844
-0.972656
-0.996094
0.972626
0.972626
0.996063
-0.996094
-0.964844
-0.925781
-0.933594
0.980438
0.980438
-0.957031
-0.878906
-0.925781
-0.972656
-0.972656
-0.988281
-0.964844
-0.941406
-0.957031
-0.957031
-0.972656
0.996063
0.980438
-0.972656
-0.957031
-0.964844
-0.972656
-0.949219
-0.980469
-0.980469
-0.964844
-0.972656
-0.941406
-0.949219
-0.996094
-0.980469
-0.988281
-0.964844
-0.980469
-0.996094
0.996063
0.996063
-0.988281
-0.972656
-0.972656
-0.988281
-0.996094
0.988251
0.988251
-0.964844
-0.957031
-0.996094
-0.964844
-0.964844
-0.996094
-0.972656
-0.980469
-0.972656
-0.980469
0.996063
-0.996094
-0.964844
-0.964844
-0.972656
-0.996094
0.988251
-0.988281
-0.996094
-0.933594
-0.949219
-0.980469
-0.996094
-0.988281
-0.988281
-0.988281
-0.972656
-0.972656
-0.996094
-0.988281
-0.988281
-0.972656
-0.957031
-0.972656
-0.949219
-0.949219
-0.996094
-0.972656
-0.996094
-0.980469
-0.996094
-0.964844
-0.964844
-0.949219
-0.988281
-0.980469
-0.972656
-0.949219
-0.949219
-0.941406
-0.941406
-0.964844
-0.964844
-0.964844
-0.832031
0.972626
0.925751
-0.894531
-0.972656
0.964813
-0.964844
-0.933594
-0.996094
0.988251
-0.972656
-0.972656
-0.949219
-0.964844
-0.972656
-0.964844
-0.949219
-0.933594
-0.933594
-0.980469
-0.996094
-0.980469
0.996063
-0.863281
-0.949219
0.988251
-0.957031
-0.996094
-0.988281
-0.964844
-0.949219
-0.957031
-0.972656
-0.957031
-0.949219
-0.964844
-0.957031
-0.941406
-0.957031
-0.980469
-0.972656
-0.988281
-0.980469
-0.988281
-0.988281
-0.957031
-0.964844
-0.972656
0.996063
-0.996094
-0.996094
-0.988281
-0.996094
-0.988281
-0.980469
-0.980469
-0.996094
-0.996094
0.988251
0.980438
0.988251
-0.996094
-0.988281
-0.988281
-0.996094
-0.996094
0.972626
0.949188
-0.996094
-0.996094
-0.988281
-0.996094
0.996063
-0.988281
-0.964844
-0.964844
-0.972656
-0.972656
0.996063
0.996063
-0.949219
-0.933594
-0.964844
-0.988281
0.980438
0.980438
-0.988281
-0.980469
-0.972656
-0.957031
-0.972656
-0.988281
-0.988281
0.910126
0.933563
-0.941406
-0.894531
-0.933594
-0.925781
-0.902344
-0.910156
-0.941406
-0.949219
-0.917969
-0.925781
-0.941406
-0.933594
-0.910156
-0.957031
-0.988281
-0.941406
-0.949219
-0.964844
-0.988281
-0.980469
-0.980469
0.996063
-0.964844
-0.949219
-0.941406
-0.972656
-0.949219
-0.980469
-0.964844
-0.980469
-0.949219
-0.964844
-0.949219
-0.933594
-0.949219
-0.949219
-0.957031
-0.941406
-0.941406
-0.972656
-0.957031
-0.941406
-0.910156
-0.949219
-0.964844
-0.964844
-0.972656
-0.980469
-0.964844
-0.996094
-0.972656
-0.957031
-0.933594
-0.957031
-0.972656
-0.988281
-0.988281
-0.964844
-0.980469
-0.996094
-0.996094
-0.988281
-0.980469
-0.988281
-0.996094
-0.980469
-0.980469
-0.949219
-0.957031
-0.980469
-0.996094
-0.988281
0.996063
-0.980469
-0.964844
-0.980469
-0.988281
-0.996094
-0.972656
-0.972656
-0.980469
0.996063
-0.996094
-0.996094
0.988251
-0.996094
0.988251
0.972626
0.980438
-0.964844
-0.941406
-0.964844
-0.972656
-0.972656
-0.972656
-0.972656
-0.996094
-0.996094
-0.996094
0.972626
-0.988281
-0.996094
-0.980469
-0.980469
0.996063
-0.996094
-0.972656
-0.964844
-0.996094
0.996063
-0.996094
-0.980469
-0.941406
-0.964844
0.988251
-0.996094
-0.988281
-0.996094
-0.980469
-0.996094
-0.996094
-0.980469
-0.988281
-0.980469
-0.933594
-0.949219
-0.957031
-0.949219
-0.949219
-0.964844
-0.996094
-0.996094
-0.996094
-0.980469
-0.980469
-0.949219
-0.972656
-0.996094
-0.996094
-0.925781
-0.941406
-0.933594
-0.933594
-0.941406
-0.941406
-0.957031
-0.949219
-0.957031
-0.972656
0.996063
-0.964844
-0.964844
-0.964844
-0.949219
-0.949219
-0.972656
-0.972656
-0.964844
-0.964844
-0.925781
-0.980469
0.996063
0.996063
0.996063
-0.996094
-0.957031
-0.957031
-0.949219
-0.972656
-0.980469
-0.996094
-0.949219
-0.949219
-0.894531
-0.996094
-0.957031
-0.917969
0.996063
-0.996094
-0.933594
-0.925781
-0.996094
-0.980469
-0.949219
-0.972656
0.996063
0.996063
-0.996094
-0.996094
-0.980469
-0.949219
-0.980469
-0.996094
-0.980469
-0.972656
-0.988281
-0.996094
-0.996094
-0.957031
-0.972656
-0.996094
-0.996094
-0.957031
-0.972656
-0.996094
-0.996094
-0.980469
-0.964844
-0.980469
-0.972656
-0.933594
0.964813
0.988251
0.925751
-0.996094
-0.933594
-0.910156
-0.949219
-0.917969
-0.878906
-0.964844
-0.980469
-0.949219
-0.910156
-0.894531
-0.925781
-0.964844
-0.949219
-0.941406
-0.996094
-0.957031
-0.941406
-0.996094
0.980438
-0.996094
-0.988281
-0.964844
-0.964844
0.980438
-0.996094
-0.957031
-0.917969
-0.941406
-0.949219
-0.949219
-0.933594
-0.933594
-0.972656
-0.996094
-0.980469
-0.996094
-0.996094
-0.949219
-0.941406
-0.980469
-0.980469
-0.972656
-0.980469
-0.949219
-0.964844
-0.949219
-0.925781
-0.964844
0.988251
0.988251
-0.964844
-0.941406
-0.988281
-0.996094
-0.980469
-0.996094
0.980438
-0.996094
0.980438
0.972626
-0.996094
-0.957031
-0.941406
-0.988281
-0.996094
-0.996094
0.972626
0.964813
0.980438
-0.949219
-0.941406
0.980438
0.941376
0.925751
0.980438
-0.925781
-0.910156
-0.949219
-0.988281
0.988251
0.972626
0.988251
-0.980469
-0.925781
-0.925781
-0.988281
0.964813
0.972626
0.988251
-0.996094
-0.957031
-0.949219
-0.949219
0.972626
0.925751
-0.996094
-0.949219
0.996063
-0.996094
-0.925781
-0.980469
-0.996094
-0.964844
-0.910156
-0.957031
-0.996094
-0.964844
-0.917969
-0.917969
-0.957031
0.957001
-0.980469
-0.761719
-0.808594
0.886688
0.832001
-0.964844
-0.800781
-0.808594
-0.949219
0.949188
0.949188
-0.863281
-0.746094
-0.988281
0.816376
-0.996094
-0.839844
-0.917969
-0.972656
-0.917969
-0.917969
-0.996094
0.972626
-0.996094
-0.917969
-0.925781
-0.996094
-0.996094
-0.964844
-0.980469
-0.980469
-0.988281
-0.996094
-0.894531
-0.863281
0.972626
0.871063
0.949188
-0.964844
-0.917969
-0.832031
-0.871094
0.925751
0.832001
-0.996094
-0.792969
-0.777344
0.941376
0.769501
-0.972656
-0.714844
-0.863281
0.855438
0.847626
-0.988281
-0.832031
-0.886719
-0.988281
0.941376
0.988251
-0.964844
-0.941406
-0.949219
-0.957031
0.972626
0.957001
0.949188
-0.988281
-0.917969
-0.949219
0.980438
-0.996094
-0.933594
-0.941406
-0.988281
-0.996094
0.988251
-0.957031
-0.925781
-0.996094
0.988251
0.980438
-0.996094
-0.964844
-0.957031
-0.996094
-0.996094
-0.972656
-0.941406
-0.949219
-0.972656
-0.980469
-0.957031
-0.988281
-0.996094
-0.964844
-0.957031
-0.933594
-0.964844
-0.980469
0.980438
0.949188
0.941376
-0.972656
-0.894531
-0.949219
0.902313
0.933563
-0.933594
-0.894531
-0.910156
-0.917969
-0.949219
-0.949219
-0.964844
-0.957031
-0.917969
-0.941406
-0.980469
-0.964844
0.980438
0.933563
0.957001
-0.980469
-0.925781
-0.941406
-0.941406
-0.964844
0.996063
0.964813
0.957001
-0.996094
-0.972656
-0.949219
-0.933594
-0.902344
-0.957031
0.996063
0.996063
-0.925781
-0.925781
-0.980469
-0.996094
-0.972656
-0.941406
-0.925781
-0.964844
0.996063
-0.996094
-0.957031
-0.925781
-0.941406
-0.996094
0.949188
0.957001
-0.964844
-0.917969
-0.902344
-0.964844
0.980438
-0.980469
-0.957031
-0.925781
-0.980469
0.996063
-0.996094
-0.964844
-0.949219
-0.949219
-0.957031
-0.980469
-0.996094
-0.964844
-0.925781
-0.949219
-0.949219
-0.980469
0.988251
-0.996094
-0.933594
-0.917969
0.964813
0.871063
0.964813
-0.824219
-0.753906
-0.917969
0.902313
0.894501
-0.996094
-0.839844
-0.855469
-0.949219
0.964813
0.949188
-0.972656
-0.886719
-0.855469
-0.917969
0.964813
0.878876
0.910126
-0.886719
-0.832031
-0.902344
-0.996094
0.941376
0.996063
-0.910156
-0.878906
-0.871094
-0.863281
0.722626
0.855438
-0.878906
-0.730469
-0.738281
-0.769531
0.933563
0.597626
0.660126
-0.949219
-0.613281
-0.582031
-0.832031
0.847626
0.628876
0.675751
-0.972656
-0.605469
0.498286
0.499143
0.500001
