-0.949219
-0.972656
-0.972656
-0.941406
-0.808502
0.543182
-0.99585
-0.99585
-0.99585
-0.99585
-0.99585
-0.99585
-0.99585
0.722778
-0.0118103
0.855377
-0.808838
-0.808838
-0.808838
0.511536
-0.46463
-0.99585
0.925903
-0.7229
-0.808838
-0.371277
0.558563
0.136536
-0.808838
-0.808838
0.48822
-0.99585
-0.0583801
0.628723
-0.746338
-0.0899963
0.472534
0.449097
0.777405
-0.99585
0.418152
0.0975647
-0.801025
-0.808838
0.0583496
0.871094
-0.0505676
-0.370972
-0.0508118
0.0194397
-0.0665588
0.238098
-0.152466
0.0976562
-0.308502
0.933655
-0.980469
0.902191
-0.269714
-0.433746
-0.88681
-0.597717
0.472595
0.433533
-0.253998
-0.238403
0.120972
-0.589935
0.121002
0.73819
-0.300842
-0.464905
0.292877
0.67569
0.64447
0.503906
-0.55069
0.707184
0.31662
-0.99585
-0.99585
-0.99585
0.777557
0.230652
-0.628754
0.121185
-0.0351257
-0.402374
0.222565
0.144409
-0.597778
-0.0977783
-0.88681
0.503815
0.152283
-0.0508118
-0.605469
0.394531
-0.777313
-0.433563
0.621094
0.511688
0.0897827
0.33194
0.152252
-0.433655
-0.652374
0.667938
-0.449219
-0.613281
-0.511749
-0.410217
0.535095
0.105469
0.339874
0.699219
-0.652374
-0.51178
-0.183655
0.847595
-0.519562
-0.558624
-0.824249
-0.753937
-0.597687
-0.488312
0.222626
-0.511719
0.0507812
-0.550781
0.621063
0.566376
0.996063
-0.621094
-0.746094
0.410126
-0.753937
0.277283
0.199158
0.699158
-0.863312
-0.949249
0.324158
-0.51178
-0.933655
-0.79303
-0.113342
0.542908
0.402283
0.0194702
0.941345
0.925751
-0.0976562
-0.332031
-0.214844
0.425781
0.644531
0.457031
0.425781
0.449219
0.105469
-0.339844
-0.503906
-0.417969
-0.503906
-0.683594
-0.660156
-0.402344
-0.183594
-0.175781
-0.167969
-0.0507812
0.121094
0.441406
0.746094
0.902344
0.730469
0.464844
0.253906
0.269531
0.535156
0.863281
-0.980438
-0.988251
-0.917938
-0.917938
0.964844
0.792969
0.730469
0.621094
0.355469
0.0976562
-0.0507812
-0.285156
-0.753906
-0.964844
-0.582031
0.0976562
0.613281
0.613281
0.324219
0.183594
0.566406
0.988281
0.894531
0.488281
0.121094
-0.0664062
-0.246094
-0.464844
-0.566406
-0.503906
-0.503906
-0.496094
-0.558594
-0.621094
-0.699219
-0.683594
-0.683594
-0.667969
-0.816406
0.894501
0.644501
0.683563
0.964813
-0.941406
0.847626
0.699188
0.808563
-0.910156
-0.628906
-0.574219
-0.675781
-0.902344
0.910126
0.738251
0.574188
0.652313
0.746063
0.707001
0.542938
0.292938
0.0820007
0.191376
0.558563
0.863251
0.886688
0.761688
0.636688
0.574188
0.667938
0.910126
-0.863281
-0.855469
0.949188
0.699188
0.636688
0.886688
-0.730469
-0.527344
-0.597656
-0.707031
-0.714844
-0.652344
-0.582031
-0.472656
-0.410156
-0.480469
-0.574219
-0.722656
-0.800781
-0.707031
-0.542969
-0.332031
-0.300781
-0.308594
-0.222656
-0.0898438
0.0117188
0.0585938
0.0976562
0.136719
0.128906
0.0429688
-0.0585938
-0.152344
-0.144531
-0.0820312
-0.0117188
0.0664062
0.0898438
0.0898438
0.105469
0.113281
0.144531
0.207031
0.261719
0.285156
0.261719
0.113281
-0.0898438
-0.183594
-0.105469
-0.0507812
-0.0273438
-0.0820312
-0.128906
-0.0820312
-0.0351562
-0.0117188
-0.0195312
-0.0898438
-0.214844
-0.339844
-0.488281
-0.613281
-0.691406
-0.699219
-0.746094
-0.816406
-0.855469
-0.769531
-0.746094
-0.832031
-0.871094
-0.847656
-0.878906
-0.972656
0.925751
0.933563
0.933563
0.941376
-0.996094
-0.957031
0.925751
0.871063
0.839813
0.832001
0.863251
0.917938
0.894501
0.863251
0.847626
0.839813
0.871063
0.996063
0.972626
0.925751
0.855438
0.738251
0.691376
0.777313
0.824188
0.808563
0.722626
0.714813
0.753876
0.816376
0.910126
0.996063
-0.910156
-0.917969
0.964813
0.878876
0.847626
0.855438
0.878876
0.886688
0.855438
0.824188
0.855438
0.902313
0.996063
-0.933594
-0.855469
-0.746094
-0.707031
-0.792969
-0.878906
-0.902344
-0.886719
-0.878906
-0.910156
-0.878906
-0.847656
-0.816406
-0.816406
-0.792969
-0.753906
-0.730469
-0.738281
-0.761719
-0.792969
-0.855469
-0.886719
-0.925781
-0.894531
-0.832031
-0.730469
-0.644531
-0.628906
-0.652344
-0.714844
-0.769531
-0.792969
-0.808594
-0.824219
-0.832031
-0.863281
-0.738281
-0.824219
-0.824219
-0.730469
-0.753906
-0.839844
-0.847656
-0.800781
-0.832031
-0.894531
-0.902344
-0.917969
-0.894531
-0.847656
-0.824219
-0.785156
-0.753906
-0.792969
-0.808594
-0.839844
-0.863281
-0.847656
-0.886719
-0.902344
-0.925781
-0.949219
-0.917969
-0.878906
-0.863281
-0.863281
-0.855469
-0.855469
-0.917969
-0.980469
-0.996094
-0.972656
-0.957031
0.988251
-0.941406
-0.964844
-0.933594
-0.886719
-0.816406
-0.824219
-0.839844
-0.824219
-0.816406
-0.847656
-0.832031
-0.894531
-0.902344
-0.933594
-0.933594
-0.941406
-0.949219
-0.894531
-0.871094
-0.894531
-0.886719
-0.871094
-0.886719
-0.894531
-0.878906
-0.863281
-0.886719
-0.902344
-0.871094
-0.855469
-0.863281
-0.878906
-0.894531
-0.894531
-0.902344
-0.886719
-0.902344
-0.886719
-0.886719
-0.886719
-0.917969
-0.886719
-0.886719
-0.925781
-0.910156
-0.925781
-0.980469
-0.957031
-0.957031
-0.925781
-0.917969
-0.910156
-0.910156
-0.902344
-0.871094
-0.863281
-0.894531
-0.917969
-0.933594
-0.949219
0.980438
0.957001
0.972626
0.957001
0.933563
0.933563
0.949188
0.933563
0.941376
0.949188
0.964813
0.972626
0.949188
0.980438
0.957001
0.949188
0.933563
0.894501
0.941376
0.941376
0.910126
0.941376
0.933563
0.925751
0.957001
0.964813
0.941376
0.941376
0.949188
0.933563
0.925751
0.910126
0.925751
0.917938
0.941376
0.933563
0.910126
0.910126
0.847626
0.863251
0.949188
-0.957031
-0.996094
0.972626
-0.996094
-0.996094
0.972626
0.972626
0.980438
0.988251
0.996063
0.996063
-0.996094
0.980438
0.957001
0.941376
0.917938
0.933563
0.910126
0.957001
0.980438
-0.996094
-0.988281
-0.988281
-0.996094
-0.988281
-0.988281
-0.996094
-0.988281
-0.980469
-0.964844
0.996063
0.980438
-0.988281
-0.972656
-0.949219
-0.980469
-0.988281
-0.957031
-0.941406
-0.949219
-0.980469
-0.949219
-0.957031
-0.957031
-0.996094
-0.980469
-0.957031
-0.957031
-0.972656
-0.980469
-0.949219
-0.996094
-0.996094
-0.964844
-0.980469
-0.996094
-0.988281
-0.980469
-0.980469
-0.933594
-0.957031
-0.957031
-0.957031
-0.957031
-0.925781
-0.910156
-0.949219
-0.941406
-0.972656
-0.988281
-0.964844
-0.964844
-0.941406
-0.949219
-0.957031
-0.964844
-0.972656
-0.933594
-0.949219
-0.941406
-0.941406
-0.941406
-0.949219
-0.980469
-0.964844
-0.988281
-0.996094
-0.996094
-0.957031
-0.941406
-0.957031
0.980438
0.964813
0.972626
-0.972656
-0.925781
-0.933594
-0.972656
-0.988281
-0.972656
-0.941406
-0.941406
-0.925781
-0.964844
-0.988281
-0.996094
-0.980469
-0.941406
-0.933594
-0.917969
-0.941406
-0.941406
-0.910156
-0.917969
-0.933594
-0.941406
-0.949219
-0.949219
-0.941406
-0.957031
-0.949219
-0.980469
-0.996094
0.988251
0.996063
-0.988281
-0.996094
-0.988281
0.988251
-0.996094
-0.957031
-0.980469
-0.988281
-0.988281
-0.972656
-0.957031
-0.988281
0.988251
0.988251
0.972626
0.988251
0.980438
0.980438
-0.996094
-0.996094
0.988251
0.964813
0.972626
0.972626
0.996063
0.988251
0.996063
-0.988281
-0.996094
0.980438
0.964813
0.964813
0.941376
0.949188
0.941376
0.925751
0.933563
0.941376
0.949188
0.957001
0.964813
0.957001
0.941376
0.917938
0.933563
0.917938
0.917938
0.941376
0.917938
0.917938
0.910126
0.957001
0.902313
0.957001
0.957001
0.996063
0.949188
0.957001
0.894501
0.925751
0.941376
0.941376
0.949188
0.964813
-0.996094
-0.988281
-0.980469
-0.996094
-0.964844
-0.988281
-0.988281
-0.980469
-0.972656
0.980438
0.988251
0.996063
-0.957031
-0.972656
-0.996094
-0.957031
-0.957031
-0.949219
-0.941406
-0.941406
-0.933594
-0.964844
-0.988281
0.980438
0.933563
-0.972656
-0.800781
-0.871094
-0.941406
-0.902344
-0.878906
-0.925781
-0.925781
-0.917969
-0.886719
-0.847656
-0.902344
-0.910156
-0.925781
-0.964844
0.996063
-0.972656
-0.941406
-0.949219
-0.957031
-0.964844
-0.949219
-0.910156
-0.949219
-0.949219
-0.988281
0.996063
-0.980469
-0.972656
-0.980469
-0.972656
-0.996094
-0.996094
-0.988281
-0.980469
-0.996094
0.988251
0.980438
-0.996094
-0.996094
0.980438
0.972626
0.996063
-0.996094
0.996063
-0.996094
0.972626
0.941376
0.941376
0.949188
0.941376
0.972626
0.957001
0.941376
0.957001
0.917938
0.925751
0.941376
0.964813
0.949188
0.925751
0.933563
0.964813
0.949188
0.894501
0.917938
0.980438
-0.988281
0.996063
0.949188
0.949188
0.972626
-0.988281
-0.964844
-0.972656
0.980438
0.988251
0.980438
-0.996094
-0.957031
-0.957031
0.980438
0.988251
0.972626
-0.980469
-0.910156
-0.917969
-0.988281
0.988251
0.964813
-0.996094
-0.964844
-0.933594
-0.925781
-0.910156
-0.941406
-0.949219
-0.949219
-0.894531
-0.910156
-0.949219
-0.933594
-0.980469
-0.980469
-0.964844
-0.910156
-0.925781
-0.949219
-0.957031
-0.941406
-0.902344
-0.871094
-0.894531
-0.933594
-0.964844
-0.949219
-0.933594
-0.917969
-0.925781
-0.902344
-0.917969
-0.917969
-0.941406
-0.972656
-0.949219
-0.917969
-0.925781
-0.933594
-0.980469
-0.980469
-0.972656
-0.949219
-0.996094
-0.972656
-0.988281
-0.980469
0.988251
0.996063
-0.980469
-0.996094
0.972626
0.996063
-0.996094
-0.988281
0.996063
0.964813
-0.996094
-0.996094
0.972626
0.949188
-0.996094
0.964813
0.988251
0.972626
0.972626
0.988251
-0.988281
0.996063
0.933563
0.933563
0.972626
0.957001
0.957001
0.980438
0.964813
0.964813
0.917938
0.941376
0.949188
0.964813
0.941376
0.941376
0.949188
0.972626
0.972626
0.917938
0.917938
0.957001
0.980438
0.980438
0.972626
0.980438
0.949188
0.972626
0.894501
-0.949219
0.996063
0.910126
0.917938
0.972626
0.972626
0.996063
-0.996094
-0.964844
0.988251
0.972626
0.996063
-0.988281
-0.972656
-0.964844
-0.980469
-0.957031
-0.949219
-0.910156
-0.917969
-0.957031
-0.972656
-0.957031
-0.925781
-0.964844
-0.949219
-0.910156
-0.933594
-0.949219
0.964813
-0.988281
-0.824219
-0.855469
-0.925781
-0.886719
-0.855469
-0.878906
-0.902344
-0.894531
-0.878906
-0.847656
-0.878906
-0.878906
-0.902344
-0.917969
-0.972656
-0.996094
-0.980469
-0.933594
-0.941406
-0.933594
-0.964844
-0.988281
-0.980469
-0.972656
-0.957031
-0.941406
-0.964844
0.996063
-0.988281
-0.941406
-0.941406
-0.964844
-0.980469
-0.964844
-0.957031
-0.988281
-0.996094
-0.957031
-0.964844
-0.996094
-0.996094
-0.988281
-0.980469
-0.996094
0.988251
0.980438
0.988251
0.972626
0.988251
0.957001
0.972626
-0.996094
0.964813
0.957001
0.972626
0.957001
0.941376
0.964813
0.964813
0.972626
0.941376
0.964813
0.980438
0.988251
0.972626
0.957001
0.980438
0.980438
0.988251
0.980438
0.988251
0.941376
0.925751
0.949188
0.964813
-0.996094
-0.996094
0.996063
0.949188
0.980438
-0.957031
-0.964844
-0.996094
0.972626
-0.996094
-0.980469
-0.964844
-0.972656
-0.972656
-0.972656
-0.941406
-0.964844
-0.988281
-0.996094
-0.988281
-0.933594
-0.917969
-0.941406
-0.949219
-0.917969
-0.972656
-0.957031
-0.917969
-0.925781
-0.933594
-0.933594
-0.925781
-0.941406
-0.972656
-0.957031
-0.925781
-0.894531
-0.902344
-0.964844
-0.933594
-0.925781
-0.917969
-0.957031
-0.996094
-0.996094
-0.980469
-0.957031
-0.917969
-0.917969
-0.949219
-0.996094
-0.996094
-0.980469
-0.957031
-0.988281
-0.988281
-0.980469
-0.957031
-0.980469
-0.980469
-0.964844
-0.949219
-0.980469
-0.980469
-0.996094
-0.980469
-0.988281
0.988251
-0.996094
-0.996094
0.988251
-0.972656
-0.988281
-0.988281
0.988251
0.988251
-0.996094
0.980438
0.972626
-0.988281
-0.980469
-0.988281
0.957001
0.957001
0.957001
0.972626
0.996063
0.996063
0.996063
0.988251
-0.996094
-0.988281
-0.996094
0.988251
0.988251
0.972626
0.964813
0.980438
-0.980469
0.996063
0.980438
0.949188
-0.988281
-0.980469
-0.957031
-0.996094
-0.996094
-0.996094
0.996063
0.964813
-0.988281
-0.957031
-0.972656
-0.964844
-0.949219
-0.988281
0.996063
-0.988281
-0.933594
-0.949219
-0.949219
-0.964844
-0.933594
-0.957031
-0.957031
-0.941406
-0.972656
-0.964844
-0.941406
-0.941406
-0.941406
-0.972656
-0.964844
-0.917969
-0.878906
-0.910156
-0.964844
0.996063
0.957001
-0.988281
-0.847656
-0.910156
0.996063
-0.949219
-0.863281
-0.894531
-0.902344
-0.910156
-0.925781
-0.847656
-0.878906
-0.925781
-0.964844
0.996063
0.980438
-0.941406
-0.949219
-0.996094
0.988251
-0.988281
-0.949219
-0.941406
-0.941406
-0.949219
-0.957031
-0.988281
-0.996094
-0.957031
-0.949219
-0.941406
-0.972656
0.996063
-0.988281
-0.988281
0.972626
0.988251
0.980438
0.996063
0.996063
0.972626
0.972626
0.996063
-0.996094
-0.996094
-0.996094
-0.980469
-0.996094
0.972626
0.964813
0.988251
-0.957031
-0.996094
0.964813
0.980438
-0.996094
-0.988281
-0.996094
-0.996094
-0.996094
-0.972656
-0.996094
-0.996094
0.996063
0.996063
-0.980469
0.996063
0.996063
-0.996094
-0.988281
-0.996094
-0.980469
-0.972656
-0.980469
-0.996094
-0.996094
-0.980469
-0.996094
-0.996094
-0.980469
-0.964844
-0.972656
0.996063
0.988251
-0.988281
-0.988281
0.988251
0.980438
-0.980469
-0.941406
-0.964844
-0.988281
-0.964844
-0.988281
-0.996094
-0.988281
-0.933594
-0.972656
-0.996094
-0.996094
-0.980469
-0.957031
-0.933594
-0.933594
-0.996094
-0.996094
-0.964844
-0.917969
-0.957031
-0.980469
-0.972656
-0.957031
-0.949219
-0.972656
-0.972656
-0.988281
0.996063
0.996063
-0.996094
-0.964844
-0.933594
-0.964844
-0.988281
-0.972656
-0.972656
-0.933594
-0.957031
-0.996094
-0.972656
-0.972656
-0.949219
-0.949219
-0.957031
-0.980469
-0.980469
-0.980469
-0.980469
-0.988281
-0.988281
-0.996094
-0.972656
-0.996094
0.941376
-0.972656
-0.933594
-0.941406
-0.996094
-0.996094
0.972626
0.964813
0.980438
-0.996094
-0.996094
0.996063
-0.996094
-0.980469
-0.941406
-0.964844
-0.980469
-0.964844
-0.980469
-0.972656
0.988251
-0.996094
0.964813
0.980438
-0.972656
-0.949219
-0.957031
-0.988281
0.996063
-0.996094
-0.949219
-0.964844
-0.980469
0.972626
0.988251
0.996063
0.957001
0.996063
-0.964844
-0.949219
-0.941406
-0.933594
-0.957031
0.996063
0.980438
-0.996094
-0.980469
-0.933594
-0.972656
-0.996094
-0.980469
-0.957031
-0.957031
-0.957031
-0.964844
-0.949219
-0.941406
-0.933594
-0.957031
0.980438
-0.988281
-0.988281
-0.957031
-0.941406
-0.957031
-0.988281
-0.996094
-0.988281
-0.972656
-0.996094
0.988251
0.957001
0.925751
0.988251
-0.910156
-0.910156
-0.964844
-0.964844
-0.871094
-0.988281
-0.996094
-0.917969
-0.925781
-0.972656
-0.964844
-0.941406
-0.964844
-0.996094
0.957001
0.972626
0.996063
0.988251
-0.996094
-0.988281
-0.964844
-0.980469
-0.980469
-0.972656
-0.988281
-0.996094
0.980438
0.972626
0.988251
-0.988281
-0.988281
-0.972656
-0.980469
-0.972656
-0.964844
-0.941406
-0.988281
-0.972656
-0.972656
-0.925781
-0.996094
0.957001
-0.957031
0.988251
-0.996094
-0.980469
-0.933594
-0.988281
0.972626
0.980438
-0.980469
-0.972656
-0.988281
0.988251
-0.988281
-0.996094
0.988251
0.980438
-0.996094
-0.988281
-0.988281
-0.996094
-0.996094
-0.988281
-0.964844
-0.925781
-0.964844
-0.980469
-0.980469
-0.957031
-0.941406
-0.972656
-0.957031
-0.949219
-0.980469
-0.988281
-0.980469
-0.964844
-0.972656
-0.996094
-0.964844
-0.988281
-0.996094
-0.996094
-0.996094
-0.996094
-0.957031
-0.917969
-0.949219
-0.941406
-0.910156
-0.949219
-0.996094
0.988251
-0.925781
-0.949219
-0.972656
-0.996094
-0.964844
-0.972656
-0.964844
-0.949219
-0.957031
-0.957031
-0.957031
-0.949219
-0.957031
-0.941406
-0.972656
-0.996094
-0.972656
-0.925781
-0.964844
-0.980469
-0.980469
-0.925781
-0.925781
-0.980469
-0.949219
-0.933594
-0.933594
-0.941406
-0.972656
-0.972656
-0.980469
-0.964844
-0.988281
-0.972656
-0.957031
-0.972656
-0.949219
-0.957031
-0.988281
-0.988281
-0.988281
-0.972656
-0.925781
-0.910156
-0.964844
-0.988281
-0.980469
-0.957031
-0.964844
-0.996094
0.980438
-0.941406
-0.886719
-0.917969
0.972626
0.949188
-0.996094
-0.902344
-0.925781
-0.964844
-0.980469
-0.917969
0.988251
0.917938
-0.996094
-0.878906
-0.894531
-0.972656
0.996063
0.957001
0.941376
-0.972656
-0.933594
-0.996094
0.957001
-0.988281
-0.941406
-0.996094
-0.980469
0.988251
0.964813
-0.886719
-0.800781
0.941376
0.746063
0.980438
-0.832031
-0.902344
0.996063
0.949188
0.925751
-0.996094
-0.949219
-0.957031
-0.957031
0.988251
0.980438
-0.988281
-0.941406
-0.972656
-0.996094
-0.996094
-0.980469
-0.957031
-0.949219
-0.964844
-0.964844
0.996063
0.964813
-0.972656
-0.957031
-0.972656
-0.988281
-0.988281
-0.972656
-0.941406
-0.964844
-0.988281
-0.996094
0.933563
0.957001
-0.957031
-0.949219
-0.988281
-0.910156
-0.847656
-0.886719
-0.980469
0.964813
-0.996094
-0.941406
-0.902344
-0.910156
-0.988281
0.988251
-0.988281
-0.972656
0.988251
-0.996094
-0.972656
-0.957031
-0.980469
-0.980469
-0.964844
-0.957031
-0.941406
-0.972656
-0.980469
-0.988281
-0.988281
-0.957031
-0.972656
-0.941406
-0.949219
-0.980469
0.996063
-0.996094
-0.980469
-0.988281
-0.988281
-0.949219
-0.980469
-0.957031
-0.949219
-0.957031
0.996063
-0.996094
-0.980469
-0.957031
-0.925781
-0.949219
-0.996094
-0.996094
-0.988281
-0.988281
-0.980469
-0.972656
-0.988281
-0.972656
-0.949219
-0.949219
-0.949219
-0.957031
-0.957031
-0.996094
-0.988281
-0.957031
-0.996094
-0.964844
-0.964844
-0.980469
0.996063
-0.980469
-0.957031
-0.941406
-0.957031
0.996063
-0.996094
-0.980469
-0.964844
-0.933594
-0.980469
-0.988281
-0.988281
-0.964844
-0.964844
-0.996094
-0.980469
-0.988281
-0.957031
-0.941406
-0.964844
-0.957031
-0.957031
-0.949219
-0.964844
-0.980469
-0.949219
-0.933594
-0.910156
-0.949219
-0.949219
-0.925781
-0.996094
-0.980469
-0.988281
-0.972656
-0.902344
-0.886719
-0.878906
-0.886719
-0.886719
-0.878906
-0.894531
-0.902344
-0.863281
-0.839844
-0.878906
-0.863281
-0.878906
-0.886719
-0.847656
-0.871094
-0.886719
-0.863281
-0.871094
-0.902344
-0.886719
-0.894531
-0.886719
-0.894531
-0.886719
-0.894531
-0.902344
-0.917969
-0.933594
-0.925781
-0.894531
-0.902344
-0.949219
-0.964844
-0.957031
-0.917969
-0.925781
-0.933594
-0.941406
-0.933594
-0.925781
-0.910156
-0.941406
-0.941406
-0.917969
-0.925781
-0.980469
-0.949219
-0.957031
-0.957031
-0.996094
-0.964844
-0.972656
-0.996094
-0.996094
-0.988281
-0.957031
-0.996094
-0.996094
-0.996094
-0.972656
-0.988281
-0.996094
-0.996094
-0.949219
-0.964844
-0.964844
-0.972656
-0.980469
-0.996094
-0.988281
-0.996094
-0.996094
-0.972656
0.988251
0.996063
-0.996094
-0.980469
-0.972656
-0.957031
0.996063
-0.996094
-0.980469
-0.996094
0.996063
-0.988281
-0.972656
-0.957031
-0.996094
-0.996094
-0.988281
-0.957031
-0.988281
-0.988281
-0.972656
-0.957031
-0.996094
-0.996094
0.980438
-0.980469
-0.980469
-0.980469
-0.933594
-0.949219
-0.964844
0.996063
0.988251
0.894501
0.925751
-0.894531
-0.910156
0.996063
-0.980469
-0.941406
-0.964844
-0.941406
-0.980469
-0.988281
-0.980469
-0.925781
-0.917969
-0.964844
0.996063
0.933563
0.941376
0.988251
0.980438
0.957001
0.964813
0.957001
0.964813
0.988251
-0.996094
-0.996094
0.964813
0.957001
-0.988281
0.996063
-0.996094
-0.996094
0.988251
0.988251
0.980438
0.972626
0.996063
-0.996094
0.996063
0.972626
0.988251
0.988251
0.980438
-0.996094
-0.996094
-0.988281
0.980438
-0.996094
-0.980469
0.996063
0.988251
0.996063
0.988251
-0.996094
-0.972656
-0.996094
0.996063
0.949188
-0.996094
-0.980469
-0.980469
0.972626
-0.988281
0.996063
-0.996094
0.996063
-0.996094
0.980438
0.988251
0.980438
0.972626
-0.988281
-0.996094
-0.988281
-0.988281
0.988251
0.957001
0.980438
-0.902344
-0.949219
-0.957031
0.988251
0.917938
0.949188
-0.949219
-0.972656
-0.972656
-0.996094
0.980438
-0.964844
-0.941406
-0.910156
-0.980469
0.941376
0.957001
-0.949219
-0.902344
-0.933594
-0.972656
-0.996094
-0.996094
-0.957031
-0.949219
-0.980469
0.941376
0.972626
-0.980469
-0.910156
-0.917969
-0.972656
0.980438
0.996063
0.964813
-0.933594
-0.996094
-0.988281
-0.980469
-0.996094
0.972626
-0.980469
-0.957031
-0.957031
-0.996094
0.972626
-0.972656
-0.878906
-0.886719
0.964813
0.933563
0.980438
0.988251
0.972626
0.988251
0.988251
-0.996094
-0.988281
-0.941406
-0.941406
-0.996094
0.980438
0.988251
0.988251
-0.996094
-0.972656
-0.972656
-0.988281
-0.996094
-0.996094
-0.957031
-0.957031
-0.949219
-0.933594
-0.933594
-0.957031
-0.988281
-0.996094
-0.964844
-0.972656
-0.917969
-0.886719
-0.902344
-0.964844
-0.980469
-0.972656
-0.941406
-0.972656
0.996063
-0.996094
-0.972656
-0.988281
-0.996094
-0.980469
-0.996094
-0.996094
-0.871094
-0.761719
-0.902344
0.792938
0.660126
0.808563
-0.941406
-0.589844
-0.449219
-0.746094
0.753876
0.425751
0.652313
-0.730469
-0.394531
-0.535156
0.988251
0.527313
0.394501
0.855438
-0.371094
-0.0429688
-0.628906
0.371063
-0.00393677
0.574188
-0.433594
-0.0585938
-0.519531
0.753876
0.433563
0.714813
0.996063
-0.996094
0.910126
-0.691406
-0.0976562
0.498286
0.499143
0.500001
