-0.980469
-0.957031
-0.988281
-0.933594
-0.0975952
0.59787
-0.99585
-0.99585
-0.99585
-0.99585
-0.99585
-0.99585
-0.99585
-0.691223
-0.99585
0.644684
-0.152588
-0.808838
-0.808838
-0.0506897
-0.99585
-0.99585
0.36319
-0.808838
-0.808838
-0.480713
-0.207092
-0.386688
-0.0899963
-0.808838
-0.808838
-0.808838
-0.293121
-0.894501
-0.730377
0.660187
0.89447
0.277222
-0.144653
0.55069
-0.57428
0.0115967
0.214661
0.0974426
0.00369263
-0.730621
0.230377
0.839813
-0.00390625
0.191376
-0.996155
0.230347
0.144409
-0.285248
0.246033
-0.246124
0.816345
0.246002
0.339722
0.449097
0.964722
-0.32431
0.292877
0.449127
0.355377
0.191315
0.160065
0.199127
0.292877
0.449127
0.691315
-0.902405
-0.207092
0.92572
0.496063
0.503906
-0.652283
-0.605347
-0.0584106
0.957245
-0.99585
-0.99585
-0.99585
-0.80838
-0.917816
0.707092
0.785156
-0.441437
-0.82428
-0.441498
0.800659
0.933472
-0.144623
-0.589905
-0.761749
0.761688
-0.269531
0.269531
0.464844
0.253906
-0.621094
-0.144562
0.00384521
0.597565
0.472565
-0.332092
-0.503937
-0.964844
-0.574219
0.832001
-0.0117493
-0.191437
0.433563
-0.582031
0.191406
0.105469
-0.871094
-0.214874
0.753845
0.503845
0.785095
-0.800812
-0.488312
-0.378937
-0.339874
-0.277374
-0.0351868
0.292938
0.574188
0.902313
-0.886719
-0.792969
-0.886719
0.910126
0.675751
0.402313
-0.00393677
-0.496124
-0.925812
0.839783
0.808533
0.73822
0.542908
0.167908
-0.23053
-0.41803
-0.363342
-0.0195923
0.503845
-0.933624
-0.433624
0.0741882
0.605438
-0.839844
-0.214844
0.324219
0.722656
0.910156
0.964844
0.894531
0.808594
0.746094
0.636719
0.449219
0.191406
-0.0429688
-0.292969
-0.410156
-0.355469
-0.230469
-0.0195312
0.207031
0.394531
0.503906
0.496094
0.503906
0.550781
0.628906
0.675781
0.746094
0.714844
0.730469
0.800781
0.933594
-0.964813
-0.863251
-0.832001
-0.832001
-0.902313
0.949219
0.761719
0.550781
0.246094
-0.0429688
-0.285156
-0.457031
-0.480469
-0.363281
-0.199219
-0.0195312
0.136719
0.355469
0.527344
0.699219
0.785156
0.769531
0.644531
0.378906
0.121094
-0.144531
-0.324219
-0.425781
-0.480469
-0.488281
-0.519531
-0.566406
-0.628906
-0.714844
-0.785156
-0.902344
-0.996094
0.894501
0.832001
0.730438
0.675751
0.644501
0.691376
0.839813
0.972626
-0.972656
-0.894531
-0.894531
-0.902344
-0.996094
0.972626
0.957001
0.933563
0.902313
0.855438
0.824188
0.832001
0.792938
0.792938
0.777313
0.777313
0.738251
0.730438
0.753876
0.785126
0.722626
0.824188
-0.925781
-0.863281
-0.925781
-0.832031
-0.691406
-0.699219
-0.707031
-0.683594
-0.613281
-0.535156
-0.480469
-0.457031
-0.441406
-0.496094
-0.589844
-0.613281
-0.613281
-0.628906
-0.527344
-0.457031
-0.417969
-0.410156
-0.363281
-0.277344
-0.160156
-0.0585938
0.0429688
0.113281
0.121094
0.152344
0.136719
0.160156
0.175781
0.222656
0.144531
0.152344
0.191406
0.160156
0.144531
0.136719
0.128906
0.0742188
0.0507812
0.0117188
0.0429688
0.0117188
-0.0273438
-0.0429688
-0.0820312
-0.0585938
-0.105469
-0.167969
-0.222656
-0.300781
-0.285156
-0.285156
-0.222656
-0.355469
-0.300781
-0.246094
-0.316406
-0.394531
-0.410156
-0.464844
-0.589844
-0.675781
-0.683594
-0.730469
-0.808594
-0.894531
0.964813
0.988251
-0.816406
-0.636719
-0.800781
0.996063
0.941376
-0.996094
-0.972656
-0.902344
-0.863281
-0.878906
-0.988281
0.910126
0.878876
0.902313
0.878876
0.910126
0.871063
0.832001
0.832001
0.832001
0.855438
0.871063
0.855438
0.855438
0.847626
0.839813
0.824188
0.878876
0.917938
0.878876
0.800751
0.761688
0.824188
0.871063
0.902313
0.933563
0.941376
0.972626
0.957001
-0.957031
-0.925781
-0.949219
-0.933594
-0.886719
-0.925781
-0.949219
-0.917969
-0.933594
-0.917969
-0.902344
-0.902344
-0.917969
-0.910156
-0.878906
-0.855469
-0.832031
-0.808594
-0.777344
-0.769531
-0.785156
-0.753906
-0.785156
-0.777344
-0.777344
-0.769531
-0.777344
-0.753906
-0.777344
-0.792969
-0.738281
-0.707031
-0.753906
-0.730469
-0.714844
-0.722656
-0.667969
-0.683594
-0.691406
-0.722656
-0.753906
-0.761719
-0.761719
-0.761719
-0.761719
-0.800781
-0.824219
-0.855469
-0.855469
-0.839844
-0.839844
-0.832031
-0.824219
-0.832031
-0.800781
-0.777344
-0.769531
-0.761719
-0.792969
-0.792969
-0.792969
-0.832031
-0.839844
-0.855469
-0.886719
-0.910156
-0.972656
-0.949219
-0.964844
-0.957031
-0.964844
-0.980469
-0.972656
-0.949219
-0.941406
-0.902344
-0.886719
-0.902344
-0.886719
-0.839844
-0.878906
-0.855469
-0.878906
-0.917969
-0.902344
-0.902344
-0.910156
-0.902344
-0.878906
-0.878906
-0.917969
-0.894531
-0.925781
-0.910156
-0.910156
-0.925781
-0.902344
-0.886719
-0.886719
-0.855469
-0.894531
-0.941406
0.972626
-0.988281
-0.792969
-0.769531
-0.863281
-0.847656
-0.863281
-0.925781
-0.871094
-0.871094
-0.855469
-0.824219
-0.832031
-0.832031
-0.847656
-0.917969
-0.988281
-0.949219
-0.941406
-0.964844
-0.933594
-0.910156
-0.941406
-0.941406
-0.949219
-0.910156
-0.886719
-0.894531
-0.949219
-0.957031
-0.957031
-0.964844
-0.964844
-0.933594
-0.941406
-0.949219
-0.949219
-0.941406
-0.964844
-0.972656
-0.988281
-0.988281
-0.980469
-0.996094
0.980438
0.972626
0.988251
0.980438
0.957001
0.941376
0.957001
0.941376
0.925751
0.941376
0.917938
0.941376
0.933563
0.902313
0.902313
0.917938
0.902313
0.878876
0.855438
0.871063
0.894501
0.871063
0.871063
0.886688
0.894501
0.894501
0.910126
0.863251
0.878876
0.886688
0.933563
0.949188
0.933563
0.925751
0.902313
0.925751
0.933563
0.933563
0.933563
0.949188
0.925751
0.902313
-0.964844
0.917938
0.941376
-0.996094
0.949188
0.871063
0.941376
0.957001
0.964813
0.941376
0.972626
-0.996094
0.972626
0.980438
0.996063
0.996063
0.980438
-0.972656
-0.964844
-0.964844
-0.964844
-0.957031
-0.949219
-0.941406
-0.933594
-0.941406
-0.941406
-0.957031
-0.933594
-0.949219
-0.941406
-0.933594
-0.925781
-0.917969
-0.917969
-0.894531
-0.878906
-0.863281
0.996063
-0.832031
-0.847656
-0.949219
-0.925781
-0.863281
-0.949219
-0.949219
-0.972656
-0.957031
-0.941406
-0.933594
-0.988281
-0.996094
-0.964844
-0.941406
-0.972656
-0.972656
-0.980469
-0.972656
0.996063
-0.988281
-0.980469
-0.941406
-0.949219
-0.949219
-0.988281
-0.964844
-0.925781
-0.957031
-0.980469
-0.988281
-0.988281
-0.996094
-0.972656
-0.980469
-0.980469
-0.972656
-0.996094
-0.996094
0.988251
-0.996094
0.988251
-0.996094
0.980438
0.996063
0.996063
0.996063
0.972626
0.910126
0.972626
-0.941406
-0.949219
0.949188
0.855438
0.925751
-0.980469
-0.933594
0.996063
0.988251
-0.996094
0.988251
0.964813
0.957001
0.996063
0.980438
0.980438
0.964813
-0.988281
0.996063
0.988251
0.980438
0.972626
-0.964844
-0.964844
-0.972656
-0.996094
-0.996094
-0.980469
0.988251
-0.988281
0.996063
-0.996094
-0.988281
-0.996094
-0.988281
-0.996094
-0.980469
-0.988281
0.996063
0.941376
0.832001
0.871063
-0.964844
-0.910156
0.988251
-0.996094
-0.917969
-0.988281
-0.996094
-0.964844
-0.957031
-0.910156
-0.957031
-0.996094
-0.996094
0.964813
0.917938
0.949188
0.886688
0.894501
0.910126
0.917938
0.957001
0.980438
0.980438
0.996063
0.980438
0.964813
0.980438
0.988251
0.972626
0.964813
0.972626
0.949188
0.933563
0.941376
0.972626
0.933563
0.933563
0.917938
0.933563
0.933563
0.949188
0.972626
0.964813
0.925751
0.949188
0.949188
0.980438
0.972626
0.964813
0.980438
0.996063
0.980438
-0.996094
-0.996094
0.988251
0.972626
-0.996094
0.996063
-0.996094
-0.980469
-0.996094
-0.980469
-0.980469
-0.988281
-0.964844
-0.933594
-0.964844
-0.980469
-0.964844
-0.980469
-0.996094
-0.972656
-0.957031
-0.972656
-0.917969
-0.941406
-0.988281
-0.941406
-0.957031
-0.933594
-0.902344
-0.933594
-0.949219
-0.949219
-0.972656
-0.941406
-0.949219
-0.964844
-0.941406
-0.957031
-0.957031
-0.933594
-0.957031
-0.925781
-0.925781
-0.925781
-0.964844
-0.980469
-0.996094
-0.933594
-0.933594
-0.988281
-0.996094
-0.996094
-0.980469
-0.996094
0.996063
-0.980469
-0.996094
0.980438
0.972626
0.957001
0.980438
0.949188
0.957001
0.980438
0.980438
0.980438
0.964813
0.964813
0.941376
0.925751
0.957001
0.964813
0.980438
0.964813
0.972626
0.980438
0.988251
0.957001
0.933563
0.988251
0.980438
0.972626
0.964813
0.972626
0.972626
0.957001
0.933563
0.941376
0.964813
0.980438
-0.996094
0.988251
0.957001
0.980438
0.972626
0.980438
-0.980469
-0.996094
0.996063
0.957001
0.972626
0.980438
0.980438
0.988251
0.996063
0.996063
-0.988281
-0.980469
-0.972656
-0.996094
-0.980469
-0.996094
-0.996094
-0.980469
-0.988281
-0.964844
-0.980469
0.980438
0.988251
-0.964844
-0.988281
0.988251
-0.949219
-0.878906
-0.941406
0.964813
-0.988281
-0.855469
-0.832031
-0.964844
-0.996094
-0.972656
0.925751
0.863251
-0.878906
-0.699219
-0.957031
0.832001
-0.980469
-0.894531
0.824188
-0.933594
-0.324219
-0.589844
0.332001
0.128876
-0.613281
0.230469
-0.667969
0.0741882
0.464813
-0.433594
-0.371094
0.988251
0.792938
0.910126
0.824188
0.957001
-0.472656
-0.558594
0.574188
0.199188
0.871063
-0.363281
-0.753906
0.644501
0.910126
-0.730469
0.902313
0.753876
-0.738281
-0.597656
0.988251
0.667938
0.800751
-0.839844
-0.613281
-0.878906
0.644501
0.566376
0.886688
-0.855469
-0.832031
0.933563
0.699188
0.855438
-0.839844
-0.925781
0.714813
0.816376
-0.746094
-0.613281
0.714813
0.277313
0.636688
-0.613281
-0.238281
-0.691406
0.464813
0.191376
0.707001
-0.441406
-0.222656
-0.871094
0.449188
0.449188
0.761688
-0.871094
-0.714844
-0.792969
0.996063
0.894501
0.667938
0.605438
-0.777344
-0.347656
0.808563
0.167938
-0.878906
-0.00390625
-0.824219
0.246063
0.527313
-0.886719
-0.589844
-0.371094
-0.683594
0.464813
0.105438
-0.972656
0.0273438
-0.285156
0.675751
0.457001
0.902313
-0.949219
-0.933594
-0.527344
-0.472656
0.691376
0.214813
0.949188
-0.222656
-0.605469
0.691376
0.855438
-0.667969
-0.847656
0.761688
0.941376
-0.878906
0.964813
-0.902344
-0.433594
-0.730469
0.496063
0.652313
-0.613281
-0.589844
0.707001
0.683563
-0.582031
-0.277344
0.886688
0.253876
0.824188
-0.355469
-0.558594
0.730438
0.652313
-0.722656
-0.472656
0.855438
0.269501
0.894501
-0.183594
-0.503906
0.566376
0.378876
-0.949219
-0.410156
-0.691406
0.667938
0.582001
-0.847656
-0.550781
-0.996094
0.566376
0.761688
-0.785156
-0.738281
0.949188
0.699188
0.871063
-0.769531
-0.886719
0.699188
0.675751
-0.847656
-0.644531
0.925751
0.621063
0.792938
-0.871094
-0.871094
0.988251
0.917938
0.871063
0.839813
0.964813
-0.910156
-0.910156
0.988251
0.902313
0.894501
-0.980469
-0.902344
-0.917969
0.808563
0.691376
0.980438
-0.652344
-0.894531
0.769501
0.871063
-0.902344
-0.996094
0.871063
-0.988281
-0.769531
0.957001
0.574188
-0.910156
-0.371094
-0.925781
0.417938
0.753876
-0.660156
-0.613281
-0.964844
0.816376
-0.964844
-0.839844
0.808563
0.847626
-0.597656
-0.644531
0.941376
-0.996094
0.949188
0.597626
-0.925781
-0.175781
-0.691406
0.699188
-0.878906
-0.816406
0.316376
0.597626
0.0273438
-0.136719
0.488251
0.433563
-0.628906
-0.613281
0.746063
0.730438
-0.785156
-0.519531
-0.832031
0.808563
0.855438
-0.871094
0.902313
0.816376
-0.839844
-0.558594
-0.996094
0.597626
0.714813
-0.941406
-0.527344
-0.582031
0.894501
0.605438
0.941376
-0.753906
-0.832031
-0.933594
-0.878906
-0.894531
0.832001
0.714813
-0.996094
-0.808594
0.957001
0.777313
0.871063
-0.957031
-0.886719
-0.933594
0.878876
0.777313
0.902313
-0.910156
-0.855469
-0.949219
-0.886719
0.863251
0.699188
0.675751
-0.824219
-0.347656
-0.691406
0.496063
0.167938
0.886688
-0.136719
-0.261719
0.675751
0.199188
0.832001
-0.589844
-0.871094
0.894501
-0.863281
-0.808594
0.707001
0.527313
-0.894531
-0.355469
-0.753906
0.480438
0.511688
-0.839844
-0.457031
-0.738281
0.785126
0.636688
0.878876
-0.699219
-0.621094
0.902313
0.472626
0.886688
-0.308594
-0.402344
0.699188
0.308563
0.753876
-0.566406
-0.285156
-0.558594
0.746063
0.277313
0.660126
-0.519531
-0.238281
-0.863281
0.597626
0.730438
-0.910156
-0.769531
-0.800781
-0.902344
0.894501
0.753876
0.988251
-0.589844
-0.644531
0.925751
0.683563
0.878876
-0.816406
-0.714844
-0.769531
-0.933594
0.785126
0.683563
-0.886719
-0.472656
-0.847656
0.550751
0.785126
-0.613281
-0.691406
0.871063
0.878876
-0.839844
-0.839844
0.910126
0.753876
0.917938
-0.683594
-0.597656
0.996063
0.535126
0.675751
-0.746094
-0.480469
0.972626
0.394501
0.925751
-0.199219
-0.777344
0.144501
0.488251
-0.425781
-0.480469
0.800751
0.675751
0.925751
-0.964844
-0.808594
-0.839844
0.738251
0.738251
-0.902344
-0.972656
0.636688
0.957001
-0.339844
-0.613281
0.269501
-0.0117493
0.980438
0.207031
0.0664062
0.425751
-0.480499
0.746063
0.175781
-0.402344
0.433563
0.652313
-0.878906
0.964813
-0.996094
-0.644531
-0.839844
0.722626
0.683563
0.878876
-0.855469
-0.433594
-0.589844
0.800751
0.410126
0.441376
-0.667969
0.167969
-0.660156
-0.0351868
0.410126
-0.121094
-0.417969
0.480438
0.714813
-0.457031
-0.699219
0.597626
0.566376
-0.644531
-0.0664062
-0.902344
0.00387573
0.597626
-0.152344
-0.324219
0.769501
0.863251
-0.558594
0.832001
0.0663757
-0.894531
0.480469
-0.253906
0.261688
0.214813
0.949188
-0.800781
-0.925781
-0.621094
-0.144531
-0.816406
0.0507507
0.230438
-0.644531
-0.402344
-0.871094
-0.996094
-0.988281
0.707001
0.550751
0.863251
-0.652344
-0.355469
-0.691406
0.636688
0.425751
0.996063
-0.355469
-0.597656
0.589813
0.597626
-0.691406
-0.527344
0.800751
0.597626
0.996063
-0.761719
-0.871094
0.660126
0.496063
-0.808594
-0.417969
-0.917969
0.527313
0.746063
-0.785156
-0.894531
0.878876
-0.972656
-0.847656
0.917938
0.636688
0.824188
-0.636719
-0.597656
0.824188
0.347626
0.691376
-0.371094
-0.277344
0.636688
0.0741882
0.878876
-0.253906
-0.480469
0.683563
0.285126
0.988251
-0.0507812
-0.621094
-0.121124
0.144501
0.0507812
0.355469
0.472626
-0.222687
-0.988281
-0.246094
-0.652344
-0.988281
0.863251
0.511688
0.839813
-0.402344
-0.511719
0.910126
0.691376
0.886688
-0.847656
-0.816406
0.941376
-0.996094
-0.816406
-0.972656
0.902313
-0.910156
-0.996094
0.675751
-0.839844
-0.175781
-0.691406
0.152313
0.261688
-0.496094
-0.0664062
-0.847656
0.707001
0.925751
-0.894531
-0.972656
0.839813
-0.886719
-0.527344
-0.832031
0.722626
0.777313
-0.917969
-0.699219
-0.792969
0.878876
-0.972656
-0.730469
0.722626
0.449188
-0.417969
0.183594
0.777313
-0.136749
0.980438
-0.191406
-0.878906
0.871063
-0.699219
0.777313
0.378876
-0.707031
-0.230469
0.800751
0.363251
-0.785156
-0.457031
0.785126
0.519501
-0.964844
-0.496094
-0.683594
0.769501
0.355438
0.644501
-0.410156
-0.285156
0.675751
0.425751
-0.660156
-0.566406
0.386688
0.324188
-0.175781
0.183594
0.457001
-0.394562
-0.863281
0.222656
-0.902344
0.214813
-0.996094
-0.457031
0.855438
0.542938
-0.917969
-0.816406
0.855438
-0.988281
-0.613281
-0.933594
0.511688
0.667938
-0.535156
-0.363281
0.824188
0.160126
0.730438
-0.175781
-0.300781
0.519501
0.324188
-0.699219
-0.511719
0.746063
0.613251
-0.535156
-0.496094
0.722626
0.667938
-0.980469
-0.910156
-0.730469
-0.535156
0.832001
0.371063
0.902313
-0.574219
-0.511719
-0.746094
0.691376
0.285126
0.886688
-0.261719
-0.332031
0.863251
0.441376
0.753876
-0.871094
-0.660156
-0.933594
-0.941406
-0.542969
-0.699219
0.386688
0.183563
-0.738281
0.0507812
-0.207031
0.824188
-0.0742493
0.222626
-0.355469
0.472656
-0.488281
0.0898132
-0.0508118
-0.949219
-0.113281
-0.613281
0.675751
0.527313
0.816376
-0.699219
-0.269531
-0.621094
0.511688
0.347626
-0.628906
0.0742188
-0.582031
0.371063
0.113251
0.957001
-0.0585938
-0.433594
0.269501
0.339813
-0.464844
-0.519531
0.378876
0.386688
-0.464844
-0.207031
0.816376
0.144501
0.730438
-0.519531
-0.496094
0.902313
0.402313
0.699188
-0.636719
-0.613281
0.753876
0.574188
-0.824219
-0.503906
-0.972656
0.480438
0.582001
-0.832031
-0.574219
-0.621094
-0.910156
0.425751
0.261688
-0.871094
-0.332031
-0.550781
-0.839844
0.667938
0.0898132
0.738251
-0.238281
-0.378906
0.878876
0.691376
0.839813
0.917938
0.878876
-0.972656
-0.722656
-0.761719
0.964813
0.980438
0.996063
0.761688
0.792938
-0.683594
-0.378906
-0.957031
0.480438
0.871063
-0.488281
-0.761719
0.574188
0.808563
-0.449219
-0.519531
0.777313
0.675751
-0.839844
-0.746094
-0.996094
0.902313
-0.996094
-0.753906
-0.660156
0.855438
0.449188
-0.902344
-0.0664062
-0.761719
0.183563
0.636688
-0.425781
-0.589844
-0.972656
-0.855469
0.808563
0.457001
-0.800781
-0.261719
0.988251
0.527313
-0.886719
-0.542969
-0.941406
0.644501
0.699188
-0.746094
-0.339844
-0.871094
0.503876
0.980438
-0.878906
0.816376
-0.949219
-0.550781
-0.925781
0.707001
0.808563
-0.988281
-0.800781
-0.714844
-0.949219
0.535126
0.433563
-0.839844
-0.261719
-0.699219
0.699188
0.574188
0.667938
0.972626
-0.667969
-0.714844
0.980438
0.855438
0.941376
-0.980469
0.964813
-0.957031
-0.777344
-0.925781
0.792938
0.863251
-0.847656
-0.628906
-0.949219
0.441376
0.675751
-0.683594
-0.441406
-0.847656
0.574188
0.589813
-0.847656
-0.394531
-0.722656
0.636688
0.738251
-0.839844
-0.964844
0.832001
-0.761719
-0.457031
-0.855469
0.417938
0.394501
-0.707031
-0.121094
-0.652344
0.582001
0.535126
-0.996094
-0.652344
-0.707031
-0.925781
0.917938
0.894501
0.925751
-0.910156
-0.691406
-0.730469
0.964813
0.777313
0.925751
-0.761719
-0.699219
0.933563
0.792938
-0.871094
-0.496094
-0.808594
0.519501
0.535126
-0.589844
-0.191406
-0.878906
0.558563
0.613251
0.792938
-0.832031
-0.246094
-0.457031
0.511688
0.113251
0.886688
-0.285156
-0.347656
0.925751
0.410126
0.433563
-0.839844
-0.394531
-0.871094
0.699188
0.925751
-0.871094
-0.972656
0.910126
-0.949219
-0.863281
-0.941406
-0.941406
0.933563
0.816376
0.910126
-0.863281
-0.824219
-0.832031
0.933563
0.464813
0.488251
-0.699219
-0.136719
-0.777344
0.371063
0.417938
-0.972656
-0.597656
-0.558594
-0.871094
0.582001
0.363251
-0.972656
-0.394531
-0.652344
0.785126
0.550751
0.792938
-0.753906
-0.519531
-0.917969
0.535126
0.769501
-0.691406
-0.714844
-0.933594
-0.996094
0.769501
0.605438
-0.832031
-0.355469
-0.722656
0.644501
0.667938
-0.894531
-0.699219
-0.808594
-0.949219
0.894501
0.964813
-0.816406
-0.988281
0.847626
-0.910156
-0.707031
-0.871094
0.980438
0.894501
0.738251
0.878876
-0.605469
-0.425781
-0.933594
0.613251
0.761688
-0.949219
-0.792969
-0.746094
-0.878906
0.964813
0.917938
0.886688
-0.886719
-0.597656
-0.832031
0.683563
0.597626
-0.957031
-0.347656
-0.535156
0.605438
0.417938
-0.886719
-0.480469
-0.933594
0.746063
0.972626
-0.683594
-0.769531
0.800751
0.550751
-0.933594
-0.402344
-0.722656
0.597626
0.464813
-0.980469
-0.496094
-0.621094
0.925751
0.738251
0.800751
0.996063
-0.839844
-0.785156
-0.949219
0.949188
0.949188
0.933563
0.949188
-0.878906
-0.761719
-0.988281
0.769501
0.863251
-0.878906
-0.777344
-0.832031
0.824188
0.566376
0.917938
-0.488281
-0.675781
0.683563
0.605438
-0.925781
-0.722656
-0.972656
0.925751
-0.886719
-0.972656
0.800751
0.925751
-0.722656
-0.769531
0.777313
0.628876
-0.941406
-0.535156
-0.621094
0.785126
0.433563
0.855438
-0.503906
-0.433594
0.957001
0.441376
0.652313
-0.746094
-0.527344
-0.847656
0.792938
0.777313
0.941376
-0.941406
-0.730469
-0.707031
0.839813
0.441376
0.949188
-0.464844
-0.683594
0.683563
0.777313
-0.792969
-0.738281
0.941376
0.675751
0.925751
-0.605469
-0.628906
0.878876
0.761688
0.957001
-0.933594
-0.925781
-0.855469
-0.863281
0.996063
0.863251
0.980438
-0.769531
-0.824219
0.871063
0.933563
-0.847656
-0.832031
-0.910156
0.917938
0.652313
0.847626
-0.566406
-0.425781
-0.996094
0.566376
0.824188
-0.714844
-0.628906
-0.957031
0.808563
0.964813
-0.824219
-0.957031
0.824188
0.722626
-0.988281
-0.707031
-0.855469
0.910126
-0.988281
-0.910156
0.941376
0.957001
-0.621094
-0.433594
-0.972656
0.597626
0.824188
-0.800781
-0.667969
-0.746094
0.855438
0.0976257
-0.332062
0.480438
0.597656
-0.128876
0.964844
-0.925781
-0.957062
-0.996155
-0.0899048
-0.722626
-0.714752
-0.0741882
0.0429077
0.902252
-0.222687
0.503906
-0.714813
0.285156
0.566376
-0.441437
0.0195007
-0.949219
-0.386719
-0.589844
-0.917969
0.933563
0.792938
0.753876
0.894501
-0.980469
0.964813
0.894501
-0.988281
-0.769531
-0.621094
-0.652344
-0.847656
0.980438
-0.925781
-0.644531
-0.917969
0.128876
-0.347687
0.503876
-0.269531
0.199219
-0.0429688
0.839813
-0.886749
0.42572
0.222626
-0.339813
-0.86319
-0.636627
-0.238312
0.160004
0.402222
0.0742798
-0.956848
0.498286
0.499143
0.500001
