-0.964844
0.949188
0.910126
0.949188
0.144562
0.25412
-0.99585
-0.99585
-0.99585
-0.99585
-0.99585
-0.99585
-0.99585
0.605591
0.168182
-0.761505
0.68335
-0.808838
-0.808838
0.660095
-0.99585
-0.99585
-0.855469
-0.808838
-0.808838
-0.808838
0.331909
-0.785126
0.691284
-0.551025
-0.808838
-0.808838
0.120941
-0.0351257
0.48056
-0.480408
0.972595
-0.660278
0.199066
0.347534
-0.394623
-0.855591
0.339661
-0.0119324
-0.31662
0.855286
0.0428772
-0.707031
-0.800751
-0.207031
0.667908
-0.57431
0.339722
-0.410248
-0.0977173
-0.636749
0.42572
-0.23056
0.355347
0.206909
0.660034
-0.503998
0.316315
0.660065
0.574127
0.472565
0.472565
0.503815
0.527252
0.535065
0.636627
-0.98053
-0.316467
0.70697
0.292938
0.496094
-0.441345
-0.605347
-0.534973
0.605682
-0.99585
-0.99585
-0.99585
-0.386505
-0.292816
-0.67569
-0.941376
-0.628937
0.535065
0.589722
-0.394653
-0.129028
0.894409
0.355377
0.261658
0.113251
-0.480469
0.550781
-0.878876
-0.738251
0.605469
-0.910156
-0.910187
-0.558655
-0.996155
-0.0430298
-0.230499
-0.769531
-0.371094
0.839813
-0.152374
-0.558624
-0.0976868
0.910126
-0.300781
-0.207031
-0.910156
0.0898132
-0.652374
-0.792999
-0.449249
-0.0664368
0.0741882
0.0429382
-0.00393677
0.0116882
0.175751
0.363251
0.621063
0.878876
-0.894531
-0.667969
-0.683594
-0.878906
0.855438
0.425751
-0.105499
-0.667999
0.910095
0.808533
0.886658
0.917908
0.761658
0.441345
0.0663452
-0.175842
-0.0742798
0.277283
0.753845
-0.714874
-0.167999
0.433563
-0.902344
-0.324219
0.261719
0.707031
-0.996063
-0.894501
-0.980438
0.816406
0.566406
0.285156
0.0585938
-0.191406
-0.410156
-0.636719
-0.800781
-0.808594
-0.691406
-0.449219
-0.144531
0.191406
0.496094
0.613281
0.699219
0.683594
0.683594
0.683594
0.675781
0.667969
0.636719
0.636719
0.660156
0.707031
0.753906
0.816406
0.816406
0.824219
0.761719
0.683594
0.597656
0.433594
0.261719
0.0507812
-0.144531
-0.269531
-0.230469
-0.0976562
0.113281
0.292969
0.488281
0.652344
0.808594
0.902344
0.902344
0.902344
0.777344
0.496094
0.222656
-0.0585938
-0.292969
-0.394531
-0.425781
-0.425781
-0.457031
-0.457031
-0.511719
-0.621094
-0.722656
-0.746094
-0.777344
-0.996094
0.894501
0.847626
0.769501
0.761688
0.839813
0.957001
-0.871094
-0.683594
-0.605469
-0.574219
-0.667969
-0.730469
-0.847656
-0.996094
0.878876
0.714813
0.613251
0.582001
0.542938
0.589813
0.636688
0.667938
0.738251
0.761688
0.847626
0.910126
0.957001
-0.988281
-0.933594
-0.933594
-0.949219
-0.941406
-0.933594
-0.925781
-0.894531
-0.871094
-0.832031
-0.824219
-0.792969
-0.753906
-0.753906
-0.683594
-0.847656
-0.699219
-0.707031
-0.785156
-0.730469
-0.636719
-0.667969
-0.589844
-0.527344
-0.464844
-0.371094
-0.191406
-0.121094
-0.0976562
0.00390625
0.0664062
0.0742188
0.0664062
0.0820312
0.113281
0.113281
0.0585938
0.00390625
0.183594
0.0351562
0.0507812
0.160156
0.136719
0.113281
0.128906
0.175781
0.152344
0.121094
0.121094
0.105469
0.105469
0.0820312
0.0585938
0.0507812
0.00390625
-0.0195312
-0.0664062
-0.0117188
-0.0273438
-0.0664062
-0.121094
-0.183594
-0.199219
-0.261719
-0.363281
-0.449219
-0.535156
-0.589844
-0.667969
-0.699219
-0.722656
-0.738281
-0.730469
-0.761719
-0.753906
-0.730469
-0.753906
-0.800781
-0.816406
-0.839844
-0.855469
-0.839844
-0.886719
-0.925781
-0.917969
-0.964844
-0.996094
0.996063
0.964813
0.917938
0.910126
0.894501
0.878876
0.863251
0.839813
0.886688
0.871063
0.871063
0.871063
0.863251
0.847626
0.839813
0.808563
0.816376
0.785126
0.785126
0.777313
0.808563
0.808563
0.816376
0.839813
0.878876
0.894501
0.925751
0.910126
0.941376
0.949188
0.949188
-0.988281
-0.988281
-0.941406
-0.941406
-0.949219
-0.957031
-0.964844
-0.886719
-0.871094
-0.886719
-0.902344
-0.871094
-0.878906
-0.902344
-0.886719
-0.863281
-0.855469
-0.839844
-0.816406
-0.824219
-0.816406
-0.839844
-0.800781
-0.808594
-0.777344
-0.808594
-0.863281
-0.808594
-0.808594
-0.792969
-0.808594
-0.808594
-0.761719
-0.785156
-0.777344
-0.753906
-0.746094
-0.738281
-0.738281
-0.722656
-0.738281
-0.761719
-0.808594
-0.808594
-0.800781
-0.816406
-0.808594
-0.800781
-0.800781
-0.808594
-0.769531
-0.753906
-0.777344
-0.785156
-0.785156
-0.777344
-0.785156
-0.808594
-0.871094
-0.902344
-0.863281
-0.816406
-0.792969
-0.925781
0.964813
0.957001
-0.980469
-0.832031
-0.792969
-0.886719
-0.894531
-0.847656
-0.871094
-0.871094
-0.863281
-0.863281
-0.886719
-0.863281
-0.855469
-0.832031
-0.871094
-0.910156
-0.910156
-0.925781
-0.824219
-0.886719
-0.941406
-0.886719
-0.902344
-0.972656
-0.941406
-0.886719
-0.910156
-0.910156
-0.894531
-0.871094
-0.886719
-0.886719
-0.878906
-0.878906
-0.917969
-0.886719
-0.894531
-0.933594
-0.949219
-0.917969
-0.910156
-0.902344
-0.933594
-0.933594
-0.957031
-0.964844
-0.949219
-0.933594
-0.933594
-0.917969
-0.933594
-0.957031
-0.933594
-0.863281
0.988251
-0.933594
-0.855469
-0.949219
-0.980469
-0.917969
-0.902344
-0.941406
-0.941406
-0.917969
-0.941406
-0.925781
-0.910156
-0.925781
-0.941406
-0.972656
-0.972656
-0.949219
-0.933594
-0.964844
-0.941406
-0.996094
0.964813
0.980438
-0.996094
-0.988281
0.988251
0.894501
0.933563
0.996063
-0.996094
0.988251
0.964813
0.972626
0.941376
0.941376
0.949188
0.949188
0.957001
0.925751
0.941376
0.925751
0.941376
0.949188
0.933563
0.925751
0.925751
0.949188
0.964813
0.957001
0.972626
0.957001
0.949188
0.972626
0.980438
0.949188
0.957001
0.933563
0.964813
0.964813
0.964813
0.949188
0.964813
0.980438
0.996063
-0.996094
0.996063
0.957001
0.941376
0.933563
0.957001
0.957001
0.949188
0.964813
0.910126
0.933563
0.957001
0.949188
0.957001
0.980438
0.964813
0.972626
-0.996094
0.988251
0.980438
0.972626
0.988251
-0.988281
0.980438
0.972626
0.988251
0.980438
0.988251
-0.996094
0.996063
-0.988281
0.988251
-0.996094
-0.957031
-0.996094
-0.996094
-0.964844
-0.925781
-0.949219
-0.957031
-0.957031
-0.941406
-0.964844
-0.964844
-0.988281
0.996063
-0.996094
-0.988281
-0.980469
-0.964844
-0.996094
-0.996094
-0.996094
-0.972656
-0.972656
-0.949219
-0.964844
-0.988281
-0.980469
-0.941406
-0.933594
-0.925781
-0.957031
-0.964844
-0.941406
-0.964844
-0.972656
-0.941406
-0.933594
-0.949219
-0.957031
-0.949219
-0.941406
-0.964844
-0.980469
-0.957031
-0.972656
-0.949219
-0.972656
-0.941406
-0.949219
-0.949219
-0.957031
-0.972656
-0.972656
-0.980469
0.996063
-0.996094
0.996063
-0.988281
0.980438
0.957001
0.972626
0.988251
0.957001
0.941376
0.902313
-0.996094
-0.902344
-0.972656
-0.980469
-0.964844
-0.972656
-0.996094
-0.996094
-0.996094
-0.964844
-0.933594
-0.933594
-0.949219
-0.964844
0.972626
0.996063
-0.996094
0.996063
0.972626
0.957001
-0.996094
-0.988281
-0.996094
-0.996094
-0.996094
0.972626
-0.996094
0.996063
0.996063
0.996063
-0.972656
-0.996094
0.972626
0.980438
0.957001
0.980438
0.980438
0.957001
0.972626
0.996063
0.988251
-0.988281
-0.996094
-0.996094
-0.988281
-0.996094
0.988251
0.988251
0.980438
0.988251
0.972626
-0.996094
0.988251
0.972626
0.996063
0.988251
0.996063
-0.988281
-0.996094
-0.996094
-0.996094
0.980438
0.996063
0.964813
0.957001
0.957001
0.972626
0.988251
0.941376
0.941376
0.941376
0.957001
0.964813
0.933563
0.972626
0.964813
0.949188
0.941376
0.933563
0.980438
0.972626
0.957001
0.964813
0.957001
0.941376
0.972626
0.933563
0.933563
0.972626
0.964813
0.933563
0.941376
0.964813
0.964813
0.980438
-0.988281
-0.980469
-0.996094
-0.996094
0.996063
0.980438
-0.996094
0.980438
0.996063
-0.949219
-0.988281
0.972626
0.972626
0.980438
-0.996094
-0.988281
-0.980469
0.980438
-0.988281
-0.996094
-0.996094
-0.957031
-0.957031
-0.972656
-0.988281
-0.980469
-0.980469
-0.957031
-0.949219
-0.972656
-0.964844
-0.996094
-0.996094
-0.980469
-0.996094
-0.996094
-0.996094
-0.980469
-0.957031
-0.964844
-0.949219
-0.949219
-0.996094
-0.996094
-0.996094
-0.941406
-0.933594
-0.972656
0.972626
0.964813
-0.957031
-0.925781
-0.925781
-0.996094
0.917938
0.988251
-0.949219
-0.964844
-0.996094
-0.996094
0.980438
-0.980469
-0.949219
0.988251
0.933563
-0.996094
-0.855469
-0.847656
0.902313
0.675751
0.753876
-0.878906
-0.683594
-0.816406
0.886688
0.675751
0.636688
-0.917969
-0.417969
-0.683594
0.394501
0.332001
-0.753906
-0.222656
-0.816406
0.449188
0.527313
-0.996094
-0.707031
-0.511719
-0.636719
0.527313
0.00387573
0.808563
-0.136719
-0.121094
-0.902344
0.425751
0.238251
0.722626
-0.542969
-0.308594
-0.925781
0.582001
0.816376
-0.769531
-0.738281
-0.925781
0.792938
0.550751
0.949188
-0.246094
-0.355469
0.511688
0.214813
-0.855469
-0.308594
-0.964844
0.480438
0.972626
-0.292969
-0.753906
0.230438
0.472626
-0.175781
0.0273438
0.800751
0.136688
0.847626
-0.339844
-0.410156
-0.988281
0.644501
0.644501
0.964813
-0.800781
-0.683594
-0.636719
-0.933594
0.371063
0.285126
-0.785156
-0.0507812
-0.597656
0.480438
0.472626
-0.738281
-0.722656
0.457001
0.652313
-0.136719
-0.167969
0.566376
0.0351257
0.730438
-0.402344
-0.371094
0.863251
0.292938
0.683563
-0.441406
-0.363281
0.691376
0.0195007
0.785126
-0.0507812
-0.207031
0.503876
-0.00393677
0.816376
-0.246094
-0.371094
0.910126
0.449188
0.417938
0.855438
-0.449219
-0.253906
0.980438
0.339813
0.644501
-0.777344
-0.714844
0.832001
0.488251
-0.941406
-0.105469
-0.613281
0.160126
-0.0117493
-0.714844
-0.308594
-0.808594
-0.972656
0.964813
0.441376
0.347626
-0.699219
0.105469
-0.714844
-0.00393677
0.347626
-0.511719
-0.527344
0.761688
0.644501
-0.839844
-0.589844
0.996063
0.667938
0.753876
-0.917969
-0.839844
-0.964844
-0.878906
0.972626
0.621063
0.832001
-0.558594
-0.652344
0.753876
0.683563
-0.949219
-0.816406
-0.816406
-0.910156
0.855438
0.761688
0.988251
-0.824219
-0.824219
-0.800781
-0.871094
0.871063
0.800751
-0.910156
-0.589844
-0.699219
0.839813
0.683563
-0.964844
-0.660156
-0.855469
0.847626
-0.996094
-0.699219
-0.894531
0.808563
0.761688
-0.964844
-0.699219
-0.660156
-0.964844
0.738251
0.722626
-0.933594
-0.667969
-0.636719
-0.816406
0.894501
0.574188
0.753876
-0.511719
-0.277344
0.964813
0.542938
0.941376
-0.855469
0.871063
-0.917969
-0.464844
-0.800781
0.652313
0.738251
-0.855469
-0.871094
0.988251
-0.832031
-0.738281
0.769501
0.511688
-0.980469
-0.480469
0.972626
0.683563
-0.996094
-0.660156
0.941376
0.503876
0.816376
-0.511719
-0.613281
0.652313
0.339813
0.925751
-0.457031
-0.652344
0.699188
0.511688
0.925751
-0.644531
-0.652344
0.824188
0.378876
0.746063
-0.511719
-0.464844
0.855438
0.519501
0.800751
-0.972656
-0.933594
-0.777344
-0.972656
0.582001
0.816376
-0.550781
-0.753906
0.628876
0.722626
-0.917969
0.941376
0.917938
-0.574219
-0.667969
0.402313
0.144501
-0.769531
0.0429688
-0.792969
0.152313
0.449188
-0.542969
-0.308594
0.886688
0.347626
0.738251
-0.464844
-0.292969
0.980438
0.402313
0.886688
-0.410156
-0.425781
0.925751
0.402313
0.769501
-0.238281
-0.183594
0.855438
0.425751
0.824188
-0.933594
-0.925781
-0.699219
-0.707031
0.761688
0.582001
-0.855469
-0.472656
-0.878906
0.667938
0.761688
-0.667969
-0.449219
-0.902344
0.691376
0.597626
0.917938
-0.496094
-0.410156
0.925751
0.574188
0.894501
-0.980469
0.941376
-0.832031
-0.722656
-0.988281
0.957001
-0.832031
0.957001
0.621063
0.839813
-0.636719
-0.558594
-0.933594
0.644501
0.574188
-0.972656
-0.503906
-0.761719
0.691376
0.652313
-0.878906
-0.644531
0.917938
0.777313
-0.769531
-0.847656
0.597626
0.800751
-0.683594
-0.832031
0.941376
-0.902344
0.988251
0.613251
0.769501
-0.761719
-0.761719
-0.910156
-0.824219
-0.980469
0.605438
0.675751
-0.871094
-0.808594
-0.996094
-0.839844
-0.792969
0.746063
0.457001
0.988251
-0.417969
-0.753906
0.488251
0.621063
-0.480469
-0.371094
0.738251
0.410126
-0.964844
-0.605469
-0.863281
-0.996094
-0.941406
0.871063
0.902313
-0.722656
-0.707031
0.785126
0.636688
-0.816406
-0.441406
-0.847656
0.761688
0.792938
0.902313
0.941376
-0.691406
-0.457031
-0.933594
0.558563
0.730438
-0.863281
-0.714844
-0.746094
-0.832031
-0.988281
0.699188
0.792938
-0.746094
-0.589844
0.996063
0.691376
0.988251
-0.722656
-0.910156
0.933563
-0.957031
-0.957031
0.925751
0.964813
-0.800781
-0.832031
0.964813
0.863251
0.824188
-0.941406
-0.699219
-0.800781
0.707001
0.613251
-0.761719
-0.449219
-0.957031
0.605438
0.785126
-0.808594
-0.597656
-0.808594
0.613251
0.519501
-0.792969
-0.292969
-0.660156
0.566376
0.246063
0.910126
-0.292969
-0.457031
0.886688
0.628876
0.589813
0.589813
-0.816406
-0.128906
-0.363281
0.777313
0.238251
0.347626
-0.957031
-0.253906
-0.503906
0.972626
0.894501
0.714813
0.339813
0.621063
-0.386719
-0.0429688
0.972626
0.0898132
0.636688
-0.449219
-0.613281
0.863251
0.738251
0.957001
-0.878906
-0.824219
-0.957031
0.871063
-0.980469
-0.738281
0.988251
0.785126
-0.910156
-0.738281
-0.917969
0.925751
0.964813
-0.691406
-0.769531
0.441376
0.371063
-0.410156
0.0820312
0.894501
-0.00393677
0.550751
-0.550781
-0.285156
-0.621094
0.792938
0.519501
0.800751
-0.675781
-0.425781
-0.628906
0.769501
0.472626
0.933563
-0.433594
-0.425781
0.996063
0.417938
0.402313
-0.855469
-0.0585938
-0.386719
0.472626
0.0585632
0.957001
-0.136719
-0.464844
0.636688
0.542938
-0.785156
-0.621094
0.996063
0.863251
0.933563
0.871063
0.988251
-0.644531
-0.667969
0.824188
0.613251
0.886688
-0.878906
-0.738281
-0.722656
0.894501
0.511688
0.964813
-0.441406
-0.785156
0.621063
0.839813
-0.792969
-0.925781
0.925751
-0.972656
-0.972656
0.917938
0.964813
0.988251
0.988251
-0.902344
-0.910156
0.871063
0.902313
-0.832031
-0.996094
0.792938
-0.933594
-0.628906
0.988251
0.597626
0.925751
-0.597656
-0.714844
0.753876
0.527313
-0.917969
-0.527344
-0.910156
0.660126
0.910126
-0.847656
-0.886719
-0.910156
-0.996094
0.667938
0.714813
-0.558594
-0.253906
0.910126
0.277313
0.824188
-0.535156
-0.691406
0.988251
0.925751
0.839813
0.925751
-0.691406
-0.667969
0.800751
0.675751
-0.761719
-0.386719
-0.839844
0.402313
0.589813
-0.378906
-0.199219
0.871063
0.292938
0.691376
-0.636719
-0.355469
-0.582031
0.847626
0.457001
0.644501
-0.738281
-0.347656
-0.714844
0.730438
0.902313
-0.628906
-0.910156
0.535126
0.769501
-0.457031
-0.324219
-0.933594
0.371063
0.386688
-0.667969
-0.144531
-0.839844
0.605438
0.785126
0.925751
0.957001
-0.847656
-0.902344
-0.957031
-0.707031
-0.863281
0.433563
0.410126
-0.636719
-0.0898438
-0.738281
0.503876
0.410126
0.816376
-0.730469
-0.417969
-0.582031
0.660126
0.105438
0.855438
-0.0742188
-0.542969
0.488251
0.714813
-0.902344
0.933563
-0.902344
-0.636719
0.839813
0.574188
-0.714844
-0.417969
0.714813
0.261688
0.957001
-0.191406
-0.425781
0.683563
0.472626
0.878876
0.847626
0.988251
-0.292969
-0.433594
0.402313
0.214813
-0.808594
-0.535156
-0.996094
-0.894531
-0.769531
0.683563
0.511688
-0.863281
-0.464844
-0.996094
0.566376
0.964813
-0.597656
-0.917969
0.660126
0.941376
-0.652344
-0.746094
0.863251
0.816376
-0.949219
-0.722656
-0.902344
0.855438
0.878876
-0.871094
-0.839844
-0.847656
-0.894531
0.949188
0.738251
0.902313
-0.996094
-0.964844
-0.566406
-0.355469
0.863251
0.230438
0.886688
-0.300781
-0.511719
0.996063
0.941376
-0.980469
0.902313
0.863251
-0.871094
-0.660156
-0.925781
0.746063
0.863251
-0.878906
-0.886719
-0.996094
-0.871094
-0.753906
-0.925781
0.902313
0.941376
0.972626
0.902313
-0.871094
-0.566406
-0.941406
0.667938
0.902313
-0.699219
-0.847656
0.824188
0.910126
-0.902344
-0.839844
-0.792969
-0.910156
0.738251
0.652313
-0.902344
-0.644531
-0.777344
-0.972656
0.855438
0.652313
0.941376
-0.628906
-0.878906
0.558563
0.761688
-0.574219
-0.605469
0.847626
0.683563
0.722626
0.816376
-0.871094
-0.527344
-0.652344
0.855438
0.496063
0.636688
-0.964844
-0.808594
-0.855469
-0.644531
-0.753906
0.511688
0.230438
-0.917969
-0.308594
-0.832031
0.769501
-0.808594
-0.746094
0.550751
0.449188
-0.816406
-0.410156
-0.753906
0.777313
0.839813
0.980438
0.753876
0.933563
-0.769531
-0.496094
-0.824219
0.511688
0.542938
-0.753906
-0.378906
-0.949219
0.558563
-0.988281
-0.433594
-0.894531
0.496063
0.847626
-0.605469
-0.660156
-0.949219
0.800751
0.917938
-0.621094
-0.675781
0.628876
0.519501
-0.574219
-0.300781
-0.972656
0.628876
0.910126
-0.824219
0.925751
0.769501
-0.683594
-0.0898438
-0.628906
0.214813
0.0898132
-0.839844
-0.00390625
-0.347656
0.785126
0.480438
0.832001
-0.941406
-0.878906
-0.738281
-0.691406
-0.800781
-0.980469
0.621063
0.558563
-0.832031
-0.308594
-0.480469
0.910126
0.394501
0.511688
-0.628906
-0.0898438
-0.808594
0.355438
0.605438
-0.761719
-0.792969
-0.894531
-0.730469
-0.910156
0.550751
0.519501
-0.941406
-0.566406
-0.722656
0.933563
0.816376
0.957001
-0.964844
0.800751
0.722626
-0.574219
-0.167969
0.894501
-0.0664368
0.574188
-0.238281
-0.394531
0.746063
0.628876
0.894501
0.964813
-0.957031
-0.730469
-0.917969
0.730438
0.972626
-0.683594
-0.785156
0.738251
0.550751
-0.957031
-0.347656
-0.503906
0.613251
0.277313
0.996063
-0.269531
-0.582031
0.574188
0.332001
-0.933594
-0.308594
-0.652344
0.660126
0.628876
-0.957031
-0.730469
-0.753906
-0.996094
0.878876
-0.855469
-0.902344
0.800751
-0.972656
-0.589844
-0.933594
0.660126
0.847626
-0.730469
-0.597656
-0.902344
0.777313
0.902313
-0.628906
-0.699219
0.886688
0.972626
-0.644531
-0.753906
0.925751
0.808563
0.964813
-0.800781
-0.652344
-0.980469
0.621063
0.996063
-0.425781
-0.902344
0.425751
-0.988281
-0.199219
-0.699219
0.589813
0.785126
-0.902344
-0.886719
-0.824219
-0.847656
0.957001
0.933563
0.878876
0.800751
-0.800781
-0.425781
-0.808594
0.582001
0.542938
0.964813
-0.574219
-0.457031
0.972626
0.308563
0.613251
-0.582031
-0.324219
-0.847656
0.605438
0.496063
0.855438
-0.582031
-0.410156
-0.878906
0.605438
0.535126
0.933563
-0.769531
-0.722656
-0.769531
-0.964844
0.644501
0.667938
-0.886719
-0.707031
0.886688
0.675751
-0.816406
-0.480469
-0.964844
0.433563
0.519501
-0.886719
-0.472656
-0.636719
0.863251
0.621063
0.746063
-0.925781
-0.707031
-0.777344
0.949188
0.722626
0.808563
-0.878906
-0.675781
-0.769531
0.902313
0.621063
0.910126
-0.527344
-0.660156
0.699188
0.644501
-0.800781
-0.542969
-0.738281
0.847626
0.589813
0.847626
-0.472656
-0.199219
0.964813
0.199188
0.730438
-0.386719
-0.511719
0.917938
0.777313
0.941376
-0.972656
-0.878906
-0.761719
-0.738281
0.957001
0.621063
0.910126
-0.636719
-0.628906
-0.925781
0.886688
0.863251
0.902313
-0.871094
-0.652344
-0.792969
0.941376
0.730438
0.878876
-0.777344
-0.605469
-0.925781
0.707001
0.871063
-0.769531
-0.816406
0.832001
0.941376
-0.675781
-0.691406
0.878876
0.535126
0.824188
-0.621094
-0.542969
0.949188
0.660126
0.886688
-0.910156
-0.964844
-0.972656
-0.824219
-0.769531
0.925751
0.746063
0.941376
-0.816406
-0.730469
-0.941406
0.785126
0.886688
-0.886719
-0.910156
-0.808594
-0.714844
0.894501
0.488251
0.847626
-0.566406
-0.644531
0.910126
0.792938
0.980438
-0.933594
0.964813
0.941376
-0.902344
-0.886719
-0.957031
-0.933594
0.964813
0.777313
0.855438
-0.730469
-0.621094
-0.996094
0.699188
0.863251
-0.792969
-0.800781
0.941376
0.878876
-0.902344
-0.816406
0.902313
0.667938
-0.949219
-0.535156
-0.777344
0.738251
0.707001
-0.972656
-0.707031
-0.800781
0.824188
0.800751
-0.792969
-0.675781
0.824188
0.496063
0.910126
-0.472656
-0.691406
0.792938
0.730438
0.957001
-0.886719
-0.730469
-0.699219
-0.957031
0.746063
0.949188
-0.589844
-0.683594
0.847626
0.917938
-0.753906
-0.792969
0.871063
0.808563
-0.972656
-0.933594
0.925751
-0.996094
-0.824219
-0.980469
0.878876
-0.847656
-0.691406
0.964813
0.660126
0.847626
-0.871094
-0.902344
-0.949219
-0.902344
-0.878906
0.980438
0.839813
0.871063
0.949188
-0.878906
-0.394531
-0.152344
-0.777344
0.160126
-0.449249
0.0976257
-0.410156
0.988281
-0.933563
-0.425781
-0.597687
0.17572
-0.683624
0.128906
0.324249
-0.371063
0.191376
-0.503967
0.910095
0.550781
-0.105438
0.191406
0.136688
-0.832062
-0.332062
-0.574219
0.808594
-0.0351562
0.0976257
-0.253937
-0.722656
0.800781
0.261719
0.527313
-0.480499
-0.535187
-0.0820618
-0.910156
0.769531
-0.199188
0.964844
0.121063
0.839752
0.527252
-0.863281
-0.92569
-0.785065
0.582001
-0.519623
-0.535217
-0.0664062
0.0429993
-0.472626
-0.941406
0.136658
0.0663452
-0.0351562
-0.89447
-0.988251
-0.824249
0.535095
0.144501
-0.597656
-0.394531
-0.605469
0.964813
0.957001
-0.839844
0.980438
0.535126
0.498286
0.499143
0.500001
