0.996063
-0.941406
-0.964844
0.839813
0.816528
0.840057
-0.99585
-0.99585
-0.99585
-0.99585
-0.99585
-0.99585
-0.99585
-0.620911
-0.99585
0.0976868
-0.808838
-0.808838
0.0583801
0.175964
-0.99585
0.230682
0.136505
-0.808838
-0.808838
-0.550995
-0.675781
0.144531
-0.886902
-0.808838
-0.808838
-0.308838
-0.722748
0.886749
0.683655
0.222656
0.0038147
0.495941
-0.339966
0.503815
0.42569
0.714691
-0.222839
-0.136932
0.83963
0.870941
0.191345
-0.0195312
-0.0195312
-0.566437
-0.0508728
-0.316528
0.230347
0.0350647
0.222595
-0.863312
-0.402405
-0.902435
0.402222
0.620972
-0.79306
0.0038147
0.621002
0.667877
0.45694
0.347565
0.347565
0.347565
0.347565
0.42569
0.64444
-0.847717
-0.0664673
-0.855499
0.847626
-0.980438
0.23053
0.582153
-0.816193
-0.99585
-0.99585
-0.99585
0.957245
-0.199036
-0.480347
-0.589783
-0.378906
0.535095
0.277252
0.988159
0.542847
0.995972
0.277252
0.0819702
-0.128937
-0.785156
0.0273438
0.441406
0.488281
0.152344
-0.886719
-0.597687
-0.503967
0.285065
0.433502
-0.0664673
-0.113312
-0.832031
-0.730469
0.480438
-0.246124
-0.175812
0.667938
-0.214844
0.472656
0.246094
-0.839844
-0.191437
0.910095
0.792908
-0.902374
-0.558624
-0.363312
-0.324249
-0.300812
-0.191437
0.0195007
0.238251
0.566376
0.824188
-0.957031
-0.824219
-0.863281
0.949188
0.683563
0.339813
-0.0664368
-0.558624
-0.949249
0.855408
0.839783
0.83197
0.621033
0.26947
-0.0977173
-0.277405
-0.152405
0.26947
0.76947
-0.691437
-0.175812
0.324188
0.839813
-0.628906
-0.0429688
0.503906
0.863281
-0.933563
-0.902313
0.980469
0.824219
0.699219
0.574219
0.417969
0.222656
0.0117188
-0.160156
-0.292969
-0.347656
-0.160156
0.285156
0.574219
0.589844
0.613281
0.613281
0.503906
0.472656
0.503906
0.558594
0.605469
0.628906
0.691406
0.800781
0.902344
0.980469
-0.886688
-0.871063
-0.933563
0.949219
0.808594
0.605469
0.371094
0.128906
-0.144531
-0.347656
-0.449219
-0.441406
-0.332031
-0.167969
0.00390625
0.222656
0.394531
0.542969
0.675781
0.746094
0.675781
0.535156
0.355469
0.0820312
-0.121094
-0.285156
-0.378906
-0.472656
-0.441406
-0.457031
-0.410156
-0.457031
-0.542969
-0.699219
-0.871094
0.972626
0.902313
0.777313
0.652313
0.582001
0.582001
0.667938
0.800751
-0.996094
-0.878906
-0.777344
-0.800781
-0.839844
-0.824219
-0.910156
-0.941406
0.988251
0.949188
0.878876
0.878876
0.886688
0.910126
0.910126
0.949188
0.941376
0.933563
0.964813
0.980438
-0.949219
-0.855469
-0.855469
-0.894531
-0.917969
-0.871094
-0.847656
-0.808594
-0.730469
-0.722656
-0.683594
-0.589844
-0.535156
-0.519531
-0.472656
-0.511719
-0.503906
-0.527344
-0.519531
-0.542969
-0.566406
-0.582031
-0.558594
-0.519531
-0.457031
-0.394531
-0.300781
-0.175781
-0.0429688
0.0273438
0.0976562
0.121094
0.105469
0.144531
0.175781
0.183594
0.191406
0.175781
0.167969
0.144531
0.105469
0.0976562
0.0585938
0.0664062
0.105469
0.105469
0.0664062
0.00390625
0.0195312
0.0195312
-0.0429688
-0.0898438
-0.128906
-0.160156
-0.199219
-0.246094
-0.261719
-0.324219
-0.332031
-0.324219
-0.339844
-0.332031
-0.339844
-0.355469
-0.394531
-0.472656
-0.535156
-0.644531
-0.753906
-0.847656
-0.777344
-0.636719
-0.566406
-0.800781
0.988251
-0.902344
-0.714844
-0.699219
-0.816406
-0.886719
-0.933594
-0.894531
-0.871094
-0.886719
-0.894531
-0.910156
-0.949219
-0.957031
-0.996094
-0.996094
0.941376
0.917938
0.894501
0.855438
0.855438
0.886688
0.894501
0.925751
0.957001
0.949188
0.925751
0.886688
0.863251
0.855438
0.886688
0.917938
0.886688
0.894501
0.917938
0.917938
0.949188
0.988251
0.996063
0.957001
-0.988281
-0.988281
-0.957031
-0.957031
-0.871094
-0.839844
-0.839844
-0.847656
-0.894531
-0.855469
-0.855469
-0.824219
-0.847656
-0.847656
-0.894531
-0.886719
-0.855469
-0.847656
-0.847656
-0.832031
-0.871094
-0.988281
-0.957031
-0.777344
-0.707031
-0.808594
-0.785156
-0.761719
-0.832031
-0.847656
-0.832031
-0.746094
-0.707031
-0.707031
-0.675781
-0.707031
-0.769531
-0.824219
-0.839844
-0.816406
-0.824219
-0.777344
-0.800781
-0.800781
-0.816406
-0.847656
-0.855469
-0.839844
-0.832031
-0.816406
-0.824219
-0.816406
-0.839844
-0.800781
-0.792969
-0.816406
-0.855469
-0.824219
-0.824219
-0.839844
-0.824219
-0.832031
-0.871094
-0.855469
-0.894531
-0.910156
-0.941406
-0.957031
-0.941406
-0.941406
-0.941406
-0.933594
-0.933594
-0.902344
-0.878906
-0.871094
-0.871094
-0.847656
-0.847656
-0.847656
-0.847656
-0.832031
-0.832031
-0.839844
-0.847656
-0.839844
-0.832031
-0.855469
-0.847656
-0.855469
-0.839844
-0.855469
-0.824219
-0.816406
-0.863281
-0.871094
-0.839844
-0.816406
-0.847656
-0.839844
-0.847656
-0.855469
-0.847656
-0.871094
-0.886719
-0.886719
-0.886719
-0.894531
-0.886719
-0.902344
-0.902344
-0.886719
-0.917969
-0.949219
-0.941406
-0.917969
-0.933594
-0.917969
-0.949219
-0.941406
-0.925781
-0.933594
-0.925781
-0.925781
-0.925781
-0.925781
-0.925781
-0.933594
-0.933594
-0.964844
-0.949219
-0.964844
-0.957031
-0.949219
-0.949219
-0.980469
0.996063
-0.925781
-0.996094
0.972626
-0.972656
-0.949219
0.964813
0.957001
0.988251
0.988251
0.933563
0.964813
0.917938
0.925751
0.917938
0.894501
0.902313
0.949188
0.902313
0.941376
0.933563
0.933563
0.902313
0.878876
0.933563
0.910126
0.894501
0.917938
0.894501
0.910126
0.910126
0.910126
0.910126
0.917938
0.957001
0.886688
0.855438
-0.957031
0.957001
0.902313
0.941376
0.972626
0.949188
0.925751
0.957001
0.949188
0.949188
0.949188
0.949188
0.957001
0.957001
0.996063
0.972626
0.972626
0.964813
0.964813
0.980438
0.996063
0.917938
0.910126
0.941376
0.957001
0.980438
0.972626
0.972626
0.996063
-0.980469
-0.996094
-0.988281
-0.949219
-0.941406
-0.941406
-0.957031
-0.972656
-0.972656
-0.972656
-0.957031
-0.972656
-0.941406
-0.941406
-0.910156
-0.925781
-0.933594
-0.949219
-0.933594
-0.933594
-0.917969
-0.917969
-0.917969
-0.941406
-0.941406
-0.949219
-0.917969
-0.917969
-0.925781
-0.933594
-0.933594
-0.964844
0.996063
0.949188
0.910126
0.902313
-0.964844
-0.871094
-0.972656
-0.988281
-0.886719
-0.925781
-0.925781
-0.941406
-0.933594
-0.886719
-0.863281
-0.910156
-0.925781
-0.949219
0.972626
0.972626
0.964813
0.964813
0.996063
-0.949219
-0.972656
-0.996094
0.996063
-0.996094
-0.996094
-0.980469
-0.980469
0.980438
0.980438
-0.972656
-0.996094
0.972626
0.933563
0.972626
0.972626
-0.996094
0.980438
0.980438
0.980438
0.964813
0.988251
-0.996094
0.980438
-0.996094
0.988251
-0.996094
-0.996094
-0.996094
-0.988281
0.996063
0.980438
0.996063
0.988251
-0.996094
0.996063
-0.996094
-0.988281
-0.996094
0.996063
-0.996094
-0.988281
-0.972656
-0.980469
-0.980469
-0.996094
-0.972656
-0.980469
-0.980469
-0.980469
-0.980469
-0.996094
-0.988281
-0.972656
-0.972656
0.996063
0.996063
0.996063
0.988251
0.996063
-0.996094
-0.996094
-0.972656
0.941376
0.988251
-0.996094
-0.925781
-0.972656
-0.988281
0.972626
0.949188
0.917938
0.917938
0.980438
0.988251
0.972626
0.941376
-0.996094
-0.964844
0.980438
0.996063
0.972626
0.949188
0.964813
0.988251
-0.996094
0.878876
0.925751
0.980438
0.972626
0.949188
0.949188
0.972626
0.949188
0.949188
0.996063
0.980438
0.910126
0.839813
0.847626
0.871063
0.941376
0.980438
0.980438
0.933563
0.910126
0.917938
0.910126
0.917938
0.933563
0.964813
-0.996094
-0.996094
0.980438
0.949188
0.941376
0.964813
0.980438
-0.980469
-0.964844
-0.957031
-0.988281
-0.988281
0.972626
-0.996094
0.996063
0.996063
-0.996094
-0.996094
-0.933594
-0.933594
-0.917969
-0.933594
-0.949219
-0.957031
-0.949219
-0.964844
-0.972656
-0.972656
-0.957031
-0.957031
-0.949219
-0.964844
-0.917969
-0.988281
-0.972656
-0.972656
-0.964844
-0.925781
-0.964844
-0.996094
-0.964844
-0.941406
-0.925781
-0.917969
-0.949219
-0.964844
-0.949219
-0.949219
-0.949219
-0.949219
-0.949219
-0.957031
-0.996094
-0.996094
-0.996094
-0.988281
-0.988281
-0.949219
-0.964844
-0.972656
-0.980469
-0.996094
-0.972656
-0.996094
0.996063
0.996063
-0.996094
0.980438
-0.996094
0.988251
-0.996094
0.996063
0.996063
-0.996094
-0.996094
-0.988281
0.988251
0.964813
0.964813
0.949188
0.949188
0.949188
0.925751
0.832001
0.816376
0.988251
-0.894531
-0.988281
0.964813
-0.964844
-0.957031
-0.996094
-0.996094
-0.964844
-0.933594
-0.949219
-0.972656
-0.980469
0.964813
0.941376
0.949188
0.964813
0.933563
0.941376
0.957001
0.949188
0.972626
0.980438
0.996063
0.972626
-0.996094
0.964813
0.972626
0.988251
-0.996094
-0.988281
-0.996094
-0.996094
0.941376
0.925751
-0.847656
-0.472656
-0.652344
0.425751
0.0273132
-0.746094
0.378906
-0.699219
-0.503937
0.0976257
0.347656
0.613281
0.761688
-0.144562
0.761688
-0.496094
-0.761719
0.886688
0.996063
-0.902344
-0.949219
-0.988281
-0.988281
0.988251
0.972626
0.964813
-0.910156
-0.605469
-0.511719
0.847626
0.199188
0.582001
-0.332031
-0.339844
0.824188
0.566376
-0.964844
-0.636719
-0.988281
0.644501
0.746063
-0.714844
-0.496094
-0.949219
0.597626
0.652313
-0.972656
-0.699219
-0.675781
0.980438
0.597626
0.746063
-0.714844
-0.691406
0.761688
0.644501
-0.722656
-0.613281
0.777313
0.621063
-0.949219
-0.792969
-0.894531
0.902313
0.628876
0.808563
-0.488281
-0.574219
0.511688
0.394501
-0.753906
-0.566406
0.941376
0.753876
0.933563
0.964813
-0.996094
-0.871094
-0.839844
0.878876
0.566376
0.878876
-0.613281
-0.753906
0.816376
0.730438
0.941376
-0.863281
0.988251
0.707001
0.910126
-0.675781
-0.746094
0.824188
0.527313
0.667938
-0.746094
-0.378906
-0.832031
0.441376
0.503876
-0.871094
-0.628906
-0.816406
0.847626
0.683563
0.886688
-0.824219
-0.738281
-0.871094
0.910126
0.722626
0.863251
-0.792969
-0.660156
-0.871094
0.902313
0.878876
0.925751
-0.878906
-0.792969
-0.871094
-0.964844
-0.949219
-0.988281
0.996063
-0.972656
-0.878906
-0.824219
-0.832031
0.957001
0.855438
-0.902344
-0.753906
-0.996094
0.863251
0.996063
-0.777344
-0.824219
0.902313
0.816376
-0.902344
-0.730469
-0.964844
0.933563
0.996063
-0.957031
-0.917969
-0.925781
-0.996094
0.949188
-0.808594
-0.910156
0.988251
-0.996094
0.988251
-0.972656
-0.863281
-0.996094
0.800751
-0.964844
-0.605469
-0.769531
0.691376
0.589813
-0.910156
-0.519531
-0.792969
0.777313
0.769501
-0.964844
-0.808594
-0.753906
0.941376
0.597626
0.761688
-0.714844
-0.597656
-0.988281
0.597626
0.464813
0.746063
-0.660156
-0.253906
-0.785156
0.332001
0.339813
-0.496094
-0.316406
0.949188
0.582001
0.839813
-0.808594
-0.722656
0.941376
0.550751
0.785126
-0.730469
-0.878906
0.636688
0.839813
-0.558594
-0.792969
0.285126
0.300751
-0.246094
0.332031
0.417938
-0.777374
-0.863281
0.871094
-0.566406
-0.441437
0.394501
0.0273438
-0.503906
0.191376
0.652313
-0.160156
-0.527344
0.457001
0.496063
-0.886719
-0.621094
-0.667969
-0.902344
0.636688
0.613251
-0.863281
-0.582031
-0.847656
0.753876
0.847626
-0.808594
-0.761719
-0.964844
0.964813
-0.917969
-0.941406
0.886688
0.949188
-0.675781
-0.597656
0.949188
0.621063
0.925751
-0.675781
-0.730469
-0.933594
0.980438
0.878876
0.886688
-0.839844
-0.800781
-0.910156
-0.878906
0.957001
0.800751
-0.996094
-0.722656
-0.910156
-0.957031
-0.839844
0.957001
0.535126
0.824188
-0.324219
-0.480469
0.449188
0.292938
-0.746094
-0.308594
-0.925781
0.519501
0.800751
-0.644531
-0.800781
0.660126
0.722626
-0.746094
-0.480469
-0.957031
0.394501
0.496063
-0.753906
-0.347656
-0.699219
0.683563
0.402313
0.761688
-0.605469
-0.417969
-0.972656
0.550751
0.746063
-0.824219
-0.792969
0.957001
0.925751
-0.972656
0.988251
0.957001
0.941376
-0.988281
-0.878906
0.886688
0.738251
-0.855469
-0.402344
-0.902344
0.402313
0.558563
-0.730469
-0.386719
-0.753906
0.636688
0.480438
0.902313
-0.628906
-0.535156
-0.871094
0.707001
0.613251
-0.949219
-0.519531
-0.839844
0.691376
0.839813
-0.746094
-0.816406
0.894501
0.863251
-0.839844
-0.652344
-0.964844
0.550751
0.753876
-0.449219
-0.371094
0.722626
0.433563
-0.871094
-0.417969
-0.925781
0.824188
-0.957031
-0.996094
0.886688
-0.683594
-0.605469
0.621063
0.480438
-0.722656
-0.316406
-0.816406
0.644501
0.636688
0.972626
-0.605469
-0.417969
0.972626
0.207001
0.746063
-0.316406
-0.472656
0.957001
0.792938
0.636688
0.566376
-0.761719
-0.0195312
-0.472656
0.371063
0.160126
0.902313
-0.441406
-0.519531
-0.949219
0.824188
0.941376
0.957001
0.746063
0.871063
-0.574219
-0.558594
0.964813
0.933563
0.941376
0.527313
0.730438
-0.441406
-0.261719
0.871063
0.0820007
0.472626
-0.433594
-0.355469
0.644501
0.472626
-0.691406
-0.324219
-0.886719
0.433563
0.542938
-0.863281
-0.488281
-0.683594
0.925751
0.855438
-0.910156
0.910126
0.394501
0.582001
-0.371094
0.121094
-0.839844
-0.0976868
0.0116882
-0.769531
-0.105469
-0.542969
-0.964844
0.957001
0.800751
0.386688
0.472626
-0.425781
0.425781
-0.527344
-0.246124
-0.183624
-0.410156
0.464844
-0.816406
-0.0195618
0.527313
-0.378906
-0.324219
0.980438
0.425751
0.519501
-0.621094
-0.0820312
-0.691406
0.316376
0.222626
-0.792969
-0.0195312
-0.535156
0.589813
0.550751
0.753876
0.917938
-0.417969
-0.207031
-0.933594
0.535126
0.519501
0.777313
-0.699219
-0.386719
-0.675781
-0.972656
0.855438
0.527313
0.792938
-0.355469
-0.222656
0.925751
0.316376
0.824188
-0.628906
-0.910156
0.792938
-0.761719
-0.660156
0.683563
0.558563
-0.824219
-0.378906
-0.824219
0.386688
0.480438
-0.441406
-0.0976562
0.542938
-0.121124
-0.871094
0.0273438
-0.683594
0.347626
0.371063
-0.644531
-0.136719
-0.917969
0.371063
0.707001
-0.972656
-0.996094
-0.707031
-0.542969
0.753876
0.113251
0.792938
0.00390625
-0.253906
0.457001
0.253876
-0.988281
-0.566406
-0.769531
0.964813
0.683563
0.667938
-0.769531
-0.316406
-0.871094
0.277313
0.378876
-0.714844
-0.199219
-0.605469
0.683563
0.410126
0.839813
-0.675781
-0.816406
0.855438
0.988251
-0.839844
0.886688
0.855438
-0.746094
-0.847656
0.738251
0.941376
-0.667969
-0.957031
0.808563
0.957001
0.988251
-0.925781
-0.738281
-0.746094
0.910126
0.589813
0.871063
-0.636719
-0.621094
-0.949219
0.886688
0.746063
0.894501
-0.738281
-0.644531
0.925751
0.707001
-0.808594
-0.589844
0.996063
0.785126
0.996063
-0.824219
-0.957031
-0.980469
-0.925781
-0.957031
-0.972656
-0.957031
0.878876
0.847626
-0.691406
-0.519531
0.980438
0.574188
0.738251
-0.792969
-0.503906
-0.746094
0.824188
0.691376
0.964813
-0.894531
-0.910156
-0.792969
-0.691406
-0.957031
0.636688
0.707001
-0.785156
-0.511719
-0.792969
0.816376
0.707001
0.917938
-0.777344
-0.753906
0.988251
0.871063
-0.957031
-0.761719
-0.894531
0.972626
-0.988281
-0.996094
0.863251
0.910126
-0.910156
-0.941406
0.941376
0.972626
0.910126
0.832001
-0.878906
-0.675781
0.933563
0.792938
-0.800781
-0.699219
0.933563
0.800751
-0.933594
-0.683594
-0.964844
0.800751
0.910126
-0.855469
-0.917969
0.894501
0.816376
0.847626
0.972626
-0.917969
-0.902344
-0.980469
0.941376
0.863251
0.863251
-0.941406
-0.808594
-0.863281
0.996063
0.808563
0.730438
0.957001
-0.707031
-0.511719
-0.832031
0.621063
0.660126
-0.878906
-0.503906
-0.738281
0.675751
0.636688
-0.652344
-0.425781
0.925751
0.621063
-0.949219
-0.792969
0.871063
-0.933594
-0.449219
-0.925781
0.386688
0.816376
-0.378906
-0.519531
0.769501
0.730438
-0.925781
0.964813
0.957001
-0.503906
-0.503906
0.714813
0.347626
-0.855469
-0.324219
-0.777344
0.933563
0.949188
-0.988281
-0.996094
-0.902344
-0.746094
0.832001
0.714813
-0.902344
-0.410156
-0.496094
0.847626
0.292938
0.660126
-0.363281
-0.378906
0.871063
0.988251
-0.660156
0.691376
0.300751
-0.777344
-0.128906
-0.777344
0.503876
0.628876
-0.917969
-0.628906
-0.785156
0.863251
0.777313
0.917938
-0.964844
0.996063
0.996063
-0.683594
-0.667969
0.511688
-0.0195618
-0.839844
0.644531
-0.167969
-0.230499
-0.308624
-0.855469
-0.0585938
-0.527344
0.949188
0.613251
0.511688
-0.925781
-0.355469
-0.863281
0.457001
0.683563
-0.832031
-0.847656
-0.988281
-0.925781
-0.996094
0.824188
0.800751
0.980438
-0.941406
-0.996094
-0.933594
-0.746094
-0.808594
0.707001
0.441376
0.871063
-0.425781
-0.457031
0.878876
0.574188
0.816376
-0.980469
-0.847656
-0.691406
-0.738281
0.886688
0.605438
0.832001
-0.777344
-0.660156
-0.941406
0.871063
-0.964844
-0.652344
-0.792969
0.707001
0.628876
-0.753906
-0.433594
-0.777344
0.886688
0.933563
0.988251
-0.996094
-0.800781
-0.667969
-0.980469
0.777313
-0.980469
-0.652344
-0.847656
0.839813
0.652313
-0.996094
-0.292969
-0.363281
0.605438
0.285126
-0.660156
-0.0664062
-0.675781
0.785126
0.871063
-0.949219
-0.902344
-0.691406
-0.503906
-0.855469
0.699188
0.863251
-0.683594
-0.582031
-0.769531
0.949188
0.863251
-0.941406
-0.761719
-0.699219
-0.785156
0.792938
0.636688
-0.832031
-0.394531
-0.714844
0.738251
0.691376
-0.933594
-0.769531
0.917938
0.839813
-0.785156
-0.628906
-0.972656
0.878876
-0.996094
-0.785156
-0.699219
-0.800781
0.949188
0.761688
0.972626
-0.660156
-0.691406
0.964813
0.761688
0.933563
-0.933594
0.917938
0.910126
-0.761719
-0.800781
0.699188
0.722626
-0.683594
-0.660156
0.800751
0.722626
-0.878906
-0.808594
0.964813
0.941376
-0.878906
-0.761719
-0.941406
0.800751
0.824188
-0.917969
-0.847656
-0.816406
-0.738281
-0.957031
0.730438
0.808563
-0.761719
-0.652344
-0.902344
0.871063
0.917938
-0.996094
-0.917969
-0.910156
-0.808594
-0.792969
0.707001
0.480438
-0.800781
-0.144531
-0.644531
0.496063
0.441376
-0.941406
-0.628906
-0.941406
0.964813
-0.683594
-0.863281
0.496063
0.566376
-0.660156
-0.394531
-0.863281
0.730438
0.730438
-0.996094
-0.894531
0.941376
-0.902344
-0.675781
-0.933594
0.675751
0.683563
-0.996094
-0.769531
-0.738281
-0.871094
0.886688
0.597626
0.738251
-0.785156
-0.558594
-0.808594
0.746063
0.535126
0.707001
-0.792969
-0.488281
-0.878906
0.535126
0.550751
-0.902344
-0.667969
-0.933594
0.933563
0.878876
0.753876
0.863251
-0.769531
-0.714844
0.792938
0.542938
-0.949219
-0.589844
-0.949219
0.777313
0.863251
0.980438
-0.980469
-0.871094
0.972626
0.769501
-0.988281
-0.667969
0.933563
0.449188
0.980438
-0.308594
-0.769531
0.371063
0.574188
-0.714844
-0.636719
0.964813
0.777313
0.957001
-0.777344
-0.925781
0.746063
0.808563
-0.824219
-0.808594
-0.980469
-0.996094
0.886688
0.746063
-0.957031
-0.628906
-0.722656
0.964813
0.785126
0.871063
-0.855469
-0.746094
0.988251
0.917938
-0.886719
-0.855469
-0.996094
0.878876
0.753876
-0.988281
-0.425781
-0.550781
0.644501
0.480438
-0.933594
-0.535156
-0.785156
0.972626
0.886688
0.925751
-0.839844
0.988251
0.675751
-0.980469
-0.542969
-0.738281
0.761688
0.503876
0.761688
-0.746094
-0.425781
-0.707031
0.652313
0.441376
0.933563
-0.605469
-0.605469
-0.996094
0.847626
0.941376
0.871063
0.878876
-0.792969
-0.574219
-0.925781
0.628876
0.777313
-0.847656
-0.777344
-0.871094
-0.964844
0.910126
0.699188
0.816376
-0.722656
-0.535156
-0.972656
0.558563
0.558563
-0.917969
-0.347656
-0.621094
0.457001
0.0585632
0.964813
-0.00390625
-0.371094
0.503876
0.386688
-0.910156
-0.582031
-0.863281
0.980438
-0.972656
-0.996094
0.941376
-0.910156
-0.839844
-0.988281
0.949188
0.988251
0.941376
0.769501
-0.988281
-0.667969
-0.910156
0.652313
0.863251
-0.652344
-0.769531
0.792938
0.730438
-0.917969
-0.792969
-0.925781
-0.972656
-0.832031
-0.972656
0.730438
0.777313
-0.808594
-0.542969
-0.824219
0.753876
0.707001
-0.988281
-0.792969
-0.832031
-0.855469
-0.941406
0.925751
0.878876
0.980438
-0.957031
-0.894531
-0.761719
-0.933594
0.839813
0.917938
-0.792969
-0.753906
0.917938
0.808563
-0.707031
-0.589844
0.949188
0.753876
-0.917969
-0.824219
-0.996094
-0.980469
-0.800781
-0.933594
0.871063
0.863251
-0.902344
-0.605469
-0.824219
0.800751
0.785126
-0.972656
-0.761719
-0.917969
0.722626
0.683563
-0.996094
-0.871094
0.714813
0.425751
-0.917969
0.00390625
-0.113281
-0.589844
0.730469
0.285187
-0.660156
-0.644623
0.566284
-0.300812
0.714935
0.136871
-0.89447
-0.222748
0.495972
0.480408
-0.261688
-0.589783
-0.644501
0.324188
0.39447
0.105408
-0.542999
-0.238281
-0.910126
0.332031
0.675751
-0.199249
-0.167999
0.378876
0.871063
-0.816406
-0.753906
-0.964844
0.824188
0.769501
0.839813
0.863251
0.855438
0.902313
-0.972656
0.988251
0.738251
0.621063
0.847626
-0.894531
-0.707031
-0.355469
0.152344
0.0976562
0.285126
-0.238342
0.0663452
0.417969
0.175842
0.847626
0.652161
-0.168091
0.605652
-0.99585
-0.613281
-0.808838
-0.816559
-0.21463
-0.99585
0.941467
0.886566
0.761536
-0.785278
-0.527374
-0.535065
-0.0975342
0.121124
0.498286
0.499143
0.500001
