-0.917969
-0.949219
-0.996094
-0.988281
-0.652283
0.621307
-0.99585
-0.99585
-0.99585
-0.99585
-0.99585
-0.99585
-0.99585
0.293152
-0.99585
0.152496
-0.730713
-0.808838
-0.808838
-0.433533
-0.99585
-0.99585
0.996002
-0.808838
-0.808838
-0.808838
-0.38681
0.722656
-0.511841
-0.699463
-0.808838
-0.676025
-0.355591
-0.972595
0.746185
-0.597595
0.76947
-0.597778
0.472504
0.808472
-0.214935
0.933441
0.0271606
-0.0900574
-0.0431824
-0.597809
0.660065
-0.285156
-0.761688
-0.433594
0.347595
-0.808685
0.214722
-0.253998
0.11322
-0.613312
0.277283
-0.38681
0.152222
0.222534
0.738159
-0.425873
0.36319
0.691315
0.558502
0.48819
0.527252
0.605377
0.597565
0.628815
0.76944
-0.878967
-0.19928
0.722595
0.472626
0.863281
0.0820923
0.160278
0.222839
0.886932
-0.99585
-0.99585
-0.99585
0.808777
0.886841
0.558655
0.378906
0.902283
0.199127
0.324097
-0.589966
-0.160278
0.910034
0.417877
0.347595
0.144501
-0.449219
0.582031
-0.816376
-0.738251
0.496094
0.832001
0.824158
-0.76178
0.917877
0.00384521
-0.121124
-0.636719
-0.316406
0.777313
0.0429382
-0.214874
0.253876
-0.761719
0.00390625
-0.105469
-0.957031
-0.0820618
-0.785187
-0.855499
-0.464874
-0.0273743
0.160126
0.113251
-0.0273743
-0.121124
-0.144562
0.0507507
0.347626
0.785126
-0.753906
-0.417969
-0.355469
-0.558594
0.957001
0.355438
-0.230499
-0.746124
0.89447
0.753845
0.839783
0.86322
0.667908
0.36322
0.0663452
-0.0508423
0.121033
0.566345
-0.917999
-0.425812
0.0663757
0.628876
-0.824219
-0.238281
0.285156
0.730469
0.996094
-0.933563
0.933594
0.691406
0.402344
0.136719
-0.128906
-0.355469
-0.636719
-0.839844
-0.941406
-0.949219
-0.792969
-0.519531
-0.222656
0.0351562
0.214844
0.316406
0.425781
0.441406
0.496094
0.527344
0.527344
0.457031
0.417969
0.386719
0.480469
0.589844
0.691406
0.792969
0.863281
0.832031
0.761719
0.621094
0.496094
0.261719
0.0429688
-0.136719
-0.277344
-0.300781
-0.222656
-0.0898438
0.0976562
0.277344
0.410156
0.558594
0.628906
0.855469
-0.988251
0.886719
0.683594
0.511719
0.191406
-0.113281
-0.332031
-0.433594
-0.511719
-0.480469
-0.464844
-0.417969
-0.464844
-0.542969
-0.636719
-0.738281
-0.816406
-0.917969
0.988251
0.910126
0.832001
0.816376
0.925751
-0.925781
-0.746094
-0.605469
-0.535156
-0.519531
-0.566406
-0.675781
-0.816406
-0.910156
0.910126
0.832001
0.746063
0.660126
0.636688
0.636688
0.667938
0.707001
0.714813
0.761688
0.808563
0.863251
0.894501
0.972626
0.988251
-0.980469
-0.996094
-0.996094
0.972626
0.964813
-0.988281
-0.964844
-0.980469
-0.941406
-0.894531
-0.832031
-0.808594
-0.824219
-0.800781
-0.785156
-0.777344
-0.761719
-0.800781
-0.746094
-0.722656
-0.691406
-0.605469
-0.496094
-0.441406
-0.339844
-0.253906
-0.222656
-0.160156
-0.105469
-0.0820312
-0.0429688
-0.0429688
-0.0351562
-0.0429688
-0.0585938
-0.0585938
-0.0507812
-0.0351562
-0.0351562
0.0117188
0.00390625
0.0351562
0.0742188
0.0507812
0.0898438
0.0976562
0.0976562
0.0820312
0.0429688
0.0117188
0.00390625
-0.0273438
-0.0351562
-0.0117188
0.00390625
-0.00390625
-0.0429688
-0.0664062
-0.0976562
-0.160156
-0.230469
-0.316406
-0.347656
-0.394531
-0.511719
-0.597656
-0.628906
-0.636719
-0.652344
-0.652344
-0.675781
-0.667969
-0.675781
-0.667969
-0.667969
-0.738281
-0.785156
-0.816406
-0.816406
-0.816406
-0.855469
-0.847656
-0.886719
-0.886719
-0.886719
-0.917969
-0.964844
-0.996094
-0.996094
0.964813
0.933563
0.933563
0.941376
0.902313
0.878876
0.847626
0.808563
0.792938
0.816376
0.816376
0.808563
0.824188
0.816376
0.839813
0.847626
0.839813
0.863251
0.878876
0.871063
0.917938
0.902313
0.925751
0.894501
0.925751
0.957001
0.980438
-0.996094
-0.988281
-0.972656
-0.988281
-0.996094
-0.964844
-0.941406
-0.917969
-0.902344
-0.894531
-0.910156
-0.925781
-0.941406
-0.941406
-0.941406
-0.894531
-0.917969
-0.917969
-0.910156
-0.902344
-0.925781
-0.933594
-0.886719
-0.933594
-0.902344
-0.902344
-0.871094
-0.863281
-0.871094
-0.855469
-0.863281
-0.839844
-0.824219
-0.839844
-0.816406
-0.816406
-0.785156
-0.800781
-0.761719
-0.777344
-0.800781
-0.816406
-0.824219
-0.824219
-0.832031
-0.847656
-0.847656
-0.832031
-0.824219
-0.894531
-0.972656
-0.863281
-0.714844
-0.777344
-0.839844
-0.808594
-0.792969
-0.839844
-0.824219
-0.839844
-0.847656
-0.839844
-0.855469
-0.863281
-0.855469
-0.902344
-0.957031
-0.902344
-0.894531
-0.925781
-0.925781
-0.917969
-0.878906
-0.871094
-0.863281
-0.839844
-0.832031
-0.808594
-0.769531
-0.785156
-0.832031
-0.832031
-0.863281
-0.847656
-0.824219
-0.839844
-0.878906
-0.863281
-0.839844
-0.863281
-0.824219
-0.855469
-0.902344
-0.910156
-0.925781
-0.902344
-0.894531
-0.878906
-0.886719
-0.878906
-0.847656
-0.863281
-0.902344
-0.972656
-0.988281
-0.910156
-0.847656
-0.910156
-0.949219
-0.925781
-0.933594
-0.941406
-0.910156
-0.902344
-0.933594
-0.964844
-0.964844
-0.933594
-0.941406
-0.917969
-0.902344
-0.933594
-0.964844
-0.949219
-0.949219
-0.941406
-0.941406
-0.933594
-0.917969
-0.949219
-0.949219
-0.972656
-0.980469
-0.964844
-0.949219
-0.949219
-0.964844
0.964813
0.980438
0.988251
-0.996094
0.988251
0.980438
0.964813
0.996063
0.972626
0.957001
0.949188
0.933563
0.949188
0.933563
0.941376
0.949188
0.949188
0.964813
0.910126
0.917938
0.933563
0.902313
0.941376
0.980438
0.972626
0.964813
0.925751
0.941376
0.972626
0.980438
0.957001
0.925751
0.949188
0.988251
0.949188
0.964813
0.964813
0.957001
0.972626
0.957001
0.972626
0.972626
0.972626
0.964813
0.933563
0.988251
-0.996094
0.988251
0.972626
0.980438
0.964813
0.972626
0.964813
0.964813
0.996063
0.996063
0.949188
0.949188
0.957001
0.964813
0.988251
0.988251
0.996063
0.980438
0.988251
0.957001
0.980438
0.988251
0.957001
0.972626
0.996063
-0.996094
0.972626
0.972626
-0.988281
0.972626
0.980438
0.980438
-0.996094
0.980438
-0.941406
-0.941406
-0.933594
-0.949219
-0.996094
-0.972656
-0.964844
-0.972656
-0.964844
-0.949219
-0.941406
-0.988281
-0.996094
-0.996094
0.972626
0.941376
0.980438
-0.917969
0.847626
0.941376
-0.933594
0.980438
0.941376
-0.964844
-0.980469
0.988251
-0.996094
-0.996094
-0.996094
-0.988281
-0.980469
-0.988281
-0.957031
-0.933594
-0.941406
-0.941406
-0.933594
0.957001
-0.917969
-0.972656
0.925751
-0.957031
-0.972656
0.957001
0.988251
-0.972656
-0.988281
0.957001
0.917938
-0.996094
-0.878906
-0.902344
-0.972656
-0.964844
-0.925781
-0.996094
-0.996094
-0.980469
-0.933594
-0.941406
-0.941406
-0.964844
-0.996094
0.980438
0.957001
-0.996094
0.996063
0.957001
0.980438
0.980438
0.972626
0.980438
-0.996094
0.988251
-0.894531
0.996063
-0.980469
-0.964844
-0.972656
0.996063
-0.996094
-0.964844
-0.988281
0.980438
-0.996094
-0.996094
-0.996094
-0.996094
-0.996094
-0.980469
-0.996094
-0.980469
-0.964844
-0.988281
0.996063
0.996063
0.980438
0.957001
0.957001
0.972626
-0.996094
-0.988281
-0.996094
-0.980469
-0.964844
-0.972656
-0.988281
-0.964844
-0.988281
-0.988281
-0.980469
0.996063
0.988251
0.996063
0.996063
-0.996094
0.996063
-0.996094
0.996063
0.996063
0.988251
0.957001
-0.996094
0.980438
0.988251
0.972626
0.972626
0.941376
0.980438
0.972626
0.964813
0.996063
0.957001
0.933563
0.925751
0.941376
0.957001
0.964813
0.933563
0.917938
0.941376
0.933563
0.980438
0.980438
-0.996094
0.980438
0.894501
0.863251
-0.964844
-0.894531
0.933563
0.785126
0.949188
0.980438
0.886688
-0.847656
-0.378906
-0.863281
0.0429382
0.277313
-0.253906
-0.183594
0.441376
0.261688
-0.636719
-0.308594
-0.902344
0.589813
0.488251
0.769501
-0.667969
-0.503906
-0.964844
0.691376
0.832001
-0.917969
-0.949219
0.902313
0.972626
-0.878906
0.980438
0.832001
-0.871094
-0.636719
0.871063
0.589813
-0.777344
-0.441406
0.785126
0.230438
0.988251
-0.0820312
-0.496094
0.605438
0.410126
0.847626
-0.855469
-0.808594
-0.746094
-0.605469
-0.964844
0.394501
0.417938
-0.777344
-0.339844
-0.691406
0.988251
0.964813
0.714813
0.519501
-0.972656
-0.355469
-0.535156
0.847626
0.550751
0.652313
-0.972656
-0.574219
-0.722656
0.839813
0.761688
-0.996094
-0.785156
-0.941406
0.746063
0.761688
-0.871094
-0.675781
-0.964844
0.667938
0.574188
0.972626
-0.582031
-0.699219
0.675751
0.605438
-0.972656
-0.902344
0.925751
-0.933594
-0.800781
0.910126
0.730438
0.917938
-0.933594
-0.902344
-0.894531
0.980438
0.792938
0.949188
-0.777344
-0.925781
0.652313
0.808563
-0.441406
-0.441406
0.574188
0.222626
-0.988281
-0.332031
-0.488281
0.855438
0.300751
0.449188
-0.707031
-0.347656
-0.808594
0.871063
0.980438
-0.957031
0.839813
0.855438
-0.753906
-0.574219
-0.871094
0.988251
-0.980469
0.785126
0.652313
-0.964844
-0.378906
-0.441406
0.730438
0.160126
0.714813
-0.402344
-0.457031
0.925751
0.667938
0.886688
-0.839844
-0.730469
-0.910156
0.902313
0.957001
-0.988281
-0.957031
-0.949219
-0.886719
0.917938
0.855438
-0.730469
-0.550781
0.871063
0.332001
0.808563
-0.371094
-0.199219
0.988251
0.0507507
0.332001
-0.371094
0.0117188
0.964813
0.417938
0.917938
-0.800781
0.957001
0.917938
-0.855469
-0.761719
-0.996094
0.621063
0.683563
-0.605469
-0.371094
0.847626
0.160126
0.738251
-0.347656
-0.488281
0.761688
0.511688
0.792938
-0.855469
-0.832031
0.832001
0.777313
-0.753906
-0.605469
0.847626
0.277313
0.636688
-0.519531
-0.433594
0.808563
0.441376
0.878876
-0.832031
0.988251
0.871063
0.972626
-0.957031
-0.894531
0.894501
0.488251
0.644501
-0.597656
-0.503906
0.816376
0.371063
0.792938
-0.714844
-0.925781
0.746063
0.902313
-0.652344
-0.800781
0.613251
0.566376
-0.996094
-0.792969
-0.878906
-0.878906
0.957001
0.621063
0.707001
-0.746094
-0.621094
0.941376
0.777313
-0.824219
-0.761719
0.613251
0.496063
-0.660156
-0.199219
-0.878906
0.480438
0.722626
-0.917969
-0.910156
-0.816406
-0.613281
-0.933594
0.613251
0.753876
-0.644531
-0.550781
-0.980469
0.832001
-0.910156
-0.824219
0.933563
0.800751
-0.949219
-0.621094
-0.644531
-0.964844
0.722626
0.777313
-0.878906
-0.519531
-0.597656
0.863251
0.621063
-0.933594
-0.527344
-0.777344
0.902313
0.964813
-0.902344
0.941376
0.792938
-0.808594
-0.238281
-0.644531
0.292938
0.214813
-0.738281
-0.0976562
-0.480469
0.753876
0.402313
0.847626
-0.652344
-0.902344
0.769501
-0.660156
-0.316406
0.777313
0.00387573
0.644501
-0.324219
-0.269531
-0.839844
0.542938
0.285126
0.707001
-0.425781
-0.246094
0.855438
0.136688
0.667938
-0.316406
-0.433594
0.605438
0.285126
-0.972656
-0.410156
-0.808594
0.496063
0.636688
-0.660156
-0.644531
0.675751
0.628876
-0.800781
-0.832031
0.777313
0.925751
-0.738281
0.957001
0.496063
0.753876
-0.550781
-0.488281
0.628876
-0.0508118
0.746063
-0.0976562
-0.277344
0.730438
0.277313
0.441376
-0.871094
-0.0195312
-0.214844
0.582001
-0.0898743
0.472626
-0.628906
0.00390625
-0.113281
0.621063
-0.480499
0.261688
-0.0351562
0.277344
-0.855469
0.394501
0.441376
0.589813
0.964813
-0.128906
0.136719
0.964813
-0.128937
0.316376
-0.480469
-0.0742188
-0.644531
0.660126
0.558563
-0.910156
-0.621094
0.996063
0.675751
-0.980469
-0.621094
-0.800781
0.832001
0.902313
-0.839844
-0.941406
0.816376
0.972626
-0.699219
-0.839844
0.941376
-0.886719
-0.980469
0.691376
0.957001
-0.605469
-0.816406
0.699188
0.808563
-0.628906
-0.691406
0.691376
0.574188
-0.667969
-0.363281
0.761688
0.222626
-0.933594
-0.113281
-0.738281
0.386688
0.652313
-0.738281
0.933563
0.699188
-0.488281
-0.441406
0.496063
0.417938
-0.667969
-0.691406
0.621063
0.800751
-0.683594
-0.886719
0.730438
0.980438
-0.761719
0.886688
0.402313
0.753876
-0.300781
-0.128906
0.589813
-0.433624
0.644501
0.285156
-0.0195312
0.394501
-0.0820618
0.855438
-0.347656
-0.496094
0.878876
0.582001
0.925751
-0.769531
-0.894531
0.699188
-0.902344
-0.457031
0.933563
0.378876
0.933563
-0.441406
-0.660156
0.941376
0.863251
0.832001
0.824188
-0.816406
-0.464844
-0.722656
0.644501
0.378876
0.972626
-0.246094
-0.324219
0.863251
0.464813
0.683563
-0.941406
-0.675781
-0.652344
-0.839844
-0.886719
0.949188
0.417938
0.496063
-0.589844
-0.175781
-0.636719
0.769501
0.722626
0.605438
0.730438
-0.660156
0.175781
-0.363281
-0.0664368
-0.308624
-0.417969
0.519531
-0.816406
0.238251
0.769501
-0.730469
-0.871094
-0.925781
-0.941406
-0.964844
-0.785156
-0.949219
0.503876
0.714813
-0.371094
-0.425781
0.589813
0.425751
-0.847656
-0.550781
-0.941406
0.792938
0.707001
0.832001
-0.683594
-0.324219
-0.917969
0.167938
0.355438
-0.503906
-0.105469
0.972626
0.175751
0.722626
-0.457031
-0.691406
0.707001
0.707001
0.957001
-0.808594
-0.855469
0.910126
0.652313
0.691376
-0.785156
-0.214844
-0.753906
0.0585632
0.183563
-0.410156
-0.105469
0.644501
0.277313
-0.691406
-0.222656
-0.988281
0.136688
0.238251
-0.332031
0.199219
0.996063
0.136688
0.574188
0.925751
-0.910156
-0.394531
-0.339844
0.621063
0.0898132
0.816376
-0.519531
-0.441406
-0.558594
-0.957031
0.402313
0.472626
-0.722656
-0.332031
-0.964844
0.957001
-0.816406
0.730438
0.371063
0.894501
-0.316406
-0.324219
0.886688
0.441376
0.636688
0.941376
-0.621094
-0.167969
-0.699219
0.316376
0.488251
-0.574219
-0.511719
0.871063
0.832001
-0.667969
-0.730469
0.714813
0.722626
-0.871094
-0.644531
-0.699219
0.941376
0.589813
0.941376
-0.402344
-0.597656
0.550751
0.480438
-0.675781
-0.222656
-0.839844
0.488251
0.667938
-0.753906
-0.871094
0.824188
-0.667969
-0.269531
0.839813
-0.0351868
0.589813
-0.230469
-0.0976562
-0.996094
0.371063
0.480438
-0.980469
-0.464844
-0.464844
0.863251
0.433563
0.886688
-0.550781
-0.785156
0.707001
0.792938
-0.972656
-0.925781
-0.667969
-0.792969
0.511688
0.425751
-0.808594
-0.292969
-0.605469
0.777313
0.332001
0.464813
-0.558594
0.0117188
-0.902344
0.128876
0.621063
-0.574219
-0.636719
0.894501
0.933563
-0.761719
-0.902344
0.714813
0.628876
0.910126
-0.527344
-0.355469
0.792938
0.0351257
0.753876
-0.238281
-0.628906
0.613251
0.996063
-0.558594
0.792938
0.308563
0.917938
-0.425781
-0.417969
0.964813
0.503876
0.769501
-0.878906
-0.957031
-0.957031
-0.582031
-0.707031
0.652313
0.511688
0.878876
-0.613281
-0.386719
-0.808594
0.574188
0.535126
-0.980469
-0.683594
-0.785156
-0.964844
0.988251
-0.925781
0.988251
0.683563
0.808563
-0.519531
-0.308594
0.988251
0.425751
0.652313
-0.777344
-0.613281
-0.769531
0.996063
0.847626
0.746063
-0.941406
-0.300781
-0.582031
0.261688
0.332001
-0.316406
-0.183594
0.714813
0.582001
-0.707031
-0.605469
0.847626
0.675751
-0.996094
-0.597656
-0.699219
0.738251
0.574188
-0.855469
-0.457031
0.980438
0.542938
-0.886719
-0.722656
0.738251
0.949188
-0.488281
-0.957031
0.316376
0.769501
-0.425781
-0.589844
0.699188
0.316376
0.808563
-0.355469
-0.386719
0.746063
0.238251
0.574188
-0.488281
-0.136719
0.808563
0.191376
-0.949219
-0.433594
-0.972656
0.808563
0.871063
0.753876
-0.917969
-0.441406
-0.902344
0.253876
0.441376
-0.636719
-0.261719
-0.792969
0.488251
0.402313
0.878876
-0.589844
-0.535156
0.894501
0.410126
0.925751
-0.339844
-0.675781
0.566376
0.714813
-0.777344
-0.722656
-0.613281
-0.699219
0.464813
0.113251
-0.613281
0.402344
-0.839844
-0.402374
0.324188
0.277344
0.207031
0.410126
-0.238312
-0.980469
0.136719
-0.449219
0.488251
0.339813
-0.886719
-0.253906
-0.582031
0.683563
0.488251
0.910126
-0.597656
-0.433594
-0.839844
0.597626
0.582001
-0.855469
-0.496094
-0.667969
0.957001
0.792938
0.878876
-0.972656
-0.824219
-0.722656
-0.917969
0.839813
0.894501
-0.988281
-0.957031
-0.769531
-0.683594
0.949188
0.597626
0.722626
-0.855469
-0.480469
-0.566406
0.917938
0.511688
0.652313
-0.910156
-0.558594
-0.542969
-0.964844
0.566376
0.628876
-0.753906
-0.566406
-0.980469
0.839813
-0.917969
0.964813
0.597626
0.933563
-0.496094
-0.894531
0.683563
0.988251
-0.925781
0.777313
0.871063
-0.644531
-0.605469
0.746063
0.519501
0.785126
-0.894531
-0.652344
-0.644531
0.667938
0.316376
-0.910156
-0.386719
0.941376
0.417938
0.832001
-0.753906
-0.761719
-0.667969
-0.988281
0.316376
0.542938
-0.566406
-0.535156
0.902313
0.847626
-0.925781
0.917938
0.863251
-0.933594
-0.769531
-0.972656
0.917938
-0.917969
-0.933594
0.777313
0.746063
-0.683594
-0.425781
0.957001
0.496063
0.800751
-0.730469
-0.730469
0.996063
0.933563
-0.855469
-0.816406
0.886688
0.863251
-0.925781
-0.988281
0.957001
-0.738281
-0.613281
0.972626
0.636688
0.785126
-0.808594
-0.457031
-0.714844
0.792938
0.707001
0.957001
-0.667969
-0.605469
0.957001
0.832001
-0.878906
-0.894531
0.847626
-0.855469
-0.574219
0.910126
0.402313
0.957001
-0.394531
-0.636719
0.964813
0.871063
0.824188
0.925751
-0.941406
-0.839844
-0.535156
-0.730469
0.496063
0.277313
0.949188
-0.253906
-0.136719
-0.949219
0.113251
0.308563
-0.863281
-0.519531
-0.558594
-0.597656
0.847626
0.207001
0.535126
-0.566406
-0.511719
-0.996094
-0.996094
0.988251
0.621063
0.792938
-0.683594
-0.621094
0.925751
0.597626
0.777313
-0.730469
-0.621094
0.988251
0.824188
0.917938
0.933563
0.878876
-0.996094
-0.691406
-0.628906
0.925751
0.550751
0.714813
-0.839844
-0.628906
-0.816406
0.675751
0.558563
-0.894531
-0.503906
-0.777344
0.769501
0.597626
-0.871094
-0.347656
-0.824219
0.550751
0.832001
-0.699219
-0.847656
-0.988281
-0.785156
-0.941406
0.730438
0.964813
-0.699219
0.957001
0.792938
-0.824219
-0.722656
0.996063
0.917938
-0.941406
-0.957031
-0.972656
-0.910156
0.996063
0.972626
-0.871094
-0.777344
-0.699219
0.996063
0.355438
0.566376
-0.371094
-0.0429688
-0.917969
0.332001
0.324188
-0.839844
-0.207031
-0.550781
0.714813
0.636688
0.886688
-0.964844
-0.652344
-0.675781
0.777313
0.644501
-0.855469
-0.457031
-0.746094
0.582001
0.378876
-0.902344
-0.277344
-0.636719
0.753876
0.644501
0.894501
0.964813
-0.910156
-0.714844
-0.832031
0.933563
0.785126
0.730438
0.949188
-0.660156
-0.667969
0.855438
0.652313
-0.964844
-0.691406
-0.996094
0.535126
0.832001
-0.746094
-0.628906
-0.964844
0.683563
0.730438
-0.964844
-0.933594
-0.839844
-0.714844
0.988251
0.636688
0.816376
-0.886719
-0.777344
-0.855469
-0.941406
0.847626
0.644501
0.933563
-0.597656
-0.753906
0.730438
0.769501
-0.816406
-0.753906
0.878876
0.714813
-0.917969
-0.605469
-0.886719
0.722626
0.808563
-0.816406
-0.660156
0.925751
0.675751
-0.886719
-0.574219
0.996063
0.691376
-0.988281
-0.628906
-0.824219
0.832001
0.691376
0.996063
-0.613281
-0.808594
0.746063
0.847626
-0.691406
-0.675781
0.871063
0.636688
0.957001
-0.714844
-0.894531
0.972626
-0.957031
0.886688
0.917938
-0.652344
-0.660156
0.714813
0.566376
-0.886719
-0.425781
-0.652344
0.847626
0.621063
0.824188
-0.714844
-0.652344
0.941376
0.714813
-0.980469
-0.746094
-0.886719
-0.972656
-0.886719
0.933563
0.777313
0.964813
-0.691406
-0.652344
0.800751
0.386688
0.832001
-0.542969
-0.628906
-0.972656
-0.847656
-0.863281
0.191376
-0.542999
-0.644531
-0.503845
-0.11322
-0.855499
0.105347
-0.38678
-0.199158
-0.14444
0.628906
0.371033
0.214783
-0.566437
0.511688
-0.222656
0.628906
-0.0742188
0.433563
-0.371124
0.0820007
-0.910156
-0.175781
-0.246094
-0.941406
0.496063
0.355438
0.652313
-0.964844
-0.753906
-0.769531
-0.964844
0.777313
0.714813
0.910126
-0.839844
-0.785156
-0.949219
0.980438
0.800751
0.417938
0.425751
-0.996094
-0.371094
-0.339844
-0.785156
0.621063
0.285126
0.425751
0.933563
-0.683594
-0.597656
-0.746094
-0.902344
-0.847656
-0.894531
0.628876
0.199188
0.269501
0.714813
-0.496094
0.300781
-0.292938
-0.402313
0.58197
0.238159
-0.457092
0.753967
0.738403
0.480499
0.785065
-0.964935
-0.378967
0.566406
0.0899048
0.285187
-0.558624
-0.582092
-0.871124
-0.589844
0.433594
0.457031
-0.714844
-0.207062
-0.355499
0.628876
-0.714844
-0.652344
-0.707031
-0.917969
0.730438
0.730438
0.933563
0.988251
0.886688
0.894501
-0.996094
-0.925781
0.925751
0.675751
0.675751
0.972626
-0.839844
-0.855469
-0.902344
0.855438
0.621063
0.730438
-0.917969
-0.855469
-0.941406
-0.933594
-0.972656
0.855438
0.832001
-0.871094
-0.542969
-0.707031
0.832001
0.464813
0.519501
0.902313
-0.652344
-0.488281
-0.574219
-0.988281
0.472626
0.222626
0.644501
-0.566406
-0.136719
-0.597656
0.519501
0.261688
0.777313
-0.722656
-0.738281
-0.871094
-0.839844
-0.957031
0.816376
0.691376
0.738251
-0.996094
-0.644531
-0.628906
-0.996094
0.660126
0.722626
-0.996094
-0.660156
-0.621094
-0.980469
0.644501
0.738251
-0.777344
-0.496094
-0.738281
0.863251
0.722626
0.863251
0.964813
0.957001
-0.886719
-0.707031
-0.824219
0.498286
0.499143
0.500001
