-0.980469
-0.988281
-0.996094
0.0195618
0.207245
-0.99585
-0.99585
-0.99585
-0.99585
-0.99585
-0.99585
-0.99585
0.0899963
0.87912
-0.175568
-0.832245
-0.808838
-0.808838
0.128845
-0.99585
-0.99585
0.519531
-0.808838
-0.808838
-0.808838
-0.558716
0.621094
0.886597
-0.50415
-0.808838
-0.808838
-0.207184
-0.324188
0.48056
-0.222595
-0.628937
-0.316528
0.183441
0.370972
-0.23056
-0.652466
0.316223
-0.0197449
-0.386932
0.730286
-0.16806
-0.996094
-0.980438
-0.167969
0.73822
-0.589935
0.339722
-0.488373
-0.26178
-0.714874
0.48822
-0.0664978
0.206909
0.214722
0.644409
-0.54306
0.230377
0.61319
0.58194
0.48819
0.496002
0.542877
0.566315
0.597565
0.683502
-0.98053
-0.363342
0.589783
0.167938
0.386719
-0.42572
-0.410034
-0.308411
0.69162
-0.99585
-0.99585
-0.99585
-0.706818
-0.574066
-0.89444
0.925781
-0.660187
0.51944
0.542847
-0.441528
-0.0743408
0.831909
0.199127
0.105408
-0.0742493
-0.621094
0.417969
-0.910126
-0.777313
0.574219
-0.980469
0.98822
-0.691467
0.80069
-0.222717
-0.425812
-0.839844
-0.378906
0.941376
0.0273132
-0.324249
0.160126
-0.925781
-0.167969
-0.113281
-0.871094
0.0429382
-0.722687
-0.847687
-0.480499
-0.0664368
0.0820007
0.0663757
-0.0273743
-0.0351868
0.113251
0.347626
0.644501
0.878876
-0.847656
-0.652344
-0.636719
-0.761719
0.949188
0.480438
-0.0117493
-0.589874
-0.996124
0.871033
0.910095
0.89447
0.70697
0.347595
-0.0352173
-0.214905
-0.0820923
0.316345
0.871033
-0.597687
-0.0429993
0.496063
-0.925781
-0.332031
0.238281
0.707031
0.996094
-0.917938
-0.996063
0.785156
0.535156
0.246094
-0.0273438
-0.332031
-0.574219
-0.832031
0.996063
0.933563
-0.925781
-0.605469
-0.230469
0.207031
0.535156
0.667969
0.636719
0.496094
0.417969
0.394531
0.464844
0.496094
0.558594
0.636719
0.683594
0.792969
0.847656
0.816406
0.824219
0.800781
0.761719
0.699219
0.566406
0.378906
0.191406
0.00390625
-0.144531
-0.214844
-0.214844
-0.121094
0.00390625
0.175781
0.363281
0.574219
0.792969
0.949219
-0.949188
-0.988251
0.863281
0.644531
0.316406
0.0351562
-0.207031
-0.339844
-0.417969
-0.386719
-0.441406
-0.480469
-0.449219
-0.503906
-0.621094
-0.753906
-0.894531
-0.988281
0.917938
0.855438
0.800751
0.816376
0.933563
-0.917969
-0.792969
-0.621094
-0.558594
-0.589844
-0.628906
-0.722656
-0.871094
-0.964844
0.925751
0.808563
0.675751
0.667938
0.613251
0.589813
0.566376
0.566376
0.621063
0.714813
0.769501
0.855438
0.910126
0.980438
-0.972656
-0.964844
-0.964844
0.980438
-0.980469
-0.996094
-0.980469
-0.964844
-0.964844
-0.949219
-0.910156
-0.933594
-0.964844
-0.863281
-0.746094
-0.722656
-0.839844
-0.808594
-0.777344
-0.746094
-0.714844
-0.667969
-0.613281
-0.542969
-0.425781
-0.324219
-0.238281
-0.167969
-0.113281
-0.0742188
-0.0273438
-0.0429688
0.00390625
0.0507812
0.0742188
0.0429688
0.0351562
0.0429688
0.0351562
0.0351562
0.0820312
0.0742188
0.105469
0.0820312
0.0820312
0.0898438
0.113281
0.105469
0.121094
0.128906
0.105469
0.0820312
0.0664062
0.0898438
0.0898438
0.0742188
0.0429688
-0.0273438
-0.0273438
-0.0742188
-0.0976562
-0.136719
-0.238281
-0.277344
-0.347656
-0.472656
-0.550781
-0.621094
-0.667969
-0.675781
-0.683594
-0.667969
-0.667969
-0.652344
-0.675781
-0.714844
-0.769531
-0.769531
-0.769531
-0.777344
-0.777344
-0.824219
-0.839844
-0.839844
-0.863281
-0.878906
-0.902344
-0.949219
0.988251
0.964813
0.917938
0.886688
0.855438
0.855438
0.871063
0.863251
0.863251
0.832001
0.832001
0.824188
0.800751
0.785126
0.785126
0.808563
0.808563
0.808563
0.761688
0.800751
0.832001
0.824188
0.863251
0.878876
0.902313
0.886688
0.917938
0.949188
0.980438
-0.996094
-0.964844
-0.957031
-0.957031
-0.949219
-0.949219
-0.933594
-0.933594
-0.933594
-0.933594
-0.949219
-0.957031
-0.972656
-0.933594
-0.894531
-0.863281
-0.855469
-0.894531
-0.902344
-0.886719
-0.871094
-0.894531
-0.878906
-0.886719
-0.878906
-0.863281
-0.855469
-0.878906
-0.863281
-0.871094
-0.839844
-0.832031
-0.824219
-0.824219
-0.824219
-0.816406
-0.753906
-0.777344
-0.746094
-0.761719
-0.792969
-0.792969
-0.839844
-0.769531
-0.738281
-0.871094
-0.792969
-0.746094
-0.800781
-0.792969
-0.777344
-0.746094
-0.777344
-0.777344
-0.792969
-0.808594
-0.855469
-0.832031
-0.832031
-0.839844
-0.855469
-0.855469
-0.878906
-0.878906
-0.910156
-0.894531
-0.917969
-0.925781
-0.933594
-0.878906
-0.847656
-0.824219
-0.871094
-0.871094
-0.863281
-0.871094
-0.847656
-0.839844
-0.878906
-0.832031
-0.972656
-0.894531
-0.761719
-0.886719
-0.917969
-0.839844
-0.871094
-0.902344
-0.878906
-0.878906
-0.871094
-0.886719
-0.894531
-0.886719
-0.871094
-0.855469
-0.863281
-0.886719
-0.871094
-0.871094
-0.878906
-0.902344
-0.894531
-0.941406
-0.949219
-0.925781
-0.925781
-0.957031
-0.949219
-0.988281
0.917938
0.925751
-0.910156
-0.886719
-0.972656
-0.941406
-0.894531
-0.949219
-0.949219
-0.925781
-0.933594
-0.902344
-0.878906
-0.894531
-0.910156
-0.964844
-0.972656
-0.949219
-0.957031
-0.988281
-0.980469
-0.941406
-0.933594
-0.957031
-0.933594
-0.894531
-0.917969
-0.933594
-0.949219
-0.933594
-0.957031
-0.980469
-0.996094
-0.988281
-0.980469
-0.980469
0.996063
0.988251
0.972626
0.949188
0.941376
0.964813
0.949188
0.964813
0.957001
0.964813
0.964813
0.964813
0.957001
0.902313
0.925751
0.894501
0.910126
0.933563
0.941376
0.941376
0.949188
0.964813
0.964813
0.980438
0.972626
0.996063
0.933563
-0.964844
-0.980469
0.988251
0.949188
0.988251
0.957001
0.957001
0.996063
0.988251
0.972626
0.957001
-0.996094
0.996063
-0.996094
-0.996094
0.972626
0.957001
0.917938
0.972626
0.980438
0.964813
0.917938
0.902313
0.964813
0.941376
0.980438
-0.988281
-0.996094
0.972626
0.980438
-0.996094
-0.988281
0.964813
0.925751
0.941376
0.957001
0.964813
0.996063
-0.949219
-0.964844
-0.996094
0.964813
0.980438
-0.996094
0.996063
-0.988281
-0.988281
-0.988281
0.980438
-0.996094
0.964813
0.957001
-0.988281
0.996063
0.996063
-0.964844
-0.996094
0.972626
0.972626
0.980438
0.941376
0.949188
0.949188
0.972626
0.972626
0.980438
-0.972656
-0.988281
-0.972656
-0.980469
-0.933594
-0.996094
-0.996094
-0.996094
-0.972656
-0.964844
-0.941406
-0.988281
-0.996094
-0.980469
-0.972656
-0.996094
-0.996094
-0.996094
-0.972656
-0.980469
-0.980469
-0.988281
0.996063
-0.988281
0.988251
0.988251
-0.972656
-0.964844
-0.996094
-0.988281
-0.988281
-0.988281
-0.988281
-0.996094
-0.996094
-0.988281
-0.972656
-0.941406
-0.949219
-0.957031
-0.972656
-0.964844
-0.949219
-0.996094
-0.980469
-0.957031
-0.980469
-0.996094
-0.996094
-0.980469
-0.972656
-0.972656
-0.980469
-0.996094
-0.949219
-0.949219
-0.996094
-0.964844
-0.988281
-0.980469
-0.949219
-0.988281
0.972626
-0.980469
0.996063
-0.996094
0.980438
0.980438
0.988251
-0.996094
0.996063
-0.996094
0.980438
-0.980469
-0.996094
-0.996094
-0.996094
-0.996094
0.996063
-0.988281
0.996063
-0.980469
0.988251
0.996063
-0.996094
0.996063
0.933563
0.910126
0.980438
-0.988281
-0.949219
-0.941406
0.949188
0.972626
-0.777344
-0.722656
-0.988281
0.605438
0.355438
0.691376
-0.246094
0.292969
-0.675781
0.0116882
-0.0898743
0.808563
-0.636719
-0.785156
-0.816406
-0.738281
0.949188
0.574188
0.683563
-0.996094
-0.996094
-0.996094
-0.746094
-0.785156
0.761688
0.519501
0.855438
-0.863281
-0.949219
0.933563
-0.972656
-0.886719
-0.972656
0.847626
0.707001
0.863251
-0.808594
-0.824219
0.847626
0.816376
0.996063
0.941376
0.871063
-0.917969
-0.855469
0.808563
0.691376
-0.933594
-0.636719
-0.871094
0.792938
0.886688
-0.949219
0.847626
0.683563
-0.941406
-0.511719
-0.769531
0.613251
0.574188
-0.933594
-0.730469
0.941376
0.863251
-0.675781
-0.730469
0.519501
0.480438
-0.691406
-0.394531
-0.824219
0.753876
0.621063
0.761688
-0.832031
-0.503906
-0.847656
0.605438
0.730438
-0.707031
-0.621094
0.917938
0.636688
0.917938
-0.589844
-0.660156
0.753876
0.621063
-0.894531
-0.691406
0.925751
0.839813
-0.816406
-0.792969
0.808563
0.699188
-0.886719
-0.699219
-0.941406
0.824188
-0.988281
-0.699219
0.988251
0.527313
0.761688
-0.597656
-0.652344
0.878876
0.808563
-0.941406
0.910126
0.644501
-0.980469
-0.355469
-0.722656
0.386688
0.425751
-0.730469
-0.433594
-0.910156
0.660126
0.667938
0.972626
-0.777344
-0.753906
-0.902344
0.972626
0.652313
0.566376
-0.847656
-0.324219
-0.816406
0.472626
0.511688
-0.910156
-0.636719
-0.863281
0.792938
0.847626
-0.917969
-0.964844
0.808563
-0.964844
-0.691406
0.964813
0.722626
-0.894531
-0.730469
0.824188
0.691376
-0.839844
-0.542969
-0.871094
0.769501
0.832001
-0.949219
-0.996094
0.925751
-0.847656
-0.597656
-0.910156
0.707001
0.730438
-0.910156
-0.707031
-0.832031
0.972626
0.878876
-0.996094
-0.894531
-0.847656
-0.941406
0.855438
0.847626
-0.785156
-0.503906
-0.980469
0.449188
0.769501
-0.550781
-0.464844
0.957001
0.605438
0.816376
-0.847656
-0.832031
-0.980469
-0.988281
-0.886719
-0.996094
0.691376
0.753876
-0.824219
-0.582031
-0.761719
0.863251
0.683563
0.839813
-0.933594
-0.917969
-0.746094
-0.644531
0.878876
0.355438
0.910126
-0.292969
-0.660156
0.425751
0.503876
-0.519531
-0.324219
0.738251
0.394501
-0.949219
-0.417969
-0.652344
0.902313
0.785126
-0.964844
-0.886719
0.863251
0.785126
-0.894531
-0.441406
-0.574219
0.386688
-0.292999
0.753876
0.246094
-0.0898438
0.519501
0.0976257
0.480438
0.847626
-0.683594
-0.199219
-0.746094
0.183563
0.246063
-0.636719
-0.378906
0.574188
0.324188
-0.613281
-0.113281
0.777313
-0.175812
0.457001
-0.347656
-0.214844
-0.957031
0.449188
0.519501
0.839813
-0.863281
-0.824219
-0.917969
-0.878906
-0.871094
0.777313
0.386688
0.628876
-0.746094
-0.277344
-0.582031
0.621063
0.183563
0.675751
-0.597656
-0.363281
-0.808594
0.730438
0.675751
0.863251
-0.917969
-0.730469
-0.847656
0.738251
0.847626
-0.472656
-0.527344
0.535126
0.136688
-0.949219
0.0742188
-0.253906
0.503876
0.0351257
0.972626
-0.269531
-0.566406
0.707001
0.746063
-0.441406
-0.355469
0.550751
0.0976257
-0.886719
-0.121094
-0.605469
0.910126
-0.941406
-0.988281
0.636688
0.800751
-0.433594
-0.394531
0.847626
0.722626
-0.707031
-0.878906
0.519501
-0.996094
-0.0273438
-0.433594
0.222626
0.0820007
-0.699219
-0.0507812
-0.683594
0.691376
0.738251
-0.964844
-0.996094
0.925751
-0.800781
-0.644531
0.792938
0.730438
-0.878906
-0.691406
0.988251
0.722626
0.957001
-0.691406
0.957001
0.410126
0.933563
-0.136719
-0.527344
0.238251
0.0976257
-0.753906
-0.238281
-0.925781
0.425751
0.738251
-0.488281
-0.652344
0.332001
0.0820007
-0.753906
0.277344
-0.378906
0.0116882
-0.457062
0.769501
0.136719
0.230469
-0.996094
-0.0586243
0.0820007
0.925751
-0.402344
-0.300781
-0.714844
0.589813
0.222626
0.714813
-0.691406
-0.589844
-0.628906
0.964813
0.550751
0.722626
0.863251
-0.933594
-0.488281
-0.605469
0.628876
0.410126
-0.800781
-0.238281
-0.894531
0.355438
0.652313
-0.496094
-0.316406
0.699188
0.152313
-0.902344
0.0273438
-0.527344
0.433563
0.183563
0.917938
-0.105469
-0.175781
0.535126
-0.00393677
-0.792969
0.0351562
0.972626
0.246063
-0.761719
-0.136719
0.808563
0.136688
0.949188
-0.199219
-0.535156
0.550751
0.496063
-0.722656
-0.324219
-0.941406
0.386688
0.730438
-0.480469
-0.566406
0.550751
0.488251
-0.550781
-0.339844
0.613251
0.0820007
-0.925781
0.0429688
-0.613281
0.332001
0.613251
-0.542969
-0.644531
0.652313
0.675751
-0.550781
-0.300781
0.824188
0.0898132
0.519501
-0.457031
-0.0976562
-0.800781
0.238251
0.175751
-0.941406
-0.277344
-0.644531
0.808563
0.605438
0.667938
0.941376
-0.511719
-0.441406
0.839813
0.222626
0.582001
-0.535156
-0.410156
-0.886719
0.675751
0.738251
-0.863281
-0.699219
0.972626
0.652313
0.972626
-0.722656
-0.871094
0.941376
-0.964844
0.878876
0.535126
0.917938
-0.152344
-0.308594
0.332001
-0.136749
-0.972656
-0.0195312
-0.402344
0.699188
0.417938
0.738251
-0.652344
-0.472656
-0.949219
0.683563
0.964813
-0.644531
-0.824219
0.800751
0.714813
0.816376
-0.832031
-0.160156
-0.496094
0.191376
0.0273132
-0.792969
0.0507812
-0.199219
0.394501
0.269501
0.917938
0.136719
-0.0976562
-0.996094
-0.917969
-0.339844
-0.699219
0.691376
0.832001
-0.996094
0.832001
0.972626
-0.511719
-0.472656
0.824188
0.457001
0.808563
-0.886719
-0.683594
-0.449219
-0.847656
0.371063
0.417938
-0.753906
-0.449219
-0.675781
-0.964844
0.457001
0.378876
-0.574219
0.0898438
0.855438
-0.285187
0.878876
0.261719
-0.503906
0.0976257
0.292938
-0.730469
-0.496094
-0.871094
0.824188
0.675751
0.785126
-0.800781
-0.636719
0.855438
0.386688
0.863251
-0.355469
-0.433594
0.503876
0.00387573
0.855438
-0.0898438
-0.363281
0.378876
-0.0664368
-0.996094
-0.00390625
-0.597656
0.285126
0.300751
-0.980469
-0.605469
-0.691406
-0.972656
0.738251
0.808563
0.980438
0.792938
0.667938
-0.675781
-0.113281
-0.839844
0.0273132
-0.0508118
-0.933594
0.152344
0.0820312
0.753876
-0.410187
0.339813
-0.0585938
-0.292969
0.535126
0.777313
-0.660156
0.957001
0.730438
-0.839844
-0.894531
0.574188
0.886688
-0.199219
-0.355469
0.371063
-0.0273743
-0.800781
0.0195312
-0.917969
0.425751
-0.839844
-0.472656
0.597626
0.199188
-0.699219
0.183594
-0.582031
0.214813
0.230438
-0.863281
-0.285156
-0.457031
-0.988281
0.667938
0.652313
-0.863281
-0.433594
-0.902344
0.496063
0.792938
-0.503906
-0.621094
0.660126
0.574188
-0.730469
-0.488281
0.941376
0.480438
0.847626
-0.457031
-0.425781
0.816376
0.0898132
0.574188
-0.316406
-0.199219
0.925751
0.449188
0.761688
-0.792969
-0.714844
-0.691406
-0.792969
0.871063
0.636688
0.910126
-0.660156
-0.613281
0.894501
0.730438
-0.832031
-0.832031
0.433563
0.582001
-0.449219
-0.472656
0.761688
0.808563
-0.824219
0.886688
0.761688
-0.910156
-0.792969
-0.730469
-0.667969
0.964813
0.394501
0.582001
-0.535156
-0.347656
-0.988281
0.613251
0.777313
-0.949219
-0.847656
-0.785156
-0.988281
0.769501
-0.996094
-0.628906
0.957001
0.613251
-0.839844
-0.558594
0.839813
0.730438
-0.808594
-0.917969
0.925751
-0.871094
-0.988281
0.816376
-0.964844
-0.761719
-0.816406
-0.777344
-0.941406
0.574188
0.488251
-0.761719
-0.160156
-0.550781
0.628876
0.488251
-0.996094
-0.863281
0.878876
-0.582031
0.0273438
-0.964844
-0.128937
0.503876
-0.339844
-0.230469
-0.714844
0.824188
0.613251
0.847626
-0.996094
0.941376
-0.699219
-0.347656
-0.871094
0.300751
0.347626
-0.777344
-0.160156
-0.613281
0.652313
0.628876
-0.996094
-0.996094
0.972626
-0.691406
-0.550781
0.980438
0.457001
0.605438
-0.667969
-0.394531
0.964813
0.558563
-0.941406
-0.589844
-0.972656
0.800751
0.925751
0.824188
0.902313
-0.644531
-0.410156
-0.957031
0.316376
0.410126
-0.691406
-0.222656
-0.917969
0.394501
0.785126
-0.519531
-0.699219
0.464813
0.449188
-0.464844
-0.246094
0.746063
0.417938
-0.886719
-0.738281
0.730438
0.933563
-0.519531
-0.808594
0.597626
0.714813
-0.824219
-0.792969
0.855438
0.878876
-0.667969
-0.855469
0.597626
0.871063
-0.597656
-0.910156
0.824188
0.988251
-0.878906
-0.839844
-0.964844
0.667938
0.871063
-0.457031
-0.566406
0.410126
0.214813
-0.550781
0.207031
-0.871094
-0.00393677
0.597626
-0.230469
-0.535156
0.605438
0.847626
-0.464844
-0.839844
0.363251
0.582001
-0.386719
-0.0585938
-0.949219
0.246063
0.566376
-0.628906
-0.433594
-0.839844
0.832001
0.910126
-0.964844
0.980438
-0.917969
-0.582031
-0.761719
0.574188
0.597626
-0.730469
-0.347656
-0.714844
0.621063
0.425751
-0.871094
-0.550781
-0.574219
-0.722656
0.910126
0.378876
0.542938
-0.535156
-0.00390625
-0.714844
0.339813
0.355438
-0.855469
-0.277344
-0.683594
0.542938
0.441376
-0.886719
-0.597656
-0.996094
0.753876
0.925751
-0.683594
-0.457031
-0.949219
0.394501
0.605438
-0.667969
-0.292969
-0.621094
0.691376
0.496063
0.878876
-0.675781
-0.792969
0.808563
0.769501
-0.753906
-0.683594
0.777313
0.480438
0.933563
-0.503906
-0.769531
0.714813
0.808563
-0.996094
0.910126
-0.941406
-0.566406
-0.964844
0.269501
0.589813
-0.277344
-0.0976562
0.824188
0.0663757
0.597626
-0.339844
-0.261719
0.777313
0.402313
0.996063
-0.730469
-0.863281
-0.800781
-0.941406
0.574188
0.675751
-0.574219
-0.433594
0.816376
0.574188
-0.894531
-0.753906
0.902313
0.777313
-0.996094
-0.699219
-0.636719
-0.957031
0.605438
0.714813
-0.761719
-0.425781
-0.902344
0.574188
0.925751
-0.472656
-0.769531
0.558563
0.691376
-0.652344
-0.316406
-0.808594
0.449188
0.441376
-0.652344
-0.0507812
-0.792969
0.441376
0.761688
-0.714844
-0.964844
0.792938
-0.761719
-0.339844
-0.964844
0.238251
0.558563
-0.582031
-0.441406
-0.824219
0.839813
0.699188
0.824188
-0.730469
-0.597656
0.785126
0.480438
-0.777344
-0.199219
-0.785156
0.363251
0.425751
-0.855469
-0.285156
-0.574219
0.707001
0.519501
-0.941406
-0.691406
0.902313
0.792938
-0.769531
-0.738281
0.980438
0.925751
0.808563
0.714813
-0.878906
-0.355469
-0.730469
0.503876
0.433563
-0.988281
-0.441406
-0.496094
0.792938
0.230438
0.785126
-0.371094
-0.644531
0.589813
0.738251
-0.808594
-0.878906
0.949188
-0.925781
-0.964844
0.730438
0.878876
-0.746094
-0.785156
0.972626
0.816376
0.800751
0.988251
-0.636719
-0.527344
0.925751
0.363251
0.785126
-0.394531
-0.347656
0.917938
0.496063
0.832001
-0.863281
-0.800781
-0.628906
-0.683594
0.761688
0.449188
0.980438
-0.488281
-0.691406
-0.988281
0.917938
0.832001
-0.996094
-0.652344
-0.863281
0.753876
-0.980469
-0.503906
-0.855469
0.558563
0.839813
-0.660156
-0.667969
-0.996094
0.746063
0.863251
-0.746094
-0.699219
-0.941406
-0.996094
0.957001
0.863251
-0.816406
-0.621094
0.933563
0.667938
-0.917969
-0.488281
-0.941406
0.503876
0.832001
-0.511719
-0.621094
0.800751
0.660126
0.902313
-0.894531
-0.808594
-0.941406
-0.996094
-0.910156
0.996063
0.832001
0.902313
-0.964844
0.917938
0.832001
-0.753906
-0.355469
-0.902344
0.167938
0.496063
-0.480469
-0.238281
-0.847656
0.777313
0.683563
0.714813
-0.917969
-0.582031
-0.691406
0.753876
0.433563
0.816376
-0.582031
-0.480469
-0.996094
0.597626
0.816376
-0.847656
-0.785156
-0.746094
0.949188
0.566376
0.777313
-0.558594
-0.558594
0.808563
0.699188
-0.910156
-0.777344
-0.988281
-0.980469
-0.847656
-0.933594
0.917938
0.800751
0.839813
-0.871094
-0.582031
-0.855469
0.683563
0.691376
-0.808594
-0.644531
-0.925781
0.933563
-0.933594
-0.886719
0.847626
0.871063
-0.652344
-0.613281
0.816376
0.675751
-0.777344
-0.652344
-0.863281
-0.832031
-0.816406
0.957001
0.886688
0.902313
0.644501
0.371063
0.402313
0.722626
-0.621094
-0.0507812
0.113281
0.558594
0.308594
-0.894562
-0.0586853
-0.207062
-0.831909
-0.277222
-0.51178
0.714691
-0.871124
-0.0272522
-0.652252
-0.925781
-0.847717
-0.535217
0.785126
-0.300751
0.308594
0.839783
0.761658
-0.425781
0.832031
-0.402344
0.222626
-0.0742493
0.269501
0.816376
-0.730469
-0.777344
0.839813
0.761688
-0.628906
-0.105469
0.761688
0.67572
0.730408
0.175781
0.777374
0.589844
0.792908
0.261658
0.394501
0.0898438
0.238281
-0.691406
0.449188
0.378876
0.582001
0.496063
0.824188
0.0976562
0.675781
-0.996094
0.699158
-0.683624
0.417969
-0.457001
-0.738281
0.941345
0.878845
0.128876
-0.597656
0.355469
0.675781
-0.214844
-0.0898743
-0.957062
0.652313
0.785156
-0.214844
0.964783
0.160126
0.925812
0.613312
-0.910217
0.0272217
-0.675812
-0.792847
-0.972473
0.76178
0.495972
-0.488464
-0.910217
-0.784973
-0.199005
0.613281
-0.871216
-0.0899658
-0.972687
0.753937
0.535217
-0.457001
0.371033
0.863159
0.558502
0.496094
0.19928
0.613281
-0.26178
0.230408
-0.519531
0.152344
0.433563
-0.777374
-0.300812
-0.972656
-0.238281
-0.824219
-0.0508118
-0.519562
0.261688
-0.753906
-0.589844
0.863251
0.292938
0.191376
0.449188
0.613251
0.832001
-0.675781
-0.527344
0.910126
0.183563
0.0429382
0.324188
0.878876
-0.550781
-0.457031
0.878876
0.128876
-0.0195618
0.519501
-0.425781
0.363281
-0.503906
-0.488312
-0.910187
0.832001
-0.175781
-0.371094
-0.644531
0.824188
0.0976257
0.191376
0.863251
-0.871094
-0.730469
-0.527344
-0.980469
0.339813
0.582001
-0.652344
-0.699219
0.621063
0.433563
0.941376
-0.722656
-0.972656
0.605438
0.667938
-0.691406
-0.285156
-0.777344
0.480438
0.433563
-0.957031
-0.636719
-0.832031
0.925751
0.816376
0.753876
0.816376
-0.917969
-0.855469
0.941376
0.871063
-0.996094
-0.917969
0.972626
0.722626
0.816376
-0.652344
-0.449219
-0.972656
0.535126
0.917938
-0.535156
-0.761719
0.769501
0.769501
-0.902344
-0.738281
-0.824219
0.925751
0.691376
0.800751
-0.886719
-0.683594
-0.832031
0.902313
0.777313
-0.933594
-0.699219
-0.847656
0.498286
0.499143
0.500001
