-0.964844
-0.988281
-0.964844
-0.894531
0.777496
-0.99585
-0.99585
-0.99585
-0.99585
-0.99585
-0.99585
-0.99585
0.121307
-0.15213
-0.99585
-0.0821228
-0.808838
-0.808838
0.777161
0.386932
-0.99585
0.464996
-0.488525
-0.808838
-0.808838
0.417755
-0.511719
-0.394562
-0.574432
-0.808838
-0.808838
-0.105682
0.0116882
-0.0038147
-0.277252
0.128906
-0.363373
0.292816
-0.566528
-0.29306
0.722534
0.972473
0.706818
-0.574432
-0.738464
-0.129028
-0.449249
-0.972626
0.675781
0.0429382
0.61319
0.238159
0.597534
0.86319
-0.949249
-0.808624
-0.941467
0.527222
0.120972
0.410034
-0.863373
0.0194397
0.58194
0.621002
0.464752
0.464752
0.51944
0.542877
0.535065
0.621002
0.83194
-0.675842
0.167908
-0.433624
-0.464844
0.363312
0.10556
0.261871
-0.0896301
-0.99585
-0.99585
-0.99585
0.394745
0.964996
0.785248
0.410187
0.582001
-0.535217
-0.82431
-0.175903
-0.488403
0.324097
-0.410248
-0.558655
-0.621124
-0.980469
0.214844
-0.957001
-0.597626
-0.949188
-0.191406
-0.136749
-0.0820923
0.949127
-0.582092
0.980408
0.730438
-0.324219
-0.707031
0.191376
-0.542999
-0.324249
0.707001
-0.246094
0.0585938
-0.519531
0.464813
-0.527374
-0.902374
-0.628937
-0.214874
0.0976257
0.238251
0.105438
-0.0664368
-0.0351868
0.183563
0.535126
0.832001
-0.996094
-0.878906
-0.730469
-0.730469
-0.902344
0.730438
0.230438
-0.402374
-0.941437
0.824158
0.89447
-0.964874
0.83197
0.48822
0.152283
-0.0508423
-0.0899048
0.20697
0.730408
-0.691437
-0.253937
0.207001
0.777313
-0.636719
-0.0898438
0.386719
0.777344
-0.980438
0.988281
0.761719
0.464844
0.167969
-0.0273438
-0.175781
-0.402344
-0.675781
-0.949219
0.902313
-0.980469
-0.691406
-0.332031
0.00390625
0.285156
0.472656
0.503906
0.496094
0.511719
0.550781
0.535156
0.511719
0.550781
0.582031
0.667969
0.511719
0.503906
0.683594
0.917969
0.933594
0.738281
0.574219
0.457031
0.394531
0.308594
0.152344
-0.0820312
-0.222656
-0.183594
-0.0507812
0.144531
0.277344
0.371094
0.488281
0.660156
0.785156
-0.980438
-0.972626
0.855469
0.621094
0.355469
0.0351562
-0.207031
-0.347656
-0.386719
-0.449219
-0.464844
-0.378906
-0.363281
-0.371094
-0.550781
-0.707031
-0.691406
-0.832031
0.972626
0.839813
0.738251
0.714813
0.808563
0.925751
-0.941406
-0.792969
-0.621094
-0.597656
-0.652344
-0.675781
-0.699219
-0.855469
0.933563
0.691376
0.636688
0.621063
0.636688
0.644501
0.660126
0.652313
0.628876
0.691376
0.816376
0.925751
0.941376
0.949188
0.972626
-0.980469
-0.933594
-0.894531
-0.957031
0.980438
0.925751
0.917938
0.980438
-0.941406
-0.941406
-0.902344
-0.855469
-0.808594
-0.832031
-0.824219
-0.816406
-0.839844
-0.863281
-0.878906
-0.832031
-0.730469
-0.644531
-0.558594
-0.527344
-0.464844
-0.339844
-0.230469
-0.128906
-0.0507812
0.0273438
0.0507812
0.0429688
0.0351562
0.0898438
0.0898438
0.121094
0.0976562
-0.0195312
0.0117188
0.0273438
0.0664062
0.105469
0.105469
0.0898438
0.0898438
0.0898438
0.0585938
0.0820312
0.0820312
0.0742188
0.0273438
-0.0273438
-0.0273438
-0.0742188
-0.0585938
-0.0820312
-0.0664062
-0.0976562
-0.105469
-0.160156
-0.207031
-0.238281
-0.269531
-0.347656
-0.417969
-0.480469
-0.558594
-0.589844
-0.628906
-0.652344
-0.691406
-0.691406
-0.675781
-0.699219
-0.730469
-0.777344
-0.894531
-0.785156
-0.628906
-0.691406
-0.785156
-0.761719
-0.785156
-0.910156
-0.894531
-0.886719
-0.957031
-0.972656
0.980438
0.964813
0.941376
0.886688
0.824188
0.839813
0.824188
0.816376
0.816376
0.816376
0.808563
0.863251
0.847626
0.824188
0.847626
0.832001
0.824188
0.839813
0.878876
0.910126
0.894501
0.886688
0.925751
0.925751
0.957001
0.972626
0.996063
-0.996094
-0.996094
-0.988281
-0.949219
-0.988281
0.996063
-0.980469
-0.996094
-0.972656
-0.988281
-0.980469
-0.980469
-0.964844
-0.933594
-0.941406
-0.910156
-0.933594
-0.910156
-0.886719
-0.902344
-0.902344
-0.871094
-0.886719
-0.855469
-0.878906
-0.878906
-0.894531
-0.886719
-0.910156
-0.886719
-0.863281
-0.839844
-0.824219
-0.808594
-0.816406
-0.800781
-0.808594
-0.777344
-0.753906
-0.808594
-0.808594
-0.785156
-0.800781
-0.847656
-0.863281
-0.847656
-0.816406
-0.753906
-0.753906
-0.839844
-0.902344
-0.878906
-0.800781
-0.761719
-0.777344
-0.832031
-0.871094
-0.816406
-0.816406
-0.816406
-0.832031
-0.863281
-0.886719
-0.910156
-0.894531
-0.878906
-0.878906
-0.902344
-0.902344
-0.878906
-0.871094
-0.871094
-0.863281
-0.855469
-0.863281
-0.855469
-0.824219
-0.832031
-0.847656
-0.839844
-0.847656
-0.855469
-0.839844
-0.839844
-0.863281
-0.871094
-0.863281
-0.855469
-0.847656
-0.878906
-0.871094
-0.886719
-0.917969
-0.917969
-0.925781
-0.925781
-0.910156
-0.886719
-0.894531
-0.886719
-0.847656
-0.863281
-0.871094
-0.910156
-0.910156
-0.933594
-0.925781
-0.925781
-0.949219
-0.964844
-0.964844
-0.957031
-0.957031
-0.957031
-0.910156
-0.925781
-0.910156
-0.941406
-0.949219
-0.957031
-0.910156
-0.902344
-0.917969
-0.964844
-0.957031
-0.957031
-0.933594
-0.941406
-0.972656
-0.949219
-0.957031
-0.972656
-0.980469
-0.957031
-0.917969
-0.941406
-0.933594
-0.933594
-0.933594
-0.949219
-0.980469
-0.996094
0.972626
0.980438
-0.996094
-0.988281
-0.980469
0.964813
0.949188
0.957001
0.972626
0.941376
0.996063
-0.996094
0.988251
0.957001
0.933563
0.925751
0.957001
0.925751
0.957001
0.941376
0.925751
0.957001
0.980438
0.957001
0.972626
0.964813
0.980438
0.964813
0.949188
0.933563
0.925751
0.925751
0.941376
0.910126
0.808563
0.886688
-0.988281
-0.996094
0.925751
-0.988281
-0.972656
0.988251
0.996063
-0.988281
-0.996094
-0.972656
-0.980469
-0.996094
0.996063
0.972626
0.925751
0.933563
0.925751
0.917938
0.925751
0.933563
0.972626
0.972626
0.957001
0.972626
0.980438
0.988251
0.980438
0.949188
0.972626
-0.996094
-0.996094
0.972626
0.964813
0.980438
0.980438
-0.980469
0.964813
0.988251
-0.996094
-0.980469
0.972626
0.996063
-0.996094
-0.996094
-0.996094
-0.964844
-0.949219
-0.933594
-0.988281
-0.988281
-0.988281
0.988251
-0.996094
-0.996094
-0.980469
-0.964844
0.980438
0.957001
0.980438
-0.996094
-0.996094
-0.996094
-0.980469
-0.957031
-0.957031
-0.988281
-0.980469
-0.996094
-0.980469
-0.933594
-0.957031
-0.964844
-0.925781
-0.933594
-0.964844
-0.964844
-0.933594
-0.949219
-0.972656
-0.980469
-0.988281
-0.980469
-0.972656
-0.980469
-0.957031
-0.941406
-0.949219
-0.957031
-0.972656
-0.964844
-0.957031
-0.964844
-0.996094
-0.988281
-0.949219
-0.925781
-0.957031
-0.933594
-0.972656
-0.980469
-0.941406
-0.957031
0.988251
-0.980469
-0.957031
-0.941406
-0.996094
-0.988281
-0.957031
-0.949219
-0.933594
-0.964844
0.988251
-0.996094
-0.972656
-0.972656
-0.972656
-0.988281
-0.980469
-0.980469
-0.957031
-0.996094
-0.972656
-0.996094
-0.964844
-0.996094
-0.988281
-0.980469
-0.996094
0.980438
0.996063
-0.996094
0.988251
-0.996094
0.980438
-0.996094
-0.996094
0.996063
0.988251
-0.996094
-0.996094
-0.980469
-0.980469
-0.972656
-0.996094
0.996063
-0.996094
-0.996094
-0.996094
-0.996094
-0.988281
0.980438
0.996063
0.964813
0.964813
0.941376
0.964813
0.972626
-0.988281
0.988251
0.957001
0.972626
0.972626
0.988251
0.980438
0.972626
0.996063
-0.996094
0.949188
0.972626
0.941376
0.941376
0.972626
0.980438
0.925751
0.949188
0.988251
0.964813
0.980438
0.949188
0.933563
0.933563
0.957001
0.988251
0.886688
0.949188
-0.949219
0.996063
0.894501
0.855438
0.902313
-0.980469
-0.855469
0.980438
0.808563
0.933563
0.996063
0.863251
0.871063
-0.753906
-0.714844
0.964813
0.746063
0.816376
-0.980469
-0.894531
-0.972656
0.949188
-0.964844
-0.902344
0.832001
0.707001
0.996063
-0.816406
0.996063
0.800751
-0.949219
-0.746094
0.972626
0.769501
-0.832031
-0.582031
0.785126
0.644501
-0.808594
-0.433594
-0.863281
0.644501
0.808563
-0.792969
-0.816406
0.785126
0.714813
-0.910156
-0.683594
-0.902344
0.808563
0.925751
-0.839844
-0.996094
0.847626
-0.957031
-0.746094
-0.964844
0.816376
0.886688
-0.894531
-0.800781
-0.847656
0.886688
0.667938
0.863251
-0.613281
-0.542969
-0.988281
0.613251
0.496063
0.871063
-0.417969
-0.449219
0.816376
0.519501
0.847626
-0.972656
-0.878906
-0.644531
-0.753906
0.761688
0.378876
0.769501
-0.597656
-0.386719
-0.714844
0.824188
0.355438
0.324188
-0.988281
-0.222656
-0.347656
0.964813
0.589813
0.566376
0.746063
-0.707031
-0.457031
-0.980469
0.566376
0.816376
-0.691406
-0.808594
0.824188
0.691376
-0.988281
-0.652344
-0.816406
0.792938
0.691376
-0.902344
-0.605469
-0.949219
0.660126
0.761688
-0.886719
-0.597656
-0.636719
0.792938
0.199188
0.511688
-0.480469
0.0429688
-0.730469
0.191376
0.128876
-0.878906
-0.191406
-0.566406
0.746063
0.675751
-0.949219
-0.886719
0.996063
-0.808594
-0.644531
0.964813
0.636688
0.941376
-0.621094
-0.691406
0.972626
0.949188
-0.808594
-0.925781
0.746063
0.941376
-0.628906
-0.792969
0.832001
-0.949219
-0.652344
0.847626
0.417938
-0.925781
-0.214844
-0.738281
0.472626
0.605438
-0.761719
-0.683594
0.988251
0.933563
-0.855469
-0.933594
0.800751
0.855438
-0.925781
-0.917969
-0.925781
-0.933594
0.855438
0.839813
-0.878906
-0.964844
0.824188
-0.964844
-0.660156
-0.917969
0.628876
0.628876
-0.769531
-0.496094
0.972626
0.589813
0.832001
0.917938
0.949188
-0.589844
-0.496094
0.558563
0.0663757
0.957001
-0.253906
-0.746094
0.574188
0.667938
0.957001
-0.910156
-0.917969
0.816376
0.574188
0.964813
-0.332031
-0.621094
0.183563
-0.152374
-0.910156
0.0898438
-0.503906
0.566376
0.402313
0.652313
-0.894531
-0.550781
-0.910156
0.558563
0.988251
-0.402344
-0.769531
0.324188
0.0195007
0.855438
0.214844
0.167969
0.417938
-0.542999
0.597626
-0.0820312
-0.402344
0.746063
0.777313
-0.621094
-0.761719
0.316376
0.136688
-0.464844
0.503906
-0.613281
-0.230499
0.0351257
-0.613281
-0.152344
-0.621094
0.917938
0.738251
0.738251
0.894501
-0.691406
-0.324219
-0.566406
0.667938
0.449188
0.910126
-0.566406
-0.417969
-0.808594
0.613251
0.652313
-0.785156
-0.636719
-0.996094
0.855438
0.996063
-0.933594
-0.832031
-0.667969
-0.894531
0.769501
-0.972656
-0.511719
0.972626
0.332001
0.855438
-0.167969
-0.183594
0.917938
0.269501
0.417938
-0.691406
0.0585938
-0.605469
0.222626
0.238251
-0.621094
-0.0351562
-0.660156
0.339813
0.175751
-0.917969
-0.167969
-0.449219
0.933563
0.589813
0.519501
0.925751
-0.464844
-0.574219
0.910126
0.785126
0.910126
0.910126
0.972626
-0.847656
-0.753906
0.996063
0.511688
0.582001
-0.621094
-0.261719
-0.957031
0.316376
0.410126
-0.996094
-0.527344
-0.410156
-0.824219
0.222626
-0.0273743
-0.855469
0.167969
-0.488281
0.175751
0.00387573
-0.839844
-0.128906
-0.777344
0.316376
0.386688
-0.777344
-0.535156
0.964813
0.566376
0.707001
-0.996094
-0.660156
-0.535156
0.863251
0.269501
0.792938
-0.441406
-0.707031
0.777313
0.925751
-0.925781
0.847626
0.785126
-0.824219
-0.582031
-0.917969
0.660126
0.894501
-0.621094
-0.902344
0.574188
0.824188
-0.496094
-0.480469
0.964813
0.707001
0.964813
-0.800781
-0.996094
0.925751
-0.511719
-0.363281
0.660126
0.0976257
0.988251
0.0117188
-0.363281
0.652313
0.605438
-0.949219
-0.902344
0.949188
-0.917969
-0.535156
-0.792969
0.441376
0.683563
-0.433594
-0.667969
0.519501
0.761688
-0.558594
-0.449219
0.847626
0.175751
0.410126
-0.285156
0.433594
-0.753906
-0.386749
-0.128937
-0.417969
0.308594
-0.628906
0.488251
0.535126
0.871063
0.988251
-0.941406
-0.917969
-0.886719
-0.792969
-0.863281
0.699188
0.511688
0.894501
-0.542969
-0.605469
0.777313
0.433563
0.941376
-0.542969
-0.871094
0.707001
0.769501
0.917938
-0.972656
-0.714844
-0.667969
0.871063
0.332001
0.449188
-0.816406
-0.113281
-0.214844
0.652313
-0.253937
0.402313
-0.183594
-0.0507812
-0.933594
0.535126
0.339813
0.519501
-0.433594
0.332031
-0.753906
-0.144562
0.128876
-0.800781
-0.175781
-0.199219
-0.730469
0.433563
0.136688
0.621063
-0.425781
0.0664062
-0.550781
0.574188
0.425751
0.738251
0.808563
-0.886719
-0.253906
-0.386719
0.730438
0.355438
0.871063
-0.574219
-0.449219
-0.746094
0.808563
0.769501
-0.871094
-0.605469
-0.792969
0.917938
0.855438
0.902313
0.910126
-0.683594
-0.378906
0.730438
0.0195007
0.894501
-0.0585938
-0.300781
0.832001
0.394501
0.394501
0.894501
-0.136719
0.191406
0.832001
-0.613312
0.183563
0.214844
0.449219
0.988251
0.230438
0.472626
0.761688
-0.855469
-0.308594
-0.441406
0.738251
0.457001
0.660126
0.863251
-0.722656
-0.246094
-0.496094
0.472626
-0.128937
0.410126
-0.292969
0.316406
-0.589844
0.0195007
-0.0898743
0.988251
-0.222656
-0.425781
0.925751
0.628876
0.777313
0.996063
0.972626
0.839813
0.910126
-0.691406
-0.410156
-0.902344
0.332001
0.152313
0.863251
-0.144531
0.0429688
0.839813
-0.160187
0.300751
-0.441406
-0.0585938
-0.957031
0.285126
0.769501
-0.472656
-0.628906
0.660126
0.441376
0.949188
-0.214844
-0.457031
0.363251
0.292938
-0.511719
-0.394531
0.628876
0.636688
-0.574219
-0.519531
0.808563
0.550751
0.917938
-0.714844
-0.621094
-0.816406
0.902313
0.777313
0.816376
0.949188
-0.714844
-0.488281
-0.847656
0.621063
0.683563
-0.785156
-0.597656
-0.871094
0.832001
0.613251
-0.871094
-0.121094
-0.722656
0.0976257
0.191376
-0.292969
0.371094
-0.878906
-0.0820618
0.324188
-0.488281
-0.183594
-0.964844
0.675751
-0.972656
-0.949219
0.660126
0.761688
-0.707031
-0.417969
-0.675781
0.738251
0.464813
0.800751
-0.738281
-0.652344
-0.980469
0.925751
-0.824219
-0.839844
0.605438
0.542938
-0.699219
-0.246094
-0.878906
0.457001
0.902313
-0.441406
0.996063
0.246063
-0.996094
0.0351562
-0.496094
0.269501
0.0741882
-0.902344
-0.121094
-0.542969
0.582001
0.300751
0.925751
-0.378906
-0.652344
0.386688
0.371063
-0.519531
-0.167969
0.761688
0.0429382
0.785126
-0.285156
-0.582031
0.644501
0.652313
-0.792969
-0.777344
0.761688
0.675751
-0.902344
-0.535156
-0.925781
0.402313
0.675751
-0.441406
-0.441406
0.644501
0.300751
-0.988281
-0.480469
-0.824219
0.839813
-0.902344
-0.832031
0.660126
0.550751
-0.746094
-0.261719
-0.628906
0.769501
0.511688
0.792938
-0.714844
-0.535156
-0.769531
-0.988281
0.746063
0.496063
0.925751
-0.503906
-0.496094
-0.824219
0.949188
0.738251
0.941376
-0.808594
-0.816406
-0.683594
-0.652344
0.863251
0.597626
-0.972656
-0.566406
-0.683594
0.816376
0.667938
-0.730469
-0.542969
0.847626
0.347626
0.925751
-0.347656
-0.316406
-0.871094
0.425751
0.269501
0.988251
-0.285156
-0.480469
0.941376
0.621063
0.855438
-0.824219
-0.847656
-0.996094
-0.855469
-0.824219
0.730438
0.707001
-0.738281
-0.652344
0.941376
0.785126
0.894501
-0.925781
-0.941406
-0.988281
-0.886719
-0.847656
0.941376
0.722626
0.730438
0.949188
-0.832031
-0.761719
-0.902344
0.957001
0.839813
0.722626
0.855438
-0.832031
-0.714844
-0.957031
0.785126
0.777313
-0.980469
-0.769531
0.980438
0.832001
-0.933594
-0.886719
0.933563
-0.910156
-0.785156
0.816376
0.605438
0.964813
-0.613281
-0.574219
-0.886719
0.488251
0.238251
0.886688
-0.207031
-0.191406
0.871063
0.339813
0.675751
-0.839844
-0.769531
-0.878906
-0.972656
-0.996094
-0.917969
-0.988281
0.730438
0.800751
-0.699219
-0.566406
0.988251
0.886688
-0.988281
0.996063
-0.902344
-0.628906
-0.824219
0.792938
0.941376
-0.683594
-0.769531
0.964813
0.910126
-0.949219
-0.871094
-0.933594
-0.964844
-0.816406
-0.808594
0.941376
0.785126
0.871063
-0.855469
-0.660156
-0.707031
0.949188
0.761688
0.855438
-0.917969
-0.816406
-0.871094
-0.738281
-0.652344
0.839813
0.363251
0.871063
-0.261719
-0.535156
0.597626
0.839813
-0.441406
-0.785156
0.464813
0.667938
-0.699219
-0.566406
-0.683594
0.925751
0.464813
0.753876
-0.582031
-0.488281
-0.949219
0.613251
0.878876
-0.691406
-0.855469
0.824188
0.863251
-0.910156
-0.722656
-0.886719
0.769501
0.660126
0.988251
-0.660156
-0.761719
0.746063
0.589813
-0.878906
-0.589844
0.933563
0.558563
0.871063
-0.660156
-0.589844
0.746063
0.253876
0.761688
-0.402344
-0.386719
0.871063
0.324188
0.496063
-0.933594
-0.347656
-0.417969
0.714813
0.105438
0.761688
-0.386719
-0.613281
0.855438
0.902313
0.980438
0.800751
0.808563
-0.894531
-0.574219
-0.652344
0.761688
0.417938
0.863251
-0.480469
-0.449219
-0.988281
0.613251
0.628876
0.957001
-0.613281
-0.433594
-0.933594
0.332001
0.363251
-0.738281
-0.128906
-0.597656
0.691376
0.605438
0.878876
-0.785156
-0.441406
-0.605469
0.824188
0.519501
0.902313
-0.464844
-0.441406
0.957001
0.667938
0.957001
0.964813
0.847626
-0.761719
-0.488281
-0.941406
0.582001
0.714813
-0.605469
-0.402344
-0.972656
0.597626
0.949188
-0.644531
-0.792969
0.964813
0.933563
0.925751
-0.894531
-0.785156
-0.941406
-0.996094
0.988251
0.769501
0.832001
-0.660156
-0.449219
0.988251
0.449188
0.738251
-0.644531
-0.636719
0.996063
0.871063
0.988251
0.980438
0.847626
0.917938
-0.714844
-0.777344
0.683563
0.621063
-0.832031
-0.589844
0.902313
0.527313
0.878876
-0.582031
-0.722656
0.738251
0.800751
-0.832031
-0.996094
0.589813
0.925751
-0.363281
-0.519531
0.652313
0.269501
0.722626
-0.597656
-0.503906
-0.917969
0.824188
0.855438
0.847626
0.847626
-0.917969
-0.621094
-0.839844
0.691376
0.769501
-0.691406
-0.628906
0.753876
0.550751
-0.902344
-0.496094
-0.746094
0.792938
0.730438
0.980438
-0.683594
-0.769531
0.980438
-0.996094
-0.816406
0.964813
0.761688
-0.941406
-0.511719
-0.675781
0.980438
0.886688
0.847626
0.839813
-0.871094
-0.457031
-0.496094
0.988251
0.730438
-0.980469
-0.675781
-0.785156
-0.980469
-0.769531
-0.566406
-0.964844
0.660126
-0.996094
-0.527344
-0.503906
-0.792969
0.964813
0.832001
-0.957031
-0.722656
-0.769531
-0.886719
-0.863281
-0.855469
-0.925781
-0.863281
-0.996094
0.894501
-0.792969
-0.527344
-0.894531
0.761688
0.941376
-0.660156
-0.636719
0.964813
0.777313
-0.949219
-0.675781
-0.847656
-0.996094
0.996063
0.839813
0.847626
-0.636719
-0.566406
0.769501
0.402313
0.957001
-0.339844
-0.449219
0.761688
0.449188
0.839813
-0.769531
-0.738281
-0.785156
0.941376
0.785126
0.839813
0.980438
-0.847656
-0.683594
-0.949219
0.691376
0.753876
-0.886719
-0.746094
-0.996094
0.839813
-0.902344
-0.824219
0.847626
0.738251
-0.902344
-0.761719
0.917938
0.785126
-0.996094
-0.761719
-0.792969
0.824188
0.636688
-0.949219
-0.628906
-0.925781
0.746063
0.839813
-0.871094
0.996063
-0.933594
-0.792969
0.933563
0.699188
0.972626
-0.699219
-0.878906
0.902313
0.988251
-0.949219
0.808563
0.691376
-0.933594
-0.582031
-0.839844
0.847626
0.792938
0.933563
-0.917969
-0.792969
-0.699219
-0.808594
0.769501
0.644501
0.957001
-0.628906
-0.582031
-0.941406
0.613251
0.597626
-0.886719
-0.667969
0.949188
0.886688
-0.855469
0.910126
0.816376
0.980438
-0.699219
-0.925781
0.777313
0.855438
-0.925781
-0.871094
-0.980469
-0.957031
-0.949219
0.832001
0.785126
-0.878906
-0.660156
0.910126
0.488251
0.894501
-0.589844
0.980438
0.332001
0.683563
-0.363281
-0.0195312
-0.355469
0.847626
-0.261749
-0.503937
0.941376
0.613281
0.566406
-0.894531
-0.214874
-0.308624
0.652313
-0.285156
0.0507812
-0.511719
0.636688
0.261688
0.542938
-0.957031
-0.707031
-0.675781
-0.855469
0.886688
0.714813
0.792938
-0.886719
-0.769531
-0.980469
0.832001
0.878876
-0.972656
-0.894531
-0.933594
-0.972656
0.949188
0.917938
0.964813
-0.996094
0.996063
0.964813
0.980438
0.902313
0.855438
0.949188
-0.839844
-0.691406
-0.816406
0.902313
0.707001
0.824188
-0.949219
-0.792969
-0.878906
-0.933594
-0.800781
-0.550781
-0.300781
-0.105469
-0.175781
0.808563
-0.964874
-0.925812
0.199219
-0.300751
-0.160217
0.800629
0.636688
0.449432
0.457245
0.581909
-0.7854
-0.269623
-0.00372314
-0.15213
-0.566345
-0.472748
0.683441
0.0506592
-0.566437
0.425842
0.347748
-0.503876
-0.933655
0.886597
0.496033
0.574249
-0.136658
0.80072
-0.527466
0.371033
-0.949127
0.832092
-0.425812
-0.0743103
-0.488342
0.00387573
-0.371094
0.0742188
-0.902344
-0.0664368
-0.347687
-0.277374
-0.183624
0.441376
-0.347656
0.949219
-0.792938
0.167938
-0.253998
0.730377
-0.707001
0.722717
0.917969
-0.0586548
0.73819
0.70697
-0.496094
-0.949188
0.253906
0.519501
-0.253937
-0.152374
0.0195007
0.347626
-0.917969
0.199219
0.777344
-0.808594
-0.214905
-0.816467
-0.332031
-0.42572
-0.160126
-0.582062
-0.839905
0.347595
-0.496094
-0.667938
0.136719
0.0585632
-0.363312
0.496063
-0.699219
-0.824219
0.433563
0.652313
0.0664062
0.574219
0.160126
-0.300842
-0.519562
-0.425751
0.0508118
-0.855469
0.89447
-0.753937
0.839813
-0.0507812
-0.472656
0.621063
0.558563
-0.980469
0.988251
0.660126
0.667938
-0.996094
-0.417969
-0.00390625
0.498286
0.499143
0.500001
