-0.941406
-0.949219
-0.933594
-0.0429382
0.0900574
-0.99585
-0.99585
-0.99585
-0.99585
-0.99585
-0.99585
-0.99585
0.465027
-0.99585
0.863464
0.284912
-0.808838
-0.808838
0.0585938
-0.99585
-0.99585
0.832001
-0.808838
-0.808838
-0.808838
-0.121216
-0.816376
-0.816498
-0.527588
-0.808838
-0.808838
0.00375366
-0.0507507
0.722748
0.0352173
-0.464874
-0.199341
0.308441
0.363159
-0.363373
-0.808716
0.230286
0.00369263
-0.300995
0.808411
-0.0196228
-0.652344
-0.605438
-0.0195312
0.816345
-0.457123
0.214722
-0.472748
-0.0977173
-0.605499
0.542908
-0.0586853
0.105347
0.175659
0.628784
-0.566498
0.261627
0.621002
0.527252
0.42569
0.441315
0.511627
0.535065
0.542877
0.667877
-0.988342
-0.371155
0.574158
0.183563
0.402344
-0.449158
-0.464722
-0.417786
0.675995
-0.99585
-0.99585
-0.99585
-0.706818
-0.581879
-0.824127
0.988281
-0.605499
0.574127
0.613159
-0.371216
-0.0743408
0.839722
0.30069
0.23822
0.136688
-0.417969
0.644531
-0.660126
-0.496063
0.863281
-0.707031
-0.777374
-0.488342
0.996002
-0.10553
-0.339874
-0.832031
-0.441406
0.847626
-0.128937
-0.519562
0.0507507
-0.964844
-0.160156
-0.105469
-0.917969
-0.0664368
-0.933624
-0.949249
-0.425812
-0.0429993
0.105438
0.191376
0.136688
0.0820007
0.246063
0.496063
0.707001
0.808563
0.980438
-0.894531
-0.777344
-0.746094
-0.863281
0.769501
0.207001
-0.480499
0.949158
0.683533
0.683533
0.730408
0.574158
0.222595
-0.144592
-0.339905
-0.160217
0.285095
0.839783
-0.597687
-0.0976868
0.378876
0.957001
-0.394531
0.207031
0.683594
0.988281
-0.957001
0.894531
0.683594
0.402344
0.128906
-0.0976562
-0.378906
-0.652344
-0.824219
-0.917969
-0.894531
-0.761719
-0.503906
-0.191406
0.160156
0.386719
0.503906
0.542969
0.503906
0.527344
0.566406
0.535156
0.472656
0.425781
0.402344
0.425781
0.488281
0.621094
0.707031
0.738281
0.738281
0.691406
0.660156
0.527344
0.378906
0.191406
-0.00390625
-0.199219
-0.214844
-0.160156
-0.0195312
0.160156
0.347656
0.496094
0.667969
0.847656
0.972656
-0.988251
0.980469
0.769531
0.527344
0.207031
-0.0820312
-0.386719
-0.503906
-0.535156
-0.511719
-0.496094
-0.488281
-0.496094
-0.519531
-0.597656
-0.699219
-0.808594
-0.925781
0.957001
0.808563
0.746063
0.785126
0.871063
-0.980469
-0.792969
-0.644531
-0.566406
-0.582031
-0.613281
-0.707031
-0.832031
-0.894531
0.949188
0.847626
0.738251
0.707001
0.667938
0.644501
0.667938
0.699188
0.738251
0.792938
0.878876
0.910126
0.949188
0.980438
-0.964844
-0.941406
-0.925781
-0.941406
-0.949219
-0.949219
-0.996094
0.996063
-0.996094
-0.941406
-0.910156
-0.855469
-0.863281
-0.832031
-0.800781
-0.832031
-0.792969
-0.800781
-0.792969
-0.730469
-0.675781
-0.621094
-0.558594
-0.480469
-0.441406
-0.324219
-0.238281
-0.105469
-0.0351562
0.00390625
0.0195312
-0.0117188
0.00390625
0.0273438
0.0195312
-0.0117188
-0.0117188
-0.0117188
0.00390625
0.0273438
0.0585938
0.0585938
0.0585938
0.0429688
0.0742188
0.0585938
0.0195312
0.00390625
0.0351562
0.0507812
0.00390625
-0.0117188
0.0195312
-0.00390625
-0.00390625
-0.0273438
-0.0664062
-0.0742188
-0.121094
-0.167969
-0.175781
-0.214844
-0.292969
-0.386719
-0.457031
-0.496094
-0.542969
-0.582031
-0.621094
-0.652344
-0.660156
-0.707031
-0.707031
-0.707031
-0.683594
-0.714844
-0.753906
-0.792969
-0.839844
-0.847656
-0.910156
-0.957031
0.988251
-0.964844
-0.839844
-0.917969
-0.996094
-0.980469
-0.972656
0.941376
0.941376
0.941376
0.933563
0.902313
0.925751
0.902313
0.933563
0.886688
0.824188
0.769501
0.777313
0.761688
0.738251
0.816376
0.824188
0.738251
0.800751
0.871063
0.832001
0.832001
0.910126
0.925751
0.933563
0.964813
0.972626
0.972626
0.980438
0.988251
0.949188
0.964813
-0.996094
-0.972656
-0.949219
-0.933594
-0.925781
-0.917969
-0.917969
-0.910156
-0.886719
-0.847656
-0.832031
-0.863281
-0.871094
-0.894531
-0.863281
-0.832031
-0.800781
-0.855469
-0.824219
-0.917969
-0.800781
-0.886719
-0.886719
-0.863281
-0.832031
-0.863281
-0.871094
-0.863281
-0.855469
-0.847656
-0.839844
-0.792969
-0.800781
-0.808594
-0.777344
-0.816406
-0.785156
-0.800781
-0.753906
-0.800781
-0.839844
-0.769531
-0.761719
-0.761719
-0.816406
-0.839844
-0.847656
-0.863281
-0.839844
-0.816406
-0.832031
-0.816406
-0.824219
-0.824219
-0.785156
-0.816406
-0.863281
-0.894531
-0.902344
-0.917969
-0.902344
-0.886719
-0.894531
-0.980469
-0.949219
-0.886719
-0.871094
-0.839844
-0.808594
-0.847656
-0.894531
-0.855469
-0.816406
-0.800781
-0.871094
-0.871094
-0.878906
-0.863281
-0.824219
-0.847656
-0.808594
-0.832031
-0.871094
-0.902344
-0.902344
-0.886719
-0.894531
-0.863281
-0.871094
-0.910156
-0.933594
-0.925781
-0.902344
-0.863281
-0.878906
-0.925781
-0.925781
-0.894531
-0.917969
-0.894531
-0.925781
-0.925781
-0.941406
-0.964844
-0.917969
-0.925781
-0.910156
-0.902344
-0.894531
-0.917969
-0.941406
-0.925781
-0.878906
-0.878906
-0.886719
-0.902344
-0.894531
-0.894531
-0.902344
-0.933594
-0.925781
-0.910156
-0.902344
-0.910156
-0.949219
-0.917969
-0.902344
-0.894531
-0.910156
-0.894531
-0.910156
-0.894531
-0.925781
-0.894531
-0.925781
-0.957031
-0.957031
-0.941406
-0.964844
-0.996094
0.980438
0.964813
0.988251
0.941376
0.941376
0.941376
0.964813
0.941376
0.972626
0.941376
0.941376
0.910126
0.917938
0.925751
0.933563
0.933563
0.941376
0.933563
0.949188
0.933563
0.925751
0.917938
0.941376
0.941376
0.925751
0.910126
0.917938
0.933563
0.933563
0.917938
0.925751
0.910126
0.917938
0.925751
0.902313
0.917938
0.902313
0.816376
0.886688
-0.988281
-0.996094
0.917938
0.933563
-0.988281
0.980438
0.941376
0.972626
0.941376
0.972626
0.988251
0.988251
0.957001
0.910126
0.894501
0.917938
0.957001
0.980438
0.972626
0.988251
0.980438
-0.996094
-0.972656
0.996063
0.988251
0.980438
0.980438
-0.996094
-0.972656
0.996063
0.996063
-0.964844
-0.964844
-0.988281
0.996063
-0.996094
-0.980469
-0.949219
-0.941406
-0.933594
-0.972656
-0.964844
-0.964844
-0.941406
-0.949219
-0.972656
-0.980469
-0.972656
-0.980469
-0.980469
-0.996094
0.996063
-0.988281
-0.996094
-0.972656
-0.941406
-0.949219
-0.941406
-0.949219
-0.988281
-0.957031
-0.972656
-0.972656
-0.957031
-0.941406
-0.972656
-0.972656
-0.980469
-0.964844
-0.957031
-0.957031
-0.941406
-0.996094
-0.980469
-0.957031
-0.949219
-0.972656
-0.957031
-0.957031
-0.988281
-0.964844
-0.964844
-0.996094
0.980438
0.988251
-0.996094
-0.980469
0.996063
0.996063
0.996063
-0.972656
-0.996094
-0.996094
0.949188
0.996063
-0.996094
0.972626
-0.996094
-0.996094
-0.996094
-0.996094
0.988251
0.996063
0.996063
0.996063
-0.941406
-0.941406
-0.996094
0.988251
-0.957031
-0.972656
-0.972656
-0.964844
-0.957031
-0.941406
-0.949219
-0.941406
-0.949219
-0.957031
-0.980469
-0.964844
-0.964844
-0.972656
-0.996094
-0.949219
-0.972656
-0.996094
-0.996094
-0.996094
-0.972656
0.996063
-0.988281
-0.972656
0.996063
0.980438
-0.996094
-0.996094
0.988251
0.988251
-0.996094
0.996063
0.980438
0.988251
0.964813
0.949188
0.972626
0.964813
0.980438
0.980438
0.972626
0.972626
0.996063
0.988251
-0.996094
0.988251
0.988251
0.972626
0.949188
0.957001
0.980438
0.964813
0.980438
0.972626
0.972626
0.957001
0.964813
0.933563
0.925751
0.917938
0.917938
0.957001
0.957001
0.941376
0.957001
0.957001
0.957001
0.957001
0.941376
0.957001
0.949188
0.964813
0.941376
0.941376
0.941376
0.957001
0.949188
0.949188
0.972626
0.941376
0.949188
-0.996094
0.988251
0.972626
0.988251
-0.988281
-0.996094
-0.996094
-0.996094
-0.972656
-0.980469
0.988251
-0.980469
-0.964844
-0.980469
-0.980469
-0.980469
-0.996094
-0.980469
-0.957031
-0.980469
-0.996094
-0.972656
0.988251
0.902313
0.964813
-0.925781
-0.902344
-0.996094
-0.972656
-0.917969
-0.941406
-0.941406
-0.917969
-0.910156
-0.925781
-0.894531
-0.925781
-0.933594
-0.988281
0.988251
-0.980469
0.988251
-0.996094
0.972626
-0.996094
-0.980469
-0.964844
-0.957031
-0.949219
-0.988281
-0.996094
0.996063
-0.996094
-0.996094
-0.988281
-0.957031
-0.941406
-0.996094
-0.996094
0.972626
-0.996094
0.996063
0.972626
0.925751
0.917938
0.996063
-0.996094
0.972626
0.957001
0.957001
0.925751
0.980438
0.996063
0.996063
0.972626
0.980438
0.949188
0.964813
0.941376
0.980438
0.980438
0.957001
0.980438
0.988251
0.980438
0.941376
0.917938
0.949188
0.980438
0.964813
0.988251
0.996063
0.964813
0.949188
0.972626
0.980438
0.996063
-0.996094
0.980438
0.949188
0.972626
0.980438
-0.964844
-0.972656
-0.980469
0.988251
0.996063
-0.964844
-0.941406
-0.964844
-0.988281
0.996063
-0.964844
-0.933594
-0.925781
-0.988281
-0.996094
-0.988281
-0.949219
-0.925781
-0.878906
-0.886719
-0.917969
-0.941406
-0.910156
0.996063
-0.871094
-0.949219
-0.949219
-0.917969
-0.941406
-0.972656
-0.972656
-0.957031
-0.925781
-0.941406
-0.925781
-0.894531
-0.910156
-0.917969
-0.917969
-0.925781
-0.972656
-0.957031
-0.949219
-0.957031
-0.972656
-0.941406
-0.925781
-0.917969
-0.957031
0.996063
-0.988281
-0.996094
-0.996094
-0.988281
-0.996094
-0.972656
-0.957031
-0.988281
-0.988281
0.980438
0.933563
-0.949219
-0.980469
-0.972656
-0.996094
-0.988281
0.996063
0.972626
0.988251
-0.996094
0.964813
0.957001
0.996063
0.988251
0.972626
0.957001
0.964813
0.980438
0.988251
0.980438
0.949188
0.957001
0.949188
0.972626
0.925751
0.941376
0.910126
0.917938
0.917938
0.925751
0.941376
0.925751
0.933563
0.949188
0.933563
0.917938
0.902313
0.933563
0.925751
0.957001
0.941376
0.941376
0.933563
0.957001
0.964813
0.988251
-0.996094
0.964813
0.988251
0.996063
0.949188
0.964813
0.964813
0.941376
0.941376
0.949188
0.964813
0.964813
0.980438
-0.996094
-0.980469
-0.988281
0.996063
-0.996094
0.996063
-0.988281
-0.957031
-0.980469
-0.980469
-0.957031
-0.949219
-0.941406
-0.972656
-0.949219
-0.964844
-0.980469
0.972626
-0.996094
-0.902344
-0.832031
-0.925781
-0.925781
-0.902344
-0.894531
-0.917969
-0.855469
-0.886719
-0.871094
-0.863281
-0.847656
-0.847656
-0.894531
-0.964844
-0.964844
-0.964844
-0.941406
-0.933594
-0.894531
-0.910156
-0.941406
-0.949219
-0.941406
-0.910156
-0.925781
-0.917969
-0.925781
-0.957031
-0.964844
-0.964844
-0.957031
-0.949219
-0.957031
-0.957031
-0.988281
-0.949219
-0.949219
-0.972656
-0.996094
-0.996094
-0.980469
-0.980469
0.988251
0.980438
0.996063
-0.996094
-0.996094
-0.996094
-0.980469
-0.988281
0.972626
0.996063
0.980438
0.996063
0.980438
0.980438
0.972626
0.964813
0.957001
0.949188
0.972626
0.980438
0.972626
0.972626
0.964813
0.941376
0.941376
0.957001
0.972626
0.972626
0.949188
0.980438
0.964813
0.980438
0.894501
-0.988281
-0.964844
-0.996094
0.957001
0.988251
0.949188
0.933563
0.964813
0.964813
0.996063
-0.996094
-0.996094
-0.988281
-0.972656
-0.941406
-0.972656
-0.996094
-0.996094
-0.996094
-0.964844
-0.988281
-0.933594
0.949188
-0.996094
-0.964844
-0.988281
-0.996094
-0.925781
-0.933594
-0.949219
-0.964844
-0.925781
-0.933594
-0.949219
-0.972656
-0.996094
-0.964844
-0.972656
-0.925781
-0.871094
-0.917969
-0.941406
-0.964844
-0.980469
-0.933594
-0.910156
-0.894531
-0.933594
-0.957031
-0.988281
-0.996094
-0.964844
-0.941406
-0.957031
-0.917969
-0.941406
-0.980469
-0.941406
-0.949219
-0.957031
-0.972656
-0.972656
-0.988281
0.996063
-0.996094
-0.964844
-0.996094
0.996063
-0.996094
0.996063
0.996063
-0.972656
0.996063
0.980438
0.980438
0.980438
0.988251
-0.988281
-0.972656
0.980438
0.988251
0.996063
-0.996094
-0.980469
0.996063
0.941376
0.972626
0.964813
-0.996094
0.996063
-0.996094
0.988251
0.957001
0.957001
0.972626
-0.980469
0.996063
0.980438
0.996063
-0.996094
-0.996094
0.996063
0.988251
-0.996094
-0.996094
-0.996094
0.996063
-0.996094
-0.980469
-0.980469
0.996063
-0.996094
-0.996094
-0.964844
-0.949219
-0.988281
-0.957031
-0.957031
-0.996094
-0.949219
-0.972656
-0.988281
-0.972656
-0.941406
-0.949219
-0.964844
-0.964844
-0.980469
-0.972656
-0.964844
-0.980469
-0.988281
-0.996094
-0.988281
-0.972656
-0.957031
-0.964844
0.949188
0.941376
-0.917969
-0.894531
-0.941406
-0.941406
-0.902344
-0.949219
-0.933594
-0.925781
-0.933594
-0.917969
-0.894531
-0.917969
-0.957031
-0.917969
-0.972656
-0.972656
-0.996094
-0.988281
-0.980469
-0.980469
-0.988281
-0.964844
-0.949219
-0.972656
-0.980469
-0.980469
-0.980469
-0.957031
-0.949219
-0.941406
-0.964844
-0.964844
-0.996094
-0.996094
-0.980469
-0.972656
-0.980469
-0.996094
0.996063
-0.988281
0.988251
-0.996094
-0.972656
-0.980469
0.996063
-0.996094
-0.964844
-0.980469
-0.996094
-0.996094
-0.988281
-0.980469
0.996063
0.988251
0.980438
0.980438
0.980438
0.996063
0.980438
0.949188
0.972626
0.972626
0.988251
0.996063
0.996063
0.972626
0.988251
0.996063
-0.996094
0.988251
-0.996094
0.996063
-0.972656
-0.980469
-0.988281
0.980438
0.988251
-0.996094
-0.988281
-0.988281
-0.996094
0.988251
0.988251
0.988251
0.988251
-0.996094
-0.972656
-0.964844
0.996063
0.949188
0.964813
0.972626
0.996063
-0.957031
-0.957031
-0.964844
-0.996094
-0.988281
-0.964844
-0.964844
-0.972656
-0.972656
-0.964844
-0.964844
-0.980469
-0.957031
-0.972656
-0.957031
-0.933594
-0.941406
-0.964844
-0.964844
-0.933594
-0.972656
-0.988281
-0.964844
-0.925781
-0.917969
-0.902344
-0.925781
-0.933594
-0.957031
-0.933594
-0.925781
-0.917969
-0.925781
-0.925781
-0.941406
-0.957031
-0.988281
-0.964844
-0.988281
-0.964844
-0.957031
-0.980469
-0.972656
-0.988281
-0.933594
-0.917969
-0.972656
-0.972656
-0.980469
-0.957031
-0.949219
-0.972656
-0.996094
0.996063
-0.972656
-0.996094
-0.980469
-0.941406
-0.996094
-0.996094
-0.964844
-0.988281
-0.988281
-0.988281
0.996063
-0.972656
0.996063
-0.980469
-0.957031
-0.988281
-0.996094
-0.996094
-0.996094
0.996063
0.988251
0.996063
0.980438
0.988251
-0.996094
-0.996094
-0.988281
-0.996094
-0.996094
0.996063
-0.996094
-0.996094
-0.996094
-0.996094
0.996063
-0.996094
0.980438
0.988251
0.996063
0.996063
-0.996094
-0.964844
-0.988281
-0.972656
-0.996094
0.980438
0.988251
-0.988281
-0.964844
-0.972656
-0.957031
-0.980469
-0.996094
-0.980469
-0.925781
-0.933594
-0.941406
-0.980469
-0.972656
-0.933594
-0.933594
-0.910156
-0.933594
-0.933594
-0.957031
0.996063
0.949188
0.925751
-0.933594
-0.902344
-0.957031
-0.949219
-0.886719
-0.925781
-0.949219
-0.941406
-0.957031
-0.949219
-0.933594
-0.941406
-0.933594
-0.964844
0.980438
-0.996094
-0.980469
-0.988281
-0.996094
-0.996094
-0.980469
0.996063
-0.980469
-0.964844
-0.949219
-0.980469
-0.957031
-0.988281
0.996063
-0.988281
-0.972656
-0.988281
-0.996094
-0.980469
-0.980469
-0.988281
-0.996094
-0.988281
-0.980469
0.996063
-0.964844
-0.972656
0.996063
-0.972656
-0.980469
-0.988281
0.988251
0.988251
0.996063
0.988251
0.980438
0.988251
-0.996094
-0.996094
0.996063
0.988251
0.980438
0.957001
-0.964844
-0.972656
0.972626
-0.964844
-0.933594
0.996063
-0.996094
-0.980469
-0.972656
0.996063
0.972626
0.996063
-0.980469
0.988251
-0.996094
-0.980469
-0.996094
0.988251
-0.957031
-0.988281
-0.996094
-0.957031
-0.972656
-0.980469
-0.949219
-0.949219
-0.957031
-0.972656
-0.957031
-0.964844
-0.980469
-0.996094
-0.964844
-0.949219
-0.957031
-0.949219
-0.917969
0.972626
-0.871094
-0.964844
-0.996094
-0.972656
-0.902344
-0.933594
-0.925781
-0.925781
-0.941406
-0.964844
-0.949219
-0.910156
-0.941406
-0.941406
-0.941406
-0.910156
-0.902344
-0.894531
-0.894531
-0.933594
-0.949219
-0.949219
-0.925781
-0.925781
-0.949219
-0.949219
-0.949219
-0.941406
-0.964844
-0.957031
-0.972656
-0.949219
-0.941406
-0.972656
-0.996094
0.988251
-0.996094
-0.933594
-0.925781
-0.941406
-0.972656
-0.996094
-0.980469
-0.972656
-0.957031
-0.972656
-0.972656
-0.996094
-0.996094
-0.988281
-0.996094
-0.996094
-0.996094
-0.996094
0.996063
0.988251
0.988251
0.996063
0.988251
0.996063
0.996063
-0.996094
0.996063
0.988251
0.972626
-0.996094
0.996063
-0.996094
0.996063
0.988251
0.996063
0.996063
0.980438
-0.996094
-0.980469
-0.964844
-0.996094
0.980438
0.972626
0.996063
-0.980469
-0.988281
-0.996094
-0.988281
-0.980469
0.996063
0.980438
0.988251
0.980438
0.988251
-0.996094
0.988251
-0.996094
-0.996094
-0.996094
0.988251
0.988251
-0.996094
-0.964844
-0.957031
-0.972656
-0.996094
-0.996094
-0.988281
-0.996094
-0.996094
-0.996094
-0.972656
-0.957031
-0.964844
-0.972656
-0.964844
-0.996094
-0.964844
-0.980469
-0.949219
-0.996094
0.925751
0.933563
-0.964844
-0.878906
-0.957031
-0.949219
-0.910156
-0.957031
-0.988281
-0.941406
-0.941406
-0.933594
-0.886719
-0.894531
-0.917969
-0.957031
-0.996094
-0.996094
-0.964844
-0.949219
-0.988281
-0.972656
-0.980469
-0.980469
-0.933594
-0.949219
-0.941406
-0.980469
-0.957031
-0.972656
-0.957031
-0.996094
-0.980469
-0.996094
-0.972656
-0.964844
-0.964844
-0.972656
-0.972656
-0.980469
-0.988281
-0.949219
-0.980469
-0.996094
-0.996094
-0.996094
-0.980469
-0.980469
-0.996094
0.988251
0.988251
-0.996094
-0.972656
-0.996094
-0.996094
-0.972656
-0.964844
-0.996094
0.996063
0.972626
-0.996094
0.988251
0.988251
-0.980469
0.988251
-0.996094
-0.972656
-0.980469
-0.996094
-0.972656
-0.988281
0.996063
0.996063
-0.980469
-0.996094
0.972626
-0.996094
-0.972656
-0.933594
-0.957031
-0.988281
0.980438
0.980438
-0.988281
-0.996094
-0.949219
-0.964844
-0.964844
-0.957031
-0.957031
-0.925781
-0.980469
-0.972656
-0.949219
-0.933594
-0.972656
-0.933594
-0.910156
-0.933594
0.980438
-0.957031
-0.972656
-0.972656
-0.964844
-0.972656
-0.925781
-0.964844
-0.988281
-0.988281
-0.957031
-0.949219
-0.972656
-0.972656
-0.964844
-0.949219
-0.925781
-0.933594
-0.949219
-0.949219
-0.988281
-0.988281
-0.972656
-0.964844
-0.933594
-0.988281
-0.988281
-0.988281
-0.957031
-0.988281
-0.972656
-0.957031
-0.964844
-0.980469
-0.957031
-0.980469
-0.996094
-0.996094
-0.988281
-0.996094
-0.980469
0.988251
0.980438
-0.996094
-0.980469
-0.964844
-0.996094
-0.980469
-0.972656
-0.980469
-0.964844
-0.996094
-0.964844
-0.988281
-0.964844
-0.980469
-0.957031
-0.957031
-0.941406
-0.957031
-0.988281
-0.996094
-0.988281
-0.996094
-0.996094
-0.996094
-0.964844
-0.988281
-0.988281
-0.957031
-0.964844
-0.980469
-0.988281
-0.988281
-0.972656
-0.980469
-0.988281
-0.980469
-0.988281
-0.964844
0.988251
-0.996094
-0.996094
-0.988281
-0.988281
-0.980469
-0.972656
-0.964844
-0.988281
-0.996094
-0.980469
-0.957031
-0.996094
-0.996094
-0.957031
-0.949219
-0.980469
-0.964844
-0.996094
-0.957031
-0.957031
-0.964844
-0.957031
-0.941406
-0.964844
-0.996094
-0.988281
-0.972656
-0.964844
-0.996094
-0.972656
-0.957031
-0.980469
-0.964844
-0.988281
0.980438
0.964813
0.941376
-0.980469
-0.894531
-0.949219
-0.980469
-0.871094
-0.878906
-0.917969
-0.964844
-0.988281
-0.949219
-0.878906
-0.886719
-0.902344
-0.980469
0.949188
0.949188
-0.996094
0.996063
0.996063
-0.996094
-0.964844
-0.980469
-0.988281
-0.980469
-0.980469
-0.996094
-0.988281
-0.996094
-0.996094
-0.988281
-0.972656
-0.996094
-0.996094
-0.988281
-0.964844
-0.988281
-0.996094
-0.957031
-0.996094
-0.996094
-0.980469
0.996063
-0.996094
-0.980469
-0.957031
-0.988281
0.988251
-0.996094
-0.996094
-0.957031
-0.988281
-0.996094
-0.957031
-0.996094
-0.980469
-0.988281
-0.972656
-0.957031
-0.980469
-0.941406
-0.980469
-0.957031
-0.949219
-0.980469
-0.964844
-0.988281
-0.988281
-0.941406
-0.964844
-0.972656
-0.980469
0.996063
-0.996094
-0.988281
-0.988281
-0.996094
-0.957031
-0.949219
-0.957031
-0.941406
-0.988281
-0.933594
-0.949219
-0.964844
-0.964844
-0.964844
-0.980469
-0.972656
-0.964844
0.988251
-0.996094
-0.957031
-0.941406
-0.949219
-0.972656
-0.988281
-0.988281
-0.988281
-0.980469
-0.996094
-0.996094
-0.996094
-0.972656
-0.933594
-0.941406
-0.949219
-0.988281
-0.988281
-0.972656
-0.996094
-0.964844
-0.972656
-0.980469
-0.980469
-0.988281
-0.980469
-0.980469
-0.972656
-0.964844
-0.988281
-0.972656
-0.980469
-0.972656
-0.957031
-0.933594
-0.988281
0.949188
0.902313
0.941376
-0.996094
-0.925781
-0.910156
-0.886719
-0.871094
-0.871094
-0.894531
-0.949219
-0.980469
0.980438
0.941376
0.957001
0.980438
0.996063
0.988251
-0.996094
-0.980469
-0.949219
-0.917969
-0.925781
-0.925781
-0.910156
-0.957031
-0.980469
0.980438
0.964813
0.964813
-0.996094
-0.996094
-0.949219
-0.964844
-0.980469
-0.980469
-0.996094
0.980438
-0.949219
-0.917969
-0.917969
-0.863281
-0.855469
-0.910156
-0.941406
-0.972656
0.988251
0.996063
0.988251
-0.917969
-0.980469
0.972626
-0.941406
-0.925781
-0.964844
-0.964844
-0.902344
-0.925781
-0.941406
-0.941406
-0.972656
0.957001
0.917938
0.910126
0.957001
0.964813
-0.980469
-0.925781
-0.902344
-0.933594
-0.910156
-0.910156
-0.886719
-0.902344
-0.933594
-0.957031
0.988251
0.972626
0.972626
0.957001
-0.996094
-0.964844
-0.957031
-0.972656
0.498286
0.499143
0.500001
