-0.972656
-0.996094
-0.988281
-0.957031
-0.0428772
0.72287
-0.99585
-0.99585
-0.99585
-0.99585
-0.99585
-0.99585
-0.99585
-0.277161
-0.99585
0.582092
-0.808838
-0.808838
-0.801025
-0.667816
-0.99585
-0.99585
-0.683746
-0.808838
-0.808838
-0.277588
0.167908
0.0742188
0.995911
-0.808838
-0.808838
-0.12915
0.0116272
0.285217
0.54306
0.277374
-0.410217
0.886566
0.769379
-0.79306
-0.464935
0.417816
-0.269714
-0.293182
0.347443
0.285004
-0.29303
0.308594
-0.894501
-0.933594
-0.238342
0.722534
0.464722
0.214752
0.449158
-0.644562
-0.113342
-0.871185
0.0740967
0.300659
0.863159
-0.238373
0.503815
0.691315
0.558502
0.503815
0.55069
0.597565
0.621002
0.660065
0.80069
-0.785217
-0.0508423
-0.894562
0.917938
-0.597626
0.839905
0.918091
0.785339
-0.99585
-0.99585
-0.99585
0.965057
0.160339
0.113403
-0.246033
-0.339844
0.355408
-0.214935
0.0975342
-0.441528
0.167847
-0.85556
0.76944
0.70697
0.410126
-0.300781
0.660156
-0.824188
-0.839813
0.246094
0.519501
0.527283
-0.878967
-0.94928
0.26947
0.113251
-0.558594
-0.464844
0.597626
-0.316437
-0.339874
0.511688
-0.542969
0.0195312
-0.0976562
0.949188
-0.175812
-0.832062
-0.855499
-0.464874
0.0195007
0.261688
0.175751
-0.0508118
-0.113312
0.0507507
0.371063
0.699188
0.925751
-0.863281
-0.675781
-0.699219
-0.996094
0.519501
0.00387573
-0.496124
-0.886749
-0.996124
-0.808624
-0.628937
-0.816437
0.73822
0.253845
-0.10553
-0.285217
-0.0586548
0.449158
-0.925812
-0.417999
0.175751
0.777313
-0.667969
-0.136719
0.363281
0.769531
-0.949188
-0.949188
0.910156
0.636719
0.363281
0.144531
-0.0117188
-0.316406
-0.605469
-0.886719
0.941376
0.996063
-0.792969
-0.511719
-0.199219
0.128906
0.316406
0.425781
0.480469
0.558594
0.558594
0.542969
0.519531
0.527344
0.519531
0.503906
0.457031
0.480469
0.660156
0.878906
0.894531
0.730469
0.535156
0.433594
0.433594
0.347656
0.207031
0.0117188
-0.160156
-0.207031
-0.152344
-0.0195312
0.0742188
0.222656
0.347656
0.535156
0.738281
0.917969
0.964844
0.917969
0.722656
0.464844
0.136719
-0.160156
-0.355469
-0.433594
-0.417969
-0.402344
-0.425781
-0.511719
-0.527344
-0.558594
-0.644531
-0.699219
-0.769531
-0.949219
0.917938
0.863251
0.839813
0.925751
-0.988281
-0.832031
-0.691406
-0.597656
-0.550781
-0.574219
-0.613281
-0.691406
-0.824219
0.996063
0.839813
0.714813
0.691376
0.667938
0.628876
0.597626
0.535126
0.574188
0.675751
0.839813
0.941376
0.949188
0.949188
0.910126
0.917938
0.988251
-0.980469
-0.988281
0.988251
0.917938
0.925751
0.980438
-0.964844
-0.878906
-0.863281
-0.847656
-0.847656
-0.839844
-0.816406
-0.824219
-0.777344
-0.824219
-0.816406
-0.777344
-0.691406
-0.589844
-0.527344
-0.496094
-0.441406
-0.347656
-0.292969
-0.191406
-0.105469
-0.0429688
0.0117188
-0.00390625
-0.0429688
-0.0273438
0.0273438
0.0429688
0.0195312
-0.0195312
-0.0507812
-0.0507812
-0.0273438
-0.0117188
-0.0117188
0.0273438
0.0664062
0.0976562
0.0898438
0.113281
0.0898438
0.0898438
0.0585938
0.0507812
0.0273438
0.0507812
0.0429688
0.0117188
-0.00390625
-0.0351562
-0.0820312
-0.113281
-0.144531
-0.191406
-0.246094
-0.363281
-0.457031
-0.503906
-0.558594
-0.605469
-0.652344
-0.667969
-0.699219
-0.722656
-0.722656
-0.722656
-0.816406
-0.824219
-0.769531
-0.675781
-0.691406
-0.777344
-0.839844
-0.839844
-0.894531
-0.917969
-0.941406
-0.949219
-0.941406
-0.917969
-0.933594
-0.964844
0.996063
0.917938
0.855438
0.839813
0.863251
0.910126
0.902313
0.839813
0.832001
0.871063
0.894501
0.894501
0.933563
0.871063
0.824188
0.839813
0.847626
0.878876
0.847626
0.832001
0.863251
0.855438
0.910126
0.964813
0.957001
0.964813
0.949188
0.964813
0.972626
-0.988281
-0.980469
-0.949219
-0.933594
-0.949219
-0.957031
-0.949219
-0.964844
-0.964844
-0.925781
-0.902344
-0.910156
-0.902344
-0.902344
-0.917969
-0.894531
-0.886719
-0.910156
-0.917969
-0.894531
-0.878906
-0.910156
-0.917969
-0.886719
-0.878906
-0.847656
-0.855469
-0.855469
-0.894531
-0.886719
-0.847656
-0.855469
-0.863281
-0.871094
-0.863281
-0.824219
-0.832031
-0.824219
-0.832031
-0.816406
-0.808594
-0.847656
-0.847656
-0.839844
-0.847656
-0.863281
-0.855469
-0.824219
-0.800781
-0.839844
-0.824219
-0.808594
-0.816406
-0.785156
-0.792969
-0.824219
-0.839844
-0.847656
-0.871094
-0.871094
-0.878906
-0.871094
-0.878906
-0.863281
-0.886719
-0.910156
-0.863281
-0.839844
-0.847656
-0.847656
-0.847656
-0.832031
-0.839844
-0.839844
-0.855469
-0.824219
-0.816406
-0.816406
-0.808594
-0.847656
-0.871094
-0.863281
-0.871094
-0.886719
-0.886719
-0.863281
-0.855469
-0.886719
-0.847656
-0.871094
-0.871094
-0.839844
-0.855469
-0.894531
-0.910156
-0.886719
-0.839844
-0.871094
-0.894531
-0.894531
-0.902344
-0.941406
-0.949219
-0.964844
-0.957031
-0.925781
-0.933594
-0.941406
-0.925781
-0.941406
-0.957031
-0.996094
-0.964844
-0.933594
-0.957031
-0.957031
-0.941406
-0.917969
-0.917969
-0.910156
-0.925781
-0.957031
-0.949219
-0.972656
-0.972656
-0.980469
-0.957031
-0.996094
-0.972656
-0.980469
-0.949219
-0.941406
-0.957031
-0.972656
-0.996094
-0.988281
-0.988281
0.996063
0.972626
0.972626
0.933563
0.933563
0.964813
0.957001
0.957001
0.941376
0.964813
0.941376
0.949188
0.957001
0.972626
0.957001
0.933563
0.941376
0.941376
0.949188
0.917938
0.910126
0.902313
0.910126
0.910126
0.941376
0.902313
0.917938
0.925751
0.933563
0.972626
0.988251
0.980438
0.972626
0.957001
0.847626
0.871063
0.996063
-0.972656
0.957001
0.980438
-0.972656
-0.996094
-0.996094
0.988251
0.996063
-0.980469
-0.972656
-0.964844
-0.949219
0.972626
0.933563
0.933563
0.957001
0.957001
0.949188
0.964813
0.988251
0.980438
0.996063
0.996063
-0.996094
0.988251
0.972626
-0.996094
0.980438
0.980438
0.980438
0.964813
0.964813
0.949188
0.988251
0.988251
0.988251
0.980438
-0.996094
0.964813
0.972626
-0.996094
-0.972656
-0.996094
-0.988281
-0.988281
-0.980469
-0.988281
-0.957031
-0.972656
-0.980469
-0.988281
-0.972656
-0.957031
-0.996094
-0.925781
0.957001
0.972626
-0.941406
-0.972656
0.957001
0.988251
-0.996094
0.996063
-0.988281
-0.980469
-0.996094
0.996063
0.988251
-0.996094
-0.972656
-0.957031
-0.949219
-0.964844
-0.996094
-0.996094
-0.980469
-0.988281
-0.957031
-0.988281
-0.996094
-0.996094
-0.988281
-0.988281
-0.988281
-0.996094
-0.996094
-0.996094
-0.996094
-0.980469
0.988251
-0.972656
-0.933594
0.941376
-0.941406
-0.964844
0.964813
-0.996094
-0.941406
-0.996094
0.996063
-0.972656
-0.988281
-0.988281
-0.996094
0.996063
-0.996094
-0.980469
-0.972656
-0.988281
-0.980469
-0.957031
-0.980469
-0.996094
-0.996094
-0.996094
-0.988281
-0.996094
-0.972656
-0.949219
-0.980469
-0.988281
-0.972656
-0.980469
-0.972656
-0.957031
-0.964844
-0.988281
-0.980469
-0.988281
0.980438
0.996063
-0.996094
-0.996094
-0.980469
0.996063
0.988251
-0.996094
-0.996094
-0.996094
0.964813
0.933563
0.980438
0.996063
0.996063
0.972626
-0.996094
-0.996094
-0.996094
0.988251
-0.957031
-0.988281
-0.996094
0.988251
0.980438
0.972626
0.964813
0.980438
0.988251
-0.996094
-0.996094
-0.996094
0.996063
0.996063
0.972626
-0.996094
-0.996094
0.964813
0.980438
0.996063
0.949188
0.925751
0.933563
0.941376
0.964813
0.949188
0.933563
0.941376
0.933563
0.925751
0.917938
0.964813
0.941376
0.949188
0.949188
0.933563
0.917938
0.933563
0.933563
0.964813
0.972626
0.964813
0.925751
0.917938
0.941376
0.972626
0.980438
0.957001
0.941376
0.886688
0.925751
0.957001
0.980438
0.957001
0.964813
0.996063
-0.996094
0.996063
0.957001
0.910126
0.972626
-0.871094
-0.933594
0.832001
0.753876
-0.980469
-0.785156
0.988251
0.886688
-0.925781
-0.808594
-0.964844
0.902313
0.957001
-0.808594
-0.722656
-0.941406
0.925751
0.894501
0.871063
0.925751
-0.933594
-0.667969
-0.699219
0.753876
0.417938
0.902313
-0.261719
-0.285156
0.644501
0.136688
-0.988281
-0.0976562
-0.472656
0.472626
0.183563
-0.800781
-0.00390625
-0.847656
0.152313
0.769501
-0.355469
-0.816406
0.511688
0.902313
-0.527344
-0.792969
0.667938
0.652313
-0.925781
-0.527344
-0.714844
0.691376
0.589813
-0.855469
-0.699219
0.933563
0.925751
-0.933594
0.816376
0.832001
-0.761719
-0.832031
0.792938
0.855438
-0.871094
-0.925781
0.792938
0.800751
-0.988281
-0.824219
-0.863281
0.855438
0.589813
0.972626
-0.503906
-0.847656
0.613251
-0.996094
-0.636719
0.832001
0.410126
0.871063
-0.472656
-0.511719
0.863251
0.402313
0.660126
-0.917969
-0.761719
-0.636719
-0.753906
0.738251
0.519501
0.980438
-0.628906
-0.878906
0.832001
0.972626
-0.972656
0.980438
-0.910156
-0.816406
0.878876
0.644501
-0.886719
-0.386719
-0.785156
0.582001
0.730438
-0.707031
-0.738281
0.863251
0.964813
-0.644531
-0.785156
0.644501
0.636688
-0.699219
-0.300781
-0.917969
0.394501
0.675751
-0.472656
-0.457031
0.777313
0.597626
-0.847656
-0.605469
-0.980469
0.730438
0.941376
-0.644531
-0.707031
0.714813
0.519501
-0.878906
-0.425781
-0.753906
0.675751
0.628876
0.925751
-0.863281
-0.808594
-0.894531
0.996063
0.871063
0.917938
-0.980469
-0.980469
-0.941406
-0.808594
0.972626
0.667938
0.863251
-0.847656
-0.980469
0.996063
-0.902344
0.972626
0.761688
0.964813
-0.886719
0.839813
0.863251
-0.667969
-0.761719
0.582001
0.378876
0.957001
-0.386719
-0.464844
0.777313
0.199188
0.347626
-0.824219
-0.152344
-0.339844
0.738251
0.0663757
0.363251
-0.644531
-0.183594
-0.777344
0.558563
0.535126
0.808563
-0.980469
-0.800781
-0.769531
-0.925781
0.824188
0.660126
0.667938
0.925751
-0.691406
-0.558594
-0.949219
0.535126
0.449188
0.886688
-0.691406
-0.597656
-0.878906
0.816376
0.714813
0.933563
-0.949219
0.855438
0.816376
-0.785156
-0.433594
-0.691406
0.589813
0.207001
0.832001
-0.277344
-0.457031
0.660126
0.488251
0.980438
-0.785156
-0.855469
-0.917969
-0.988281
-0.964844
-0.792969
-0.910156
0.886688
0.941376
-0.730469
-0.621094
-0.863281
0.777313
0.707001
-0.902344
-0.394531
-0.691406
0.621063
0.613251
-0.792969
-0.714844
0.902313
0.917938
-0.699219
-0.683594
0.957001
0.652313
0.855438
-0.644531
-0.464844
0.988251
0.636688
0.957001
-0.628906
-0.761719
0.925751
0.730438
0.792938
-0.972656
-0.667969
-0.511719
-0.839844
0.519501
0.480438
-0.730469
-0.300781
-0.972656
0.480438
0.902313
-0.542969
-0.707031
0.839813
0.574188
0.644501
-0.972656
-0.433594
-0.410156
0.792938
0.347626
0.925751
-0.660156
0.925751
0.730438
-0.746094
-0.566406
0.800751
0.355438
0.832001
-0.441406
-0.636719
0.605438
0.550751
-0.839844
-0.621094
0.871063
0.613251
0.996063
-0.832031
0.941376
0.746063
0.988251
-0.621094
-0.871094
0.480438
0.636688
-0.683594
-0.675781
0.855438
0.894501
-0.917969
0.917938
0.792938
-0.949219
-0.894531
0.941376
-0.980469
-0.746094
-0.996094
0.519501
0.621063
-0.558594
-0.253906
0.941376
0.292938
0.730438
-0.589844
-0.730469
0.886688
0.980438
-0.863281
0.949188
0.878876
-0.832031
-0.738281
-0.917969
0.785126
0.675751
-0.902344
-0.378906
-0.496094
0.714813
0.214813
0.871063
-0.128906
-0.308594
0.628876
0.410126
-0.917969
-0.675781
0.910126
-0.988281
-0.433594
-0.503906
0.519501
-0.0195618
0.832001
0.160156
0.0429688
0.621063
0.0116882
0.839813
-0.402344
-0.691406
0.894501
0.941376
-0.816406
-0.777344
0.902313
0.464813
0.746063
-0.464844
-0.371094
0.910126
0.449188
0.511688
-0.972656
-0.394531
-0.621094
0.652313
0.535126
-0.847656
-0.636719
0.730438
0.441376
-0.839844
-0.253906
-0.613281
0.621063
0.332001
0.707001
-0.738281
-0.535156
-0.707031
0.917938
0.339813
0.347626
-0.699219
-0.0585938
-0.871094
0.199188
0.660126
-0.527344
-0.691406
0.519501
0.652313
-0.496094
-0.519531
0.582001
0.457001
-0.832031
-0.589844
0.980438
0.769501
-0.949219
-0.738281
0.941376
0.582001
0.808563
-0.441406
-0.316406
0.792938
0.0741882
0.574188
-0.402344
-0.0195312
-0.566406
0.433563
-0.152374
0.683563
0.167969
0.136719
0.519501
-0.121124
-0.996094
-0.152344
-0.769531
0.628876
-0.996094
-0.824219
-0.886719
-0.996094
-0.863281
-0.808594
-0.957031
0.902313
-0.957031
-0.832031
0.917938
0.910126
-0.613281
-0.425781
0.589813
-0.0820618
0.847626
0.105469
-0.152344
0.660126
0.0663757
0.707001
-0.496094
-0.605469
-0.949219
-0.707031
-0.839844
0.191376
0.0976257
-0.480469
0.394531
-0.511719
0.222626
0.144501
0.933563
-0.457031
-0.566406
-0.957031
0.839813
0.683563
0.878876
-0.691406
-0.628906
0.878876
0.636688
-0.996094
-0.652344
-0.613281
0.871063
0.332001
0.824188
-0.167969
-0.613281
0.199188
0.503876
-0.0976562
-0.175781
0.355438
-0.136749
-0.941406
0.0117188
-0.566406
0.292938
0.269501
-0.558594
-0.128906
0.839813
0.121063
0.761688
-0.488281
-0.566406
0.839813
0.425751
0.902313
-0.277344
-0.597656
0.371063
0.441376
-0.691406
-0.535156
0.980438
0.753876
0.847626
-0.949219
-0.816406
-0.839844
0.988251
0.597626
0.605438
-0.707031
-0.230469
-0.871094
0.277313
0.386688
-0.738281
-0.238281
-0.839844
0.332001
0.417938
-0.597656
-0.175781
-0.894531
0.308563
0.707001
-0.433594
-0.535156
0.707001
0.699188
-0.714844
-0.808594
0.667938
-0.972656
-0.308594
-0.847656
0.238251
0.644501
-0.371094
-0.472656
0.824188
0.769501
-0.894531
-0.957031
0.753876
0.949188
-0.464844
-0.441406
0.832001
0.480438
0.941376
-0.699219
-0.894531
-0.957031
-0.816406
-0.941406
0.847626
0.996063
-0.816406
-0.964844
0.808563
-0.964844
-0.628906
-0.925781
0.628876
0.855438
-0.628906
-0.621094
0.894501
0.550751
0.699188
-0.714844
-0.339844
-0.675781
0.644501
0.496063
0.972626
-0.824219
-0.902344
-0.691406
-0.628906
0.738251
0.488251
-0.949219
-0.589844
-0.761719
0.878876
0.660126
0.941376
-0.636719
-0.738281
0.847626
0.644501
0.832001
-0.777344
-0.699219
0.941376
0.808563
0.988251
-0.996094
-0.949219
-0.949219
0.824188
0.863251
-0.707031
-0.699219
0.699188
0.542938
-0.871094
-0.628906
0.980438
0.839813
0.972626
0.800751
0.847626
-0.621094
-0.464844
0.839813
0.246063
0.660126
-0.480469
-0.363281
0.988251
0.628876
0.785126
0.988251
-0.730469
-0.621094
0.824188
0.480438
-0.816406
-0.324219
0.777313
0.191376
-0.707031
-0.0585938
0.917938
0.378876
-0.878906
-0.621094
0.894501
-0.949219
-0.613281
0.894501
0.589813
-0.910156
-0.464844
-0.699219
0.800751
0.636688
0.902313
-0.894531
-0.730469
-0.636719
0.941376
0.355438
0.699188
-0.316406
-0.0742188
0.941376
0.152313
0.511688
-0.714844
-0.371094
-0.386719
-0.863281
0.355438
0.285126
-0.816406
-0.308594
-0.628906
-0.980469
0.925751
0.738251
0.777313
-0.847656
-0.722656
-0.910156
-0.917969
-0.996094
0.808563
0.988251
-0.675781
-0.777344
0.707001
0.542938
-0.910156
-0.269531
-0.699219
0.449188
0.457001
-0.894531
-0.636719
-0.746094
-0.886719
0.855438
0.746063
-0.980469
0.878876
0.824188
-0.378906
-0.261719
0.503876
0.175751
-0.941406
-0.644531
-0.925781
-0.878906
-0.878906
0.996063
0.761688
0.542938
0.832001
-0.542969
-0.472656
-0.980469
0.605438
0.542938
0.886688
-0.800781
-0.894531
0.996063
-0.644531
-0.675781
0.550751
0.144501
0.910126
-0.199219
-0.410156
0.855438
0.441376
0.636688
-0.777344
-0.417969
-0.949219
0.449188
0.816376
-0.605469
-0.714844
0.925751
0.777313
0.894501
-0.792969
-0.816406
0.878876
-0.902344
-0.503906
0.980438
0.378876
0.800751
-0.347656
-0.199219
0.980438
0.191376
0.582001
-0.464844
-0.316406
-0.949219
0.792938
0.816376
0.863251
-0.902344
-0.800781
0.949188
-0.933594
-0.589844
-0.996094
0.449188
0.957001
-0.277344
-0.730469
0.433563
0.628876
-0.707031
-0.511719
-0.714844
0.925751
0.480438
0.535126
-0.613281
0.0429688
-0.636719
0.214813
0.363251
-0.660156
-0.363281
-0.800781
0.800751
0.785126
0.917938
0.996063
-0.785156
-0.714844
0.917938
0.863251
-0.871094
-0.996094
0.894501
-0.722656
-0.878906
0.589813
0.785126
-0.691406
-0.558594
-0.871094
0.527313
0.347626
-0.769531
-0.0351562
-0.902344
-0.0195618
0.472626
-0.238281
-0.144531
0.746063
0.207001
0.761688
-0.761719
-0.808594
-0.792969
-0.761719
0.777313
0.324188
0.816376
-0.441406
-0.574219
0.785126
0.675751
0.941376
-0.996094
-0.839844
-0.769531
0.785126
0.605438
-0.683594
-0.425781
0.707001
0.535126
-0.683594
-0.722656
0.511688
0.738251
-0.347656
-0.589844
0.308563
0.222626
-0.472656
0.160156
0.894501
-0.183624
0.425751
-0.371094
-0.00390625
-0.574219
0.597626
0.480438
0.863251
-0.886719
-0.597656
-0.441406
-0.832031
0.636688
0.660126
-0.886719
-0.738281
-0.863281
-0.792969
-0.925781
0.628876
0.714813
-0.792969
-0.667969
-0.972656
0.957001
-0.886719
-0.808594
0.988251
0.722626
-0.941406
-0.589844
-0.847656
0.871063
0.980438
-0.988281
0.847626
-0.964844
-0.613281
-0.917969
0.660126
-0.949219
-0.566406
-0.996094
0.582001
0.925751
-0.472656
-0.535156
0.832001
0.417938
0.832001
-0.496094
-0.636719
0.769501
0.738251
-0.808594
-0.894531
0.769501
0.925751
-0.800781
0.980438
0.785126
-0.894531
-0.597656
-0.832031
0.839813
0.636688
0.542938
-0.894531
-0.160156
-0.496094
0.582001
0.410126
0.636688
0.878876
-0.613281
-0.167969
-0.660156
0.300751
0.230438
-0.917969
-0.542969
-0.902344
-0.933594
-0.863281
0.855438
0.527313
0.769501
-0.527344
-0.417969
0.886688
0.730438
0.957001
0.941376
0.933563
-0.699219
-0.449219
0.941376
0.300751
0.613251
-0.550781
-0.457031
-0.855469
-0.996094
0.847626
0.472626
0.878876
-0.167969
-0.316406
0.605438
0.324188
0.902313
-0.777344
-0.660156
-0.542969
-0.792969
0.675751
0.425751
0.777313
-0.378906
0.00390625
0.996063
-0.00393677
0.730438
-0.113281
-0.433594
0.675751
0.535126
0.996063
-0.839844
-0.503906
-0.621094
0.644501
0.550751
-0.714844
-0.636719
0.800751
0.941376
-0.566406
-0.824219
0.652313
0.738251
-0.894531
-0.714844
-0.636719
0.980438
0.574188
0.847626
-0.660156
-0.675781
0.933563
0.832001
-0.988281
-0.980469
0.949188
-0.972656
-0.925781
0.980438
0.996063
-0.792969
-0.941406
0.613251
0.683563
-0.621094
-0.457031
0.957001
0.574188
0.863251
-0.746094
-0.832031
0.847626
0.792938
-0.824219
-0.644531
0.933563
0.769501
0.996063
-0.996094
0.925751
-0.933594
-0.941406
0.902313
-0.847656
-0.722656
0.792938
0.457001
0.855438
-0.636719
-0.558594
-0.777344
0.855438
0.488251
0.558563
-0.824219
-0.300781
-0.675781
0.558563
0.449188
-0.996094
-0.527344
-0.621094
0.925751
0.636688
0.730438
-0.824219
-0.542969
-0.761719
0.863251
0.816376
0.839813
0.886688
-0.894531
-0.582031
-0.699219
0.816376
0.386688
0.566376
-0.652344
-0.316406
-0.722656
0.769501
0.644501
0.808563
-0.816406
-0.488281
-0.753906
0.816376
0.988251
-0.761719
-0.980469
0.871063
0.871063
0.964813
-0.746094
-0.699219
0.847626
0.542938
0.878876
-0.808594
-0.675781
-0.785156
0.792938
0.597626
-0.925781
-0.394531
-0.761719
0.503876
0.574188
-0.699219
-0.480469
0.988251
0.753876
-0.996094
-0.933594
-0.964844
-0.800781
-0.847656
0.800751
0.792938
-0.816406
-0.753906
-0.917969
-0.988281
0.878876
0.761688
-0.988281
-0.613281
-0.855469
0.660126
0.847626
-0.628906
-0.675781
0.878876
0.722626
-0.933594
-0.777344
-0.972656
0.832001
-0.964844
-0.628906
-0.871094
0.652313
0.761688
-0.761719
-0.605469
-0.996094
0.605438
0.777313
-0.613281
-0.457031
-0.910156
0.691376
0.824188
-0.964844
0.878876
0.878876
-0.808594
-0.792969
0.902313
0.839813
-0.902344
-0.738281
-0.925781
0.800751
0.933563
-0.707031
-0.824219
0.769501
0.785126
-0.808594
-0.699219
0.777313
0.496063
-0.957031
-0.519531
-0.707031
0.988251
0.886688
0.808563
0.792938
-0.933594
-0.628906
-0.746094
0.871063
0.738251
0.949188
-0.933594
-0.894531
-0.839844
-0.824219
0.941376
0.675751
0.816376
-0.582031
-0.363281
0.878876
0.417938
0.972626
-0.519531
-0.964844
0.457001
0.621063
-0.808594
-0.488281
-0.644531
0.808563
0.550751
0.917938
-0.777344
-0.714844
-0.613281
-0.644531
0.761688
-0.0117493
-0.0664368
-0.863281
-0.941376
-0.964813
0.324188
0.222595
-0.449249
0.535156
-0.480438
-0.300781
0.00387573
0.128876
0.972626
-0.863281
0.535126
0.363251
-0.910156
-0.0195312
0.0664062
-0.714844
0.300751
-0.0195618
0.472626
-0.683594
-0.0820312
-0.152344
-0.746094
0.675751
0.0273132
-0.722687
-0.0664368
0.941406
-0.699158
0.660156
-0.933655
0.0272522
-0.707031
-0.566315
0.566467
-0.597687
-0.82431
0.0429077
0.988281
0.269562
0.324219
0.644501
-0.136749
-0.527374
-0.00393677
-0.699219
0.339844
0.253906
-0.855469
0.0898132
-0.0351868
0.722626
-0.707031
-0.800781
-0.996094
-0.808594
-0.808594
0.761688
0.558563
-0.839844
-0.628906
0.746063
0.542938
-0.996094
-0.855469
-0.730469
-0.691406
0.707001
0.214813
0.839813
-0.527344
-0.777344
0.847626
-0.949219
0.498286
0.499143
0.500001
