-0.964844
-0.972656
-0.980469
-0.964844
0.85553
0.56662
-0.99585
-0.99585
-0.99585
-0.99585
-0.99585
-0.99585
-0.99585
0.105652
0.941254
0.792786
-0.808838
-0.808838
-0.808838
0.988037
0.957184
-0.99585
-0.667816
-0.465088
-0.808838
-0.879059
-0.621094
-0.894684
-0.808838
-0.808838
0.949097
-0.99585
-0.99585
-0.0664673
-0.808838
-0.738464
-0.621216
0.355347
0.144592
-0.99585
0.519745
0.722626
-0.230713
-0.808838
-0.676025
-0.730499
-0.0349426
0.152527
-0.636688
-0.644592
0.410004
0.0193481
0.839691
0.699188
-0.496002
0.347748
-0.0898132
-0.589935
0.144348
0.519348
0.0350342
-0.94928
-0.917999
-0.371124
-0.675842
0.441284
0.167847
-0.996185
-0.253998
0.58194
-0.00396729
0.83197
-0.410217
0.67569
0.277283
-0.136719
0.714905
0.0509338
0.183807
-0.99585
-0.99585
-0.99585
0.793182
0.0822144
-0.886566
0.183685
0.589874
0.386688
0.816315
0.527222
-0.519653
-0.316528
0.808472
0.371002
0.17572
0.0429382
-0.472656
0.433594
-0.964813
-0.699188
0.511719
0.605438
0.30072
0.589752
0.308502
-0.32428
-0.753937
0.222626
0.957001
-0.847656
-0.230499
-0.16803
0.371033
-0.230469
0.542999
-0.722626
-0.496124
-0.832092
-0.433655
0.941345
-0.457062
-0.714874
0.95697
-0.777374
-0.550812
-0.621124
-0.363312
-0.949219
0.207031
-0.144531
0.753876
0.292938
0.691376
-0.675781
-0.558594
0.707001
-0.652374
0.222595
-0.0508423
0.417908
-0.996124
0.949158
0.167908
-0.582092
-0.769592
-0.582092
-0.13678
0.464783
0.574158
0.26947
-0.996124
0.699188
-0.386719
-0.535156
-0.449219
0.0664062
0.0195312
-0.308594
0.0742188
0.792969
0.722656
0.0898438
-0.347656
-0.261719
-0.253906
-0.597656
-0.839844
-0.519531
-0.261719
-0.449219
-0.574219
-0.339844
-0.0664062
0.160156
0.582031
0.925781
0.785156
0.425781
0.230469
0.363281
0.746094
-0.957001
-0.910126
-0.972626
-0.941376
-0.917938
0.964844
0.636719
0.332031
0.175781
0.0273438
-0.152344
-0.253906
-0.347656
-0.597656
-0.753906
-0.558594
0.0351562
0.441406
0.488281
0.230469
0.167969
0.480469
0.746094
0.480469
0.0898438
0.0117188
0.0898438
-0.0195312
-0.386719
-0.691406
-0.785156
-0.683594
-0.449219
-0.324219
-0.417969
-0.589844
-0.707031
-0.707031
-0.714844
-0.871094
0.746063
0.308563
0.285126
0.699188
-0.980469
0.996063
0.847626
0.910126
-0.941406
-0.746094
-0.691406
-0.769531
-0.910156
0.941376
0.800751
0.628876
0.496063
0.410126
0.417938
0.472626
0.402313
0.214813
0.222626
0.480438
0.722626
0.777313
0.730438
0.636688
0.519501
0.574188
0.839813
-0.933594
-0.886719
-0.964844
0.863251
0.816376
0.996063
-0.667969
-0.558594
-0.636719
-0.714844
-0.707031
-0.746094
-0.722656
-0.628906
-0.519531
-0.488281
-0.597656
-0.761719
-0.871094
-0.863281
-0.714844
-0.527344
-0.371094
-0.246094
-0.207031
-0.105469
-0.0273438
-0.0117188
0.0195312
0.160156
0.160156
-0.0195312
-0.214844
-0.300781
-0.269531
-0.113281
0.0429688
0.128906
0.0976562
0.0507812
0.0351562
0.105469
0.253906
0.269531
0.144531
0.0117188
-0.0898438
-0.167969
-0.214844
-0.222656
-0.152344
-0.0273438
0.0429688
0.0351562
0.0195312
-0.0195312
-0.0429688
-0.0585938
-0.0898438
-0.175781
-0.300781
-0.480469
-0.605469
-0.660156
-0.652344
-0.683594
-0.792969
-0.871094
-0.933594
-0.871094
-0.816406
-0.832031
-0.878906
-0.910156
-0.949219
0.980438
0.933563
0.902313
0.949188
-0.996094
0.988251
0.925751
0.871063
0.832001
0.792938
0.800751
0.832001
0.933563
0.941376
0.949188
0.910126
0.894501
0.894501
0.863251
0.808563
0.738251
0.652313
0.582001
0.613251
0.707001
0.847626
0.917938
0.902313
0.902313
0.933563
0.933563
0.957001
0.980438
-0.996094
0.910126
0.691376
0.558563
0.582001
0.730438
0.910126
0.996063
-0.910156
-0.917969
-0.902344
-0.949219
-0.910156
-0.894531
-0.878906
-0.902344
-0.941406
0.964813
0.878876
0.894501
0.988251
-0.847656
-0.738281
-0.683594
-0.707031
-0.714844
-0.738281
-0.753906
-0.816406
-0.871094
-0.910156
-0.933594
-0.878906
-0.847656
-0.816406
-0.785156
-0.746094
-0.699219
-0.714844
-0.722656
-0.785156
-0.839844
-0.792969
-0.808594
-0.816406
-0.863281
-0.832031
-0.800781
-0.738281
-0.746094
-0.785156
-0.855469
-0.878906
-0.871094
-0.847656
-0.847656
-0.863281
-0.855469
-0.855469
-0.824219
-0.871094
-0.878906
-0.863281
-0.808594
-0.785156
-0.769531
-0.824219
-0.855469
-0.847656
-0.839844
-0.878906
-0.886719
-0.910156
-0.941406
-0.980469
-0.972656
-0.957031
-0.917969
-0.910156
-0.894531
-0.925781
-0.980469
-0.949219
-0.917969
-0.894531
-0.871094
-0.886719
-0.910156
-0.894531
-0.878906
-0.871094
-0.886719
-0.894531
-0.878906
-0.894531
-0.878906
-0.941406
-0.886719
-0.964844
-0.917969
-0.886719
-0.878906
-0.933594
-0.894531
-0.871094
-0.832031
-0.847656
-0.871094
-0.917969
-0.902344
-0.933594
-0.886719
-0.894531
-0.917969
-0.980469
-0.925781
-0.855469
-0.855469
-0.878906
-0.871094
-0.894531
-0.855469
-0.863281
-0.855469
-0.878906
-0.894531
-0.910156
-0.933594
-0.957031
-0.980469
-0.996094
0.957001
-0.964844
-0.949219
-0.886719
-0.832031
-0.894531
-0.863281
-0.878906
-0.910156
-0.902344
-0.902344
-0.910156
-0.941406
-0.941406
-0.949219
-0.996094
0.957001
0.957001
0.996063
0.988251
0.941376
0.917938
0.886688
0.894501
0.917938
0.941376
0.964813
0.972626
0.949188
0.980438
0.957001
0.949188
0.910126
0.941376
0.949188
0.933563
0.925751
0.886688
0.886688
0.902313
0.933563
0.910126
0.894501
0.910126
0.925751
0.957001
0.941376
0.925751
0.933563
0.917938
0.910126
0.886688
0.917938
0.917938
0.957001
0.925751
0.925751
0.972626
0.972626
0.957001
0.980438
0.964813
0.980438
0.972626
0.957001
0.941376
0.941376
0.941376
0.964813
0.972626
0.972626
0.957001
0.957001
0.925751
0.964813
-0.996094
-0.957031
-0.964844
-0.996094
0.988251
0.988251
-0.957031
-0.941406
-0.988281
-0.988281
-0.996094
-0.972656
-0.957031
-0.941406
-0.972656
-0.964844
-0.933594
-0.941406
-0.925781
-0.925781
-0.933594
-0.957031
-0.972656
-0.980469
-0.964844
-0.980469
-0.964844
-0.988281
-0.988281
-0.980469
-0.988281
-0.988281
0.996063
-0.988281
-0.957031
-0.941406
-0.949219
-0.980469
-0.972656
-0.980469
-0.996094
-0.996094
-0.964844
-0.933594
-0.894531
-0.894531
-0.933594
-0.980469
-0.964844
-0.972656
-0.941406
-0.941406
-0.941406
-0.980469
-0.988281
-0.972656
-0.988281
-0.988281
-0.964844
-0.949219
-0.941406
-0.925781
-0.917969
-0.949219
-0.972656
-0.988281
-0.972656
-0.964844
-0.964844
-0.972656
-0.972656
-0.957031
-0.964844
-0.972656
-0.957031
-0.957031
-0.957031
-0.996094
-0.949219
-0.972656
-0.933594
-0.980469
-0.957031
-0.996094
-0.988281
-0.933594
-0.972656
-0.980469
-0.988281
-0.972656
-0.933594
-0.933594
-0.902344
-0.941406
-0.933594
-0.957031
-0.980469
-0.941406
-0.964844
-0.964844
-0.949219
-0.933594
-0.933594
-0.964844
0.996063
0.988251
-0.996094
-0.964844
-0.957031
-0.964844
-0.988281
0.980438
0.980438
-0.972656
-0.964844
-0.972656
0.996063
0.941376
0.964813
0.996063
-0.964844
0.988251
0.964813
0.964813
0.980438
0.980438
-0.996094
0.972626
0.941376
0.957001
0.941376
0.925751
0.933563
0.964813
0.957001
0.972626
0.964813
0.957001
0.941376
0.894501
0.855438
0.847626
-0.996094
-0.980469
0.949188
0.949188
-0.996094
0.980438
0.957001
0.964813
0.941376
0.949188
0.964813
0.980438
0.972626
0.925751
0.894501
0.878876
0.902313
0.933563
0.910126
0.941376
0.910126
0.910126
0.941376
0.964813
0.964813
0.988251
0.957001
0.988251
0.980438
-0.996094
-0.980469
-0.988281
0.996063
-0.980469
-0.996094
0.980438
-0.964844
-0.910156
-0.902344
-0.964844
-0.996094
-0.964844
-0.957031
-0.957031
-0.957031
-0.925781
-0.972656
-0.964844
-0.941406
-0.925781
-0.933594
-0.933594
-0.949219
-0.957031
-0.996094
-0.996094
-0.980469
-0.949219
-0.925781
-0.988281
-0.957031
-0.917969
-0.925781
-0.917969
-0.886719
-0.886719
-0.910156
-0.917969
-0.894531
-0.925781
-0.996094
0.988251
-0.996094
-0.964844
-0.925781
-0.910156
-0.910156
-0.949219
-0.972656
-0.996094
-0.964844
-0.972656
-0.933594
-0.933594
-0.964844
-0.988281
0.996063
0.996063
0.988251
0.980438
0.996063
-0.996094
-0.988281
-0.964844
-0.996094
0.957001
0.925751
0.910126
0.925751
0.957001
0.980438
0.964813
0.972626
0.949188
0.980438
0.964813
0.941376
0.941376
0.925751
0.957001
0.988251
0.933563
0.917938
0.933563
0.941376
0.972626
0.980438
0.941376
0.980438
0.980438
0.980438
0.957001
-0.996094
0.996063
0.996063
0.988251
0.964813
0.988251
0.980438
-0.996094
0.996063
-0.964844
-0.996094
-0.996094
-0.972656
-0.980469
-0.957031
-0.941406
-0.957031
-0.988281
0.988251
-0.996094
-0.941406
-0.949219
-0.949219
-0.933594
-0.957031
-0.980469
-0.972656
-0.964844
-0.910156
-0.863281
-0.871094
-0.925781
0.996063
-0.980469
-0.878906
-0.808594
-0.871094
-0.949219
0.996063
-0.980469
-0.933594
-0.910156
-0.894531
-0.894531
-0.949219
-0.964844
-0.957031
-0.964844
-0.933594
-0.902344
-0.957031
-0.996094
0.996063
-0.964844
-0.949219
-0.941406
-0.933594
-0.949219
-0.949219
-0.988281
-0.996094
-0.996094
-0.996094
-0.980469
-0.980469
-0.996094
0.964813
0.933563
0.957001
-0.972656
-0.980469
0.996063
0.972626
0.964813
0.972626
0.972626
0.964813
0.972626
0.980438
0.949188
0.949188
-0.996094
-0.996094
0.988251
0.964813
0.972626
0.996063
0.988251
0.988251
0.996063
0.917938
0.824188
0.871063
0.996063
-0.980469
0.988251
0.996063
-0.980469
0.988251
0.964813
0.972626
0.988251
0.996063
0.980438
0.996063
0.972626
0.988251
0.996063
0.917938
0.902313
0.917938
0.933563
0.941376
0.933563
0.925751
0.941376
0.996063
-0.996094
0.996063
0.988251
0.964813
0.972626
0.972626
-0.996094
-0.996094
-0.988281
0.996063
0.980438
-0.996094
-0.980469
-0.964844
-0.957031
0.988251
0.996063
-0.964844
-0.933594
-0.933594
-0.964844
-0.964844
-0.964844
-0.949219
-0.941406
-0.933594
-0.941406
-0.972656
-0.941406
-0.917969
-0.933594
-0.894531
-0.925781
-0.933594
-0.957031
-0.949219
-0.917969
-0.894531
-0.878906
-0.878906
-0.886719
-0.941406
-0.957031
-0.972656
-0.917969
-0.855469
-0.871094
-0.886719
-0.996094
0.957001
-0.996094
-0.910156
-0.886719
-0.910156
-0.996094
0.964813
-0.957031
-0.824219
-0.972656
-0.949219
-0.957031
-0.980469
-0.957031
-0.933594
-0.949219
-0.964844
-0.957031
-0.941406
-0.996094
0.988251
-0.996094
-0.996094
0.980438
0.964813
-0.988281
-0.972656
-0.996094
0.917938
0.925751
0.972626
-0.957031
-0.988281
0.980438
0.925751
0.925751
0.949188
0.980438
-0.996094
0.964813
0.941376
0.917938
0.925751
0.957001
-0.996094
-0.972656
0.902313
0.902313
-0.996094
0.941376
0.964813
0.996063
0.964813
0.949188
0.964813
0.949188
0.972626
0.996063
0.988251
0.996063
0.980438
0.988251
-0.988281
-0.972656
0.964813
0.980438
0.988251
-0.996094
-0.972656
-0.957031
-0.988281
-0.996094
-0.996094
0.980438
-0.964844
-0.910156
-0.941406
-0.980469
0.980438
-0.980469
-0.886719
-0.941406
-0.988281
0.996063
-0.941406
-0.902344
-0.917969
-0.964844
-0.941406
-0.933594
-0.964844
-0.996094
-0.941406
-0.933594
-0.917969
-0.941406
-0.964844
-0.957031
-0.949219
-0.925781
-0.933594
-0.933594
-0.964844
-0.941406
-0.925781
-0.949219
-0.988281
-0.980469
-0.941406
-0.972656
-0.949219
-0.949219
-0.964844
-0.957031
-0.996094
-0.996094
-0.996094
-0.988281
-0.980469
-0.957031
-0.957031
-0.996094
-0.996094
-0.949219
-0.949219
-0.980469
-0.996094
0.996063
0.996063
0.957001
0.988251
0.996063
0.988251
0.988251
-0.996094
-0.972656
-0.996094
0.996063
0.988251
0.957001
0.886688
0.933563
-0.964844
-0.917969
0.996063
-0.996094
0.996063
-0.996094
-0.996094
0.988251
0.980438
-0.996094
-0.964844
-0.972656
0.988251
-0.996094
-0.996094
0.988251
0.964813
0.972626
0.949188
0.980438
-0.996094
0.996063
0.996063
-0.996094
-0.996094
0.996063
-0.964844
-0.964844
-0.980469
-0.988281
0.996063
0.996063
-0.996094
-0.980469
-0.949219
-0.917969
-0.925781
-0.972656
0.996063
0.996063
-0.949219
-0.910156
-0.925781
-0.933594
-0.964844
-0.972656
-0.933594
-0.894531
-0.933594
-0.964844
-0.996094
-0.980469
-0.949219
-0.957031
-0.988281
-0.964844
-0.949219
-0.941406
-0.972656
-0.972656
-0.957031
-0.925781
-0.964844
0.988251
0.996063
-0.980469
-0.933594
-0.917969
-0.941406
-0.972656
-0.949219
-0.972656
-0.980469
-0.972656
-0.972656
-0.964844
-0.964844
-0.996094
-0.964844
-0.949219
-0.941406
-0.980469
0.972626
-0.996094
-0.996094
-0.988281
-0.996094
0.980438
-0.988281
-0.964844
-0.933594
-0.996094
-0.996094
-0.988281
-0.980469
-0.980469
0.988251
-0.996094
-0.972656
-0.980469
-0.996094
0.980438
0.996063
0.988251
0.980438
-0.996094
-0.980469
-0.988281
-0.988281
-0.996094
0.996063
0.996063
-0.988281
-0.988281
-0.964844
-0.996094
0.996063
0.980438
0.996063
0.988251
-0.996094
-0.980469
0.988251
0.996063
0.980438
-0.996094
-0.972656
-0.972656
-0.996094
0.996063
0.996063
0.957001
-0.996094
-0.949219
-0.925781
-0.964844
0.996063
0.996063
-0.957031
-0.941406
-0.964844
-0.964844
-0.980469
0.988251
-0.996094
-0.949219
-0.964844
-0.957031
-0.988281
-0.949219
-0.925781
-0.925781
-0.996094
0.988251
-0.988281
-0.949219
-0.964844
-0.980469
-0.980469
-0.988281
-0.996094
-0.964844
-0.933594
-0.964844
-0.988281
-0.949219
-0.925781
-0.933594
-0.957031
-0.957031
-0.964844
-0.980469
-0.980469
-0.980469
-0.988281
0.996063
-0.980469
-0.980469
-0.980469
-0.996094
-0.996094
-0.972656
-0.996094
-0.996094
-0.988281
-0.964844
-0.972656
-0.988281
-0.949219
-0.925781
-0.964844
-0.972656
-0.972656
-0.949219
-0.972656
-0.996094
-0.996094
-0.996094
-0.980469
-0.988281
-0.980469
-0.980469
-0.980469
-0.996094
0.988251
-0.988281
-0.949219
-0.988281
-0.972656
-0.996094
-0.996094
-0.988281
0.996063
0.949188
0.941376
-0.957031
-0.902344
-0.996094
-0.996094
-0.980469
-0.996094
-0.957031
-0.957031
-0.972656
-0.980469
-0.972656
-0.933594
-0.925781
-0.949219
-0.972656
0.972626
0.980438
-0.964844
-0.964844
0.988251
-0.996094
-0.996094
-0.964844
-0.996094
-0.972656
-0.988281
-0.996094
-0.957031
-0.972656
-0.964844
-0.996094
-0.957031
0.996063
-0.933594
-0.925781
-0.910156
-0.988281
-0.996094
0.988251
0.980438
0.996063
-0.957031
-0.949219
-0.949219
-0.957031
-0.949219
-0.988281
-0.964844
-0.980469
-0.980469
-0.996094
0.996063
-0.980469
-0.902344
0.996063
-0.996094
-0.988281
0.996063
-0.996094
-0.949219
-0.957031
-0.996094
0.988251
-0.988281
-0.988281
0.996063
0.988251
0.980438
-0.980469
-0.949219
-0.941406
-0.917969
-0.933594
-0.949219
-0.988281
-0.972656
-0.949219
-0.949219
-0.988281
-0.988281
-0.957031
-0.988281
0.972626
0.957001
0.988251
-0.980469
-0.949219
-0.933594
-0.988281
-0.980469
0.996063
0.972626
-0.996094
-0.957031
-0.972656
-0.996094
0.941376
0.910126
-0.996094
-0.957031
-0.941406
-0.996094
0.980438
-0.996094
-0.996094
-0.972656
-0.996094
-0.996094
-0.957031
-0.964844
-0.964844
-0.972656
-0.972656
-0.980469
-0.988281
-0.957031
-0.972656
-0.980469
-0.972656
-0.996094
-0.972656
-0.941406
-0.980469
-0.996094
-0.996094
-0.972656
-0.980469
-0.980469
-0.980469
-0.964844
-0.964844
-0.964844
-0.972656
-0.996094
0.988251
-0.988281
-0.964844
-0.964844
-0.972656
-0.933594
-0.957031
-0.988281
-0.972656
-0.972656
-0.980469
-0.964844
-0.964844
-0.957031
-0.949219
-0.964844
-0.980469
-0.980469
-0.972656
-0.988281
-0.988281
-0.980469
-0.980469
-0.949219
-0.949219
-0.933594
-0.941406
-0.941406
-0.996094
-0.964844
-0.980469
-0.957031
-0.941406
-0.933594
-0.972656
0.996063
-0.917969
-0.996094
-0.957031
-0.925781
-0.964844
0.972626
-0.980469
-0.949219
-0.972656
-0.964844
-0.964844
-0.996094
-0.988281
-0.949219
-0.964844
-0.980469
-0.964844
-0.964844
-0.964844
-0.996094
-0.964844
-0.941406
-0.980469
-0.941406
-0.972656
-0.972656
-0.941406
-0.957031
-0.957031
-0.988281
-0.964844
-0.957031
-0.949219
-0.996094
-0.996094
0.996063
-0.988281
-0.972656
-0.933594
0.933563
-0.996094
-0.996094
0.964813
0.902313
0.925751
-0.988281
-0.933594
-0.972656
-0.957031
-0.902344
-0.980469
0.980438
0.996063
-0.996094
-0.972656
-0.949219
-0.902344
-0.957031
0.988251
0.988251
0.996063
0.980438
-0.996094
-0.996094
-0.964844
-0.964844
0.964813
0.957001
0.996063
-0.980469
-0.964844
-0.980469
-0.996094
0.988251
-0.964844
-0.996094
-0.972656
-0.972656
-0.988281
0.980438
-0.980469
-0.964844
-0.996094
-0.988281
-0.941406
-0.980469
0.972626
0.996063
-0.964844
-0.941406
-0.972656
0.988251
0.980438
-0.996094
-0.972656
-0.972656
-0.996094
-0.941406
-0.957031
-0.972656
-0.996094
-0.980469
-0.941406
-0.925781
-0.964844
-0.964844
-0.980469
-0.988281
-0.996094
-0.996094
-0.957031
-0.964844
0.980438
0.972626
-0.988281
-0.972656
-0.972656
-0.972656
-0.980469
-0.980469
-0.957031
-0.964844
-0.957031
-0.972656
0.972626
-0.957031
-0.894531
-0.925781
0.917938
0.933563
-0.941406
-0.863281
-0.917969
-0.972656
0.996063
0.988251
-0.988281
-0.957031
-0.917969
-0.925781
-0.980469
0.996063
-0.996094
-0.972656
-0.941406
-0.957031
-0.957031
-0.996094
0.988251
-0.996094
-0.949219
-0.933594
-0.957031
0.988251
-0.980469
-0.988281
-0.957031
-0.996094
0.996063
0.988251
-0.996094
-0.964844
-0.964844
-0.972656
-0.996094
-0.996094
-0.988281
-0.988281
-0.957031
-0.949219
-0.957031
0.996063
0.988251
0.980438
-0.988281
-0.957031
-0.957031
-0.949219
-0.972656
-0.980469
-0.949219
-0.941406
-0.972656
-0.964844
0.980438
0.996063
-0.980469
-0.988281
-0.996094
-0.957031
-0.910156
-0.964844
-0.988281
-0.996094
-0.980469
-0.941406
-0.925781
-0.910156
-0.949219
-0.957031
-0.957031
-0.980469
-0.980469
-0.964844
-0.964844
-0.964844
-0.941406
-0.980469
-0.980469
-0.980469
-0.972656
-0.996094
-0.964844
-0.941406
-0.949219
-0.996094
-0.949219
-0.980469
-0.980469
-0.988281
-0.980469
-0.964844
-0.949219
-0.972656
-0.972656
-0.980469
-0.957031
-0.957031
-0.972656
-0.980469
0.964813
0.957001
-0.996094
-0.980469
-0.996094
-0.996094
-0.996094
-0.988281
-0.996094
0.988251
-0.988281
0.972626
0.980438
-0.996094
-0.988281
-0.972656
-0.996094
-0.996094
-0.980469
-0.988281
-0.988281
-0.972656
-0.957031
-0.964844
-0.988281
-0.996094
-0.996094
0.949188
0.910126
0.941376
-0.996094
-0.925781
-0.964844
-0.996094
-0.941406
-0.964844
-0.996094
-0.957031
-0.925781
-0.941406
-0.980469
-0.925781
-0.941406
-0.980469
-0.996094
-0.980469
-0.972656
0.988251
0.933563
0.972626
-0.996094
-0.964844
-0.941406
-0.957031
0.996063
0.980438
-0.988281
-0.933594
-0.910156
-0.949219
-0.980469
-0.964844
-0.988281
-0.964844
-0.933594
-0.972656
-0.996094
-0.972656
-0.996094
0.996063
-0.988281
-0.949219
-0.941406
-0.964844
-0.988281
-0.964844
-0.957031
-0.964844
-0.988281
-0.964844
-0.996094
-0.964844
-0.980469
-0.972656
-0.996094
-0.996094
-0.996094
-0.941406
-0.910156
-0.964844
-0.964844
-0.980469
-0.964844
-0.988281
-0.972656
-0.925781
-0.902344
-0.949219
-0.988281
0.988251
-0.980469
-0.988281
-0.980469
-0.957031
-0.996094
0.996063
0.957001
-0.996094
-0.972656
-0.980469
0.972626
-0.988281
-0.910156
-0.917969
0.925751
0.910126
-0.972656
-0.925781
-0.941406
-0.972656
0.996063
-0.980469
-0.996094
-0.980469
-0.957031
-0.964844
-0.996094
-0.996094
-0.996094
-0.988281
-0.933594
-0.925781
-0.949219
-0.964844
-0.964844
0.964813
0.941376
-0.910156
-0.792969
-0.925781
0.917938
0.949188
-0.941406
-0.917969
-0.957031
-0.988281
0.972626
0.996063
-0.964844
-0.925781
-0.957031
0.996063
-0.996094
-0.917969
-0.949219
-0.949219
-0.925781
-0.964844
0.941376
0.941376
-0.964844
-0.925781
-0.972656
0.964813
0.996063
-0.957031
-0.925781
-0.996094
-0.996094
-0.949219
-0.964844
-0.996094
-0.957031
-0.925781
-0.941406
-0.964844
-0.972656
-0.957031
-0.980469
0.949188
0.996063
-0.980469
-0.949219
-0.925781
-0.941406
-0.996094
-0.988281
-0.988281
-0.988281
-0.980469
-0.949219
-0.980469
-0.996094
0.996063
-0.996094
-0.980469
-0.964844
-0.933594
-0.941406
-0.957031
0.988251
0.972626
0.996063
-0.949219
-0.917969
-0.980469
0.957001
-0.996094
-0.964844
-0.949219
-0.949219
-0.980469
0.996063
-0.996094
-0.988281
0.988251
0.941376
-0.972656
-0.886719
-0.878906
-0.941406
0.972626
-0.988281
-0.910156
-0.941406
0.988251
0.949188
0.980438
-0.949219
-0.894531
-0.910156
-0.964844
0.964813
0.980438
-0.988281
-0.957031
-0.902344
-0.957031
-0.980469
0.972626
-0.980469
-0.886719
-0.957031
0.847626
0.902313
-0.863281
-0.746094
-0.933594
0.933563
0.949188
-0.933594
-0.964844
0.980438
0.988251
-0.878906
-0.792969
-0.800781
-0.949219
0.980438
0.964813
0.933563
0.941376
-0.996094
-0.941406
-0.933594
0.980438
0.949188
0.980438
-0.972656
-0.933594
-0.988281
-0.972656
-0.925781
-0.894531
-0.972656
0.972626
0.996063
0.996063
0.972626
0.964813
-0.957031
-0.949219
-0.996094
0.941376
0.972626
-0.996094
-0.925781
-0.910156
-0.917969
-0.996094
0.957001
-0.988281
-0.832031
-0.769531
0.980438
0.498286
0.499143
0.500001
