-0.972656
-0.980469
-0.949219
-0.417969
-0.0584106
-0.99585
-0.99585
-0.99585
-0.99585
-0.99585
-0.99585
-0.99585
0.636902
0.746277
-0.831879
-0.0744019
-0.808838
-0.808838
0.699066
0.121307
-0.99585
0.527496
-0.168213
-0.808838
-0.808838
-0.535309
-0.886749
-0.355621
-0.19165
-0.808838
-0.808838
-0.480682
0.64444
0.753937
-0.863251
-0.253967
0.316315
-0.722717
-0.113342
0.83194
0.972504
0.128723
0.96463
-0.582214
-0.0743713
0.691315
0.480469
0.0273743
-0.886719
-0.57428
0.699097
0.0819092
-0.621185
0.183533
0.355438
-0.605499
0.160065
0.230347
0.456909
-0.722748
0.0350647
0.527252
0.67569
0.496002
0.30069
0.308502
0.542877
0.777252
0.777252
0.605377
0.660065
-0.79303
0.261658
-0.136749
-0.144531
0.410187
-0.0272522
0.207184
0.0431824
-0.99585
-0.99585
-0.99585
0.855682
-0.378723
0.964935
0.113312
0.0273132
-0.464905
0.0194397
-0.902435
0.917847
-0.51181
0.714752
0.386658
0.183563
-0.230469
0.957031
-0.496063
-0.738251
0.347656
0.816376
0.917908
-0.894592
0.277252
0.902252
0.527283
0.175751
0.863251
0.480438
-0.292999
-0.574249
-0.0508118
-0.964844
0.0585938
0.402344
-0.285156
0.378876
-0.777374
0.70697
0.847595
-0.699249
-0.394562
-0.363312
-0.503937
-0.535187
-0.316437
-0.00393677
0.308563
0.542938
0.652313
0.730438
0.832001
0.863251
0.855438
0.644501
0.246063
-0.246124
-0.699249
-0.917999
0.996033
-0.980499
0.839783
0.449158
0.0585327
-0.16803
-0.19928
0.0116577
0.386658
0.886658
-0.597687
-0.0820618
0.464813
-0.996094
-0.410156
0.0429688
0.386719
0.597656
0.597656
0.527344
0.425781
0.394531
0.355469
0.238281
0.0976562
-0.0820312
-0.277344
-0.402344
-0.402344
-0.261719
0.0429688
0.277344
0.480469
0.785156
0.566406
0.691406
0.941406
0.925781
0.886719
0.847656
0.800781
0.683594
0.675781
0.746094
0.816406
0.832031
0.832031
0.832031
0.761719
0.738281
0.683594
0.621094
0.433594
0.246094
0.113281
-0.167969
-0.199219
-0.167969
-0.167969
-0.136719
-0.0820312
-0.0507812
0.0273438
0.121094
0.261719
0.347656
0.285156
0.175781
-0.0117188
-0.160156
-0.332031
-0.417969
-0.441406
-0.472656
-0.472656
-0.457031
-0.457031
-0.542969
-0.667969
-0.800781
-0.972656
0.933563
0.816376
0.707001
0.621063
0.582001
0.621063
0.777313
0.878876
-0.957031
-0.855469
-0.808594
-0.925781
-0.957031
0.980438
0.933563
0.855438
0.777313
0.714813
0.707001
0.714813
0.722626
0.691376
0.691376
0.714813
0.746063
0.808563
0.894501
0.964813
-0.980469
-0.988281
0.988251
0.988251
-0.996094
-0.949219
-0.902344
-0.878906
-0.863281
-0.839844
-0.753906
-0.667969
-0.566406
-0.527344
-0.574219
-0.582031
-0.535156
-0.480469
-0.464844
-0.417969
-0.449219
-0.488281
-0.410156
-0.277344
-0.230469
-0.324219
-0.347656
-0.277344
-0.144531
0.0429688
0.152344
0.152344
0.0664062
0.00390625
0.0585938
0.183594
0.238281
0.183594
0.0898438
0.0273438
0.0273438
0.0820312
0.144531
0.183594
0.0898438
-0.0273438
-0.105469
-0.0976562
-0.0507812
-0.121094
-0.128906
-0.0585938
-0.121094
-0.222656
-0.144531
-0.0585938
-0.136719
-0.222656
-0.253906
-0.230469
-0.238281
-0.300781
-0.363281
-0.410156
-0.503906
-0.644531
-0.691406
-0.792969
-0.808594
-0.785156
-0.753906
-0.785156
-0.816406
-0.808594
-0.816406
-0.816406
-0.800781
-0.878906
-0.964844
0.996063
-0.996094
-0.996094
0.972626
0.957001
0.925751
0.917938
0.933563
0.925751
0.894501
0.878876
0.839813
0.847626
0.855438
0.855438
0.847626
0.839813
0.816376
0.816376
0.847626
0.855438
0.855438
0.886688
0.910126
0.886688
0.917938
0.917938
0.886688
0.910126
0.878876
0.925751
0.917938
0.957001
0.996063
-0.996094
-0.980469
-0.972656
-0.972656
-0.957031
-0.917969
-0.871094
-0.855469
-0.878906
-0.894531
-0.871094
-0.847656
-0.871094
-0.871094
-0.917969
-0.988281
-0.957031
-0.949219
-0.925781
-0.894531
-0.902344
-0.886719
-0.855469
-0.863281
-0.839844
-0.816406
-0.832031
-0.824219
-0.847656
-0.832031
-0.847656
-0.832031
-0.800781
-0.761719
-0.785156
-0.769531
-0.691406
-0.675781
-0.683594
-0.699219
-0.691406
-0.722656
-0.753906
-0.777344
-0.816406
-0.863281
-0.871094
-0.816406
-0.902344
-0.832031
-0.785156
-0.816406
-0.800781
-0.730469
-0.777344
-0.847656
-0.863281
-0.871094
-0.910156
-0.941406
-0.910156
-0.894531
-0.871094
-0.878906
-0.917969
-0.917969
-0.917969
-0.941406
-0.957031
-0.949219
-0.972656
-0.996094
-0.980469
-0.964844
-0.933594
-0.894531
-0.839844
-0.839844
-0.824219
-0.785156
-0.792969
-0.847656
-0.871094
-0.839844
-0.996094
-0.917969
-0.785156
-0.878906
-0.878906
-0.816406
-0.847656
-0.878906
-0.863281
-0.871094
-0.863281
-0.878906
-0.871094
-0.878906
-0.871094
-0.863281
-0.832031
-0.863281
-0.878906
-0.878906
-0.894531
-0.878906
-0.933594
-0.941406
-0.917969
-0.847656
-0.871094
-0.886719
-0.863281
-0.878906
-0.886719
-0.917969
-0.917969
-0.933594
-0.933594
-0.925781
-0.933594
-0.910156
-0.902344
-0.886719
-0.886719
-0.878906
-0.894531
-0.917969
-0.910156
-0.925781
-0.902344
-0.925781
-0.925781
-0.949219
-0.957031
-0.972656
-0.980469
-0.964844
-0.980469
-0.964844
-0.988281
0.988251
0.996063
0.980438
0.964813
0.949188
0.886688
0.902313
0.910126
0.902313
0.839813
0.753876
0.808563
-0.996094
-0.949219
0.925751
0.941376
-0.996094
0.941376
0.917938
0.941376
0.972626
0.996063
0.957001
0.949188
0.941376
0.863251
0.839813
0.855438
0.902313
0.894501
0.871063
0.894501
0.933563
0.902313
0.878876
0.886688
0.910126
0.941376
0.925751
0.933563
0.941376
0.941376
0.949188
0.957001
0.988251
0.972626
0.964813
0.980438
0.980438
0.972626
0.980438
0.964813
0.957001
0.941376
0.917938
0.941376
0.957001
0.972626
0.964813
0.996063
0.996063
-0.972656
-0.988281
-0.988281
-0.933594
-0.933594
-0.949219
-0.964844
-0.980469
-0.972656
-0.980469
-0.980469
-0.949219
-0.949219
-0.988281
-0.972656
-0.957031
-0.964844
-0.941406
-0.933594
-0.941406
-0.894531
-0.910156
-0.941406
-0.941406
-0.910156
-0.933594
-0.925781
-0.933594
-0.941406
-0.964844
-0.980469
-0.949219
-0.933594
-0.957031
-0.964844
-0.972656
-0.941406
-0.964844
-0.964844
-0.949219
-0.964844
-0.996094
-0.996094
-0.964844
-0.949219
-0.957031
-0.957031
-0.933594
-0.925781
-0.910156
-0.925781
-0.933594
-0.957031
-0.949219
-0.957031
-0.964844
-0.996094
-0.972656
-0.980469
-0.972656
-0.996094
-0.988281
-0.996094
0.996063
-0.996094
-0.957031
-0.988281
-0.996094
-0.996094
0.996063
0.980438
-0.988281
0.980438
0.972626
0.996063
0.980438
0.980438
0.964813
0.972626
0.980438
0.980438
0.964813
0.988251
0.949188
0.980438
0.964813
0.972626
0.964813
0.972626
-0.996094
-0.980469
-0.972656
0.988251
-0.988281
-0.996094
0.980438
-0.988281
-0.980469
0.988251
-0.996094
-0.988281
-0.988281
-0.996094
-0.988281
-0.980469
-0.988281
-0.964844
-0.996094
-0.996094
-0.980469
-0.996094
-0.988281
0.996063
0.988251
-0.988281
0.996063
-0.996094
0.988251
-0.980469
-0.957031
-0.996094
-0.988281
-0.980469
-0.980469
-0.996094
-0.980469
0.980438
0.988251
-0.972656
-0.949219
-0.972656
-0.988281
-0.988281
0.988251
0.988251
0.980438
0.972626
0.980438
-0.988281
-0.996094
0.996063
0.996063
0.996063
0.964813
0.933563
0.972626
0.972626
-0.996094
0.988251
0.980438
0.964813
0.949188
0.988251
0.957001
0.941376
0.957001
0.933563
0.910126
0.925751
0.941376
0.933563
0.941376
0.925751
0.871063
0.769501
0.800751
0.980438
-0.957031
0.949188
0.933563
-0.988281
-0.996094
0.980438
0.980438
-0.972656
-0.949219
-0.964844
-0.964844
-0.988281
0.972626
0.941376
0.964813
0.964813
0.957001
0.957001
-0.996094
-0.996094
0.988251
0.964813
0.972626
-0.996094
-0.988281
-0.996094
-0.988281
-0.996094
-0.996094
-0.996094
0.996063
-0.980469
-0.996094
-0.972656
-0.964844
-0.957031
-0.972656
-0.980469
-0.949219
-0.949219
-0.957031
-0.949219
-0.949219
-0.972656
-0.972656
-0.957031
-0.949219
-0.941406
-0.941406
-0.972656
-0.957031
-0.980469
-0.949219
-0.925781
-0.925781
0.933563
-0.878906
-0.925781
0.957001
-0.980469
-0.933594
-0.980469
-0.980469
-0.996094
-0.996094
-0.957031
-0.925781
-0.949219
-0.988281
-0.996094
-0.996094
-0.996094
0.996063
-0.980469
-0.988281
-0.996094
0.949188
-0.917969
-0.949219
0.980438
-0.996094
0.980438
0.972626
0.949188
0.988251
0.964813
0.988251
0.988251
0.988251
-0.996094
-0.980469
0.980438
0.972626
0.964813
0.964813
-0.996094
0.996063
0.957001
0.996063
-0.996094
-0.980469
-0.996094
0.964813
0.972626
0.988251
0.988251
0.972626
0.988251
0.972626
0.988251
-0.988281
-0.996094
0.996063
0.980438
0.988251
-0.996094
-0.996094
0.980438
-0.972656
0.980438
0.988251
0.996063
-0.996094
-0.996094
-0.988281
-0.980469
-0.980469
-0.964844
-0.996094
0.988251
0.996063
0.988251
-0.996094
-0.988281
0.996063
-0.972656
-0.933594
-0.941406
-0.949219
-0.972656
-0.933594
-0.980469
-0.996094
-0.996094
-0.988281
-0.964844
-0.972656
-0.996094
-0.949219
-0.949219
-0.972656
-0.964844
-0.964844
-0.980469
-0.980469
-0.972656
-0.957031
-0.949219
-0.972656
-0.980469
-0.980469
0.996063
-0.964844
-0.964844
-0.980469
-0.980469
-0.996094
-0.996094
-0.996094
-0.996094
-0.949219
-0.988281
-0.988281
0.996063
-0.996094
0.980438
0.980438
0.964813
-0.996094
0.964813
0.996063
0.964813
0.964813
0.964813
0.996063
0.996063
0.980438
0.980438
0.980438
0.972626
0.964813
0.964813
0.972626
0.980438
0.902313
0.652313
-0.667969
-0.386719
-0.597656
-0.660156
-0.675781
-0.800781
-0.917969
0.964813
0.871063
0.878876
0.957001
-0.996094
0.957001
0.863251
0.910126
-0.996094
0.910126
0.816376
0.949188
-0.941406
0.941376
0.949188
-0.925781
-0.902344
0.980438
0.792938
0.769501
-0.988281
-0.597656
-0.660156
0.957001
0.558563
0.378876
0.628876
-0.605469
0.222656
-0.355469
-0.238312
-0.746124
0.980438
0.378906
-0.113281
0.746063
0.230438
0.496063
-0.917969
-0.675781
-0.902344
0.902313
-0.863281
-0.746094
0.886688
0.542938
0.886688
-0.660156
-0.722656
-0.957031
0.871063
0.683563
0.933563
-0.707031
-0.597656
-0.824219
0.761688
0.472626
0.761688
-0.191406
-0.128906
0.605438
0.0429382
0.839813
-0.316406
-0.332031
-0.957031
0.480438
0.644501
-0.691406
-0.363281
-0.957031
0.589813
0.847626
-0.714844
-0.628906
-0.886719
0.839813
0.707001
0.902313
-0.722656
-0.652344
-0.972656
0.777313
0.925751
-0.808594
-0.949219
0.878876
-0.894531
-0.707031
-0.949219
0.777313
0.730438
-0.996094
-0.691406
-0.738281
0.863251
0.683563
0.878876
-0.996094
0.941376
-0.933594
-0.746094
-0.878906
0.582001
0.558563
-0.847656
-0.503906
0.917938
0.574188
-0.957031
-0.699219
0.902313
0.730438
0.941376
-0.941406
0.988251
0.957001
0.996063
-0.949219
0.957001
0.824188
0.949188
-0.816406
-0.902344
0.800751
0.816376
-0.878906
-0.800781
-0.988281
0.878876
0.863251
0.863251
-0.941406
-0.675781
-0.832031
0.785126
0.699188
0.980438
-0.839844
-0.839844
-0.824219
-0.855469
0.925751
0.714813
0.839813
-0.855469
-0.589844
-0.722656
-0.996094
0.917938
0.746063
0.667938
-0.824219
-0.472656
-0.808594
-0.996094
-0.871094
0.800751
0.535126
-0.988281
-0.441406
-0.496094
-0.863281
0.699188
0.511688
0.761688
-0.714844
-0.332031
-0.394531
0.933563
0.183563
0.292938
-0.699219
0.152344
-0.261719
0.441376
-0.105499
0.917938
0.0507812
-0.441406
0.347626
0.464813
-0.574219
-0.535156
0.699188
0.667938
-0.527344
-0.480469
0.613251
0.347626
-0.777344
-0.355469
-0.894531
0.730438
0.878876
0.949188
0.902313
-0.855469
-0.730469
0.949188
0.667938
0.949188
-0.707031
-0.902344
0.824188
0.871063
-0.996094
-0.980469
-0.878906
-0.800781
0.855438
0.644501
0.996063
-0.566406
-0.933594
0.503876
0.894501
-0.519531
-0.917969
0.496063
0.988251
-0.417969
-0.941406
0.410126
0.691376
-0.855469
-0.863281
-0.800781
-0.683594
0.933563
0.613251
0.980438
-0.675781
-0.855469
-0.949219
-0.871094
-0.777344
-0.902344
0.707001
0.621063
0.980438
-0.621094
-0.566406
-0.886719
0.441376
0.246063
-0.949219
-0.144531
-0.527344
0.722626
0.542938
0.832001
0.941376
-0.847656
-0.308594
-0.535156
0.472626
0.261688
-0.910156
-0.503906
-0.683594
-0.816406
0.941376
0.597626
0.839813
-0.761719
-0.910156
0.902313
-0.738281
-0.691406
0.738251
0.527313
-0.925781
-0.511719
-0.886719
0.761688
-0.941406
-0.621094
-0.996094
0.636688
0.839813
-0.746094
-0.667969
-0.855469
0.886688
0.792938
0.957001
-0.925781
-0.910156
-0.925781
-0.894531
-0.902344
0.988251
0.824188
0.832001
-0.863281
-0.628906
-0.902344
0.847626
0.894501
-0.964844
-0.957031
-0.941406
-0.957031
-0.902344
-0.949219
0.847626
0.808563
-0.886719
-0.667969
-0.902344
0.832001
0.972626
-0.886719
0.894501
0.730438
-0.917969
-0.558594
-0.769531
0.738251
0.503876
0.917938
-0.488281
-0.503906
0.855438
0.417938
0.605438
-0.800781
-0.269531
-0.519531
0.636688
0.199188
0.699188
-0.441406
-0.378906
0.808563
0.464813
-0.980469
-0.589844
-0.832031
0.769501
0.652313
-0.925781
-0.480469
-0.761719
0.675751
0.761688
-0.691406
-0.894531
0.550751
0.980438
-0.191406
-0.511719
0.503876
0.214813
0.800751
-0.464844
-0.285156
-0.933594
0.503876
0.738251
-0.910156
-0.894531
-0.886719
-0.847656
0.933563
0.910126
-0.621094
-0.636719
0.519501
0.269501
-0.574219
0.339844
-0.597656
-0.0664368
0.144501
-0.503906
0.0664062
-0.605469
0.550751
0.332001
0.925751
-0.386719
-0.574219
0.792938
0.800751
-0.871094
0.988251
0.839813
-0.816406
-0.722656
0.941376
0.878876
-0.957031
0.949188
0.855438
-0.941406
-0.582031
-0.691406
0.613251
0.371063
-0.917969
-0.433594
-0.785156
0.910126
-0.964844
0.949188
0.597626
0.871063
-0.550781
-0.558594
-0.816406
-0.964844
0.621063
0.363251
-0.949219
-0.105469
-0.464844
0.652313
0.527313
0.832001
0.972626
-0.855469
-0.691406
-0.777344
0.957001
0.644501
0.714813
-0.847656
-0.753906
-0.910156
-0.855469
0.925751
0.511688
0.816376
-0.410156
-0.402344
0.746063
0.0429382
0.550751
-0.261719
-0.144531
0.808563
0.292938
0.855438
-0.441406
-0.433594
0.902313
0.496063
0.878876
-0.519531
-0.574219
0.972626
0.816376
-0.949219
-0.988281
0.683563
0.894501
-0.574219
-0.738281
0.652313
0.714813
-0.785156
-0.863281
0.839813
-0.996094
-0.597656
-0.792969
0.488251
0.738251
-0.738281
-0.621094
0.988251
0.878876
-0.792969
-0.675781
0.886688
0.425751
0.824188
-0.332031
-0.378906
0.667938
0.363251
-0.824219
-0.324219
-0.996094
0.425751
0.972626
-0.535156
-0.832031
0.878876
0.894501
-0.832031
-0.902344
0.902313
-0.996094
-0.738281
-0.910156
0.792938
0.949188
-0.855469
-0.902344
-0.886719
-0.707031
-0.917969
0.683563
0.761688
-0.699219
-0.667969
0.941376
0.761688
0.980438
-0.839844
-0.839844
-0.988281
0.832001
0.777313
0.996063
-0.707031
-0.800781
0.894501
0.785126
0.925751
-0.957031
-0.894531
-0.792969
-0.894531
0.769501
0.769501
-0.785156
-0.675781
0.863251
0.660126
0.980438
-0.660156
-0.746094
0.886688
0.660126
0.777313
-0.847656
-0.628906
-0.691406
0.917938
0.527313
0.785126
-0.550781
-0.667969
0.746063
0.792938
-0.816406
-0.855469
0.980438
-0.949219
0.964813
0.746063
-0.996094
-0.511719
-0.785156
0.636688
0.667938
-0.949219
-0.808594
-0.863281
-0.925781
-0.894531
-0.964844
0.917938
0.613251
-0.996094
-0.386719
-0.535156
0.660126
0.441376
-0.917969
-0.441406
-0.691406
0.800751
0.621063
0.894501
-0.691406
-0.496094
-0.863281
0.644501
0.769501
-0.628906
-0.636719
0.972626
0.792938
0.894501
-0.824219
-0.621094
-0.902344
0.675751
0.761688
-0.792969
-0.558594
-0.753906
0.886688
0.691376
0.925751
-0.738281
-0.769531
-0.910156
0.957001
-0.847656
0.996063
0.792938
-0.910156
-0.605469
-0.792969
0.894501
0.746063
0.964813
-0.707031
-0.660156
-0.988281
0.753876
0.824188
-0.902344
-0.746094
-0.910156
0.847626
0.871063
-0.949219
-0.894531
-0.933594
-0.957031
0.996063
0.816376
0.785126
-0.972656
-0.792969
-0.777344
0.996063
0.660126
0.707001
-0.808594
-0.699219
0.980438
0.816376
0.949188
0.925751
0.863251
-0.957031
-0.769531
0.941376
0.785126
-0.933594
-0.886719
0.792938
0.800751
-0.699219
-0.753906
0.519501
0.332001
-0.832031
-0.347656
-0.832031
0.699188
0.707001
-0.996094
-0.832031
-0.839844
-0.769531
-0.894531
0.785126
0.753876
-0.769531
-0.652344
0.957001
0.824188
0.988251
-0.925781
-0.996094
0.933563
-0.996094
-0.847656
0.988251
0.816376
-0.957031
-0.707031
-0.878906
0.925751
-0.972656
-0.871094
0.988251
0.910126
-0.839844
-0.605469
-0.855469
0.753876
0.808563
-0.785156
-0.699219
-0.855469
-0.863281
-0.996094
0.769501
0.824188
-0.753906
-0.589844
-0.824219
0.949188
0.886688
0.886688
0.933563
-0.839844
-0.558594
-0.753906
0.746063
0.691376
-0.777344
-0.535156
-0.925781
0.816376
0.957001
-0.839844
-0.878906
-0.902344
-0.917969
0.949188
0.886688
-0.910156
-0.808594
-0.996094
0.871063
-0.933594
-0.722656
-0.925781
0.683563
0.722626
-0.925781
-0.675781
-0.761719
0.933563
0.683563
0.753876
-0.886719
-0.800781
-0.886719
-0.925781
0.917938
0.636688
0.777313
-0.722656
-0.589844
-0.957031
0.777313
0.808563
0.910126
-0.894531
-0.855469
-0.996094
0.941376
0.996063
0.933563
0.855438
-0.972656
-0.730469
-0.894531
0.808563
0.824188
-0.894531
-0.792969
-0.949219
0.878876
0.722626
0.988251
-0.613281
-0.800781
0.785126
0.871063
-0.855469
-0.964844
0.910126
-0.863281
-0.730469
-0.933594
0.910126
0.972626
-0.894531
-0.933594
-0.972656
-0.910156
-0.925781
-0.972656
-0.949219
-0.949219
0.964813
-0.957031
-0.753906
-0.871094
0.902313
0.785126
-0.839844
-0.472656
-0.769531
0.628876
0.652313
-0.644531
-0.402344
-0.996094
0.589813
0.933563
-0.699219
-0.746094
-0.933594
0.980438
0.941376
0.941376
-0.996094
-0.800781
-0.746094
-0.988281
0.941376
-0.949219
0.988251
0.800751
-0.941406
-0.574219
-0.824219
0.769501
0.878876
-0.839844
-0.910156
0.902313
0.902313
-0.957031
-0.816406
-0.800781
0.964813
0.605438
0.722626
-0.730469
-0.425781
-0.902344
0.574188
0.605438
-0.964844
-0.691406
-0.792969
0.980438
0.871063
0.832001
0.746063
0.957001
-0.613281
-0.660156
0.730438
0.433563
0.933563
-0.472656
-0.527344
0.839813
0.378876
0.652313
-0.597656
-0.605469
0.800751
0.769501
-0.792969
-0.902344
0.746063
0.808563
-0.785156
-0.753906
0.957001
0.855438
0.949188
0.832001
0.878876
-0.792969
-0.675781
-0.925781
0.792938
0.902313
-0.816406
-0.683594
-0.863281
0.988251
0.957001
-0.925781
-0.863281
-0.863281
-0.847656
-0.988281
0.816376
0.878876
-0.964844
-0.941406
-0.964844
-0.832031
-0.855469
0.808563
0.730438
-0.792969
-0.527344
-0.910156
0.613251
0.746063
-0.652344
-0.472656
-0.949219
0.605438
0.738251
-0.746094
-0.503906
-0.863281
0.707001
0.894501
-0.644531
-0.816406
0.792938
0.964813
-0.644531
-0.683594
-0.996094
0.746063
0.753876
-0.816406
-0.472656
-0.730469
0.722626
0.683563
0.972626
-0.792969
-0.660156
-0.699219
0.871063
0.503876
0.839813
-0.527344
-0.457031
-0.996094
0.574188
0.722626
-0.902344
-0.636719
-0.691406
0.871063
0.683563
0.886688
-0.972656
-0.839844
-0.589844
-0.878906
0.558563
0.675751
-0.746094
-0.636719
0.964813
0.816376
-0.878906
-0.832031
0.753876
0.691376
-0.761719
-0.527344
-0.910156
0.746063
0.714813
0.925751
-0.636719
-0.574219
0.902313
0.605438
0.941376
-0.761719
-0.824219
0.925751
0.824188
0.988251
-0.753906
-0.847656
0.949188
0.878876
0.871063
0.933563
-0.675781
-0.535156
0.894501
0.472626
0.925751
-0.667969
-0.949219
0.917938
-0.753906
-0.777344
0.878876
0.691376
0.894501
-0.855469
-0.675781
-0.667969
0.972626
0.589813
0.730438
-0.824219
-0.542969
-0.722656
0.816376
0.644501
0.871063
-0.769531
-0.714844
-0.988281
0.800751
0.933563
-0.808594
-0.769531
-0.988281
0.902313
-0.902344
-0.777344
-0.957031
0.824188
0.941376
-0.722656
-0.792969
0.863251
0.933563
-0.832031
-0.949219
0.871063
-0.933594
-0.636719
-0.878906
0.792938
0.769501
0.996063
-0.691406
-0.683594
0.949188
0.628876
0.878876
-0.660156
-0.652344
0.894501
0.792938
-0.972656
-0.878906
-0.933594
-0.902344
-0.996094
0.871063
-0.980469
-0.785156
-0.925781
0.785126
0.878876
-0.785156
-0.761719
-0.972656
0.847626
0.925751
-0.753906
-0.714844
0.816376
0.582001
-0.949219
-0.597656
-0.777344
0.917938
0.832001
0.878876
-0.996094
-0.839844
-0.785156
-0.972656
0.777313
0.855438
-0.816406
-0.777344
-0.988281
0.925751
0.917938
0.894501
0.957001
-0.886719
-0.894531
-0.949219
-0.980469
0.871063
0.894501
0.816376
-0.871094
-0.777344
0.988251
0.871063
-0.832031
-0.707031
-0.925781
0.824188
0.863251
-0.855469
-0.683594
-0.808594
0.902313
0.683563
0.917938
-0.746094
-0.769531
0.957001
0.886688
-0.996094
0.863251
0.996063
-0.855469
-0.785156
-0.910156
0.886688
0.855438
-0.972656
-0.964844
0.498286
0.499143
0.500001
