133
125
121
124
131
130
84
125
125
125
125
125
125
125
125
125
125
125
125
125
125
125
125
125
125
125
125
125
125
125
125
125
125
125
125
125
125
125
125
125
125
125
125
125
125
125
125
125
125
125
125
125
125
125
125
125
125
125
125
125
125
125
125
125
125
125
125
125
125
125
125
125
125
125
125
125
125
125
125
125
125
125
125
125
125
125
125
125
125
125
125
125
125
125
125
125
125
125
125
125
125
125
125
125
125
125
125
125
125
125
125
125
125
125
125
125
125
125
125
125
125
125
125
125
125
125
125
125
125
125
125
125
125
125
125
125
125
125
125
125
125
125
125
125
125
125
125
125
125
125
125
125
125
125
125
125
125
125
125
125
125
125
125
125
125
125
125
125
125
125
125
125
125
125
125
125
125
125
125
125
125
125
125
125
125
125
125
125
125
125
125
125
125
125
125
125
125
125
125
125
125
125
125
125
125
125
125
125
125
125
125
125
125
125
125
125
125
125
125
125
125
125
125
125
125
125
125
125
125
125
125
125
125
125
125
125
125
125
125
125
125
125
125
125
125
125
125
125
125
125
125
125
125
125
125
125
125
125
125
125
125
125
125
125
125
125
125
125
125
125
125
125
125
125
125
125
125
125
125
125
125
125
125
125
125
125
125
125
125
125
125
125
125
125
125
125
125
125
125
125
125
125
125
125
125
125
125
125
125
125
125
125
125
125
125
125
125
125
125
125
125
125
125
125
125
125
125
125
125
125
125
125
125
125
125
125
125
125
125
125
125
125
125
125
125
125
125
125
125
125
125
125
125
125
125
125
125
125
125
125
125
125
125
125
125
125
125
125
125
125
125
125
125
125
125
125
125
125
125
125
125
125
125
125
125
125
125
125
125
125
125
125
125
125
125
125
125
125
125
125
125
125
125
125
125
125
125
125
125
125
125
125
125
125
125
125
125
125
125
125
125
125
125
125
125
125
125
125
125
125
125
125
125
125
125
125
125
125
125
125
125
125
125
125
125
125
125
125
125
125
125
125
125
125
125
125
125
125
125
125
125
125
125
125
125
125
125
125
125
125
125
125
125
125
125
125
125
125
125
125
125
125
125
125
125
125
125
125
125
125
125
125
125
125
125
125
125
125
125
125
125
125
125
125
125
125
125
125
125
125
125
125
125
125
125
125
125
125
125
125
125
125
125
125
125
125
125
125
125
125
125
125
125
125
125
125
125
125
125
125
125
125
125
125
125
125
125
125
125
125
125
125
125
125
125
125
125
125
125
125
125
125
125
125
125
125
125
125
125
125
125
125
125
125
125
125
125
125
125
125
125
125
125
125
125
125
125
125
125
125
125
125
125
125
125
125
125
125
125
124
124
125
125
126
126
126
125
125
126
126
126
125
124
125
125
125
124
124
125
126
126
124
125
125
124
123
125
128
127
123
123
125
127
126
124
122
123
126
127
126
126
125
125
125
125
125
125
125
125
124
124
125
126
125
125
125
125
125
125
125
125
125
125
125
125
125
124
125
126
126
126
125
125
125
125
125
126
125
125
125
124
124
125
125
125
125
125
125
125
126
125
125
125
125
125
125
125
124
125
125
125
125
125
125
125
125
125
125
125
125
125
126
125
125
125
125
125
125
125
125
126
126
125
125
125
125
126
126
125
125
125
125
125
125
125
124
124
125
125
125
125
125
125
125
126
125
124
124
125
125
125
125
125
125
125
125
125
125
125
125
125
125
125
125
125
125
125
125
125
125
125
125
125
125
125
125
125
125
125
125
125
125
125
125
125
125
125
125
125
125
125
125
125
125
125
125
125
125
125
125
125
125
125
125
125
126
125
125
125
125
125
125
125
125
125
125
125
125
125
125
125
125
125
125
125
125
125
125
125
125
125
125
125
125
125
125
126
125
125
125
125
126
125
125
125
125
125
125
125
125
125
125
125
125
125
125
125
125
125
125
125
125
125
125
125
125
125
125
125
125
125
126
125
125
125
125
126
125
125
125
125
125
125
125
125
125
125
125
125
126
125
125
125
125
125
125
125
125
125
125
125
125
125
125
125
125
125
125
125
125
125
125
125
125
125
125
125
125
125
125
125
125
125
125
125
125
125
125
125
125
125
125
125
125
125
125
125
125
125
125
125
124
125
125
125
125
125
125
125
125
125
125
125
125
125
125
125
125
125
125
125
125
125
125
125
125
125
125
125
125
125
125
125
125
125
125
125
125
125
125
125
125
125
125
125
125
125
125
125
125
125
125
125
125
125
125
125
125
125
125
125
125
125
125
125
125
125
125
125
125
125
125
125
125
125
125
125
125
125
125
125
125
125
125
125
125
125
125
125
125
125
125
125
125
125
125
125
125
125
125
125
125
125
125
125
125
125
125
125
125
125
125
125
125
125
125
125
125
125
125
125
125
125
125
125
125
125
125
125
125
124
125
126
125
125
125
125
125
125
126
125
124
125
125
125
125
125
125
125
125
126
126
124
124
125
125
125
125
124
124
125
126
125
125
125
126
125
125
125
124
125
127
127
124
122
123
127
127
125
123
123
125
126
125
125
125
124
123
124
126
126
128
125
121
123
128
126
124
125
127
125
122
122
124
128
129
124
120
122
126
126
125
125
126
127
126
126
126
123
121
121
125
127
125
125
128
129
128
124
122
123
125
123
123
122
122
127
131
130
125
125
126
124
121
124
127
123
119
124
130
128
124
127
130
125
121
123
126
125
124
123
125
127
125
122
120
125
126
125
125
129
132
133
130
126
122
118
116
116
118
118
118
119
125
134
142
143
140
139
135
126
118
114
113
110
107
110
115
121
128
134
137
137
138
140
137
129
123
118
115
114
116
118
120
122
125
126
127
128
129
128
128
128
128
128
126
125
125
124
123
124
125
125
124
123
123
123
122
121
123
125
127
128
130
130
128
126
122
120
120
120
120
123
125
124
126
128
130
132
132
125
123
128
127
120
120
123
121
121
123
122
124
133
135
130
128
123
118
127
136
124
114
118
112
109
134
147
122
116
131
115
109
146
150
110
120
153
114
84
138
162
105
104
160
128
63
118
191
129
77
144
168
88
86
174
153
72
120
190
115
51
126
179
113
95
163
148
76
108
177
137
93
137
158
91
73
140
166
129
113
131
122
100
116
149
142
110
113
133
123
99
120
156
150
119
116
119
114
124
142
131
113
120
141
133
102
90
118
151
161
151
137
111
86
99
126
138
144
132
103
96
124
148
150
132
102
95
128
159
150
118
106
115
123
121
118
123
135
133
122
119
129
138
131
120
120
124
125
128
130
125
116
115
122
128
137
134
124
122
127
132
133
130
125
125
131
130
124
124
128
129
125
125
125
123
120
123
126
129
131
129
124
124
128
129
126
125
126
123
124
131
132
127
122
122
124
114
121
122
128
133
134
129
127
129
129
128
125
125
125
122
122
124
126
127
127
126
123
121
126
132
133
127
121
121
123
126
129
131
127
121
125
130
127
121
120
124
126
125
124
123
123
127
130
128
126
123
123
123
124
121
121
127
136
137
129
120
118
124
130
129
124
123
126
127
122
121
121
122
133
145
137
119
110
117
126
130
130
125
118
120
131
133
125
121
125
130
130
130
127
117
112
120
136
141
129
114
113
123
135
138
129
121
119
122
127
130
129
126
124
121
121
124
132
133
125
118
118
125
131
129
123
120
123
129
132
127
122
121
123
129
130
128
126
126
127
127
125
123
120
120
126
131
131
126
126
127
126
130
135
130
122
119
117
120
124
126
126
123
123
126
130
129
127
126
127
127
123
117
122
129
138
128
132
136
123
108
106
122
136
137
127
118
120
126
131
127
118
114
122
134
135
127
124
126
126
83
125
125
125
126
125
126
126
126
126
126
125
125
125
126
125
125
125
126
125
125
125
125
125
125
125
126
125
125
125
125
126
125
125
126
125
125
125
125
125
125
125
125
125
125
126
125
125
125
125
125
125
125
125
125
125
126
125
126
125
125
125
125
126
125
125
125
125
126
125
125
125
125
125
125
125
125
125
125
125
125
125
125
125
125
125
126
125
125
125
125
125
125
125
125
126
126
125
125
125
125
125
125
125
125
125
125
125
125
125
125
125
125
125
125
125
125
125
125
125
125
125
125
125
125
125
125
125
125
125
125
125
125
125
125
125
125
125
125
125
125
125
125
125
125
125
125
125
125
125
125
125
125
125
125
125
125
125
125
125
125
125
125
125
125
125
125
125
125
125
125
125
125
125
125
125
125
125
125
125
125
125
125
125
125
125
125
125
126
126
126
126
126
126
126
126
125
125
126
126
125
126
125
126
126
126
125
125
125
125
126
126
126
125
125
126
125
125
125
125
125
125
126
126
125
126
125
125
125
126
126
126
126
126
125
126
125
125
126
125
126
125
125
125
126
125
125
126
125
126
126
126
125
125
125
125
125
126
126
125
125
125
125
126
125
125
125
125
125
125
125
125
125
125
125
125
125
125
125
125
125
125
125
125
125
126
125
125
125
125
125
125
125
125
125
125
125
125
125
126
125
125
125
125
125
125
126
125
125
125
125
125
125
125
126
125
125
125
125
125
125
125
125
125
125
125
125
125
125
125
125
125
125
125
125
125
125
125
125
125
126
125
125
125
125
126
125
125
125
125
125
125
125
125
131
