124
127
129
127
126
124
85
125
125
125
125
125
125
125
125
125
125
125
125
125
126
125
125
125
125
125
125
125
125
125
125
125
125
125
125
125
125
125
125
125
125
125
125
125
125
125
125
125
125
125
125
125
125
125
125
125
125
125
125
125
125
125
125
125
125
125
125
125
125
125
125
125
125
125
125
125
125
125
125
125
125
125
125
125
125
126
125
125
125
125
125
126
125
125
125
125
125
125
125
125
125
125
125
125
125
125
125
125
125
125
125
125
126
126
126
126
126
125
126
126
126
126
126
126
125
125
125
126
126
126
125
125
125
125
126
125
126
126
126
125
126
126
126
125
126
126
126
125
125
126
126
126
126
125
125
125
125
125
125
126
125
126
125
126
125
125
125
125
126
125
125
125
125
126
126
126
125
125
125
125
125
125
126
126
125
125
125
125
125
126
126
126
126
125
125
126
126
125
125
125
125
126
125
125
125
125
125
125
125
125
125
125
125
125
125
126
125
125
125
125
125
126
126
125
125
125
126
125
126
125
125
125
125
125
126
125
125
125
125
125
125
125
125
125
125
126
126
126
126
126
126
126
126
125
125
125
125
125
125
126
125
126
125
126
125
125
126
125
125
125
125
125
125
125
125
125
126
126
126
126
126
125
125
125
126
125
125
126
126
125
125
125
125
125
125
125
125
125
125
125
125
125
125
126
126
126
125
125
125
125
125
125
125
125
125
125
125
125
125
125
125
125
125
125
125
125
125
125
125
125
125
126
126
125
125
125
125
125
125
125
125
125
125
125
125
125
125
125
125
125
125
125
125
125
125
125
125
125
125
125
125
125
125
125
125
125
125
125
125
125
125
125
125
125
125
125
125
125
125
125
125
125
125
125
125
125
125
125
125
125
125
125
125
125
125
125
125
125
125
125
125
125
125
125
125
125
125
125
125
125
125
125
125
125
125
125
125
125
125
125
125
125
125
125
125
125
125
125
125
125
125
125
125
125
125
125
125
125
125
125
125
125
125
125
125
125
125
125
125
125
126
125
125
125
125
125
126
126
125
125
125
125
125
126
126
125
125
125
125
125
125
125
125
125
125
125
126
125
126
125
125
125
125
125
125
125
125
125
125
125
125
126
126
125
125
125
125
125
125
125
125
125
125
125
125
125
125
125
125
125
125
125
125
125
125
125
125
125
125
125
125
125
125
126
126
125
125
125
125
125
125
125
125
125
125
125
125
125
125
125
125
125
125
125
125
125
125
125
125
125
125
125
125
125
125
125
125
125
125
125
125
125
125
125
125
125
125
125
125
125
125
125
125
125
125
125
125
125
125
125
125
125
125
125
125
125
125
125
125
125
125
126
125
125
125
125
125
125
125
125
125
125
125
125
126
125
125
125
125
125
125
125
125
126
125
125
125
125
125
125
125
125
126
125
124
125
126
127
125
124
125
126
126
125
125
125
125
125
126
126
125
125
125
126
126
125
125
125
125
125
125
125
126
125
125
125
125
126
125
126
126
125
125
125
125
126
126
125
126
125
126
126
126
125
124
125
126
126
125
125
125
125
125
126
125
125
125
125
125
126
126
125
125
125
126
125
125
125
125
125
126
126
125
125
126
126
125
126
126
126
125
125
125
125
126
125
125
125
125
126
125
125
126
126
125
126
126
125
125
126
126
125
125
125
126
125
125
125
126
126
126
125
125
126
126
125
125
126
125
125
126
126
125
125
126
125
125
126
126
125
125
126
125
125
126
125
125
125
126
125
125
125
126
125
125
126
125
125
125
125
125
125
126
125
125
125
126
125
125
125
126
125
125
125
125
125
125
126
125
125
125
125
125
126
126
126
125
125
125
125
125
125
125
125
125
125
126
124
125
125
125
125
126
125
126
126
125
125
125
125
125
125
126
126
125
125
126
125
125
125
126
126
126
126
126
125
125
126
126
125
125
126
126
124
123
126
125
125
126
127
125
125
126
126
125
125
126
125
125
126
127
126
125
126
126
125
125
126
126
126
126
126
126
125
123
125
125
125
126
126
126
126
126
126
126
126
125
125
125
126
126
126
125
126
126
126
126
125
126
126
125
125
126
125
125
125
125
126
126
126
125
125
125
125
125
125
125
125
125
125
126
126
125
125
125
126
126
126
126
126
126
126
126
125
125
125
125
126
126
125
126
126
125
125
126
126
126
125
126
126
125
125
125
125
125
125
125
126
125
125
125
126
126
125
125
125
125
125
126
125
124
125
126
126
125
125
126
126
126
126
126
126
126
125
125
126
126
126
125
125
125
125
126
126
126
125
126
126
126
126
126
126
126
126
125
125
125
126
126
125
126
125
126
126
125
126
125
126
126
126
126
125
126
127
127
126
125
125
125
124
125
125
125
125
125
125
125
126
126
126
126
126
126
125
126
126
125
125
126
125
125
125
125
125
125
126
125
125
125
126
125
125
125
126
128
127
125
125
125
124
125
125
125
125
125
125
125
125
125
125
125
125
125
125
126
125
125
126
125
125
125
125
125
125
125
125
125
126
126
125
125
125
125
125
125
125
125
125
125
125
125
125
125
125
125
125
125
125
125
125
125
124
125
126
127
126
125
125
125
125
124
125
125
126
125
124
125
125
125
126
126
126
125
125
125
126
125
125
125
124
124
124
125
125
126
126
126
125
126
126
125
125
125
125
125
124
124
126
127
125
125
126
126
125
125
126
127
125
124
124
125
125
125
125
125
124
126
127
127
125
123
125
125
123
124
127
126
122
122
126
129
128
126
127
129
127
120
118
121
110
115
117
125
131
140
145
144
139
137
134
122
111
107
109
109
109
114
119
122
125
138
144
140
138
141
139
133
127
121
117
115
112
110
112
116
121
121
120
128
142
147
141
136
134
130
120
115
114
121
130
125
118
122
130
129
125
125
117
107
111
128
140
147
144
130
118
112
112
115
129
130
119
120
130
133
128
125
126
124
122
124
131
139
135
122
118
122
126
125
120
119
122
127
134
140
136
118
91
97
151
186
140
70
87
141
143
122
117
120
129
140
137
123
118
121
123
125
129
125
119
121
128
129
129
129
128
127
127
122
118
122
129
128
125
122
122
122
121
120
123
130
132
130
130
131
128
126
130
129
120
116
123
125
123
126
127
120
121
129
128
123
127
129
119
119
130
130
121
126
132
122
117
130
135
121
119
130
125
119
131
134
120
123
138
129
112
114
118
108
124
160
163
135
120
109
97
106
144
155
100
69
119
178
152
97
108
147
145
139
141
112
68
91
162
176
126
101
111
128
137
148
139
110
83
106
152
155
113
106
136
147
118
98
118
143
134
123
129
115
102
138
169
129
79
107
152
132
120
149
139
91
101
146
138
114
121
136
126
120
130
126
108
119
146
135
103
115
143
129
108
126
146
134
119
119
122
122
124
131
135
132
121
114
119
124
123
126
129
124
120
127
131
124
119
122
127
131
134
129
118
115
122
131
133
126
122
124
125
125
128
130
127
122
122
127
127
124
120
121
123
125
123
122
126
132
131
123
124
109
119
132
132
123
122
128
134
130
122
121
123
124
125
128
129
128
128
128
125
122
124
125
122
121
75
116
129
133
134
131
128
129
130
130
131
131
126
126
127
128
127
126
127
124
125
127
128
128
127
126
127
131
128
127
121
119
123
125
130
134
131
126
124
126
128
127
120
115
118
122
127
130
129
128
126
125
125
127
129
131
127
123
126
133
136
129
122
117
118
127
131
124
118
120
128
131
130
126
120
119
125
135
134
122
114
117
127
135
133
121
114
123
133
132
125
122
123
126
128
122
123
121
124
121
127
132
128
125
125
128
127
125
122
123
127
130
125
120
123
128
128
126
124
125
130
129
122
84
125
125
125
125
125
125
125
125
125
125
125
125
125
125
125
125
125
125
125
125
125
125
125
125
125
125
125
125
125
125
125
125
125
125
125
125
125
125
125
125
126
126
125
125
125
125
125
125
125
125
125
125
125
125
125
125
125
125
125
125
125
125
125
125
125
125
125
125
125
125
125
125
125
125
125
125
125
125
125
125
125
126
125
125
126
126
125
125
126
125
125
125
125
126
126
125
125
125
125
125
126
125
126
125
125
125
126
125
125
125
125
125
125
125
125
125
125
125
126
126
126
125
125
126
126
126
126
126
126
126
126
126
126
126
126
126
126
126
126
126
125
126
125
125
125
125
125
126
125
126
126
126
125
126
125
126
126
126
126
126
125
125
125
125
125
126
126
125
125
125
126
125
126
125
126
125
125
126
125
125
125
125
125
125
125
126
125
125
125
126
126
125
125
126
125
126
125
125
125
126
125
125
125
125
125
125
125
125
125
126
125
125
125
125
125
125
125
125
125
125
125
125
125
126
125
126
125
125
125
125
125
125
125
126
125
126
125
125
125
126
126
125
126
126
125
126
126
126
126
125
125
125
126
125
125
126
126
126
125
125
125
126
126
126
126
126
125
126
126
126
125
126
126
126
125
126
125
126
126
125
126
126
126
125
126
125
125
125
126
125
126
126
125
126
125
125
125
125
125
125
125
125
125
125
125
125
125
125
125
125
125
125
125
125
126
125
125
126
126
126
125
125
125
125
125
126
126
125
125
125
126
126
125
125
125
125
126
125
125
125
126
124
125
125
125
126
126
126
126
126
125
125
125
132
