126
129
128
126
125
110
91
126
126
126
126
125
126
125
126
126
126
126
126
126
126
126
126
125
125
125
126
126
126
126
126
126
125
126
126
126
126
125
126
125
125
126
126
126
125
125
125
126
125
125
126
125
125
126
126
126
125
125
126
125
125
126
125
126
126
125
126
125
125
125
126
125
126
125
125
125
125
125
125
125
125
125
125
125
125
125
126
125
125
126
126
125
125
125
125
126
125
126
125
125
125
125
125
125
125
125
125
126
125
125
125
125
125
125
125
125
125
125
125
125
125
125
125
125
125
125
125
125
125
125
125
125
125
125
125
125
125
125
125
125
125
125
125
125
125
125
125
125
125
125
126
125
125
125
126
126
125
125
125
125
125
125
126
125
125
125
125
125
125
126
125
125
125
125
126
125
125
125
125
125
125
125
125
125
125
125
125
126
125
125
125
125
126
125
125
125
125
125
125
125
125
125
125
125
125
125
125
125
125
125
125
125
125
125
125
126
126
125
125
125
125
125
125
125
125
125
125
125
125
125
125
125
125
125
125
125
125
125
125
125
125
126
125
125
125
125
125
125
125
125
125
125
125
125
125
125
125
125
125
125
125
125
125
125
125
125
125
125
125
125
125
125
125
125
125
125
125
125
125
125
125
125
125
125
125
125
125
125
125
125
125
125
125
125
125
125
125
125
125
125
125
125
125
125
125
125
125
125
125
125
125
125
125
125
125
125
125
125
125
125
125
125
125
125
125
125
125
125
125
126
124
125
125
125
126
126
126
126
125
125
125
125
126
126
126
126
126
125
126
125
125
125
125
125
125
125
125
125
125
125
125
125
125
126
125
125
124
125
125
126
126
126
126
126
125
126
126
125
126
126
126
126
125
126
126
125
126
125
126
125
125
125
126
126
126
126
125
126
126
125
125
126
126
126
126
126
126
125
125
125
125
125
125
125
125
125
125
125
125
125
125
126
125
125
126
125
125
125
125
126
126
125
125
125
126
126
125
125
125
125
125
125
126
125
126
126
125
125
125
126
125
125
125
126
125
126
125
126
125
126
126
125
125
125
125
125
125
125
126
125
126
125
125
126
125
125
125
125
126
125
125
126
126
125
125
125
125
125
125
126
125
125
125
125
125
125
125
125
126
125
125
125
125
125
125
125
125
125
126
126
125
125
125
125
125
125
125
125
125
125
126
125
126
125
125
126
125
126
125
126
125
125
125
125
125
125
125
125
126
126
125
125
125
126
126
126
126
125
125
125
125
125
125
125
125
125
125
125
125
125
125
125
125
125
125
125
125
125
125
125
125
125
125
125
125
125
125
125
125
125
125
125
125
125
125
125
125
125
125
127
126
125
125
125
125
125
125
125
125
125
125
125
125
126
125
125
125
125
126
125
125
125
125
125
125
125
125
125
125
125
125
126
124
124
125
126
126
126
126
126
125
125
126
126
125
125
125
125
126
126
126
126
125
126
126
126
125
125
125
125
126
126
126
125
126
126
126
125
125
126
126
125
125
126
126
126
126
126
126
126
125
126
126
125
125
126
126
126
125
126
126
126
125
125
125
126
126
126
125
124
125
125
125
126
125
125
125
126
126
126
126
126
125
126
125
125
125
125
125
125
126
126
125
125
125
125
126
126
125
125
125
125
126
126
126
125
125
126
126
125
125
126
125
126
126
126
125
125
125
125
125
125
125
125
125
125
125
126
126
126
126
126
126
126
125
125
125
125
125
125
125
125
125
126
126
125
125
125
125
125
125
125
125
125
125
125
126
125
126
125
126
125
125
125
125
125
125
125
126
126
125
125
126
125
125
126
126
125
125
126
126
126
125
125
125
125
125
126
126
125
125
125
125
125
125
125
125
125
125
125
126
126
125
125
125
126
125
125
125
126
125
125
126
125
125
126
126
127
125
125
125
125
125
125
125
125
125
126
125
125
125
125
125
125
125
125
125
126
126
125
125
125
126
125
125
125
125
125
126
126
125
125
126
126
125
125
125
125
125
126
125
125
125
125
125
125
125
126
125
125
126
125
125
125
126
125
125
125
125
125
125
126
125
124
125
126
125
125
126
126
125
125
126
125
125
125
126
126
125
125
125
125
125
125
126
125
125
125
126
125
125
125
126
125
125
126
126
125
125
126
126
125
125
125
125
125
125
126
126
125
126
124
124
124
125
125
126
126
126
126
125
124
125
126
126
126
126
126
125
125
126
126
125
125
126
126
125
124
123
126
126
126
127
127
127
126
126
126
126
126
126
126
126
125
125
126
126
126
126
126
126
125
125
126
126
126
126
126
126
125
125
126
126
125
126
126
126
125
123
125
126
126
126
126
126
126
126
126
126
126
126
125
125
126
126
126
126
125
125
125
126
126
126
125
125
126
126
126
126
125
125
125
126
126
126
126
126
125
125
126
126
125
125
125
125
126
126
126
126
126
126
126
125
125
125
125
125
126
125
126
126
126
126
126
125
125
125
125
126
125
125
126
126
125
126
126
126
125
125
126
126
126
126
126
126
126
125
126
125
125
126
125
125
125
126
126
126
126
126
126
125
125
126
126
126
125
125
126
126
125
125
126
126
126
125
125
127
128
129
127
123
122
125
128
127
125
123
123
125
126
126
125
124
125
127
127
125
124
126
127
127
126
126
126
127
128
129
125
124
126
126
123
121
123
125
127
128
126
125
126
127
124
122
125
127
125
125
125
125
126
127
127
125
125
125
126
127
127
126
126
128
127
125
124
125
123
124
124
125
126
125
125
125
125
124
123
124
125
125
126
127
128
127
127
126
127
126
126
125
125
124
124
124
124
124
124
125
125
124
124
125
126
128
129
129
127
123
123
125
127
126
123
122
124
127
127
123
122
125
127
126
126
127
126
125
125
126
127
126
126
125
125
125
126
126
124
122
122
124
125
126
126
126
127
128
128
126
125
124
122
122
126
127
124
123
124
126
126
126
124
121
119
119
122
132
138
132
126
129
133
135
133
125
117
115
119
124
125
118
113
124
134
131
124
125
126
126
129
129
123
121
124
124
120
116
122
133
135
124
123
134
137
122
102
111
143
146
121
115
128
132
125
122
120
122
127
125
125
136
109
125
108
124
141
128
112
126
139
129
120
127
131
124
117
124
132
132
128
125
124
126
122
118
122
137
119
107
120
129
133
126
127
131
128
126
127
126
124
130
132
127
125
126
128
129
127
121
119
125
132
131
124
123
128
131
126
125
131
131
121
117
128
135
122
107
99
111
119
139
152
137
119
118
122
127
134
143
143
132
127
134
140
143
131
82
70
129
155
115
96
126
144
135
132
127
111
115
138
143
126
119
129
136
130
123
120
117
116
118
119
123
127
129
127
124
127
132
132
126
121
123
130
130
126
124
125
124
125
127
128
124
123
127
129
127
125
124
126
127
123
120
124
124
128
125
127
125
124
126
129
127
125
124
125
127
127
126
125
123
124
125
125
126
126
124
124
126
128
126
126
127
126
125
127
127
121
118
127
133
126
119
120
125
128
128
127
127
129
131
128
124
124
128
128
122
120
122
125
126
126
127
128
126
125
125
126
125
124
124
124
125
126
130
138
130
120
117
125
129
126
121
121
124
127
127
125
123
125
127
128
128
127
122
124
128
127
122
119
124
128
127
125
125
122
123
129
129
125
159
80
123
124
127
124
128
128
130
128
124
122
124
128
128
126
122
120
125
130
129
124
122
124
127
127
124
125
130
130
126
121
124
128
131
129
126
125
126
127
129
128
122
122
124
126
126
125
125
126
125
126
127
126
126
125
126
126
126
126
125
122
120
123
127
129
127
112
126
128
128
127
129
126
127
127
128
126
124
124
125
128
127
126
127
127
126
125
92
125
125
125
125
125
125
125
125
125
125
125
125
125
126
125
125
126
125
125
125
126
125
125
126
126
125
125
125
125
126
125
126
125
125
125
125
126
125
125
125
125
125
125
125
125
126
125
125
125
125
125
125
125
125
126
125
126
125
126
125
126
125
125
125
125
126
126
125
125
125
126
125
125
126
125
125
126
126
126
126
125
125
126
125
125
125
126
126
125
125
125
125
125
125
125
125
125
125
125
125
125
125
125
125
125
125
125
125
125
125
125
125
125
125
125
125
125
125
125
125
125
125
125
125
125
125
125
125
125
125
125
125
125
125
125
125
125
125
125
125
125
125
125
125
125
125
125
125
125
125
125
125
125
125
125
125
125
125
125
125
125
125
125
125
125
125
125
125
125
125
125
125
126
125
125
125
125
125
125
125
125
125
125
125
125
125
125
125
125
126
126
125
126
125
125
125
125
125
125
125
125
125
125
125
125
125
125
125
125
125
125
125
125
125
125
125
125
125
125
125
126
125
125
125
125
125
125
125
125
125
126
126
125
125
125
125
125
125
125
125
125
125
125
125
125
125
125
125
125
125
125
125
125
125
125
125
125
125
125
125
125
125
125
125
125
125
125
125
125
125
125
125
125
125
125
125
125
125
125
125
125
125
125
125
125
125
125
125
125
125
125
125
125
125
125
125
125
125
125
125
125
125
125
125
125
126
125
125
125
126
125
125
125
126
125
126
126
125
125
125
125
125
125
125
126
126
125
125
125
125
126
126
126
126
126
126
126
126
125
126
126
126
126
126
126
126
126
126
126
125
125
125
125
124
