125
126
125
125
125
125
41
125
125
125
125
125
125
125
125
125
125
125
125
125
125
125
125
125
125
125
125
125
125
125
125
125
125
125
125
125
125
125
125
125
125
125
125
125
125
125
125
125
125
125
125
125
125
125
125
125
125
125
125
125
125
125
126
126
125
125
125
125
125
125
125
125
125
125
125
125
125
125
125
125
125
125
125
125
125
125
125
125
125
125
125
125
125
125
125
125
125
125
125
125
125
125
125
125
125
125
125
125
125
125
125
125
125
125
125
125
125
125
125
125
125
125
125
125
125
125
125
125
125
125
125
125
125
125
125
125
125
125
125
125
125
125
125
125
125
125
125
125
125
125
125
125
125
125
125
125
125
125
125
125
125
125
125
125
125
125
125
125
125
125
125
125
125
125
125
125
125
125
125
125
125
125
125
125
125
125
125
125
125
125
125
125
125
125
125
125
125
125
125
125
125
125
125
125
125
125
125
125
125
125
125
125
125
125
125
125
125
125
125
125
125
125
125
125
125
125
125
125
125
125
125
125
125
125
125
125
125
125
125
125
125
125
125
125
125
125
125
125
125
125
125
125
125
125
125
125
125
125
125
125
125
125
124
123
125
128
128
125
123
125
129
131
130
123
113
105
109
129
144
135
113
114
171
218
127
35
2
243
255
136
51
21
185
242
148
52
90
135
110
118
210
201
66
32
108
160
166
148
103
77
109
140
139
129
121
116
116
133
152
133
93
95
133
156
144
108
90
117
156
149
103
84
117
159
160
125
96
97
123
147
146
124
109
112
126
136
134
124
119
123
129
130
127
122
117
117
124
132
133
129
126
124
123
123
122
122
124
126
126
126
127
128
126
123
122
124
126
126
125
124
126
127
126
126
125
126
126
125
123
122
123
124
125
127
128
128
126
123
123
124
126
125
125
124
125
125
124
124
125
127
127
126
125
126
125
125
125
125
125
124
124
125
126
126
126
125
125
124
123
124
124
125
125
126
126
127
126
126
125
125
125
125
125
125
125
125
125
125
125
125
125
125
125
126
126
125
124
124
124
126
126
126
126
123
124
124
124
125
126
126
126
127
126
126
125
125
125
126
126
126
126
125
125
124
125
125
125
125
126
126
126
126
126
125
126
126
125
126
125
126
125
125
125
125
125
126
126
126
126
126
126
126
126
125
125
125
125
125
125
125
126
126
125
126
126
126
126
126
125
124
125
125
126
126
126
126
126
126
125
125
125
125
125
125
125
125
125
125
125
125
125
125
125
125
125
125
125
125
125
125
125
125
125
125
125
125
125
126
126
125
125
125
125
125
125
125
125
125
125
126
126
126
126
125
125
125
125
125
125
125
126
126
126
125
125
125
125
125
125
125
125
125
125
125
125
126
125
126
126
125
125
125
125
125
125
125
125
125
126
125
125
125
125
126
125
125
126
125
125
126
126
125
125
125
126
126
125
126
126
125
125
125
125
126
126
125
125
127
127
125
125
126
125
125
125
125
125
125
125
125
125
125
125
125
125
126
126
125
125
126
126
125
125
125
125
125
126
127
126
125
124
125
125
125
125
125
125
125
125
125
125
125
125
126
126
125
124
125
126
126
125
125
126
126
125
125
125
125
125
125
125
125
126
125
125
125
125
125
125
125
125
125
125
125
125
125
126
125
125
125
125
125
124
125
126
125
125
126
126
125
125
125
126
126
125
125
125
126
125
124
125
126
126
124
124
125
126
125
125
125
125
125
125
125
126
126
126
124
124
125
125
125
126
126
125
125
126
125
125
125
125
126
126
125
125
125
125
125
125
125
126
126
126
125
125
125
125
125
125
125
125
125
125
125
125
125
125
125
125
125
125
125
125
125
125
125
125
125
125
125
125
125
125
125
125
125
125
125
125
125
125
125
125
125
125
125
125
125
125
125
125
125
125
125
125
125
125
125
125
125
125
125
125
125
125
125
125
125
125
125
125
125
125
125
125
125
125
125
125
125
125
125
125
125
125
125
125
125
125
125
125
125
125
125
125
125
125
125
125
125
125
125
125
125
125
125
125
125
125
125
125
125
125
125
125
125
125
125
124
125
125
125
125
125
125
125
125
125
126
125
125
125
125
125
125
125
125
125
125
125
125
125
125
125
125
125
125
125
125
125
125
125
125
125
125
125
125
125
125
125
125
125
125
125
125
125
125
125
125
125
125
125
125
125
125
125
125
125
125
125
125
125
125
125
125
125
125
125
125
125
125
125
125
125
125
125
125
126
125
125
125
125
125
125
125
125
125
125
125
125
125
125
125
125
125
125
125
125
125
123
124
125
125
125
126
126
126
126
125
125
125
125
125
125
125
125
125
125
125
125
125
125
125
125
125
125
125
125
125
125
125
125
125
125
125
125
125
125
125
125
125
126
125
125
125
125
125
125
125
125
126
125
125
125
125
125
125
125
125
125
125
125
125
125
125
125
125
125
125
125
125
125
125
126
125
125
125
125
125
125
125
125
125
125
125
125
125
125
125
125
125
125
125
125
125
125
125
126
125
125
125
125
125
125
125
125
125
125
125
125
125
126
125
125
125
125
125
125
125
125
125
125
125
125
125
125
125
126
125
125
125
125
125
125
125
125
126
126
125
124
126
126
125
125
125
125
125
126
125
125
125
125
125
125
125
125
125
125
126
125
125
125
125
126
125
125
125
125
126
125
125
125
125
125
125
125
125
125
125
125
125
125
125
125
126
125
125
125
125
125
125
125
125
125
125
125
126
125
124
125
126
125
125
125
126
125
125
126
127
125
122
125
127
126
124
125
123
124
126
127
125
123
127
127
128
126
123
122
124
125
125
125
125
125
126
125
124
125
126
126
125
124
125
126
126
125
125
126
125
125
126
126
125
124
125
125
125
125
126
126
126
126
125
125
125
125
125
125
125
125
125
124
124
125
125
125
125
125
125
125
125
125
125
124
125
125
125
125
126
125
125
125
125
125
125
125
125
125
125
125
124
125
125
125
125
124
125
126
126
126
125
125
125
125
126
125
125
125
125
125
125
125
125
125
127
125
126
125
124
125
125
125
125
125
124
125
125
125
125
125
125
125
125
125
125
125
125
125
126
125
125
125
125
125
125
125
126
125
125
126
125
126
125
125
126
126
124
125
124
125
125
125
125
125
125
125
125
124
125
125
125
125
125
125
125
125
126
126
125
125
125
125
126
125
125
125
124
125
126
125
125
125
125
125
125
125
125
125
125
125
125
125
125
125
125
125
125
125
125
126
126
125
125
125
125
125
124
124
125
125
126
125
125
126
125
125
126
125
125
125
125
126
125
125
126
125
126
127
129
128
128
128
127
126
125
125
124
123
123
123
124
125
125
126
127
127
127
126
126
126
125
125
125
124
125
125
125
126
126
126
126
126
126
125
125
125
125
126
125
125
125
125
125
125
124
124
125
125
126
125
125
125
125
125
125
126
124
125
126
125
126
125
125
126
125
125
126
126
126
126
126
126
126
125
126
125
126
125
125
125
125
125
125
124
124
125
124
125
125
125
125
125
126
125
124
125
126
125
126
125
125
125
126
126
126
126
126
126
126
126
126
125
126
124
124
126
127
126
126
126
128
129
127
125
124
123
122
124
126
125
121
122
125
128
128
127
126
124
124
125
126
132
126
123
121
123
122
123
123
123
125
128
129
127
127
127
127
127
126
125
122
122
123
123
124
124
125
126
127
128
129
128
126
125
123
124
124
123
123
124
125
126
126
126
126
125
125
125
125
139
118
95
130
126
127
130
127
128
127
126
126
125
126
125
126
126
126
125
126
125
126
127
127
128
128
127
126
127
122
124
122
121
122
124
125
126
107
85
131
128
131
135
133
132
132
130
42
125
125
125
125
125
125
125
125
125
125
125
125
125
125
125
125
125
124
125
126
125
125
125
126
126
126
126
125
125
126
126
125
125
125
125
125
125
126
125
125
125
125
125
125
126
125
125
125
126
126
125
126
125
125
125
125
126
125
125
126
125
125
125
125
125
126
125
126
125
125
125
125
125
126
125
125
125
125
126
125
125
125
125
125
125
125
125
125
125
125
125
125
125
125
125
125
125
125
125
125
125
125
125
125
125
125
125
125
125
125
125
125
125
125
125
125
125
125
125
125
125
125
125
125
125
125
125
125
125
125
125
125
125
125
125
125
125
125
125
125
125
125
125
125
125
125
125
125
126
125
125
125
125
125
125
125
125
125
125
125
125
125
125
125
125
125
125
125
125
125
125
125
125
125
125
125
125
125
125
125
125
125
125
125
125
125
125
125
125
125
125
125
125
125
125
125
125
125
125
125
125
125
125
125
125
125
125
125
125
125
125
125
125
125
125
125
125
125
125
125
125
125
125
125
125
125
125
125
125
125
125
125
125
126
126
125
125
125
125
125
125
125
125
125
125
125
125
125
125
125
125
125
125
125
125
125
125
123
124
126
127
126
125
126
128
131
131
124
114
111
116
117
113
123
162
195
160
56
10
105
255
255
53
52
96
255
211
77
53
75
83
152
251
222
77
1
87
195
179
101
98
117
105
117
145
132
112
124
131
122
124
124
120
127
139
129
104
105
138
153
129
94
89
123
160
156
120
101
108
117
130
146
144
126
113
115
124
128
122
118
125
135
131
122
121
122
120
123
132
136
129
121
121
125
