123
129
133
130
124
123
85
125
125
125
125
125
125
125
125
125
125
126
125
125
125
125
125
125
125
125
125
125
125
125
125
125
125
125
125
125
125
125
125
125
125
125
125
125
125
125
125
125
125
125
125
125
125
125
125
125
125
125
125
125
125
125
125
125
125
125
125
125
125
125
125
125
125
125
125
125
125
125
125
125
125
125
125
125
125
125
125
125
125
125
125
125
125
125
125
125
125
125
125
125
125
125
125
125
125
125
125
125
125
125
125
125
125
125
125
125
125
125
125
125
125
125
125
125
125
125
125
125
126
125
125
125
125
125
125
126
125
125
125
125
125
125
125
125
125
125
125
125
125
125
125
125
125
125
125
125
125
125
125
125
125
126
125
125
125
125
125
125
125
125
126
126
126
126
126
125
126
126
126
125
126
125
125
126
126
125
125
126
126
126
126
126
126
126
126
126
125
125
125
125
125
126
126
126
126
126
126
126
126
125
125
125
125
125
125
125
125
125
125
125
125
125
125
126
125
125
125
125
125
125
125
125
125
125
125
126
126
125
126
125
126
125
125
125
125
125
125
125
125
126
125
125
125
126
125
125
126
125
125
125
125
125
125
126
125
126
126
125
125
126
125
125
125
126
125
126
126
125
125
126
125
125
126
126
126
125
125
126
126
126
125
125
125
125
126
125
125
126
126
125
125
125
125
125
125
125
125
125
125
125
125
125
125
125
125
126
126
126
125
125
126
125
125
125
125
125
125
125
125
126
125
126
125
125
126
125
125
125
125
126
126
126
125
126
125
126
126
125
125
126
125
125
125
125
125
125
126
125
125
125
125
125
125
125
125
125
125
126
126
125
125
126
126
125
126
125
126
125
125
126
125
125
125
125
125
126
126
126
125
125
125
125
125
125
125
125
125
125
125
125
125
125
125
125
125
125
125
125
125
125
125
125
125
125
125
125
125
125
125
125
125
125
125
125
125
125
125
125
125
125
125
125
125
125
125
125
125
125
125
125
125
125
125
125
125
125
125
125
125
125
125
125
125
125
125
125
125
126
124
125
125
126
125
126
126
125
125
125
125
125
125
125
125
125
125
125
125
125
125
125
125
125
125
125
125
125
125
125
125
125
125
125
125
125
125
126
125
125
125
125
125
125
126
125
125
125
125
125
125
125
125
125
125
125
125
126
125
125
125
125
125
125
125
125
125
124
125
125
125
125
126
126
126
125
125
125
125
125
125
125
125
125
125
125
125
125
125
125
125
125
125
125
125
125
125
125
125
125
125
125
125
125
125
125
125
125
125
125
125
125
125
125
125
125
125
125
125
125
125
125
125
125
125
125
125
125
125
125
125
125
125
126
126
125
125
125
125
125
125
125
125
125
126
126
125
125
125
125
125
126
125
125
125
125
125
125
125
125
125
126
125
125
125
126
125
124
125
126
126
125
124
126
127
126
125
125
125
126
126
126
126
125
125
125
126
125
125
125
125
125
125
125
126
126
125
125
125
125
126
126
125
125
125
125
125
126
126
126
125
125
125
126
126
126
126
126
126
126
125
125
125
125
125
125
125
125
125
125
125
125
125
126
125
125
125
126
126
125
125
125
125
126
125
125
125
125
125
125
125
125
125
126
125
125
126
126
125
125
125
126
126
125
125
125
125
125
125
125
125
125
126
125
125
125
125
125
125
125
125
125
125
125
125
125
126
126
125
125
125
125
125
126
126
125
125
126
125
125
126
125
124
126
126
125
125
126
125
125
126
126
125
125
126
125
125
126
126
125
125
125
125
125
125
125
125
125
126
125
125
125
126
125
125
125
126
125
125
126
126
125
125
125
125
125
126
126
126
125
125
125
125
125
125
125
125
125
125
125
125
125
125
125
125
126
124
125
125
125
125
126
125
125
126
126
125
125
126
126
125
125
125
126
125
126
126
125
124
126
126
126
125
126
126
125
125
126
126
125
125
126
125
124
125
126
125
125
126
126
125
126
126
126
125
125
125
125
125
125
126
125
125
125
126
125
126
126
125
125
125
125
124
124
124
126
125
126
126
126
126
126
126
126
125
125
125
125
125
125
125
125
125
125
125
125
125
125
125
125
125
125
125
125
125
125
125
125
125
125
125
125
125
125
125
125
125
125
125
125
125
125
125
125
126
126
125
125
125
126
125
125
125
125
125
125
125
126
126
125
125
126
125
125
125
125
125
125
125
125
125
125
125
125
125
125
125
125
125
125
126
125
125
125
125
126
126
125
125
125
125
126
125
125
125
125
125
125
125
125
126
125
125
125
125
125
125
125
125
125
125
125
125
125
125
125
126
125
125
125
125
125
125
125
125
125
125
125
125
125
125
125
125
125
125
125
125
125
125
126
125
125
127
126
125
125
125
124
124
125
125
125
125
125
125
125
125
125
125
125
125
125
125
125
125
126
125
125
125
125
126
126
125
125
125
125
125
125
125
125
125
126
126
126
125
125
125
125
125
125
125
125
125
125
125
125
125
125
125
125
125
126
126
126
126
126
126
125
125
125
125
124
125
125
125
125
126
125
126
126
126
126
125
125
125
125
125
124
125
125
125
126
125
124
125
126
126
126
125
125
125
125
125
124
125
125
126
125
125
125
125
125
125
128
125
123
124
126
125
126
126
126
125
125
126
125
126
126
125
124
123
125
125
124
124
125
126
126
125
126
127
126
125
126
126
126
124
125
127
126
125
125
126
126
126
125
125
125
124
126
128
126
123
123
125
124
124
127
128
125
122
125
129
130
127
126
128
129
123
118
117
115
113
115
122
128
137
144
146
141
137
135
127
115
108
109
111
110
113
119
123
125
131
141
140
138
139
138
131
125
120
120
118
113
108
112
121
127
128
123
121
129
137
133
127
129
133
130
127
125
123
127
126
116
112
121
130
130
127
125
121
119
127
132
132
127
118
114
122
137
143
130
115
109
116
126
127
127
126
127
132
134
130
122
116
117
121
129
131
126
128
133
133
125
118
119
126
131
129
131
136
133
123
114
109
100
90
110
173
203
141
54
69
141
156
134
125
125
125
133
136
124
115
122
126
123
120
123
127
129
131
132
129
125
121
119
120
122
125
127
128
126
124
122
121
124
129
131
130
132
133
132
122
125
126
119
115
120
120
118
126
133
126
124
132
128
119
126
132
123
119
128
127
118
122
134
127
120
130
129
114
120
138
130
120
130
134
113
107
121
120
116
142
166
148
120
110
110
106
124
157
135
77
83
153
166
101
90
150
168
132
124
129
98
84
134
179
145
96
97
117
128
147
156
133
89
84
135
166
131
100
121
156
141
103
102
132
130
113
124
131
111
119
156
155
106
88
126
145
127
140
154
114
82
125
147
117
110
133
135
121
128
132
108
103
142
149
111
96
132
145
118
109
135
148
131
117
120
123
125
127
129
130
132
125
118
114
118
130
140
135
74
102
122
137
141
134
126
128
136
137
126
116
116
124
132
132
128
123
126
131
129
126
128
127
123
121
126
128
124
124
128
127
122
122
126
130
129
125
123
124
126
128
125
123
124
128
130
132
126
127
128
126
123
123
124
123
125
125
128
126
126
126
125
123
125
129
127
128
129
127
124
124
125
122
121
124
126
126
126
128
128
128
127
129
123
123
121
122
124
125
126
125
126
129
127
123
121
124
127
123
121
126
130
127
125
127
127
124
123
124
125
123
125
126
127
125
124
125
126
126
124
122
125
131
133
131
128
120
116
123
130
131
121
115
123
134
136
126
115
116
127
135
135
124
115
118
129
137
135
120
114
121
131
130
124
119
122
126
129
128
123
125
129
127
124
125
126
122
120
124
129
129
124
123
125
127
124
122
124
129
128
123
119
122
130
135
129
84
126
125
126
125
126
125
126
126
125
126
126
126
126
126
126
125
125
126
126
126
126
125
126
126
126
126
126
125
126
126
126
126
125
125
125
125
126
126
125
126
125
126
126
126
126
126
126
126
126
126
126
126
125
126
126
125
126
126
126
126
126
126
126
126
125
126
126
126
126
125
126
126
126
126
126
126
126
126
126
126
126
126
126
125
126
126
126
126
125
126
126
125
125
125
125
125
125
125
125
126
125
125
125
125
125
125
125
125
125
125
125
125
125
125
125
125
125
126
125
125
126
125
126
125
125
125
125
126
125
125
126
126
126
126
126
125
125
125
125
125
125
125
126
125
125
125
125
125
125
125
125
126
126
126
125
126
125
125
126
125
125
126
125
125
126
125
126
125
125
126
125
125
126
125
125
125
126
125
125
126
126
125
126
125
126
125
126
125
125
125
125
125
125
125
125
125
125
125
125
126
125
125
125
126
126
125
125
125
125
125
125
125
125
125
125
125
125
125
125
125
125
125
126
125
125
125
125
125
125
125
125
125
125
125
125
125
125
125
125
125
125
125
125
126
125
125
125
125
125
125
125
125
125
125
125
126
125
125
125
126
125
125
125
125
125
125
125
125
125
125
125
125
125
125
125
125
125
125
125
125
125
125
125
125
125
125
125
125
125
125
125
125
125
125
126
125
125
125
125
125
125
125
125
125
125
125
125
125
125
125
125
125
125
125
126
125
125
125
125
125
125
125
125
125
125
125
125
125
125
125
125
125
125
125
125
125
125
125
125
125
125
125
125
126
125
125
125
125
125
125
125
125
125
122
