128
126
125
125
125
125
49
125
125
125
125
125
125
125
125
125
125
125
125
125
125
125
125
125
125
125
125
125
125
125
125
125
125
125
125
125
125
125
125
125
125
125
125
125
125
125
125
125
125
125
125
125
125
125
125
125
125
125
125
125
125
125
125
125
125
125
125
125
125
125
125
125
125
125
125
125
125
125
125
125
125
125
125
125
125
124
126
126
126
125
126
126
126
126
126
126
126
126
126
126
126
126
126
126
126
126
126
126
126
126
125
126
125
126
125
126
126
126
126
126
126
125
125
125
125
126
126
126
126
126
125
126
125
125
125
126
125
125
126
126
125
125
125
126
126
126
125
126
125
126
126
126
125
126
125
125
125
126
125
125
126
125
125
125
125
126
125
125
125
125
125
125
125
125
125
125
125
125
125
125
125
125
125
125
125
125
125
125
125
125
125
125
125
125
125
125
125
125
126
125
126
125
125
125
125
125
125
125
125
125
125
125
125
125
125
125
125
125
125
125
125
125
125
125
125
125
125
125
125
125
125
125
125
125
126
126
125
125
125
125
125
125
126
125
125
125
125
125
125
125
125
125
125
125
125
126
125
125
125
125
125
125
125
126
125
125
125
125
125
125
125
125
126
126
125
126
125
125
125
125
125
125
125
125
125
125
125
125
125
125
125
125
125
125
125
125
125
126
126
125
125
126
126
125
125
125
125
125
125
125
125
125
125
125
125
125
125
125
125
125
125
125
125
125
125
125
125
125
125
125
125
125
125
125
125
125
125
125
125
125
125
125
125
125
125
125
125
125
125
125
125
125
125
125
125
125
125
125
125
125
125
125
125
125
125
125
125
125
125
125
125
125
125
125
125
125
125
125
125
125
125
125
125
125
125
125
125
125
125
125
125
125
125
125
125
125
125
125
125
125
125
125
125
125
125
125
125
125
125
125
125
125
125
125
125
125
125
125
125
125
125
125
125
125
125
125
125
125
125
125
125
125
125
125
125
125
125
125
125
125
125
125
125
125
125
125
125
125
125
125
125
125
125
125
125
125
125
125
125
125
125
125
125
125
125
125
125
125
125
125
125
125
125
125
125
125
125
125
125
125
125
125
125
125
125
125
125
125
125
125
125
125
125
125
125
125
125
125
125
125
125
125
125
125
125
125
125
125
125
125
125
124
125
125
125
126
126
126
125
125
125
125
126
126
125
125
125
125
126
128
125
120
121
123
125
125
129
131
129
128
129
126
121
120
119
116
122
135
141
130
113
108
117
126
133
138
133
124
122
127
125
121
117
118
124
134
140
134
126
122
120
120
121
128
130
123
121
127
131
125
116
119
132
138
125
111
117
136
139
130
119
114
122
133
135
125
122
128
128
121
120
126
128
121
120
129
135
132
126
122
119
125
129
125
119
120
127
131
130
127
124
121
123
128
131
125
120
124
133
132
128
123
118
120
128
130
120
116
123
131
132
131
130
129
127
124
121
119
121
125
128
127
125
127
128
122
115
121
133
136
129
122
118
121
131
133
125
120
124
127
127
127
124
120
123
128
127
122
123
129
129
126
128
128
117
116
128
132
129
125
125
130
132
117
109
133
135
121
133
134
108
102
123
143
153
140
116
92
72
116
237
237
17
64
161
255
193
49
29
192
208
138
107
88
88
123
154
163
152
80
24
119
253
191
26
26
163
222
140
61
86
151
163
123
86
91
132
170
164
119
90
110
133
123
117
139
147
120
100
110
134
145
138
123
113
118
133
141
130
116
111
115
120
128
135
136
133
129
122
116
119
129
136
130
115
107
115
131
136
132
127
127
129
129
127
125
122
119
118
122
126
126
125
126
130
131
129
126
123
122
123
126
129
128
125
122
123
125
125
125
124
124
123
126
130
131
127
122
121
125
128
127
124
121
123
126
128
126
125
126
126
125
125
125
127
128
125
123
124
128
128
125
122
122
124
124
124
125
127
127
125
124
125
127
127
125
125
126
126
126
125
124
124
125
126
127
127
126
125
126
126
123
121
124
129
130
125
122
122
124
126
128
127
126
125
126
128
126
122
120
122
126
129
128
126
124
124
125
127
126
125
125
125
126
125
125
124
124
126
127
125
122
122
125
129
127
124
123
126
127
125
125
126
126
124
124
126
126
126
124
124
125
127
127
126
124
124
126
125
124
123
125
126
126
126
125
125
125
125
125
125
126
124
125
126
126
126
126
126
126
126
125
125
126
126
125
125
125
126
126
125
125
125
126
127
127
126
125
125
126
126
125
124
125
127
126
126
125
125
126
126
127
126
126
125
125
126
126
126
126
125
125
125
126
125
125
125
125
126
126
126
126
126
126
126
125
125
126
125
123
124
125
125
126
127
127
127
126
125
125
126
126
125
125
125
125
125
125
126
126
126
125
124
125
127
127
125
124
125
126
125
125
126
127
126
124
124
124
126
127
126
124
126
127
125
125
126
127
125
124
126
126
125
125
125
125
125
125
127
127
125
124
125
125
126
126
126
125
123
123
126
127
126
124
124
126
127
126
126
126
126
126
125
126
125
125
126
126
126
125
125
125
126
126
126
126
124
124
125
126
126
125
125
125
125
126
126
125
125
126
126
126
126
126
125
125
126
126
126
126
125
125
125
125
126
126
125
125
125
126
126
125
125
126
125
126
126
126
126
125
125
126
125
126
126
125
125
126
129
128
126
125
125
124
124
124
125
125
125
125
125
125
126
126
125
125
125
125
125
125
126
125
125
125
126
126
126
126
125
125
125
125
125
125
125
125
125
125
125
125
125
125
125
126
125
125
125
125
125
125
125
126
126
125
125
125
125
125
125
125
125
125
125
125
125
125
125
125
125
125
125
125
126
125
125
125
125
125
125
126
125
125
125
125
125
125
125
125
125
125
125
125
125
125
125
125
125
125
126
126
126
127
125
125
125
126
125
124
125
125
126
125
125
125
125
125
125
126
125
125
125
125
125
125
125
125
126
125
125
125
125
126
125
126
125
126
125
125
125
126
126
125
125
125
125
125
125
125
125
125
125
126
125
125
125
125
125
125
125
125
125
125
125
125
125
125
125
125
125
125
125
125
125
125
125
125
125
125
126
126
126
126
125
140
93
130
123
127
127
128
127
126
126
125
125
126
126
125
125
125
126
126
126
125
125
126
126
126
126
126
126
126
126
126
126
126
126
126
126
126
126
125
126
126
126
126
126
126
126
125
126
126
125
125
126
127
126
125
126
126
126
126
125
125
126
126
126
126
126
125
122
121
125
125
125
127
128
128
127
127
126
126
126
126
126
125
126
126
126
125
125
126
125
125
126
126
126
127
126
125
125
125
125
126
125
126
125
125
125
125
125
126
127
125
125
125
126
126
125
124
125
127
126
124
124
125
126
126
126
126
126
126
125
125
125
124
124
126
126
125
124
126
127
127
127
125
125
126
126
126
124
122
124
126
126
125
123
123
129
131
127
125
125
124
125
126
127
124
123
124
124
126
125
124
125
125
125
127
127
126
125
124
124
124
126
126
126
125
123
124
125
127
126
126
125
125
126
126
126
125
123
124
126
127
125
124
123
124
124
125
128
128
124
122
124
128
128
125
124
125
127
126
125
125
125
126
126
125
124
126
126
125
125
126
126
126
126
125
125
124
125
127
126
124
123
124
126
127
126
124
124
125
127
129
127
122
121
125
127
127
124
123
125
126
125
125
124
126
127
125
124
125
126
126
124
124
125
126
126
125
124
125
124
124
126
126
126
125
125
126
126
126
126
126
126
125
125
126
126
125
124
125
125
124
123
124
142
121
104
128
122
126
128
128
127
126
127
126
125
125
125
124
124
125
124
126
125
126
127
127
126
126
125
111
74
130
50
126
125
126
125
126
125
125
125
125
125
125
125
125
126
126
125
125
125
125
125
125
125
125
125
125
125
125
125
125
125
125
125
125
125
125
125
125
125
125
125
125
125
125
125
125
125
125
125
125
125
126
125
125
125
125
125
125
125
125
125
125
125
125
125
125
125
125
125
125
125
125
125
125
125
125
125
125
125
125
125
125
125
125
125
125
125
125
125
125
125
125
125
125
125
125
125
125
125
125
125
125
125
125
125
125
125
125
125
125
125
125
125
125
125
125
125
125
125
125
125
125
125
125
125
125
125
125
125
125
125
125
125
125
125
125
125
125
125
125
125
125
125
125
125
125
125
125
125
125
125
125
125
125
125
125
125
125
125
125
125
125
125
125
125
125
125
125
125
125
125
125
125
125
125
125
125
125
125
125
125
125
125
125
125
125
126
126
126
126
126
126
125
125
126
126
125
125
126
126
126
126
125
126
125
125
125
125
126
126
126
126
126
126
126
126
125
126
126
126
126
126
126
126
125
126
126
126
126
126
126
126
126
126
126
126
126
126
126
125
126
125
125
126
126
126
126
126
126
125
126
126
125
125
125
125
125
125
126
125
125
126
126
126
126
126
126
125
125
126
125
126
125
126
126
125
126
126
125
125
126
126
126
126
125
126
125
126
126
126
125
126
125
125
126
126
125
125
125
126
125
126
126
125
126
126
126
125
126
126
126
126
126
125
125
125
126
125
125
125
125
125
126
126
126
125
125
125
125
125
126
125
125
125
125
126
126
126
125
125
125
126
125
125
125
125
126
126
126
126
125
125
125
125
126
