127
126
125
124
125
126
64
125
125
125
125
125
125
125
125
125
125
125
125
125
125
125
125
125
125
125
125
125
125
125
125
125
125
125
125
125
125
125
125
125
125
125
125
125
125
125
125
125
125
125
125
125
125
125
125
125
125
125
125
125
125
125
125
125
125
125
125
125
125
125
125
125
125
125
125
125
125
125
125
125
125
125
125
125
125
125
125
125
125
125
125
125
125
125
125
125
125
125
125
125
125
125
126
125
125
125
126
125
125
125
125
125
125
126
125
125
125
125
125
126
125
125
125
125
125
125
126
126
126
126
126
126
126
126
126
125
126
125
126
126
126
126
125
126
126
125
126
126
125
126
126
126
125
126
125
125
126
125
126
125
126
126
126
126
126
125
125
125
126
126
125
125
125
126
126
126
125
126
126
125
126
126
125
125
125
125
126
126
126
126
126
125
126
126
125
125
125
126
126
126
125
125
125
125
126
125
125
126
126
125
126
125
125
126
125
125
125
126
125
125
126
125
125
126
125
126
125
125
125
125
125
126
125
126
125
125
125
125
126
125
125
125
125
125
125
125
125
125
125
126
125
125
125
126
126
126
125
126
125
126
125
126
125
126
126
126
125
126
125
125
126
125
126
126
125
126
125
125
126
126
126
126
126
126
126
125
125
126
126
126
125
125
126
126
125
126
126
126
126
126
126
125
126
126
125
125
125
125
125
125
126
126
125
125
126
126
125
126
125
126
126
126
125
126
125
125
125
125
125
125
125
125
125
126
125
125
126
125
125
125
125
126
126
126
126
125
125
125
125
125
125
125
125
125
125
125
125
125
125
125
125
125
125
125
125
125
125
125
125
125
125
125
125
125
125
125
125
125
125
125
125
125
125
125
125
125
125
125
125
125
126
125
125
125
125
125
125
125
125
125
125
125
125
125
125
125
125
125
125
125
125
125
125
125
125
125
125
125
125
125
125
125
125
125
125
125
125
125
125
125
125
126
125
125
125
125
125
125
125
125
125
125
126
125
126
125
125
125
125
125
125
125
125
125
125
125
125
125
125
125
126
125
125
125
125
125
125
125
125
125
125
125
125
125
125
125
125
125
125
125
125
125
125
125
125
125
125
125
125
125
125
125
125
125
125
125
125
125
125
125
125
125
125
125
126
125
125
125
125
125
125
126
125
125
125
125
125
126
125
125
125
125
125
125
125
125
125
125
125
125
126
125
125
125
125
126
126
125
125
125
126
125
124
125
126
126
125
124
124
126
126
126
126
126
125
125
125
126
126
125
125
125
125
126
125
125
126
126
124
123
125
128
129
127
124
124
123
122
124
127
128
126
124
124
124
124
124
124
124
126
130
132
127
118
118
127
136
134
122
112
116
127
135
133
124
116
119
126
129
131
133
127
112
107
128
146
134
107
114
147
133
93
113
173
170
92
63
111
174
162
105
90
128
150
141
126
99
92
132
171
140
92
106
149
148
110
94
126
151
140
132
113
85
112
165
157
113
104
113
123
139
140
124
121
135
128
107
104
116
118
124
153
181
184
122
17
22
153
245
167
74
88
122
119
123
154
156
115
91
118
149
143
116
101
102
110
135
174
184
136
72
53
90
145
187
190
134
60
50
110
172
180
143
104
95
117
139
140
130
118
112
116
131
140
135
125
122
122
123
123
122
122
124
125
125
125
125
126
131
136
132
121
117
120
125
126
124
123
124
125
127
127
125
122
124
129
130
126
126
130
130
123
117
115
119
127
132
131
127
125
124
122
121
123
127
129
127
126
125
125
126
127
127
125
124
123
124
126
127
127
125
123
123
124
126
126
127
126
125
126
126
125
125
124
124
125
126
126
126
127
127
126
125
126
125
124
125
125
125
125
126
127
126
125
125
126
126
126
125
125
126
126
126
125
122
124
125
126
127
127
126
126
125
126
126
125
125
125
126
126
125
126
126
125
125
125
125
125
125
126
126
125
124
126
126
125
125
126
126
126
127
126
126
126
127
126
124
124
125
126
125
125
125
125
126
126
124
122
125
128
128
125
124
125
126
126
126
126
125
125
126
127
126
125
124
125
126
127
126
125
124
125
126
127
127
125
123
124
126
128
126
123
123
127
129
126
124
125
126
126
125
126
125
125
126
126
125
124
125
126
126
125
125
126
126
125
126
128
126
123
125
127
126
125
125
125
125
125
125
125
125
126
127
127
125
124
125
126
128
128
125
122
123
127
127
125
124
127
129
127
123
124
126
127
125
124
125
126
126
126
126
126
125
124
127
128
125
123
125
127
126
125
126
127
125
124
126
127
126
126
126
124
124
128
130
122
124
128
126
124
125
125
124
125
125
124
126
128
126
122
124
129
130
126
123
127
127
118
116
133
144
128
105
113
136
136
120
123
137
122
103
123
154
143
103
101
138
149
113
99
141
163
118
80
104
155
168
130
89
94
130
157
151
119
94
103
135
156
141
110
99
119
139
141
129
118
116
123
126
121
127
138
129
118
121
121
126
136
128
116
121
130
126
122
128
130
120
117
133
137
121
115
122
127
130
127
122
125
130
124
118
119
125
132
138
133
117
113
123
132
129
122
122
127
128
124
123
127
130
127
124
122
120
124
129
128
123
123
128
126
120
120
129
134
128
119
119
127
133
129
122
120
126
126
128
124
123
123
127
129
126
124
124
125
126
127
127
125
122
123
126
127
126
125
125
125
126
126
125
124
125
126
126
127
126
125
124
125
125
126
126
126
125
126
127
126
125
125
126
126
126
125
124
124
126
127
127
125
125
126
127
126
124
123
124
126
127
126
125
125
121
125
125
125
126
128
128
127
125
124
126
128
127
124
123
125
126
126
126
125
124
124
125
126
126
125
125
126
125
125
124
126
125
124
125
126
126
125
125
125
125
125
125
125
125
126
126
126
126
125
125
125
125
124
124
125
126
126
125
125
125
126
126
125
125
125
125
125
126
126
125
124
126
126
127
126
126
125
125
124
125
126
125
124
124
125
126
126
126
125
125
125
125
125
126
126
125
125
124
125
126
126
125
124
125
126
126
125
125
126
126
126
125
125
125
125
125
125
125
127
126
125
125
125
126
126
126
126
125
124
125
126
126
126
125
125
125
125
126
126
124
124
125
125
126
125
124
125
125
127
131
126
125
126
125
124
124
124
125
125
125
125
125
125
125
125
125
126
126
126
126
125
126
126
126
126
125
125
125
126
125
125
125
125
125
125
125
125
125
125
124
125
125
126
126
125
125
125
125
124
126
126
126
125
125
126
125
127
126
123
124
126
126
126
124
124
124
125
126
126
127
125
125
126
126
125
125
126
125
125
126
126
126
124
124
126
126
126
126
125
125
124
125
126
126
126
125
123
125
127
127
124
125
125
123
123
126
128
126
125
125
125
126
125
125
126
126
125
124
126
126
126
125
126
126
125
125
125
126
125
125
125
126
126
125
125
125
125
126
125
125
126
125
125
124
126
125
129
109
122
125
128
125
127
126
125
126
127
127
126
125
125
125
124
126
128
126
125
125
125
127
127
127
99
89
133
123
131
134
133
131
130
129
128
127
126
127
128
126
126
129
129
127
123
122
125
129
130
126
124
126
127
126
126
127
128
127
125
125
127
128
127
126
124
124
119
122
125
127
126
129
129
129
129
127
126
125
126
126
126
126
126
126
126
125
124
125
125
121
123
125
128
127
126
125
126
126
127
129
126
124
122
124
127
127
127
128
127
123
119
120
127
132
132
125
117
116
124
134
136
128
118
117
123
130
133
129
121
118
122
128
128
125
124
125
126
126
126
128
124
122
124
127
127
125
124
125
125
124
125
127
126
126
125
125
125
125
126
125
125
126
124
124
126
128
126
65
125
125
125
125
125
125
125
125
125
125
125
125
125
125
125
125
125
125
125
125
125
125
125
125
125
125
125
125
125
125
125
126
125
125
126
125
125
125
125
125
126
126
126
126
125
125
125
125
125
125
125
125
125
125
125
125
125
125
125
125
125
125
125
125
126
125
125
126
125
125
125
125
125
125
125
125
125
126
126
125
125
125
125
125
125
126
125
126
125
125
125
125
126
125
125
125
125
125
125
125
125
125
125
125
125
125
125
125
125
125
125
125
125
125
125
125
125
125
125
125
125
125
125
125
125
125
125
125
125
125
125
126
125
125
125
125
125
125
125
125
125
125
125
125
125
125
125
125
125
125
125
125
125
125
125
125
125
125
125
125
125
125
125
125
125
125
125
125
125
125
125
125
125
125
125
125
125
125
125
125
125
125
125
125
125
125
125
125
125
125
125
125
125
125
125
125
125
125
125
125
125
125
125
125
125
125
125
125
125
125
125
125
125
125
125
125
125
125
125
125
125
125
125
125
125
125
125
125
125
125
125
125
125
125
125
125
125
125
126
126
125
125
125
125
125
125
125
125
125
125
125
125
125
125
125
125
125
125
125
125
125
125
125
125
125
125
125
125
125
125
125
125
125
125
125
125
126
126
126
126
125
125
125
126
126
125
125
125
125
126
125
126
125
125
125
125
125
125
125
126
125
125
125
126
125
125
125
125
126
126
126
126
126
125
126
125
126
125
125
126
126
125
126
126
126
126
126
126
126
126
126
126
126
125
126
126
125
126
125
125
125
126
126
126
126
125
126
125
126
126
125
126
125
126
