129
124
120
122
126
125
73
126
125
125
126
125
126
125
125
126
126
126
126
126
125
125
126
126
125
126
125
125
126
126
125
125
125
126
126
126
126
126
126
125
126
126
125
125
125
125
125
126
125
125
125
126
126
125
125
126
126
125
125
125
125
125
126
125
125
125
125
126
125
125
125
125
125
125
125
125
126
125
125
126
125
125
125
125
125
125
125
125
125
125
125
126
125
125
125
125
126
125
125
125
125
125
125
125
125
125
125
125
125
125
125
125
125
125
125
125
125
125
125
125
125
125
125
125
125
125
126
125
125
125
126
125
125
125
125
125
125
125
125
125
125
125
126
125
126
125
125
125
126
125
125
125
125
125
125
125
125
125
125
125
125
125
125
125
125
126
126
125
125
125
125
125
125
125
125
125
126
125
125
126
126
125
126
125
125
125
125
125
125
125
125
125
125
125
125
125
125
125
125
125
125
125
125
125
125
125
125
125
125
125
125
125
125
125
125
125
125
125
125
125
125
125
125
125
125
125
125
125
125
125
125
125
125
125
125
125
125
125
125
125
125
125
125
125
125
125
125
125
125
125
125
125
125
125
125
125
125
125
125
125
125
125
125
125
125
125
125
125
125
125
125
125
125
125
125
125
125
125
125
125
125
125
125
125
125
125
125
125
125
125
125
125
125
125
125
125
125
125
125
125
125
125
125
125
125
125
125
125
125
125
125
125
125
125
125
125
125
125
125
125
125
125
125
125
125
125
125
125
125
125
125
125
125
125
125
125
125
125
125
125
125
125
125
125
125
125
125
125
125
125
125
125
125
125
125
125
125
125
125
125
125
125
125
125
125
125
125
125
125
125
125
125
125
125
125
125
125
125
125
125
125
125
125
125
125
125
125
125
125
125
125
125
125
125
125
125
125
125
124
125
125
125
125
125
125
125
125
125
125
125
125
125
125
125
125
125
125
125
125
125
125
125
125
125
126
125
125
125
125
125
125
126
125
125
125
125
126
126
125
125
125
125
125
125
125
125
125
125
125
125
125
125
125
125
125
125
125
125
125
125
125
125
125
125
125
125
125
125
125
125
125
125
125
126
125
125
125
125
125
125
125
125
125
126
125
125
125
125
125
125
125
125
125
125
125
125
125
125
125
125
125
125
125
125
125
125
125
125
125
125
125
125
125
125
126
126
126
125
125
125
125
125
125
125
125
125
125
125
125
125
125
125
125
125
125
125
125
125
125
125
125
125
125
125
125
125
125
125
125
125
125
125
125
125
125
125
125
125
125
125
125
125
125
125
125
125
125
125
125
125
125
125
125
125
125
125
125
125
125
125
125
125
125
125
125
125
125
125
125
125
125
126
125
125
125
125
125
125
126
125
124
124
125
126
126
126
125
125
126
127
127
125
125
126
127
126
124
123
123
125
126
126
124
124
125
126
126
126
128
127
125
124
125
126
125
123
123
125
126
127
125
124
126
128
127
125
123
122
123
127
128
126
125
127
127
124
121
123
126
126
125
126
127
125
122
121
124
130
132
127
122
122
125
127
128
127
125
122
122
124
126
126
125
125
126
126
126
125
124
123
124
127
129
128
125
123
124
125
126
125
124
122
120
128
145
148
115
77
91
147
174
147
112
98
102
134
170
147
73
52
141
229
184
55
38
130
166
141
136
130
112
114
131
133
125
122
111
105
137
163
128
86
112
160
153
117
97
99
136
170
139
89
92
131
151
138
115
110
128
141
134
123
120
122
123
125
125
122
123
130
132
127
123
124
126
125
121
118
125
136
129
108
129
167
132
68
69
170
255
159
44
63
255
255
60
116
112
255
204
2
43
255
255
178
119
255
255
83
139
206
255
87
35
136
156
115
93
111
148
165
110
79
124
141
107
99
126
143
135
121
124
131
116
96
115
146
144
117
106
121
138
136
118
108
116
131
137
134
125
120
123
123
119
120
127
128
120
117
125
134
134
135
137
124
99
104
136
144
129
119
123
139
141
110
97
128
151
138
117
108
107
118
142
149
122
109
130
138
117
112
141
149
114
96
121
142
136
132
133
123
107
106
122
139
141
125
113
124
142
139
123
121
121
113
118
139
139
119
109
113
121
135
148
150
133
104
92
115
148
153
128
106
106
129
145
132
108
112
130
132
122
123
134
134
121
112
122
138
141
128
111
106
125
142
140
128
117
119
128
128
123
122
129
133
124
110
111
125
135
138
136
124
110
113
127
134
128
122
124
129
129
125
124
123
123
128
134
131
122
120
123
126
127
125
124
123
122
122
125
129
129
128
125
120
120
126
130
128
127
125
122
123
125
127
126
122
120
127
133
127
120
123
127
126
123
124
127
126
122
120
125
131
131
129
128
125
122
123
124
124
123
122
121
125
129
125
122
128
131
125
121
125
129
126
122
126
126
120
112
120
135
139
131
124
125
126
122
121
124
129
128
128
128
124
120
119
121
125
128
130
128
125
124
123
125
128
127
125
124
125
127
125
121
121
124
127
128
125
124
126
126
125
127
128
125
122
124
127
125
122
124
128
127
124
124
126
125
123
124
126
127
127
126
125
125
125
125
124
124
126
128
126
124
124
125
125
124
125
126
127
125
123
124
125
125
126
126
125
125
125
128
128
124
123
125
128
126
124
124
125
127
125
123
123
125
128
116
120
127
127
124
128
128
127
127
126
124
123
125
125
125
127
128
128
126
125
124
125
126
127
127
126
125
125
126
127
125
124
125
125
124
124
126
128
127
126
126
128
127
125
124
125
126
125
125
126
125
123
124
126
128
128
126
126
128
129
128
125
124
125
125
124
122
122
124
125
124
125
125
127
128
127
126
127
127
125
124
125
127
126
123
124
125
126
125
124
125
125
127
129
127
125
125
126
126
126
126
126
125
124
124
125
126
124
123
124
125
125
127
129
126
125
127
126
124
123
124
125
126
125
123
123
124
125
126
126
125
125
126
127
126
125
125
125
124
125
126
128
127
126
125
125
118
121
125
125
124
125
127
129
129
127
125
125
126
128
127
127
126
125
124
124
124
124
124
125
126
126
125
125
126
128
130
127
124
123
124
125
124
124
125
124
125
126
126
126
126
127
127
126
127
127
125
123
124
125
125
125
124
124
124
125
128
128
127
126
126
128
128
126
127
127
124
123
124
124
123
122
124
126
128
128
126
123
125
126
127
122
122
124
125
125
126
126
126
126
126
125
125
126
128
128
126
126
128
128
125
121
122
126
126
125
124
125
127
127
127
126
125
124
124
124
124
125
126
125
123
124
126
127
127
125
124
124
125
126
126
125
123
125
127
128
126
125
126
125
124
126
126
126
125
126
126
125
124
125
125
125
125
125
126
126
125
124
124
124
124
125
127
128
127
126
125
125
126
127
126
126
125
124
124
124
126
127
126
125
126
126
127
127
125
124
125
126
125
125
124
124
125
126
126
126
126
125
124
125
126
127
126
125
125
125
125
124
124
123
123
126
126
126
125
126
127
127
129
135
126
126
124
123
122
125
123
121
122
126
128
127
125
123
123
124
126
127
125
124
123
122
124
124
125
124
125
125
127
127
127
128
126
127
127
126
126
125
124
124
124
124
125
126
127
126
126
127
126
125
123
121
122
124
126
126
126
126
126
126
126
126
125
124
125
123
123
124
127
128
126
125
124
125
126
126
125
125
125
125
126
126
124
123
123
125
126
126
126
127
125
125
125
125
124
124
126
125
123
124
124
127
128
127
126
126
124
125
126
127
125
124
124
124
127
126
126
126
126
126
125
126
125
124
125
124
124
124
125
125
126
125
125
125
124
125
125
124
124
124
125
126
126
125
124
124
125
126
125
125
127
126
128
127
127
126
124
125
125
127
72
125
125
125
125
125
125
125
125
125
125
126
125
125
125
125
125
125
125
125
125
125
125
125
125
125
125
125
125
126
125
125
125
125
125
125
125
125
125
125
125
125
126
125
125
125
125
126
125
125
125
125
125
125
125
125
125
125
125
125
125
125
125
125
125
125
125
125
125
125
125
125
125
125
125
125
125
125
125
125
125
125
125
125
125
125
125
125
125
125
126
125
125
125
126
126
125
125
125
125
125
125
125
125
126
125
125
125
125
125
125
125
125
125
125
125
125
125
125
125
125
125
125
125
125
125
125
125
125
125
125
125
125
125
125
125
125
125
126
125
125
125
125
125
125
125
125
125
125
125
125
125
125
125
125
125
125
125
125
125
125
125
125
125
125
125
125
125
125
125
125
125
125
125
125
125
125
125
125
125
125
125
125
125
125
125
125
125
125
125
125
125
125
125
125
125
125
125
125
125
125
125
125
125
125
125
125
125
125
125
125
125
125
125
125
125
125
125
125
125
125
125
125
125
125
125
125
125
125
125
125
125
125
125
125
125
125
125
125
125
125
125
125
125
125
125
125
125
125
125
125
125
125
125
125
125
125
125
125
125
125
125
125
125
126
125
125
125
125
125
125
125
125
125
125
125
125
125
125
125
125
125
125
125
125
125
125
125
125
125
125
125
125
125
125
125
126
125
125
125
125
125
125
125
125
126
125
125
125
125
125
125
125
125
125
125
125
125
125
125
125
125
125
125
125
125
125
125
125
125
125
125
125
125
125
125
125
125
125
125
125
125
125
125
125
125
125
125
125
125
125
125
125
125
128
