123
127
128
135
137
131
96
126
125
125
125
125
125
125
125
125
125
125
125
125
125
125
125
125
125
125
125
125
126
125
125
125
125
125
125
125
125
125
125
125
125
125
125
125
125
125
125
125
125
125
125
125
125
125
125
125
125
125
125
125
125
125
125
125
125
125
125
125
125
125
125
125
125
125
125
125
125
125
125
125
125
125
125
125
125
125
125
125
125
125
125
125
125
125
125
125
125
125
125
125
125
125
125
125
125
125
125
125
125
125
125
125
125
125
125
125
125
126
126
126
125
125
125
125
125
125
125
126
125
125
125
125
125
126
125
125
125
126
125
125
125
125
125
125
125
125
125
125
125
125
125
125
125
125
125
125
125
125
125
125
125
125
126
125
125
126
125
125
125
125
126
126
125
126
125
125
125
125
125
125
125
125
125
125
125
125
125
125
125
125
125
125
125
125
125
125
125
125
125
125
125
125
125
125
125
125
125
125
125
125
125
125
125
125
125
125
126
125
125
125
125
125
125
125
125
125
125
125
125
125
125
125
125
125
125
125
125
125
125
125
125
125
125
125
125
125
125
125
125
125
125
125
126
125
125
125
125
125
126
125
125
125
125
125
125
125
125
125
125
125
125
125
125
125
125
125
125
125
125
125
125
125
125
125
125
125
125
125
125
126
125
125
125
125
125
125
125
125
125
125
125
125
125
125
125
125
125
125
125
125
125
125
125
125
125
125
125
125
125
125
125
125
125
125
125
125
125
125
125
126
126
125
125
125
125
125
125
125
125
125
125
125
125
125
125
125
125
126
125
125
125
125
125
125
125
125
125
125
125
125
125
125
125
125
125
125
125
125
125
125
125
125
125
125
125
125
125
125
125
125
125
125
125
125
125
125
125
125
125
125
125
125
125
125
125
125
125
125
125
125
125
125
125
125
125
125
125
125
125
125
125
125
125
125
125
125
125
125
125
125
125
125
125
125
125
125
125
125
125
125
125
125
125
125
125
125
126
125
125
125
125
125
126
125
125
125
125
125
125
125
125
125
125
125
125
125
125
125
125
125
125
125
125
125
125
125
125
125
125
125
125
125
125
125
125
125
125
125
125
125
125
125
125
125
125
125
125
125
125
125
125
125
125
125
125
125
125
125
125
125
125
125
125
125
125
125
125
125
125
125
125
125
125
126
125
125
125
125
125
125
125
125
125
125
125
125
125
125
125
125
125
125
125
124
125
125
125
126
126
126
126
126
126
125
125
125
125
125
125
125
126
125
126
126
125
125
126
125
125
125
125
125
126
126
126
126
126
126
126
126
126
125
125
125
125
125
125
125
125
125
125
125
125
125
126
126
126
126
126
126
125
125
125
125
125
125
125
126
125
126
125
125
125
125
125
125
125
125
125
125
125
126
126
125
125
125
125
125
126
126
126
125
125
125
126
126
125
126
125
126
126
126
126
125
125
126
126
125
126
126
125
126
126
125
125
126
125
126
125
126
126
125
126
126
126
126
126
126
126
125
126
125
126
126
125
126
125
126
125
125
125
125
126
126
126
126
126
125
126
125
125
126
126
125
126
125
126
125
125
126
125
126
126
126
126
126
126
125
125
125
125
126
126
125
126
126
126
126
126
125
126
125
126
126
126
126
126
125
126
126
126
126
125
125
126
126
126
126
125
125
125
127
126
125
125
125
125
125
125
125
125
126
126
126
125
125
125
125
125
126
126
126
126
126
127
126
126
125
125
125
125
125
125
125
125
125
125
125
125
125
125
125
125
125
126
125
125
125
125
125
125
125
125
125
125
126
126
126
125
125
125
125
125
125
125
125
125
125
126
126
126
125
125
125
125
125
126
125
125
125
125
125
125
125
125
125
125
125
125
126
126
125
125
125
125
125
125
125
125
125
125
125
125
126
125
125
126
125
125
125
125
125
125
125
125
125
125
125
125
125
125
125
125
125
125
125
125
125
125
125
125
125
125
125
125
125
125
125
125
125
125
125
125
125
125
125
125
125
125
127
123
125
125
125
125
126
126
125
126
126
125
126
126
125
125
125
125
125
125
126
126
124
123
125
125
125
127
127
126
126
126
126
126
126
125
125
125
125
126
126
126
125
125
126
126
126
126
125
125
126
126
126
125
126
125
125
125
125
125
125
126
126
126
126
126
126
126
123
125
125
125
125
126
126
126
126
126
126
126
126
126
125
126
126
125
126
125
125
125
125
126
126
125
125
125
126
126
126
126
126
125
125
126
126
125
125
126
126
125
125
126
125
125
126
126
126
125
126
126
125
125
125
126
125
125
126
126
125
125
126
126
125
125
126
126
125
126
127
126
125
125
126
125
125
125
126
125
125
126
126
126
125
125
126
126
126
127
126
125
125
125
125
125
125
125
125
125
126
127
126
125
125
126
126
125
125
125
125
125
125
126
127
126
126
126
126
125
125
126
126
125
125
126
125
125
125
125
126
126
126
126
126
125
124
125
126
126
126
126
125
124
125
126
126
125
125
128
128
126
125
125
125
125
125
125
126
125
125
125
126
126
126
125
125
125
125
125
126
126
125
125
126
129
125
124
126
126
124
124
124
126
125
124
125
126
126
124
123
125
124
122
123
126
130
132
133
132
127
121
121
127
129
126
120
116
118
121
120
117
118
121
124
131
137
133
127
133
144
135
118
116
123
126
130
133
124
115
116
122
125
122
119
119
122
128
129
126
124
124
124
126
132
132
129
125
126
127
127
126
126
124
122
122
124
126
126
125
124
122
123
124
125
125
124
124
125
126
127
127
126
125
125
126
128
128
127
125
125
126
126
126
126
125
124
124
124
124
124
125
124
124
125
126
126
125
126
126
126
126
125
124
125
125
125
125
125
126
126
126
126
126
126
126
125
126
126
124
124
124
124
125
124
124
125
125
126
126
126
127
127
126
130
119
126
125
124
124
126
126
125
126
126
126
125
126
126
125
124
124
124
125
126
125
124
123
125
126
127
126
125
126
128
127
127
126
126
126
126
126
125
125
125
126
124
123
124
126
126
125
123
123
125
126
125
124
125
126
126
127
127
126
126
126
126
126
125
126
126
126
120
124
125
126
126
126
126
126
126
126
127
126
123
123
125
127
126
126
125
124
126
126
126
125
124
125
126
125
124
124
125
126
126
126
126
125
126
127
126
125
123
123
125
126
124
123
125
128
128
126
126
127
127
126
125
124
121
114
118
135
144
129
109
110
133
150
141
122
118
121
112
110
125
129
119
118
129
133
130
129
126
124
125
128
128
124
119
123
131
130
125
125
124
120
126
143
139
110
99
128
151
133
109
115
136
134
112
108
127
137
130
121
120
120
124
132
134
128
123
125
128
128
124
124
125
125
125
123
122
125
128
125
125
126
125
126
126
128
128
126
124
122
123
126
126
123
122
124
124
127
130
128
127
126
125
124
126
127
125
123
123
123
123
125
126
125
123
123
127
126
123
127
131
129
127
130
131
125
114
110
117
127
129
124
122
129
136
138
133
120
112
120
136
136
123
115
120
127
128
124
118
117
119
127
134
122
105
117
150
152
124
112
131
148
146
128
99
99
129
141
119
107
120
137
141
119
99
113
134
132
125
131
137
137
135
128
113
103
104
119
144
149
122
103
117
137
143
133
123
120
124
126
127
132
132
125
109
99
116
139
135
123
120
125
133
142
134
110
99
124
149
140
120
112
115
122
128
135
134
132
127
118
116
127
134
126
119
121
124
130
137
129
109
107
129
144
135
124
123
99
129
117
117
116
118
126
133
132
141
155
144
106
74
96
160
187
136
88
109
159
139
51
93
104
134
137
126
125
146
157
146
130
120
119
125
128
121
118
123
133
133
131
130
131
130
123
119
97
126
125
125
125
125
125
125
126
125
125
125
125
125
126
126
125
125
126
125
126
125
126
125
125
125
125
126
126
126
125
125
125
126
126
126
125
126
126
125
125
125
125
126
125
126
125
125
125
125
125
125
126
125
125
125
125
125
126
126
125
126
126
125
126
125
126
125
126
125
126
126
126
125
126
126
125
125
126
126
126
125
125
126
126
126
126
125
125
125
126
126
125
125
125
125
126
126
126
125
125
126
125
125
125
125
125
125
125
125
126
126
125
126
126
125
125
126
125
125
125
125
125
125
126
125
125
125
125
126
125
125
125
126
126
126
126
126
125
126
125
125
125
125
125
125
125
125
125
125
125
125
126
126
126
126
125
125
125
125
126
125
125
125
125
125
126
126
126
125
125
125
126
126
125
125
125
125
125
125
125
125
125
125
125
125
125
125
125
125
125
125
125
125
125
125
125
125
125
125
125
125
125
125
125
125
125
125
125
125
125
125
125
125
125
125
125
125
125
125
125
125
125
125
125
125
125
125
125
125
125
125
125
125
125
125
125
125
125
125
126
125
125
125
125
125
126
126
125
125
125
125
125
125
125
125
125
125
125
126
126
125
125
126
125
125
125
125
125
125
125
125
126
125
125
125
125
125
125
125
125
125
125
125
125
126
126
125
125
125
126
125
125
125
125
125
125
125
125
125
125
125
125
125
125
125
125
125
125
125
125
125
125
126
125
125
125
126
125
125
125
125
125
125
125
125
125
125
126
125
125
125
125
125
125
125
125
125
125
125
125
125
125
125
125
125
125
125
125
125
125
125
125
125
121
