131
134
128
121
121
127
83
126
126
125
126
126
126
126
126
126
126
126
126
126
126
126
126
126
126
126
126
126
126
126
126
126
126
125
126
126
126
126
125
126
125
125
126
126
125
126
126
126
125
125
126
126
126
126
126
126
126
126
126
126
125
126
126
126
125
125
125
125
125
125
125
125
125
125
126
126
125
125
125
125
126
125
125
126
126
125
125
125
126
125
125
126
126
125
125
125
125
125
125
125
125
125
125
125
125
125
125
125
125
125
125
125
125
125
125
125
125
125
125
125
125
125
125
125
125
125
125
125
125
125
125
125
125
125
125
125
125
125
125
125
125
125
125
125
125
125
125
125
125
125
125
125
125
125
125
125
125
125
125
125
125
125
125
125
125
125
125
125
125
125
125
125
125
125
125
125
125
125
125
125
125
125
125
125
125
125
125
125
125
125
125
125
125
125
125
125
125
125
125
125
125
125
125
125
125
125
125
125
125
125
126
124
125
125
125
125
126
126
125
126
125
126
125
126
126
126
126
125
125
126
126
125
125
125
126
126
125
126
126
125
126
125
125
125
125
125
126
126
125
125
126
125
126
125
126
126
125
125
125
125
126
125
126
126
125
125
126
125
126
125
126
126
126
126
125
125
125
125
125
125
126
126
126
126
126
126
126
126
125
125
126
125
125
126
126
125
125
125
125
126
125
126
126
126
126
126
126
126
125
125
125
125
126
125
126
125
125
126
126
125
125
125
125
125
126
126
125
125
126
125
125
125
126
126
126
125
125
125
126
126
125
125
125
125
125
125
126
125
126
126
126
126
125
126
125
126
126
126
126
125
126
126
126
125
126
125
125
125
126
126
125
125
125
126
126
125
125
126
125
126
125
126
125
126
125
125
125
125
126
125
126
126
125
126
125
126
125
125
126
126
125
125
126
126
126
125
125
126
126
125
125
126
126
126
125
125
126
125
126
125
125
126
125
125
126
125
125
126
126
125
125
125
126
125
125
125
125
125
125
125
126
125
125
126
125
125
125
125
125
126
125
125
125
126
125
125
125
126
125
125
125
125
125
125
125
126
126
125
126
125
125
125
125
125
125
125
126
125
125
126
126
125
125
125
125
125
125
125
125
126
125
126
125
125
125
126
125
125
125
125
126
125
125
125
125
125
125
126
126
125
125
125
125
125
125
125
125
125
125
125
125
125
126
125
125
125
125
126
126
126
126
126
126
125
125
125
125
126
125
125
125
125
125
125
125
125
125
126
126
125
125
125
125
125
125
125
125
125
125
125
125
125
125
125
125
125
125
125
125
126
125
125
125
125
125
125
125
125
125
125
125
125
125
125
125
125
125
125
125
125
125
125
125
125
125
125
125
125
125
125
125
125
125
126
125
125
125
126
125
125
125
125
125
125
125
125
125
125
125
125
125
126
126
125
125
126
127
126
124
124
126
126
125
125
125
125
126
126
126
126
125
125
126
126
126
125
125
126
125
125
125
126
125
125
125
125
126
125
125
125
125
125
125
125
125
126
125
125
125
125
126
126
125
125
125
125
126
126
125
125
125
125
125
126
125
125
125
125
125
126
125
126
124
125
126
126
125
126
125
126
126
126
125
125
126
125
125
126
126
125
125
125
125
126
126
125
125
126
126
126
125
126
125
126
126
126
125
125
126
126
125
125
126
126
125
125
125
126
125
126
126
125
125
126
125
125
125
126
125
125
126
126
125
125
126
125
125
126
126
123
124
126
125
125
126
126
125
126
126
125
125
126
126
125
126
125
125
125
126
126
125
125
125
125
125
126
125
125
125
126
126
125
125
126
125
125
125
126
125
125
125
125
125
126
126
125
125
125
125
125
125
126
125
126
126
125
125
125
125
125
125
125
125
125
126
126
125
125
126
125
125
125
126
125
125
125
126
125
125
126
126
125
125
126
126
125
125
126
125
125
125
126
125
125
125
126
125
125
126
126
125
126
126
126
125
125
125
125
125
126
126
125
125
126
126
125
125
126
126
125
125
125
125
125
125
125
125
125
125
125
125
125
126
125
125
125
125
125
126
126
125
125
125
125
125
125
126
126
125
127
126
126
125
125
125
125
125
125
125
125
125
125
125
126
126
125
125
125
125
126
125
125
125
126
125
125
125
125
125
125
125
125
125
125
125
125
125
125
126
125
125
125
125
125
125
125
125
125
126
125
125
125
125
125
125
126
126
125
125
125
125
125
125
125
125
125
125
125
125
125
125
126
125
125
125
125
125
125
125
125
125
125
125
125
125
126
126
125
125
125
125
125
125
125
125
125
125
125
125
125
125
125
125
125
125
125
125
125
125
125
125
126
124
125
126
125
126
126
126
126
126
125
125
125
125
125
126
126
125
126
126
125
125
125
125
126
125
125
126
125
125
125
125
125
125
125
125
126
126
126
125
126
126
126
125
125
125
125
125
126
126
125
125
125
126
126
126
126
126
126
126
126
125
125
125
125
120
124
123
124
125
127
127
128
128
127
127
127
126
126
125
125
125
125
125
126
126
126
125
125
126
126
126
126
125
125
126
125
125
125
125
125
125
125
125
126
125
126
126
126
125
125
125
126
126
125
125
125
126
126
125
125
125
125
126
125
125
125
125
125
125
126
126
125
126
126
125
125
125
125
126
127
126
126
127
126
125
124
126
125
125
124
125
125
126
125
126
127
125
125
125
126
126
125
125
127
126
124
124
125
126
127
126
126
124
124
126
128
127
123
123
126
125
123
125
128
126
124
125
129
131
127
125
127
128
124
119
118
117
117
116
121
126
133
141
144
141
137
138
133
121
111
110
111
109
108
113
117
124
126
139
142
141
142
144
138
133
127
121
114
110
107
106
112
123
126
122
124
135
144
139
131
127
127
128
128
124
116
118
125
125
123
127
131
121
114
121
129
131
129
125
127
131
129
128
128
124
120
124
128
122
121
127
120
104
113
139
151
142
125
112
120
136
139
127
115
114
120
123
125
127
129
130
130
126
124
125
124
121
127
131
125
123
126
126
124
123
122
120
122
125
127
129
130
126
124
125
125
123
123
127
127
124
123
126
127
127
126
127
126
129
128
124
122
123
124
126
127
124
122
123
125
126
129
128
123
126
132
128
121
124
127
120
119
126
124
119
126
131
124
122
130
129
122
127
131
123
112
129
123
116
125
137
125
116
127
130
118
125
141
130
119
132
135
114
115
128
114
102
139
172
148
125
129
109
86
114
162
144
81
76
135
172
146
112
114
124
134
153
143
90
66
115
171
167
131
105
97
114
146
155
130
99
98
128
158
151
115
102
124
137
124
111
125
128
116
120
132
117
117
150
160
121
94
123
148
126
126
148
121
84
113
146
128
116
132
138
123
125
132
116
106
130
145
119
101
128
149
129
110
123
138
128
117
123
128
123
121
128
133
134
130
122
115
118
125
130
130
124
122
128
132
126
120
121
124
130
131
123
117
121
128
129
125
122
123
127
129
127
127
126
121
120
126
134
132
125
121
121
121
121
121
123
128
130
126
122
125
130
129
129
129
126
125
126
124
121
122
124
123
122
126
130
129
126
125
124
125
129
132
128
121
120
122
124
127
127
126
124
124
126
126
126
127
126
123
125
128
127
126
124
124
122
122
124
126
125
123
123
129
134
131
123
124
122
124
131
131
123
119
122
125
126
125
122
119
122
130
130
125
119
122
131
133
127
120
117
124
132
132
125
120
124
129
132
127
123
119
125
128
125
119
120
128
135
133
124
118
121
126
129
125
118
118
127
133
129
122
119
120
130
134
128
120
121
124
128
126
121
120
124
131
131
126
127
127
122
119
129
109
92
129
122
128
135
134
127
123
129
130
128
124
123
128
129
126
84
125
125
125
125
125
125
125
125
125
125
125
125
125
125
125
125
125
125
125
125
125
125
125
125
125
125
125
125
125
125
125
125
125
125
125
125
125
125
125
125
125
126
125
125
125
125
125
125
125
125
125
126
125
125
125
125
125
126
125
126
125
126
125
126
125
125
125
125
125
125
125
126
125
125
126
125
125
126
126
126
126
126
126
125
126
126
126
126
126
126
125
126
126
126
125
125
126
126
126
126
126
126
126
126
125
125
125
125
126
125
126
125
125
126
126
126
126
126
126
125
125
125
126
125
125
126
125
125
125
126
126
125
125
125
126
125
125
125
126
126
125
125
125
126
125
125
125
126
125
126
125
126
126
126
125
126
125
125
125
126
126
125
125
125
126
126
126
126
126
125
126
125
126
125
125
125
125
125
125
125
125
125
125
126
126
126
126
126
126
125
126
125
125
125
125
126
126
125
125
126
125
126
126
126
125
125
126
126
125
125
125
126
126
125
126
125
126
126
126
126
126
126
125
125
125
125
125
125
126
125
125
125
125
125
126
126
125
126
126
125
126
125
126
126
126
125
125
126
125
126
126
125
125
125
126
125
126
126
126
125
125
125
125
125
125
125
125
125
125
125
125
125
126
125
125
126
126
125
125
125
125
125
125
125
125
125
125
126
125
126
126
126
126
126
125
126
126
125
125
125
125
125
125
125
125
125
125
125
125
125
125
125
125
125
125
125
125
125
125
125
125
125
125
125
125
125
125
125
125
125
125
125
125
125
125
125
125
125
125
125
125
125
125
125
125
125
125
125
125
125
125
125
125
122
