126
126
126
126
127
126
19
126
126
126
126
126
126
126
126
126
126
126
126
126
126
126
126
126
126
126
126
126
126
126
126
126
126
126
126
125
126
125
125
126
126
126
126
126
126
126
126
126
126
126
126
125
125
125
125
125
125
126
126
125
126
126
125
126
126
125
126
126
126
125
125
126
126
125
126
126
126
126
126
126
126
125
125
126
126
125
126
125
125
125
126
126
126
126
126
126
126
126
126
125
125
126
126
126
126
126
126
125
126
126
126
126
126
125
126
126
126
125
125
126
126
126
126
125
126
126
126
126
125
126
125
126
126
126
126
126
126
125
125
126
126
126
126
126
126
126
126
126
126
125
126
126
126
125
126
126
126
125
125
126
125
125
126
126
126
126
125
126
126
126
126
125
126
126
126
126
126
126
126
126
126
126
126
125
126
126
126
125
126
125
125
125
125
125
125
125
126
125
125
125
125
125
125
126
125
125
126
126
125
125
126
126
126
126
126
126
125
125
125
125
125
125
125
125
125
125
125
125
125
125
125
125
125
125
125
125
125
125
125
125
125
125
125
125
125
125
125
125
125
125
125
125
125
125
125
125
125
125
125
126
125
126
126
126
125
125
125
125
126
125
125
125
126
126
125
124
125
127
126
125
125
126
125
124
125
126
127
127
125
124
125
127
126
125
125
126
126
126
123
123
129
132
123
119
129
131
115
115
134
140
116
108
124
151
146
100
85
145
179
113
76
136
156
106
103
145
148
121
108
114
132
145
132
110
111
128
134
128
123
123
125
128
126
125
126
125
120
121
127
129
128
128
126
122
121
125
128
126
123
123
125
129
129
126
123
124
125
124
123
125
127
127
126
125
125
125
125
125
124
125
126
126
126
125
125
125
126
125
124
124
124
125
126
126
126
126
126
125
125
125
124
125
125
125
125
126
125
125
126
126
126
125
126
125
126
126
125
125
125
125
125
125
125
125
125
125
126
126
126
126
125
125
125
125
125
126
125
125
126
126
126
126
126
126
126
126
126
126
126
126
126
125
125
125
125
125
126
125
126
126
125
125
126
126
126
126
126
126
126
126
126
126
125
125
125
125
126
126
126
126
126
126
126
125
125
125
125
125
125
125
126
126
125
125
126
125
125
126
125
125
125
125
125
125
126
126
126
126
126
125
125
126
125
125
125
125
125
125
125
126
125
126
126
126
125
125
125
126
125
125
125
126
126
126
126
126
126
126
125
125
125
125
126
126
125
125
125
126
126
126
125
125
125
125
126
126
126
125
125
125
125
126
126
125
125
125
125
125
126
126
126
126
126
126
125
125
125
125
125
125
126
126
126
126
125
126
126
126
125
125
125
126
126
126
126
125
126
125
126
126
126
125
126
126
125
125
126
126
126
125
125
125
125
126
126
125
126
126
126
126
126
126
126
126
126
126
125
126
125
125
125
125
125
125
125
125
125
125
125
126
125
125
126
126
126
125
125
125
125
126
125
126
126
126
127
126
126
126
125
125
125
125
125
125
125
126
126
125
125
125
125
126
125
125
125
125
125
125
125
125
125
125
125
125
125
125
125
125
126
125
125
125
125
125
125
125
125
125
125
125
126
126
125
126
126
126
125
125
125
125
125
125
125
125
125
126
125
125
125
125
125
125
125
125
125
125
125
125
125
125
125
125
125
125
125
125
125
126
125
125
125
125
126
125
125
125
125
125
125
125
125
125
125
125
125
125
125
125
125
125
125
125
125
125
125
125
125
125
125
125
125
126
124
125
126
125
126
126
126
126
125
125
125
125
125
126
126
125
125
126
126
126
125
124
124
125
126
126
126
126
126
126
126
126
126
125
125
126
126
126
126
126
126
126
126
126
125
125
125
125
126
126
126
126
126
126
126
126
126
126
125
125
126
126
126
126
126
126
126
124
125
126
126
126
127
126
126
126
126
125
125
125
125
125
125
126
126
126
126
126
126
125
125
125
126
126
126
126
126
126
126
126
126
125
126
126
125
125
125
125
126
126
126
126
126
126
126
126
126
125
125
125
126
126
126
125
126
125
125
125
125
126
126
126
126
126
126
126
125
126
126
125
125
125
125
126
126
126
126
126
126
126
126
126
126
126
126
126
125
125
125
125
125
125
125
125
125
126
126
126
126
126
126
126
126
126
126
125
125
125
125
125
126
125
126
126
126
126
126
126
125
125
126
126
126
126
126
125
126
125
126
125
126
126
126
126
126
126
126
126
126
126
125
126
126
126
126
125
127
127
126
125
126
125
125
125
125
125
125
125
126
125
125
125
125
125
126
126
126
126
126
126
126
126
128
125
125
125
125
125
124
124
125
126
126
125
125
125
125
126
126
125
125
125
125
125
125
125
125
125
125
126
126
126
126
126
126
126
126
125
125
124
125
125
125
126
126
126
126
126
126
126
125
125
125
125
125
125
125
125
125
125
126
125
125
125
125
126
126
125
125
125
125
125
125
125
125
125
125
125
125
125
125
125
125
125
125
125
125
125
125
125
125
125
125
125
125
125
125
125
125
125
125
125
126
126
125
125
125
126
125
125
126
125
125
125
125
125
125
126
125
125
125
125
125
125
127
124
124
125
126
125
126
126
125
126
126
126
126
126
125
125
125
125
125
125
125
125
126
126
126
126
119
125
125
126
127
127
127
126
126
126
125
126
126
126
126
126
126
127
126
126
126
126
126
125
126
126
126
125
126
126
126
126
126
126
126
126
126
126
125
126
126
126
121
124
125
125
126
127
127
126
127
127
126
126
126
126
126
126
125
126
125
126
126
125
126
125
126
126
125
125
125
125
126
126
125
126
126
126
126
126
125
126
125
125
125
125
126
126
126
126
126
127
126
125
125
125
124
125
127
126
124
124
126
127
126
126
125
125
126
126
125
125
125
124
124
125
126
126
125
125
125
126
127
127
127
127
126
127
126
125
125
124
125
125
125
126
126
126
126
126
126
126
126
125
125
126
126
125
125
125
126
126
126
126
126
126
126
126
126
125
126
125
126
126
125
125
124
124
126
126
126
126
126
126
126
126
126
126
127
124
126
126
126
126
126
126
125
126
126
126
126
127
130
126
125
126
125
124
124
125
125
125
126
125
126
126
125
126
125
125
125
125
125
125
125
126
126
126
126
126
128
129
126
126
126
123
123
123
124
125
125
125
125
125
125
126
126
126
126
126
126
126
126
125
124
123
124
124
125
124
125
126
126
127
127
127
127
127
126
126
126
125
124
125
125
125
125
125
125
126
126
126
126
125
125
125
125
125
125
125
124
125
125
125
125
125
126
125
125
126
125
125
126
126
125
125
125
125
125
125
126
126
125
124
125
124
126
125
126
126
126
126
126
126
126
124
124
122
125
125
126
126
126
127
127
127
125
125
125
124
124
126
127
125
123
123
126
126
126
125
124
125
125
126
126
125
123
124
124
125
126
124
123
125
126
127
128
127
127
126
126
126
125
124
123
123
124
125
126
126
126
126
126
126
126
125
125
124
125
125
125
125
124
126
126
126
126
126
125
126
126
126
126
125
125
124
125
125
125
124
124
125
125
126
125
126
126
126
125
125
126
126
125
149
117
119
125
125
125
127
126
126
125
125
125
124
125
125
125
125
125
124
125
125
125
126
125
125
126
125
105
74
132
126
132
133
133
131
130
129
127
127
127
126
127
128
128
127
127
127
127
127
128
127
126
126
127
127
127
126
127
126
127
127
127
127
127
126
127
127
125
113
124
121
124
125
128
129
129
129
128
128
128
130
127
127
126
125
125
125
125
125
125
125
125
126
126
126
125
126
126
125
125
125
125
125
125
125
125
125
125
125
125
125
125
125
126
127
124
126
126
126
125
125
18
125
125
125
125
125
125
125
125
125
125
125
125
125
125
125
125
125
125
126
125
125
125
125
125
126
125
125
125
125
125
125
125
125
125
125
125
125
125
125
125
125
125
125
125
125
125
125
125
126
125
125
125
125
125
125
125
125
125
125
125
125
125
125
125
125
125
125
125
125
125
125
125
125
125
126
125
125
125
125
125
125
125
125
126
126
126
126
125
126
126
126
125
126
126
126
126
126
126
126
125
125
126
126
126
126
126
126
126
126
126
126
126
126
126
126
126
126
126
126
126
126
126
126
126
126
126
126
126
126
126
126
126
126
126
126
126
126
126
126
126
126
126
126
126
126
125
126
126
126
126
125
126
125
126
125
126
125
126
126
126
125
125
125
126
126
126
126
125
126
126
126
125
126
126
125
126
125
126
126
126
125
125
126
126
125
125
126
125
126
126
125
125
125
126
125
126
126
126
126
126
125
125
125
126
126
125
125
126
126
126
125
125
125
126
126
125
125
126
126
126
125
125
126
126
126
125
125
126
126
126
126
125
125
126
126
125
125
125
126
126
125
125
126
125
126
125
125
125
126
126
126
126
126
126
126
126
126
126
126
126
125
125
125
125
126
126
125
125
125
126
126
126
125
125
126
126
126
125
125
126
127
126
125
124
126
126
126
125
126
126
126
126
126
126
125
127
127
124
123
124
126
126
125
124
125
126
127
127
127
124
122
125
130
129
123
118
119
126
132
132
127
122
122
125
129
128
125
123
122
124
125
126
126
126
126
125
125
125
125
125
125
125
125
126
127
127
125
124
124
124
125
125
125
125
