125
125
126
126
126
124
34
126
126
126
126
125
125
126
126
126
125
125
125
125
125
125
125
125
125
125
125
125
125
125
125
125
125
125
125
125
125
125
125
125
125
125
125
125
125
125
125
125
125
125
125
125
125
125
125
125
125
125
125
125
125
125
125
125
125
125
125
125
125
125
125
125
125
125
125
125
125
125
125
125
125
125
125
125
125
125
125
125
125
125
125
125
125
125
125
125
125
125
125
126
125
125
126
125
125
125
125
125
125
125
125
125
125
125
125
125
125
125
125
125
125
125
125
125
125
125
125
125
125
125
125
125
125
125
125
125
125
125
125
125
125
125
125
125
125
125
125
125
125
125
125
125
125
125
125
125
125
125
125
125
125
125
125
125
125
125
125
125
125
125
125
125
125
126
126
126
125
125
126
126
126
125
126
126
126
125
126
125
125
125
126
125
126
125
125
126
125
126
126
126
126
126
126
126
126
126
125
125
126
126
126
126
126
126
126
126
126
125
126
126
126
126
126
126
126
126
126
126
126
126
126
125
126
126
126
125
125
126
126
126
125
125
126
126
126
125
125
125
126
126
126
126
126
126
126
126
126
126
125
125
125
125
126
125
125
125
125
125
126
126
126
126
126
125
125
126
126
125
125
125
126
126
126
126
126
125
125
125
126
126
125
125
126
126
125
125
126
126
125
126
126
126
125
125
126
126
126
125
125
126
126
126
125
125
125
126
126
125
125
125
125
125
125
126
126
126
126
126
126
125
126
126
125
125
125
126
126
125
126
125
126
125
125
125
125
126
126
126
126
125
126
126
125
125
126
126
125
126
126
125
126
126
126
126
126
126
126
125
125
125
126
125
125
126
126
125
126
126
126
125
126
125
125
125
125
126
126
126
126
125
125
125
125
125
125
125
125
125
126
125
125
125
125
125
125
126
126
126
125
126
126
126
126
126
126
125
125
125
125
125
125
125
125
125
126
125
125
125
125
125
125
126
126
126
126
126
125
124
124
125
126
126
125
125
125
125
125
126
126
126
126
125
124
125
126
125
125
125
125
125
125
125
125
125
125
125
126
126
126
125
125
126
125
124
124
125
126
125
125
125
125
125
125
125
125
126
126
125
125
125
126
125
125
126
125
124
125
126
125
125
125
124
125
127
126
125
125
126
125
125
125
125
125
125
126
124
124
126
126
123
124
128
127
123
123
127
126
124
126
126
123
123
128
129
123
121
126
128
124
124
127
125
122
126
129
124
121
127
129
122
120
129
132
121
117
129
133
121
117
128
133
123
119
129
131
118
116
131
137
121
113
128
140
124
113
126
139
123
108
127
150
122
85
109
167
159
120
124
118
79
84
161
195
150
79
67
126
174
166
99
64
159
240
127
13
89
137
54
107
255
255
41
26
89
191
196
141
46
1
165
255
255
111
216
103
255
255
155
65
52
85
124
125
107
159
187
113
53
87
126
138
163
162
111
70
94
156
171
121
77
99
145
159
148
133
111
95
109
136
144
129
118
116
116
119
128
136
133
126
122
123
124
126
130
127
122
123
127
126
124
126
129
127
122
121
124
132
133
125
116
117
127
135
134
127
122
122
124
125
125
125
126
126
125
124
126
128
128
125
122
122
125
129
131
128
125
124
122
122
123
125
127
127
127
126
127
128
127
126
124
124
125
126
126
125
124
125
126
127
127
126
125
125
125
125
125
125
127
127
127
126
124
124
124
126
128
128
126
126
126
125
123
122
122
124
127
129
128
127
125
125
125
126
126
126
125
125
126
126
126
125
125
125
125
126
126
126
126
125
125
125
125
125
126
126
126
125
126
126
125
124
123
124
125
126
126
125
125
126
125
125
125
126
126
126
126
126
125
125
125
125
125
125
125
125
125
125
125
126
126
126
126
125
125
125
125
125
125
125
125
125
125
125
126
126
127
126
126
126
125
125
125
125
125
125
125
125
125
125
125
125
125
125
125
126
126
125
125
125
125
124
125
125
126
126
125
125
125
125
126
126
125
125
125
125
125
125
125
125
125
125
126
126
126
126
126
126
125
125
125
125
125
125
125
125
126
126
125
125
125
125
125
125
125
125
125
125
125
126
125
125
125
126
125
125
126
125
125
125
125
125
125
125
125
125
125
126
126
125
125
125
125
125
126
126
126
125
125
126
126
125
125
125
125
125
125
125
125
125
125
125
125
125
125
126
126
126
125
126
125
125
126
123
123
125
125
125
126
126
126
126
126
126
126
125
125
125
126
126
126
125
125
125
124
122
125
126
126
126
127
127
127
126
126
126
126
125
125
125
126
126
126
126
125
126
126
126
126
125
126
127
126
126
126
126
125
126
125
125
125
126
126
126
125
125
126
126
127
126
123
124
125
125
126
127
126
127
127
126
126
126
125
126
126
126
126
125
125
126
126
126
126
125
126
126
126
126
126
126
125
125
125
126
126
125
125
125
125
125
125
125
125
125
125
125
125
125
126
126
126
125
126
126
126
126
125
125
125
126
126
126
125
125
125
126
126
126
126
125
125
126
125
125
125
125
125
125
125
126
125
125
125
125
126
126
126
126
126
126
125
126
126
125
125
125
126
126
126
126
126
126
126
126
126
125
125
125
125
125
125
125
125
124
125
126
126
126
126
126
126
126
126
126
125
126
125
125
125
126
126
126
126
126
126
126
126
126
126
126
126
126
126
126
125
126
125
126
126
126
129
126
125
125
125
124
124
125
125
125
125
125
126
125
125
125
125
126
126
125
126
126
125
126
126
130
126
125
125
125
124
125
125
125
125
125
125
125
125
125
125
125
126
126
125
126
125
125
126
125
125
125
125
125
125
125
125
125
126
126
125
125
126
126
126
125
125
126
125
125
125
125
125
125
125
125
125
125
126
125
125
125
125
125
125
125
125
125
125
126
125
125
125
125
125
125
125
125
126
125
125
125
126
125
125
125
125
125
125
125
125
125
125
125
126
126
126
125
126
125
125
125
125
125
125
125
125
125
124
125
126
125
125
125
125
125
126
125
125
124
124
125
126
126
125
124
125
126
134
116
125
124
126
126
127
126
125
125
125
125
125
125
124
124
126
126
126
126
126
127
114
114
129
126
127
128
128
127
127
128
129
127
124
124
126
128
128
126
126
126
126
126
125
124
123
125
128
129
126
124
124
126
128
127
126
126
125
125
126
126
125
124
125
125
126
123
121
124
126
126
128
128
127
127
128
127
127
127
126
126
125
125
125
126
126
125
125
125
126
126
125
126
125
125
126
126
125
125
125
125
126
126
127
126
126
125
126
125
124
124
125
126
126
125
125
126
126
126
124
125
126
126
125
125
126
125
125
125
126
126
125
126
126
125
126
128
127
126
124
124
127
127
126
125
124
126
126
126
125
125
126
126
124
125
127
127
126
125
125
127
127
125
124
125
127
125
123
124
127
128
127
124
124
128
127
124
123
126
127
123
123
127
128
125
125
126
126
124
124
125
129
130
128
122
119
123
129
130
125
123
125
126
125
124
125
129
129
126
126
127
124
122
122
123
126
132
129
126
125
126
125
124
122
122
124
126
125
124
126
126
125
125
126
127
126
128
129
126
123
122
126
129
125
124
124
122
122
125
126
127
127
126
126
126
127
126
124
123
125
126
126
126
126
127
126
127
126
125
125
124
123
125
125
125
125
125
124
125
125
126
126
125
125
126
125
125
124
124
124
124
125
126
125
125
125
126
126
126
125
126
125
125
125
126
125
126
125
126
126
125
125
125
126
125
125
126
125
125
126
125
126
126
126
125
125
126
126
127
125
124
125
125
126
125
125
125
125
125
125
125
125
125
125
125
124
126
126
124
125
126
124
123
123
124
126
126
124
35
125
125
125
125
126
126
126
126
125
126
126
125
126
125
125
126
125
126
125
125
126
126
125
125
126
126
125
125
126
125
125
125
125
125
126
125
125
125
125
125
125
125
125
125
125
125
125
125
125
126
125
125
125
125
125
125
125
125
125
125
125
125
125
125
125
125
126
125
125
125
125
126
125
125
125
125
125
126
126
125
125
125
126
126
125
125
126
125
125
125
126
126
126
126
125
125
125
126
125
126
126
126
125
125
125
125
125
125
125
125
125
125
125
125
125
125
125
125
125
125
125
125
125
125
125
125
125
125
125
125
125
125
125
125
125
125
125
125
125
125
125
125
125
125
125
125
125
125
125
125
125
125
125
125
125
125
125
125
125
125
125
125
125
125
125
125
125
125
125
125
125
125
125
125
125
125
125
125
125
125
125
126
125
125
125
125
125
125
125
125
125
125
125
125
125
125
126
125
125
125
125
125
125
125
125
125
125
125
125
125
125
125
125
125
125
125
125
125
125
125
125
126
125
125
126
125
126
126
126
126
125
125
126
125
126
125
125
125
126
126
126
125
125
126
126
126
125
125
126
126
126
126
126
126
126
126
126
126
126
126
126
125
126
126
126
126
125
125
126
126
126
125
125
126
126
126
125
126
126
126
125
125
126
126
126
126
126
126
125
125
126
125
126
126
126
126
125
126
125
125
125
125
125
126
126
125
125
125
126
125
126
125
125
125
126
125
125
125
126
126
126
125
126
126
126
126
126
126
126
126
126
125
125
126
125
125
125
125
125
126
126
125
126
126
126
126
125
126
125
125
125
126
126
124
