125
124
124
125
125
125
27
126
126
126
125
126
126
126
125
126
125
126
125
126
126
125
126
126
125
126
126
126
126
126
126
126
126
126
126
126
126
126
125
125
125
125
126
125
125
125
125
126
125
126
125
125
125
125
125
125
125
125
125
125
125
125
125
125
125
125
125
125
126
126
125
125
125
126
125
125
125
125
126
125
126
125
125
126
125
125
125
125
125
125
126
125
125
125
125
125
125
126
125
125
125
125
126
125
125
125
125
125
125
125
125
125
125
125
125
125
125
125
125
125
125
125
125
125
125
126
126
125
125
125
125
125
125
125
125
125
125
126
125
125
125
125
125
125
125
125
126
125
125
125
125
125
125
125
125
125
125
125
125
125
125
125
125
125
125
125
125
125
125
125
125
125
126
125
125
125
125
125
125
125
125
125
125
125
125
125
125
126
126
125
125
125
125
125
125
125
125
126
125
125
125
125
125
125
125
125
125
125
125
125
125
125
125
125
125
125
125
125
125
125
125
125
125
125
125
125
125
125
125
125
125
125
125
125
125
125
125
125
125
125
125
125
125
125
125
125
125
125
125
125
125
125
125
126
126
126
125
125
125
124
122
121
126
135
137
125
106
110
137
143
104
112
170
164
73
60
123
209
206
47
1
195
255
91
14
152
148
54
125
242
158
37
73
156
165
113
93
121
158
141
100
97
119
131
146
148
113
90
122
148
126
107
120
135
137
133
123
114
118
126
126
125
127
129
126
120
116
119
128
133
132
129
126
121
119
122
126
127
125
127
130
129
124
120
120
123
127
126
124
125
127
128
126
126
125
124
123
124
126
127
125
122
123
125
127
128
128
125
124
124
127
127
126
124
123
124
126
126
125
125
126
127
126
125
123
124
125
127
126
126
125
125
125
125
126
126
126
126
126
126
126
126
126
125
125
125
125
126
126
126
126
124
125
125
125
125
126
127
127
126
126
125
125
125
126
127
127
127
126
126
125
126
125
125
126
125
125
125
125
125
125
125
126
126
126
126
126
126
126
126
125
126
125
126
126
126
126
125
125
125
125
126
125
125
125
126
126
126
125
125
125
125
125
125
126
126
125
125
126
126
126
126
125
126
125
126
125
125
125
125
125
125
125
125
126
126
125
125
125
125
126
126
125
125
125
125
125
125
125
125
125
125
126
125
125
125
125
126
126
126
126
126
126
126
126
126
125
125
125
125
125
125
125
126
125
126
126
126
126
125
125
125
125
125
125
125
125
126
126
126
125
126
126
126
125
125
125
125
125
126
126
126
125
125
126
126
126
125
125
125
126
125
125
125
125
125
125
125
125
126
126
126
126
126
126
126
126
126
125
125
125
125
126
127
127
126
126
125
126
125
125
126
126
125
124
125
126
126
126
125
125
125
125
124
124
125
126
126
125
125
126
127
126
125
126
127
127
125
125
125
125
125
125
125
126
125
126
126
126
125
125
125
126
126
125
124
124
125
126
126
125
125
125
125
125
126
126
126
126
124
123
124
126
126
126
125
125
125
126
126
126
125
125
125
125
125
123
124
125
126
126
126
127
126
126
125
125
125
125
126
126
126
125
126
126
126
125
126
126
126
125
125
126
126
126
125
127
128
127
125
124
126
126
125
125
127
127
126
125
126
126
125
125
125
127
127
125
124
125
127
126
126
125
126
126
125
125
125
126
125
125
125
125
124
126
126
125
125
126
126
126
125
125
126
126
126
126
126
126
126
126
126
125
125
125
125
125
125
125
125
125
125
125
125
125
125
126
125
125
125
125
125
125
125
125
125
125
125
126
126
126
126
126
126
126
125
125
125
125
125
125
125
125
125
125
126
125
125
126
125
125
125
125
125
126
125
125
125
125
125
125
125
125
125
125
126
125
125
125
125
125
125
125
125
125
125
125
125
125
125
125
125
125
126
125
125
125
125
125
125
125
126
126
125
125
125
125
126
125
125
125
125
125
125
125
125
125
125
125
125
125
126
125
126
126
125
125
125
125
125
125
125
125
125
125
126
125
125
126
125
126
127
126
125
125
125
125
125
125
125
125
125
125
125
125
125
125
125
125
125
125
125
125
125
125
125
125
125
125
125
125
125
126
125
125
125
125
125
125
125
125
125
125
125
125
125
125
125
125
125
125
125
125
125
125
125
125
125
125
125
125
125
125
125
125
125
125
125
126
126
125
125
125
125
125
125
125
125
125
125
125
125
125
125
125
125
125
125
125
125
125
125
125
125
126
125
125
125
125
125
125
125
125
125
125
125
125
126
126
125
125
125
125
125
125
125
125
125
125
125
125
125
125
125
125
125
125
125
125
125
125
125
125
125
125
125
125
125
125
125
126
125
125
126
126
125
125
125
125
125
125
125
125
125
125
125
125
125
125
125
125
125
125
125
125
125
125
125
125
125
125
125
125
125
125
125
125
125
125
125
125
125
125
125
125
125
125
125
125
125
125
125
125
125
125
125
125
125
125
125
125
125
125
125
125
125
125
125
125
125
125
125
125
125
125
126
125
125
125
125
125
125
125
125
125
124
125
129
122
124
125
126
126
127
127
126
126
125
125
125
125
125
125
126
125
125
126
125
125
125
126
125
125
126
120
123
126
125
126
127
127
127
126
126
126
126
126
126
126
126
126
125
126
126
126
126
125
125
126
126
126
126
126
126
125
125
125
125
125
125
125
126
126
126
123
124
125
127
126
126
126
126
127
127
126
126
126
126
126
126
125
125
125
125
125
126
125
125
125
125
125
125
125
125
126
126
126
126
126
125
125
125
125
125
125
125
126
125
126
126
126
126
126
126
126
125
125
125
125
125
125
125
126
126
126
126
125
125
126
126
126
125
125
125
125
125
126
126
126
126
125
125
125
125
125
125
125
126
125
126
126
126
126
126
125
126
125
125
125
125
125
126
125
126
126
126
126
126
126
125
125
125
125
125
126
126
125
126
125
125
125
126
125
126
125
125
125
125
125
125
126
126
125
126
126
125
125
126
126
126
126
125
126
126
126
126
125
126
126
125
126
125
128
129
126
125
125
124
124
125
125
124
125
125
125
125
125
125
125
125
125
126
126
125
126
126
126
126
126
125
125
125
126
125
125
125
126
130
126
125
124
125
123
124
124
125
125
127
125
124
125
125
125
125
125
126
125
126
126
126
125
125
125
125
125
125
125
126
126
126
126
126
125
125
126
127
125
125
125
125
125
125
124
125
125
125
125
124
125
125
125
125
125
126
126
125
126
126
125
125
125
125
125
125
125
125
125
126
126
125
126
125
125
126
125
125
126
125
125
125
126
125
125
125
123
125
125
127
118
126
126
125
126
126
126
126
126
126
125
125
125
125
126
125
125
125
125
125
125
126
125
125
126
126
126
126
126
126
125
126
126
125
125
125
126
126
125
125
125
125
125
125
125
125
125
125
126
125
125
126
126
126
126
125
126
126
125
125
126
125
125
126
126
126
117
127
125
127
127
128
126
127
126
126
126
126
126
125
125
126
126
125
125
125
125
126
125
125
125
124
126
125
125
125
126
126
126
126
125
125
125
124
125
124
125
125
125
126
125
125
126
125
125
125
125
126
126
126
125
124
124
126
125
125
125
125
126
126
126
126
123
124
124
126
127
127
125
125
126
126
127
126
125
125
125
127
126
125
125
124
124
124
124
125
125
125
125
125
125
126
125
125
125
125
126
125
125
125
126
125
125
125
125
127
126
126
126
126
127
125
124
125
125
125
125
124
125
125
126
125
125
125
126
125
125
126
125
125
125
125
125
125
125
125
126
126
126
125
125
125
126
127
136
127
124
124
125
123
123
123
122
123
125
124
124
126
125
125
126
125
126
125
126
126
125
125
28
126
126
125
125
126
126
126
126
125
125
125
126
125
126
126
126
126
125
126
126
125
125
126
125
125
125
125
126
126
125
126
125
125
126
125
126
126
126
125
126
125
125
125
125
125
126
126
126
125
126
125
126
125
126
125
125
125
125
125
126
125
126
126
126
126
126
126
125
125
126
125
125
125
125
125
126
126
126
126
126
126
126
126
126
126
126
125
126
126
125
126
125
126
126
126
125
126
126
125
126
126
125
126
126
126
126
125
126
125
125
125
125
125
125
126
126
126
126
125
126
126
125
125
125
126
126
126
125
125
125
125
125
126
126
126
125
126
125
125
125
125
126
126
125
125
126
125
125
126
126
125
125
126
125
126
126
125
125
125
126
126
126
125
126
125
125
125
125
125
125
125
125
126
125
125
125
125
125
125
125
126
125
125
125
125
125
125
126
126
125
125
125
125
125
125
125
125
125
125
125
125
125
125
125
125
125
125
125
125
125
125
125
125
125
125
125
125
125
125
125
125
125
125
125
125
125
125
125
125
125
125
125
125
125
125
125
125
125
125
125
125
125
125
126
126
125
125
125
124
125
127
127
126
121
120
130
139
126
99
111
144
145
113
117
152
138
99
82
93
173
242
111
7
97
220
158
125
170
55
10
169
255
127
59
99
126
133
152
147
102
81
130
164
125
82
111
161
149
111
107
122
126
131
135
121
107
117
135
140
131
123
117
114
121
135
140
127
111
109
119
129
134
135
130
122
119
122
126
128
127
123
121
124
129
130
129
127
121
117
118
125
130
130
127
125
125
126
126
125
124
125
125
125
125
