124
125
125
126
126
125
100
125
125
126
125
125
126
126
126
126
126
126
125
125
126
125
125
126
126
126
126
126
125
126
125
125
125
125
125
126
126
126
125
125
125
125
126
125
125
126
126
126
126
125
125
126
126
126
125
125
125
126
125
125
125
125
125
125
125
125
126
125
125
126
125
125
125
125
126
126
125
125
125
125
125
125
125
126
125
125
125
125
126
125
125
125
125
126
125
125
126
126
125
126
126
125
125
125
125
125
125
125
125
125
125
125
125
125
125
125
125
125
125
125
125
125
125
125
125
125
125
125
125
125
125
125
125
125
125
125
125
125
125
125
125
125
125
125
125
125
125
125
125
125
125
125
125
125
125
125
125
125
125
125
125
125
125
125
125
125
125
125
125
125
125
125
125
125
125
125
125
125
125
125
125
125
125
125
125
125
125
125
125
125
125
125
125
125
125
125
125
125
125
125
125
125
125
125
125
125
125
125
125
125
125
125
125
125
125
125
125
125
125
125
125
125
125
125
125
125
125
125
125
125
125
125
125
125
125
125
125
125
125
125
125
125
125
125
125
125
125
126
125
125
125
126
125
126
126
125
126
126
125
126
126
126
125
126
126
126
126
126
126
126
125
125
126
126
125
125
126
126
125
126
125
126
126
126
125
126
125
125
126
126
126
125
125
126
126
126
126
126
126
125
126
126
126
126
126
126
126
125
125
125
125
125
126
126
126
125
125
125
125
125
126
126
125
126
125
125
125
125
125
125
125
125
125
125
125
125
126
125
125
125
125
125
125
125
125
125
125
125
125
125
125
125
125
126
126
125
125
125
125
125
125
125
125
125
126
126
125
125
125
126
126
125
125
125
125
126
126
125
125
125
125
125
125
125
125
125
125
126
126
126
125
125
125
125
125
125
125
125
125
125
125
126
125
125
125
125
126
125
125
125
125
125
126
125
126
125
125
125
126
125
125
125
125
126
125
125
125
125
125
125
125
125
125
125
125
125
125
126
125
125
125
125
126
126
126
126
126
126
125
125
125
125
125
125
125
125
125
125
125
125
125
125
126
126
125
127
125
125
125
125
125
125
125
125
125
125
125
125
125
125
125
125
125
125
125
125
125
125
125
125
125
125
125
125
125
125
125
125
125
125
125
125
125
125
125
125
125
125
125
125
125
125
125
125
125
125
125
125
125
125
125
125
125
125
125
125
125
125
125
125
125
125
125
125
125
125
125
125
125
125
125
125
125
125
125
125
125
125
125
125
125
125
125
125
125
125
125
125
125
125
125
125
125
125
125
125
125
125
125
125
125
125
125
125
125
125
125
125
125
125
125
125
125
125
125
125
125
125
125
125
125
125
125
125
125
125
125
125
125
125
125
125
125
125
125
125
125
125
125
125
125
125
125
125
125
125
125
125
125
125
125
125
125
125
125
125
125
125
125
125
125
125
125
125
125
125
125
125
125
125
125
125
125
125
125
125
125
125
125
126
124
126
125
125
125
126
126
126
126
126
126
125
126
125
126
126
126
126
125
126
126
126
126
126
126
126
126
126
125
126
126
126
126
126
126
126
126
126
126
126
126
126
126
126
126
126
125
126
126
126
126
126
126
126
126
126
126
126
126
126
125
125
126
126
126
126
126
124
125
126
126
126
126
126
126
126
126
125
126
125
125
125
125
126
125
125
126
126
125
126
125
125
125
125
125
126
126
125
125
126
126
125
126
126
125
125
126
126
126
125
125
125
125
125
125
125
125
125
125
126
126
126
126
126
126
126
125
125
125
125
125
126
125
126
125
126
126
126
126
125
126
125
125
125
125
125
126
126
126
125
125
125
125
126
125
125
125
125
126
126
126
125
126
125
125
125
125
126
125
125
125
126
126
125
126
126
126
126
125
125
126
126
126
126
125
125
125
125
125
125
125
125
125
126
126
126
126
125
125
125
125
125
125
125
125
126
125
126
126
125
125
125
125
126
125
125
126
127
126
125
126
125
125
124
125
125
125
125
125
125
125
125
125
125
125
125
125
125
125
125
125
125
125
125
125
125
126
126
126
126
125
125
125
125
125
125
125
125
125
125
126
126
126
126
125
125
125
125
125
125
125
125
125
125
125
125
126
125
125
125
125
125
125
125
125
125
125
125
125
125
125
125
125
125
125
125
125
125
125
125
125
125
125
125
125
125
125
125
125
125
126
125
125
125
125
125
125
125
125
125
125
125
125
125
125
125
125
125
128
122
125
125
125
125
126
126
126
126
126
125
125
125
125
125
125
126
126
126
125
125
125
126
126
126
125
126
125
125
126
125
126
126
126
126
126
126
126
125
125
126
126
126
125
126
126
126
126
125
126
126
126
126
126
126
126
125
126
125
126
126
125
126
125
126
125
125
123
125
125
126
126
127
126
126
126
126
125
126
126
126
126
126
125
125
126
125
126
126
125
125
125
126
125
125
125
125
125
125
125
126
126
125
125
125
125
125
125
125
125
125
125
125
125
125
125
125
125
125
125
125
125
125
126
125
125
125
126
126
124
137
124
121
119
120
123
126
128
127
127
128
127
126
125
125
125
125
125
125
125
125
125
125
126
127
126
125
124
124
124
123
122
124
131
137
136
131
128
128
122
110
108
125
137
128
113
110
118
127
132
131
125
120
127
142
145
131
121
124
128
125
122
121
120
124
129
127
122
120
123
124
121
122
127
127
125
124
124
125
126
129
130
128
127
128
128
130
131
126
122
121
122
124
123
121
122
124
125
124
126
127
125
124
124
124
125
126
125
123
124
127
130
128
125
125
127
128
125
122
125
128
127
124
124
126
126
124
124
126
124
123
125
127
127
123
121
125
130
127
122
121
126
128
125
123
126
128
126
123
125
128
126
123
125
128
128
123
122
126
128
125
123
125
129
128
123
123
126
127
124
121
124
128
127
123
123
128
128
124
124
127
126
123
122
125
126
123
122
124
128
127
125
124
126
128
126
124
124
127
127
124
124
127
128
125
125
126
128
126
125
125
126
125
125
124
124
126
124
122
122
124
126
125
125
126
126
125
126
126
126
126
125
125
125
133
135
116
126
125
126
128
125
125
125
126
125
123
123
124
126
124
123
123
126
126
124
124
117
125
125
125
126
130
130
127
126
128
128
126
124
125
127
127
125
124
126
128
126
124
124
126
127
126
125
127
127
126
126
126
128
127
120
116
122
130
129
122
124
140
161
148
95
67
108
153
155
122
96
111
142
150
131
108
109
142
154
121
105
123
136
134
135
129
109
104
120
133
139
143
132
107
101
128
156
138
105
106
130
137
125
117
124
132
129
126
123
122
126
130
127
121
118
121
126
126
123
123
127
128
127
127
131
132
128
124
123
126
126
124
120
123
126
127
124
124
125
126
127
127
125
125
126
125
124
124
126
127
126
125
126
128
129
128
125
124
124
125
126
125
126
126
125
125
125
126
126
126
125
125
126
126
126
125
125
125
125
126
126
127
127
125
125
127
127
126
123
123
126
126
125
125
124
125
127
127
126
125
126
127
128
126
126
125
125
125
125
126
126
124
125
126
127
130
126
127
124
120
120
126
130
130
124
119
121
126
127
126
124
125
126
125
126
128
128
127
126
124
129
129
125
124
125
124
122
124
125
125
125
124
124
125
125
124
124
123
124
126
128
128
126
126
127
128
127
126
123
121
122
124
124
124
122
125
126
128
130
131
124
122
127
128
125
124
126
126
123
124
126
126
126
125
124
123
123
125
128
127
126
126
125
126
126
125
124
123
124
126
126
125
125
126
126
125
126
126
125
124
125
126
126
126
125
123
122
124
126
123
121
124
126
128
128
127
127
127
126
127
125
124
122
122
125
126
126
126
125
126
100
125
125
125
125
125
125
125
125
125
125
126
125
125
126
125
125
125
125
125
125
125
125
125
125
125
125
125
125
125
125
125
125
125
125
125
125
125
125
125
125
125
125
125
125
125
125
125
125
125
125
125
125
125
125
125
125
125
125
125
125
125
125
125
125
125
125
125
125
125
125
125
125
125
125
125
125
125
125
125
125
125
125
125
125
125
125
125
126
125
125
125
125
125
125
125
125
125
125
125
125
125
125
125
125
125
125
125
125
125
125
125
125
125
125
125
125
125
125
125
125
125
125
125
125
125
125
125
125
125
125
125
125
125
125
125
125
125
125
125
125
125
125
125
125
125
125
125
125
125
125
125
125
125
125
125
125
125
125
125
125
125
125
125
125
125
125
125
125
125
126
125
125
125
125
125
125
125
125
125
125
125
125
125
125
125
125
125
125
125
125
125
125
125
125
125
125
125
125
125
125
125
125
126
126
125
125
125
125
125
125
125
125
125
125
125
125
125
125
125
125
125
125
125
125
125
125
125
125
125
125
125
125
125
125
125
125
125
125
125
125
125
125
125
125
125
125
125
125
125
125
125
125
125
125
125
125
125
125
125
125
125
125
125
125
125
125
125
125
125
125
125
125
125
125
125
125
125
125
125
125
125
125
125
125
125
125
125
125
125
125
125
125
125
125
125
125
125
125
125
125
125
125
125
125
125
125
125
125
125
125
125
125
125
125
125
125
125
125
125
125
125
125
125
125
125
125
125
125
125
125
125
125
125
125
125
125
125
125
125
125
125
125
125
125
125
125
125
125
125
125
125
125
125
125
