125
125
125
124
125
125
55
125
125
125
125
125
125
125
125
125
126
125
125
125
125
125
125
125
125
125
125
125
126
125
125
125
125
125
125
125
125
125
125
125
125
125
125
125
125
125
125
125
125
125
125
125
125
125
125
126
125
126
125
125
125
125
125
125
125
125
125
125
125
125
125
125
125
125
125
125
125
125
125
125
125
125
125
125
125
125
125
125
125
125
125
125
125
125
125
125
125
125
125
125
125
125
125
125
125
125
125
125
125
125
125
125
125
125
125
125
125
125
125
125
125
125
125
125
125
125
125
125
125
125
125
125
125
125
125
125
125
125
125
125
125
125
125
125
125
125
125
125
125
125
125
125
125
125
125
125
125
125
125
125
125
125
125
125
125
125
125
125
126
125
125
125
125
125
125
125
125
125
125
125
125
125
125
125
125
125
125
125
125
125
125
125
125
125
125
125
125
125
125
125
125
125
125
125
125
125
125
125
125
125
125
125
125
125
125
125
125
125
125
125
125
125
125
125
125
125
125
125
125
126
125
125
125
126
126
126
126
126
126
126
126
126
126
126
126
126
125
126
126
126
126
126
126
126
126
126
126
126
126
126
126
126
126
126
126
126
126
126
126
126
126
126
126
126
126
126
125
126
126
126
125
125
126
126
126
126
126
126
125
126
126
125
126
126
125
125
125
125
126
126
126
126
126
126
125
126
126
126
125
126
125
125
125
125
125
125
125
125
125
125
125
125
126
126
125
126
125
125
126
125
125
125
126
125
126
126
125
126
125
126
125
125
125
126
125
125
126
125
125
126
126
125
125
125
125
125
126
126
125
125
126
126
125
126
125
125
125
126
126
125
125
126
125
125
125
125
126
125
125
125
126
126
125
126
126
126
126
125
125
125
125
125
125
125
125
126
126
126
126
126
125
125
126
125
125
125
125
125
125
125
126
126
125
125
125
126
125
126
125
125
126
126
126
126
126
126
126
126
125
126
125
125
126
126
125
126
125
126
125
126
125
125
125
125
126
126
125
125
125
125
125
125
125
125
125
125
125
125
125
125
125
125
126
125
125
125
125
125
125
125
125
125
125
125
125
125
125
125
125
125
125
125
125
125
125
125
125
126
125
125
125
125
125
125
125
125
125
125
125
125
125
125
125
125
125
125
126
126
126
125
125
125
125
125
125
125
127
130
129
121
118
123
124
123
131
138
122
105
119
145
138
110
111
136
146
138
135
125
95
83
122
162
145
110
110
121
132
130
132
150
151
105
62
98
149
164
152
124
86
97
163
154
90
116
170
123
84
126
143
121
135
146
117
106
119
112
112
149
166
126
89
105
137
137
120
121
130
126
118
119
131
138
131
124
125
125
121
123
133
136
126
118
122
123
116
115
126
136
135
128
122
122
126
129
126
121
117
118
120
120
127
138
142
131
119
120
128
133
129
123
117
119
125
127
122
118
121
127
132
132
129
125
126
127
124
121
122
128
130
127
123
122
124
125
125
123
123
125
127
129
128
126
125
125
126
127
128
126
123
121
121
123
126
128
128
126
124
124
125
126
127
127
126
126
125
125
124
124
124
125
126
127
127
127
126
125
125
125
126
125
125
125
125
125
125
124
124
125
125
125
126
126
126
126
126
126
126
127
127
126
125
125
125
125
124
124
124
125
125
125
125
126
127
127
126
125
125
126
127
125
124
124
124
124
124
124
125
126
126
126
126
127
126
125
125
126
126
125
125
124
124
124
125
125
126
126
126
126
126
126
125
125
125
125
125
125
125
125
125
125
126
125
127
126
126
126
126
125
126
126
125
125
125
124
125
125
125
125
126
126
126
126
126
125
126
125
125
125
126
126
125
125
126
126
126
125
125
125
125
125
125
125
125
125
125
125
125
125
126
126
125
126
125
125
125
125
125
125
125
125
125
126
126
126
126
126
126
126
125
125
125
123
125
125
126
126
127
126
127
127
125
124
124
125
125
125
126
125
125
125
126
125
125
125
126
126
126
126
126
125
125
126
126
126
125
125
125
125
124
125
127
126
125
125
125
126
125
125
125
125
125
125
126
127
126
125
125
125
126
125
124
125
125
126
126
125
125
125
125
125
125
126
127
126
125
125
125
125
125
126
126
126
125
125
125
125
125
125
126
126
126
125
125
125
125
125
125
125
126
126
125
125
125
125
125
125
125
126
125
125
126
126
125
126
125
125
125
125
125
125
126
126
126
125
125
126
126
126
125
125
125
125
125
125
125
126
125
127
122
123
125
126
126
126
126
126
126
127
127
126
125
125
125
126
127
126
126
126
126
126
126
125
125
125
126
126
126
126
126
127
126
125
126
126
126
126
126
126
126
125
125
125
125
125
126
126
126
126
126
125
126
126
126
126
126
125
126
126
126
125
126
126
126
126
124
124
125
126
126
126
127
126
126
126
126
126
126
126
126
126
126
126
126
127
128
126
126
126
125
124
125
125
125
125
125
125
125
125
125
126
126
125
125
125
126
125
126
126
126
125
126
126
122
125
125
126
126
126
126
126
126
126
126
126
126
126
125
126
125
126
126
125
125
125
125
126
125
125
126
126
125
126
125
125
125
125
126
125
126
125
125
126
126
126
126
125
125
125
125
126
125
125
125
125
126
125
125
125
125
125
126
126
126
126
125
126
126
125
125
126
126
126
126
126
126
126
126
125
125
126
126
126
125
126
125
125
125
125
126
125
125
125
125
126
126
125
125
126
125
126
126
126
127
129
126
125
125
125
124
125
125
125
126
125
125
125
125
125
125
125
125
125
125
126
126
126
125
125
125
126
125
125
125
125
125
126
125
125
125
126
125
125
125
125
125
125
125
125
126
125
125
125
125
126
125
125
125
126
125
125
125
126
126
125
125
125
125
125
125
125
125
126
125
125
125
125
125
125
126
126
125
125
126
125
125
126
125
126
125
126
126
125
125
125
125
125
125
125
126
125
125
125
126
126
126
125
126
126
125
125
125
125
125
125
125
125
126
126
125
125
126
125
125
125
128
129
126
125
125
124
124
124
124
124
125
125
125
125
125
125
125
126
127
126
125
125
125
125
125
125
125
125
125
125
125
126
125
125
125
125
125
125
122
122
125
126
126
127
127
127
127
127
126
126
125
125
125
125
125
125
126
126
125
125
125
125
125
125
126
126
125
125
125
125
125
125
125
126
125
126
125
125
125
125
125
125
125
126
125
125
125
125
125
125
125
125
126
125
125
125
125
126
125
125
126
125
126
126
125
126
125
125
126
125
125
126
125
125
125
125
125
126
126
126
125
125
125
125
126
125
125
125
126
125
125
125
125
125
125
125
126
126
126
126
126
126
125
125
125
125
125
125
125
125
126
125
126
126
126
126
125
125
126
126
125
125
124
125
125
125
125
125
127
125
126
126
126
124
125
125
125
125
125
125
125
125
126
127
126
126
126
125
125
126
125
125
125
125
126
125
125
125
125
126
125
126
127
125
125
125
125
125
125
125
125
125
126
126
126
126
124
123
125
126
125
125
125
126
126
127
127
126
125
125
126
126
126
125
126
125
125
126
126
125
124
125
126
126
124
125
126
126
125
125
125
126
125
125
125
125
125
126
125
125
125
133
128
126
125
125
122
124
124
122
124
125
125
125
126
125
126
125
126
125
126
126
126
125
125
125
126
125
125
125
125
126
125
126
125
114
125
125
125
126
128
129
128
127
126
126
126
125
126
127
125
126
125
125
125
125
123
125
125
125
125
125
126
125
123
125
127
126
125
125
125
126
126
126
125
125
125
126
125
126
125
126
126
125
125
126
125
125
125
125
126
125
126
126
125
125
125
125
125
125
125
125
125
126
126
125
124
126
125
126
125
125
56
125
125
125
125
125
125
125
125
125
125
125
125
125
125
125
125
125
125
125
125
125
125
125
125
125
125
125
125
125
125
125
125
125
125
125
125
125
125
125
125
125
125
125
125
125
125
125
125
125
125
125
125
125
125
125
125
125
125
125
125
126
125
125
125
125
125
125
125
125
125
125
125
125
125
125
125
125
125
125
125
125
125
125
125
125
125
125
125
125
125
125
125
125
125
125
125
125
125
125
125
125
125
125
125
125
125
125
125
125
125
125
125
125
125
125
125
125
125
125
125
125
125
125
125
125
125
125
125
125
125
125
125
125
125
125
125
125
125
125
125
125
125
125
125
125
125
125
125
125
125
125
125
125
125
125
125
125
125
125
125
125
125
125
125
125
125
125
125
125
125
125
125
125
125
125
125
125
125
125
125
125
125
125
125
125
126
125
125
125
125
125
125
125
125
125
125
125
125
125
125
125
125
125
125
125
125
125
125
125
125
125
125
125
125
125
125
125
125
125
125
125
125
125
125
125
125
125
125
125
125
125
125
125
125
125
125
125
125
125
125
125
125
125
125
125
125
125
125
125
125
125
125
125
125
125
125
125
125
125
125
125
125
125
126
125
125
125
125
125
125
125
125
125
125
125
125
125
125
125
125
125
125
125
125
125
125
125
125
125
125
125
125
125
125
125
125
125
125
125
125
125
125
125
125
125
125
125
126
126
126
126
126
126
126
125
126
125
126
126
126
126
126
126
125
126
126
126
126
126
126
126
126
126
126
126
126
125
126
126
126
125
126
126
126
125
126
126
126
126
126
126
125
126
125
