127
129
131
130
129
128
63
125
125
126
125
125
125
125
125
125
126
126
126
125
125
126
126
126
126
126
126
126
126
126
126
126
126
126
126
126
126
126
126
126
126
126
126
126
126
126
126
126
126
126
126
126
126
126
126
126
126
126
126
126
126
126
126
126
126
126
126
126
126
126
126
126
126
126
126
126
126
126
126
126
126
126
126
126
126
126
126
126
126
126
126
126
126
126
126
126
127
126
126
126
126
126
126
125
125
125
125
126
126
125
126
125
125
125
126
125
125
126
125
125
126
126
126
126
126
126
126
126
126
126
126
125
126
126
125
126
126
126
126
126
126
126
125
126
126
126
126
125
126
126
125
126
125
126
126
126
126
126
126
126
126
125
125
126
125
126
125
126
126
126
126
126
126
126
126
126
126
126
126
126
126
125
126
126
126
126
126
126
125
126
126
126
125
126
125
125
126
126
126
126
126
126
126
126
126
125
126
126
126
125
126
126
126
125
126
125
126
126
126
125
126
126
126
126
126
126
126
125
126
126
125
125
126
126
126
125
126
126
126
126
126
126
126
126
125
125
125
125
125
125
125
125
125
125
125
125
125
125
125
125
125
125
125
125
125
125
125
125
125
125
126
125
125
125
125
125
125
126
125
125
125
125
126
125
126
125
125
125
125
125
125
125
125
125
125
125
125
126
125
125
125
125
125
125
125
125
125
125
125
125
125
125
125
125
125
125
125
125
125
126
125
125
125
125
125
125
125
125
125
125
125
126
125
125
125
125
126
125
126
126
125
125
125
125
125
125
125
125
125
125
125
125
125
125
125
125
125
125
125
125
125
125
126
125
125
125
126
125
126
126
125
126
125
125
125
125
125
125
125
125
125
125
125
125
125
125
125
125
125
125
125
125
125
125
125
125
125
125
125
125
125
125
125
125
125
125
125
125
125
125
125
125
125
125
125
125
125
125
125
125
125
125
125
125
126
125
125
125
125
125
125
125
125
125
125
125
125
125
125
125
125
125
125
125
125
125
125
125
125
125
125
125
125
125
125
125
125
125
125
125
125
125
125
125
125
125
125
125
125
125
125
125
125
125
125
125
125
125
125
125
125
125
125
125
125
125
125
125
125
125
126
125
125
125
125
125
125
125
125
125
125
125
126
126
125
125
125
126
126
125
125
125
125
126
125
125
125
125
125
125
125
125
126
126
125
125
125
126
126
125
125
125
125
126
125
125
125
125
125
125
125
125
125
125
126
126
126
125
125
126
126
125
125
125
127
126
124
124
125
126
126
125
125
125
126
127
127
129
124
123
123
124
125
126
126
127
127
128
127
125
125
124
124
125
126
125
125
128
128
127
126
126
126
126
124
120
122
128
133
133
129
124
121
119
120
125
131
131
124
119
122
127
129
127
126
132
137
114
94
128
178
149
83
87
123
150
155
132
106
114
126
121
130
150
134
105
114
139
130
109
119
142
134
108
115
145
142
120
116
117
116
132
150
145
109
92
121
151
135
118
136
132
89
107
188
172
43
33
155
213
144
117
176
161
29
12
149
247
163
60
83
152
149
115
118
127
116
119
139
139
124
121
119
112
124
148
123
66
97
217
242
125
26
26
87
189
227
137
50
85
150
153
139
143
125
83
82
139
179
151
104
98
123
140
133
119
116
120
126
133
136
128
121
120
122
122
124
129
131
129
126
128
128
124
118
120
126
129
128
124
121
122
126
129
128
130
136
137
128
116
108
110
121
132
136
133
130
128
125
121
121
123
126
125
123
125
128
132
131
127
123
122
123
125
126
127
128
126
125
124
126
127
127
126
126
125
125
126
126
125
124
124
124
124
125
126
127
127
126
126
125
125
126
126
125
126
126
125
125
125
125
124
125
125
127
128
126
126
126
126
125
125
124
125
125
125
125
125
125
126
126
126
126
125
125
125
125
125
126
124
125
126
126
125
125
125
126
126
127
126
125
125
125
126
126
126
125
126
126
126
125
125
125
127
127
125
124
125
125
125
125
124
124
125
126
125
123
124
126
128
127
125
123
125
127
127
126
125
125
126
126
127
125
124
125
126
126
126
125
125
125
126
125
126
126
125
123
124
127
127
123
123
125
127
126
125
125
125
125
126
125
125
126
126
125
126
126
125
124
125
126
126
126
125
125
127
127
124
124
126
127
126
125
125
125
125
125
125
125
125
125
126
126
127
126
124
125
127
126
124
123
124
126
126
123
124
128
129
125
122
123
127
128
125
122
125
128
127
125
125
125
125
126
125
125
125
125
125
125
125
126
128
126
124
125
127
127
126
125
122
123
127
128
124
123
126
125
126
127
126
123
124
126
128
124
122
125
129
127
122
125
131
128
122
122
122
121
129
137
127
114
123
129
124
123
132
130
118
116
123
134
148
131
91
96
159
167
97
79
146
185
126
58
93
180
180
106
70
108
163
158
119
100
108
130
153
139
108
103
123
133
135
132
121
122
125
117
121
141
136
110
109
133
141
127
117
124
126
120
122
132
129
121
124
127
126
130
133
125
115
118
127
131
128
124
122
126
129
123
116
124
135
133
125
122
121
122
125
128
128
125
123
121
124
130
130
126
125
126
125
121
122
128
130
126
121
123
125
127
128
128
125
129
123
128
127
122
123
129
129
124
122
123
126
128
126
125
124
125
125
127
127
126
126
127
125
124
124
125
127
128
127
124
124
127
127
125
124
125
127
127
125
126
126
125
125
126
127
128
126
126
125
126
127
127
125
124
126
127
126
125
126
126
126
126
126
126
125
126
126
127
125
124
126
127
123
122
124
126
125
126
126
127
128
129
127
124
124
127
129
128
125
123
124
126
128
126
125
125
126
126
125
126
126
125
124
125
125
126
126
125
125
126
126
126
126
125
125
126
125
125
125
126
126
125
126
126
126
126
125
125
126
126
126
125
125
126
126
125
125
126
126
126
125
125
125
125
126
126
126
126
127
126
125
125
126
125
125
125
126
126
126
125
126
126
129
128
126
125
126
124
125
126
125
125
125
125
125
125
126
127
125
125
126
126
123
123
124
126
126
127
127
126
126
126
126
127
127
127
127
126
125
125
125
125
126
126
125
125
126
127
126
126
125
125
126
126
126
125
125
125
125
125
126
126
129
129
126
124
126
125
125
125
124
124
126
126
126
125
125
125
125
124
125
126
126
126
126
126
125
126
125
126
125
125
125
126
126
125
125
125
125
125
126
125
125
125
125
126
125
125
126
126
126
125
125
126
126
125
125
126
127
126
124
125
126
126
126
125
125
125
125
125
125
126
125
125
126
125
125
125
126
125
125
125
124
126
125
124
126
128
126
124
124
125
125
126
127
126
125
125
126
126
126
125
125
126
126
126
125
125
126
126
125
125
126
125
125
125
126
126
124
125
126
126
125
125
125
126
126
124
124
125
127
126
124
124
126
126
126
125
125
125
125
124
125
125
127
126
126
126
126
126
125
124
125
126
127
126
125
125
125
126
126
126
124
126
126
125
125
125
125
126
127
126
126
124
126
127
126
125
124
126
127
126
128
129
124
124
125
124
123
123
122
126
127
125
124
124
126
124
122
125
126
127
125
125
126
126
126
124
118
124
126
126
127
129
126
126
127
126
127
127
126
126
125
125
125
126
126
126
125
125
124
124
126
126
124
126
126
126
126
126
125
126
126
126
126
126
121
124
124
124
125
127
126
125
125
127
127
127
126
124
123
123
126
126
123
122
124
126
128
126
126
125
124
124
126
128
128
125
125
127
125
125
126
125
124
123
126
126
124
124
125
125
125
125
126
126
127
127
125
124
126
128
126
123
123
126
126
127
125
125
126
126
127
126
126
126
125
125
125
125
124
123
124
64
125
125
125
125
125
125
125
125
125
125
125
125
125
125
125
125
125
125
125
125
125
125
125
125
125
125
125
125
125
125
125
125
125
125
125
125
125
125
125
125
125
125
125
125
125
125
125
125
125
125
125
125
125
125
125
125
125
126
125
125
125
125
125
125
125
125
125
125
125
125
125
125
125
125
125
125
125
125
125
125
125
125
125
125
125
125
125
125
125
125
125
125
125
125
125
125
125
125
125
125
125
125
125
125
125
125
125
125
125
125
125
125
125
125
125
125
125
125
125
125
125
125
125
125
125
125
125
125
125
125
125
125
125
125
125
125
125
125
125
125
125
125
125
125
125
125
125
125
125
125
125
125
125
125
125
125
125
125
125
125
125
125
126
125
125
125
125
125
125
125
125
125
125
125
125
125
125
125
125
125
125
125
125
125
126
126
125
125
125
125
125
125
125
125
125
125
125
125
125
125
125
125
125
125
125
125
125
125
125
125
125
125
125
125
125
125
125
125
125
125
125
125
125
125
125
125
125
125
125
125
125
125
125
125
125
125
125
125
125
125
125
125
125
125
125
125
125
125
125
125
125
125
125
125
125
125
125
125
125
126
126
125
125
126
125
125
125
125
125
125
125
125
125
125
125
125
125
125
125
125
125
125
125
125
125
125
125
125
125
125
125
125
125
125
125
125
125
125
125
125
125
125
125
125
125
125
125
125
125
125
125
125
125
125
125
125
125
125
125
125
125
125
125
125
125
125
125
125
125
125
125
125
125
125
125
125
125
125
125
125
125
125
125
125
125
125
125
125
125
125
125
125
125
124
