121
128
131
128
125
127
79
126
126
126
126
126
126
126
126
126
126
126
126
126
126
126
126
126
126
126
126
126
126
126
126
126
126
126
126
126
126
126
126
126
126
126
126
126
126
125
125
126
126
125
126
126
125
125
125
125
125
125
125
125
125
125
126
125
126
125
125
126
125
125
126
126
125
125
125
126
125
125
126
125
126
125
125
126
126
125
125
126
126
126
125
125
125
125
125
125
125
125
125
126
126
125
125
125
126
125
126
126
125
125
126
125
125
125
125
125
125
125
125
125
126
125
125
125
125
125
125
125
126
126
125
125
125
125
125
125
125
126
125
125
125
125
126
125
126
125
125
126
125
125
125
125
125
125
125
125
125
126
125
125
125
125
125
125
125
125
125
125
126
125
126
126
125
125
125
125
125
125
125
125
125
125
125
125
125
125
125
125
125
125
125
125
125
125
125
125
125
125
125
125
125
125
125
125
125
125
125
125
125
125
125
125
125
125
125
125
125
126
126
125
125
126
125
125
125
125
125
125
125
125
125
125
125
125
125
125
125
125
125
125
126
125
125
125
126
125
126
125
126
126
125
125
125
125
125
125
125
126
125
126
125
126
126
125
125
125
125
125
125
125
125
125
125
125
125
126
125
125
125
125
125
125
125
125
125
125
125
125
125
125
125
125
125
125
125
125
125
125
125
125
125
125
125
125
125
125
125
126
125
125
125
126
125
125
125
125
125
125
125
125
125
125
125
125
125
125
125
125
125
126
125
125
125
125
125
125
126
125
125
125
125
125
125
125
126
125
125
125
125
125
125
125
125
125
125
125
125
125
125
125
125
125
126
125
125
125
125
125
125
125
125
125
125
125
125
125
125
125
125
125
125
125
125
126
125
125
125
125
125
125
125
125
125
125
125
125
125
125
125
125
125
125
125
125
125
126
125
125
125
125
125
125
125
125
125
126
125
126
125
125
125
125
125
125
125
125
125
125
125
125
125
125
125
125
125
125
125
125
125
125
125
125
125
125
125
125
125
125
125
125
125
125
125
125
125
126
125
125
125
125
125
125
125
125
125
125
126
125
126
125
125
125
125
126
125
126
126
126
126
126
126
126
126
126
126
126
126
125
125
126
126
126
126
126
126
125
125
126
126
126
126
126
126
126
126
126
126
126
126
126
126
126
126
126
126
126
126
126
126
126
126
126
126
126
126
126
126
126
126
126
126
126
126
126
126
126
126
126
126
126
126
126
126
126
126
126
126
124
125
126
126
126
126
126
126
126
126
126
125
125
126
125
126
126
126
125
126
126
126
126
126
126
125
126
125
126
125
126
126
125
125
125
126
126
125
125
125
126
125
126
126
126
126
126
125
125
127
128
126
125
123
119
115
120
131
138
133
131
133
120
109
122
138
126
120
134
123
121
127
146
110
66
131
221
163
14
76
206
186
48
94
214
157
35
90
176
167
110
100
96
111
177
180
121
63
91
152
165
121
104
119
128
131
136
126
110
120
138
132
122
125
127
126
125
121
115
119
130
137
134
130
126
121
117
122
130
132
132
127
118
113
119
131
137
133
124
116
116
127
136
134
124
119
123
130
129
123
122
125
128
129
128
125
123
123
125
125
125
125
124
125
127
127
126
125
125
128
126
125
125
124
124
126
127
125
124
125
127
128
128
127
124
122
123
125
125
124
123
126
129
129
124
122
126
128
126
124
124
124
126
126
125
124
124
126
127
127
126
126
126
126
126
126
126
126
125
125
125
125
125
125
125
124
125
125
126
126
126
126
126
126
126
126
126
125
125
125
125
125
125
125
125
126
126
126
126
126
127
127
126
126
126
125
124
125
125
124
125
126
126
125
125
126
126
125
125
126
126
126
125
125
126
126
125
125
126
126
125
125
125
126
126
126
126
126
125
125
125
125
125
125
125
125
125
125
125
126
126
126
125
126
126
127
126
125
124
125
125
126
125
125
124
125
126
126
126
125
125
126
127
127
126
125
125
126
126
125
124
125
125
125
124
125
127
126
125
124
126
127
126
125
125
126
126
125
125
125
125
126
126
125
125
126
126
126
125
125
126
126
125
125
125
125
125
125
126
126
126
125
125
125
126
126
126
126
126
126
125
125
126
127
126
125
125
126
126
126
125
124
124
125
125
124
124
125
125
125
126
126
125
125
126
127
126
125
126
126
126
126
125
125
125
126
128
125
125
125
125
125
124
124
124
125
126
126
125
125
126
126
125
125
125
126
126
126
126
125
125
126
126
126
123
124
125
126
126
126
126
126
126
126
126
125
125
125
125
126
126
125
125
125
125
125
125
125
125
125
126
126
125
125
125
126
126
125
125
126
125
125
125
125
126
125
125
125
125
125
125
125
125
126
126
126
125
125
125
125
125
125
126
126
126
125
125
125
126
126
125
125
125
125
125
125
125
125
126
126
125
125
126
126
126
125
124
126
127
126
125
125
125
126
126
126
125
125
126
125
125
125
126
125
125
125
125
125
125
126
126
125
125
126
126
125
125
125
126
125
124
126
127
126
124
124
125
126
126
126
126
124
124
125
126
125
125
127
127
126
123
137
124
120
119
120
123
125
128
129
129
128
127
126
125
125
124
124
123
123
124
126
128
128
127
126
125
125
125
123
123
123
124
126
128
128
128
127
126
124
122
121
123
126
127
126
125
126
126
126
124
124
126
127
125
123
125
128
129
126
124
124
124
125
125
125
125
126
126
126
125
127
128
126
124
123
123
126
126
123
127
128
128
127
127
131
128
126
124
120
120
122
121
123
125
127
127
127
127
130
132
132
129
127
125
121
117
120
124
123
120
120
126
134
135
127
121
129
139
136
125
120
123
124
119
120
128
127
119
119
127
133
131
125
124
130
132
130
127
122
123
131
128
117
122
132
129
124
125
118
116
128
133
116
120
136
128
121
139
139
114
113
133
130
122
134
132
107
106
133
142
127
121
127
127
125
127
123
118
135
151
127
87
99
149
163
130
105
119
147
136
98
101
142
140
109
116
139
129
116
129
136
119
111
123
134
133
127
126
123
125
127
129
124
118
118
129
134
127
119
123
128
128
128
130
129
121
114
121
134
139
124
112
119
129
128
125
130
135
128
120
122
127
128
127
129
128
121
115
122
131
133
127
124
126
127
127
123
117
118
127
134
129
121
122
128
129
129
128
125
123
124
126
125
122
122
126
130
129
122
121
127
131
132
132
131
120
109
119
133
128
120
124
128
124
126
131
125
119
128
137
131
123
125
128
123
115
119
130
130
122
118
124
136
139
131
114
108
120
136
138
126
113
117
133
138
132
120
123
129
130
121
116
122
131
131
120
116
125
131
130
123
113
109
124
142
143
129
119
120
125
131
125
112
120
127
129
126
124
127
130
128
125
127
126
125
128
129
125
123
125
125
120
119
125
130
129
127
125
126
127
125
123
123
126
130
128
124
122
125
128
127
122
120
125
131
132
127
123
121
124
128
129
123
118
118
125
128
126
123
127
130
130
125
120
120
124
129
127
125
127
129
122
122
135
137
112
94
119
154
149
132
130
118
101
111
132
143
137
123
111
112
122
126
115
116
147
171
143
89
86
131
158
139
102
88
120
162
156
117
99
118
137
134
125
118
123
131
126
119
123
127
128
134
132
120
118
123
125
123
123
126
127
126
129
135
130
119
115
122
127
128
127
125
124
126
127
125
122
124
129
132
129
122
121
122
125
127
128
127
126
126
124
120
123
126
129
128
126
125
129
127
121
121
124
130
132
129
120
113
121
130
129
123
121
124
130
130
126
124
126
128
126
126
125
120
121
127
130
129
131
129
121
110
109
125
142
141
130
122
116
114
120
130
135
130
122
121
126
78
125
126
126
125
126
125
125
125
125
125
125
125
125
125
126
126
126
125
125
125
125
125
125
125
125
125
125
125
125
125
125
125
125
125
125
126
125
126
125
125
125
125
125
125
125
126
125
125
125
125
125
125
125
125
125
125
125
125
125
125
125
125
125
125
125
125
125
125
125
125
125
125
125
125
125
125
125
125
125
125
125
125
125
125
125
125
126
125
126
125
125
125
125
125
125
125
125
125
125
125
125
125
125
125
126
126
125
125
125
125
126
126
126
125
125
126
126
126
125
125
125
125
125
125
125
125
125
125
125
125
125
125
125
125
126
125
126
125
125
126
126
125
126
125
125
125
125
125
126
126
125
125
125
125
125
125
125
125
125
125
125
125
125
125
125
125
125
125
125
125
125
125
125
125
125
125
125
125
125
125
125
125
125
126
125
125
125
125
125
125
125
125
125
125
125
125
125
125
125
125
125
125
125
125
125
125
125
125
125
125
125
125
125
125
125
125
125
125
125
125
125
125
125
125
125
125
125
125
125
125
125
125
125
125
125
125
125
125
125
125
125
125
125
125
125
126
125
125
125
125
125
125
125
125
125
125
125
125
125
125
125
125
125
125
125
125
125
125
125
125
125
125
125
125
125
125
125
126
125
125
125
125
125
125
125
125
125
125
125
125
125
125
125
125
125
125
125
125
126
125
125
125
125
125
125
125
125
125
125
125
125
125
125
125
125
125
125
125
125
125
125
125
125
125
125
125
125
125
125
125
125
125
125
125
125
126
126
125
125
125
125
125
126
125
125
125
125
126
125
125
125
125
125
126
