125
127
127
124
123
128
51
126
126
125
126
126
126
126
126
126
126
126
126
125
126
126
125
126
125
126
125
126
126
126
125
125
126
126
126
125
125
126
125
126
126
126
125
126
126
126
126
126
126
126
126
126
126
126
126
125
126
126
126
126
126
126
126
126
126
126
126
125
126
126
126
126
126
126
126
126
125
126
126
126
126
126
126
126
126
126
126
126
126
126
126
125
126
126
126
126
126
126
126
126
126
126
126
125
126
126
126
126
125
126
126
126
126
125
125
126
125
125
125
125
125
125
125
125
125
125
125
126
125
125
125
126
126
126
125
125
125
125
125
126
125
125
125
125
125
125
126
125
125
126
126
126
126
125
125
125
125
125
125
125
125
125
125
125
125
125
125
125
125
125
125
125
125
125
125
125
125
125
125
125
125
125
125
125
125
125
125
125
125
125
125
125
125
125
125
125
125
125
125
125
125
125
125
125
125
125
125
125
125
125
125
125
125
125
125
125
125
125
125
125
125
125
125
125
125
125
125
125
125
125
125
125
125
125
125
125
125
125
125
125
125
125
125
125
125
125
125
125
125
125
125
126
125
125
125
125
125
125
125
125
125
125
125
126
126
126
125
125
125
126
126
126
126
126
126
125
126
126
126
126
126
126
126
125
125
126
126
126
125
125
125
125
125
125
125
125
125
125
125
126
125
126
126
125
125
126
126
126
126
126
125
126
126
126
125
125
126
125
126
126
126
125
125
126
126
126
125
125
125
126
126
126
125
125
126
126
126
125
125
125
126
125
125
125
125
125
126
126
126
125
125
125
126
125
125
125
126
125
125
125
125
125
125
125
125
125
125
125
125
125
125
126
125
125
126
126
125
125
125
125
125
125
126
126
125
125
125
126
126
125
126
126
126
125
125
125
125
125
126
126
125
125
125
125
125
125
125
126
126
126
125
125
126
126
125
125
125
125
126
125
125
125
125
126
126
125
126
125
125
125
126
126
125
125
125
126
125
125
125
126
126
125
125
125
125
125
125
126
126
125
125
125
126
125
125
125
125
126
125
125
125
125
125
125
125
125
125
126
125
125
125
125
125
125
124
120
122
130
136
136
133
131
126
108
93
102
128
144
146
149
145
113
81
98
147
162
131
110
111
99
72
84
171
255
231
113
53
66
72
77
120
164
177
160
130
103
106
129
130
108
98
112
137
155
156
140
116
101
108
124
133
129
124
121
125
137
138
118
105
118
137
139
133
123
111
111
127
137
133
125
122
122
125
128
128
126
125
124
123
121
119
121
126
130
131
130
127
126
126
124
120
117
121
129
132
126
119
120
126
129
129
127
125
125
126
127
127
124
123
122
126
127
124
121
122
126
129
130
127
124
123
125
127
127
128
128
123
117
120
130
131
126
123
125
128
127
124
124
123
125
127
128
126
126
127
127
123
123
126
129
129
125
122
123
125
126
127
126
125
126
127
126
126
127
125
124
125
126
125
125
126
126
125
126
127
126
125
125
127
127
124
123
124
126
127
128
129
129
126
123
122
123
125
126
127
127
126
125
125
125
126
127
126
124
123
124
126
129
129
126
123
123
125
127
127
125
124
125
127
129
129
127
123
121
124
128
129
125
122
123
126
127
126
125
125
127
128
127
125
123
123
126
130
129
123
120
126
131
129
122
120
124
130
129
123
120
125
130
129
124
120
124
130
131
123
118
123
131
130
121
120
127
131
125
120
125
132
129
121
122
128
129
124
121
123
130
131
124
118
121
129
135
131
119
117
131
137
123
113
122
131
130
128
126
120
122
128
129
126
126
124
122
125
128
128
125
124
126
128
125
121
124
130
128
122
124
129
130
125
122
123
124
125
127
129
126
122
122
126
129
127
124
124
125
126
126
126
125
125
125
126
128
126
124
124
125
126
126
125
124
125
126
126
125
124
124
125
126
126
126
124
124
125
126
126
125
125
126
126
126
125
125
125
125
126
126
126
126
125
125
125
125
125
125
125
125
125
125
125
125
125
125
125
125
125
125
125
125
126
125
125
126
126
125
125
125
125
125
125
126
125
125
125
125
125
125
125
125
124
125
125
125
125
125
125
125
126
126
124
124
126
126
126
126
126
125
125
125
125
125
125
126
126
126
125
125
126
126
126
124
124
126
127
127
125
122
123
126
127
126
126
126
127
128
127
126
124
125
126
127
125
125
125
127
127
126
125
126
126
125
126
126
126
125
125
125
127
127
125
124
125
127
128
126
123
123
125
127
126
125
125
126
127
127
125
125
126
126
126
125
125
126
126
125
125
125
126
126
126
125
125
125
126
126
125
125
126
126
126
125
125
125
125
125
125
126
125
125
126
126
125
126
126
125
126
126
126
126
125
125
126
126
126
125
125
125
125
126
126
126
126
125
125
125
126
126
126
125
125
126
126
125
125
125
126
125
125
125
126
126
126
125
125
126
126
126
126
126
126
125
125
125
125
125
126
125
126
126
126
126
125
126
126
126
125
125
126
126
125
125
125
125
126
126
126
126
125
125
126
126
125
125
125
126
126
126
125
125
125
126
126
126
125
125
126
126
125
125
126
126
126
125
125
125
128
127
126
125
125
124
125
126
125
125
125
125
125
125
126
126
126
125
125
125
126
127
126
125
124
125
126
127
126
125
124
124
130
129
127
123
121
123
126
127
126
124
124
125
125
126
125
124
125
127
126
125
124
125
126
126
126
126
126
125
125
125
126
126
126
126
125
125
125
125
125
125
125
126
125
125
125
125
125
125
125
125
125
125
125
125
126
126
125
125
125
126
125
125
125
125
125
126
126
125
125
126
125
125
125
125
125
126
126
126
125
127
120
116
127
125
125
127
127
127
127
127
126
126
126
126
126
125
126
126
126
126
126
126
127
126
125
126
126
126
126
126
126
126
125
124
125
126
126
126
126
126
126
126
126
126
126
126
126
125
125
125
125
125
126
126
125
125
125
126
126
125
126
126
125
125
125
126
126
121
124
124
125
126
127
127
127
127
126
126
126
126
125
125
125
125
125
126
126
125
126
126
125
125
125
126
126
125
125
125
125
126
126
125
125
125
125
125
125
125
125
126
127
126
126
125
125
125
125
125
125
125
125
125
125
125
125
125
126
126
125
125
125
126
126
126
126
125
125
127
127
125
124
124
126
126
126
125
124
125
126
126
126
125
124
125
126
127
126
125
124
125
126
126
125
125
126
126
126
126
126
125
126
126
126
125
125
125
125
125
125
125
125
126
126
125
125
126
127
127
125
124
125
125
125
124
123
124
124
126
127
127
127
127
127
127
126
125
125
124
125
125
125
124
125
126
127
126
125
132
125
125
126
124
122
123
125
125
124
125
127
124
125
126
126
125
126
126
126
126
125
125
125
127
127
124
124
125
126
126
124
125
125
125
125
125
125
126
125
126
127
126
125
125
125
126
126
125
125
124
125
126
125
125
125
125
125
126
126
126
125
125
126
125
125
126
125
124
125
124
125
125
126
125
125
125
127
126
125
125
125
124
125
126
127
125
124
125
126
127
127
125
123
123
125
128
127
124
123
124
127
126
125
124
128
126
126
125
125
125
135
112
98
130
127
128
128
126
128
130
129
126
125
125
124
125
126
127
125
125
125
126
126
71
116
128
130
133
135
134
131
130
131
128
128
127
127
129
128
128
128
128
126
125
127
128
128
126
126
126
127
127
128
126
125
126
127
127
127
127
126
127
128
125
126
126
126
126
111
122
125
126
127
129
129
129
130
129
127
124
124
126
126
126
126
127
127
126
125
126
127
127
123
123
124
128
127
126
125
124
124
125
126
128
127
123
123
126
126
126
124
124
125
126
129
126
123
122
126
129
127
124
50
125
125
125
125
125
125
125
126
125
125
125
125
126
126
125
125
125
125
125
126
125
125
125
125
125
125
125
125
125
125
125
125
125
125
125
125
125
125
125
125
125
125
125
125
125
125
125
125
125
125
125
125
125
125
125
125
125
125
125
125
125
125
125
125
125
125
125
125
125
125
125
125
125
125
125
125
125
125
125
126
125
125
126
125
125
125
125
125
125
125
125
125
125
125
125
125
125
125
125
125
125
125
125
125
125
125
125
125
125
125
125
125
125
125
125
125
125
125
125
125
125
125
125
125
125
125
125
125
125
125
125
125
125
125
125
125
125
125
125
125
125
125
125
125
125
126
125
125
125
125
125
125
125
125
125
125
125
125
125
125
125
125
125
125
125
126
125
125
125
125
125
126
126
126
126
126
125
125
126
125
126
126
126
125
126
125
125
125
126
125
125
125
125
126
126
125
126
125
126
125
125
126
125
126
125
125
125
125
125
125
125
125
125
125
125
125
126
126
125
126
125
126
126
125
125
125
125
126
125
125
125
125
125
125
125
125
125
126
126
125
125
125
126
126
125
125
125
125
125
125
125
125
125
125
125
125
125
125
125
125
125
125
125
126
125
125
125
125
125
125
125
126
125
125
125
125
125
125
125
125
125
125
125
125
125
125
125
125
125
125
125
125
125
125
125
125
126
126
125
126
125
126
125
125
125
126
125
125
125
125
125
125
125
125
126
126
125
125
125
125
126
126
125
125
125
125
125
125
125
126
125
125
125
126
126
126
125
125
125
125
125
125
125
125
126
126
125
125
125
126
125
125
126
125
