127
129
128
127
125
124
56
125
125
125
125
125
125
125
125
125
125
125
125
125
125
125
125
125
125
125
125
125
125
125
125
125
125
125
125
125
125
125
125
125
125
125
125
125
125
125
125
125
125
125
125
125
125
125
125
125
125
125
125
125
125
125
125
125
125
125
125
125
125
125
125
125
125
125
125
125
125
125
125
125
125
125
125
125
125
125
125
125
125
125
125
125
125
125
125
125
125
125
125
125
125
125
125
125
125
125
125
125
125
125
125
125
125
125
125
125
125
125
125
125
125
125
125
125
125
125
125
125
125
125
125
125
125
125
125
125
125
125
125
125
125
125
125
125
125
125
125
125
125
125
125
125
125
125
125
125
125
125
125
125
125
125
125
125
125
125
125
125
125
125
125
125
125
125
125
125
125
125
125
125
125
125
125
125
125
125
125
125
125
125
125
125
125
125
125
125
125
126
125
125
125
125
125
125
125
126
125
125
125
125
125
125
125
125
125
126
125
125
125
125
125
125
125
125
125
125
125
126
126
126
126
126
126
126
125
126
125
126
125
126
126
126
125
126
126
126
125
125
126
125
126
126
125
126
125
126
126
126
125
126
126
126
126
125
125
125
125
126
125
126
126
126
126
125
125
126
126
126
125
125
126
126
125
126
125
125
126
126
125
125
126
126
125
125
126
125
126
126
126
125
125
125
126
125
125
125
125
125
125
125
125
125
125
126
126
125
125
125
126
126
125
125
126
126
126
125
125
125
125
125
126
125
125
125
126
126
125
125
125
125
125
126
125
125
125
126
125
126
125
125
125
125
125
126
126
125
125
125
125
125
126
126
125
125
126
126
126
126
125
125
125
126
125
125
125
125
126
125
126
125
126
126
126
126
126
125
125
125
125
125
126
126
125
125
125
125
126
126
125
125
125
126
126
125
125
125
125
126
125
125
126
126
126
126
125
125
125
125
125
125
125
125
125
125
125
125
125
126
125
126
126
126
126
125
125
125
125
125
126
125
125
125
125
125
125
125
125
126
127
125
125
125
125
125
125
125
125
125
125
125
125
125
125
125
125
125
125
125
125
125
125
125
125
125
125
125
125
125
125
125
125
125
125
125
125
125
125
125
125
125
125
125
125
125
125
125
125
125
125
125
125
125
125
125
125
125
124
124
128
131
128
133
150
136
68
34
93
190
221
174
130
122
109
80
66
89
133
185
204
121
38
76
169
190
140
113
107
90
96
133
175
167
92
48
132
193
122
77
133
161
137
126
108
100
130
141
107
103
144
157
126
111
126
129
113
113
133
143
136
126
119
113
111
118
131
135
130
128
128
123
117
117
125
136
137
122
111
120
135
134
125
123
119
117
122
134
138
131
122
118
119
125
133
132
123
119
124
127
124
123
128
127
118
115
124
135
137
131
124
120
118
119
126
134
136
130
122
119
122
124
125
124
124
126
128
130
128
127
125
124
125
125
124
123
123
124
126
129
130
128
125
123
123
125
126
126
126
125
123
123
125
128
129
129
127
126
125
126
126
126
125
125
125
125
125
125
125
125
125
126
126
127
127
126
126
125
125
125
125
125
125
125
125
125
126
126
126
126
126
127
127
127
126
125
124
124
125
125
125
126
127
127
127
126
126
125
124
124
125
125
125
125
125
126
126
125
126
127
127
126
126
126
125
125
125
126
125
125
125
125
126
127
126
126
126
126
125
125
125
126
125
125
125
126
126
126
126
126
125
125
125
125
125
125
125
125
126
126
126
126
126
126
126
126
125
125
126
125
125
125
125
125
126
126
126
125
126
126
126
125
125
126
126
125
125
125
126
126
126
126
126
126
126
126
126
126
126
126
126
125
125
125
125
126
126
126
126
126
126
126
125
125
125
125
125
125
125
126
126
126
126
126
126
127
126
126
125
125
125
125
125
125
125
125
126
127
125
126
125
125
126
126
125
126
127
126
125
126
126
127
126
126
125
125
125
126
126
125
125
126
126
126
125
126
126
125
125
125
125
126
126
126
126
125
125
125
126
126
126
125
125
126
126
125
125
126
126
125
125
126
126
125
125
126
126
126
126
126
125
124
126
126
124
124
126
125
125
126
126
125
126
127
125
125
125
125
125
126
126
125
125
126
126
125
125
125
125
126
126
125
125
126
126
125
126
126
125
125
125
126
125
125
125
125
125
125
125
125
125
125
125
125
126
125
125
126
125
125
126
126
125
124
125
126
126
126
126
125
126
126
126
126
125
124
125
126
126
125
126
126
126
125
124
124
125
126
127
126
125
125
125
125
125
125
125
126
126
126
125
125
125
125
125
125
125
125
125
126
125
125
125
125
125
125
125
126
126
126
125
126
125
125
125
125
125
125
126
125
126
125
126
126
125
125
125
125
125
125
125
125
125
125
125
126
126
125
126
126
126
124
126
127
125
125
126
125
124
125
125
126
126
125
126
125
125
125
125
125
125
125
125
125
125
125
125
125
125
125
126
126
126
126
126
125
126
125
125
125
125
126
126
125
125
126
126
126
125
125
125
125
125
125
125
125
125
125
125
125
125
126
126
125
125
125
125
125
126
125
125
125
125
125
125
125
125
125
126
125
125
125
125
125
125
125
126
126
126
126
125
125
126
126
126
125
125
125
125
126
125
125
125
126
126
126
125
126
126
126
126
125
125
125
125
125
125
125
125
125
125
125
125
125
126
125
125
125
125
125
126
125
125
125
125
126
126
125
125
125
125
126
126
125
126
125
126
125
125
125
125
125
125
125
126
126
125
126
125
125
125
126
125
125
125
125
126
125
125
125
126
126
125
125
125
125
125
125
125
125
125
125
125
125
125
125
125
126
125
125
125
125
125
125
125
125
125
125
128
121
123
125
126
125
126
126
126
126
126
126
124
125
126
126
126
126
126
126
126
126
125
125
125
125
126
125
125
125
126
126
126
125
126
126
126
121
110
128
124
127
128
127
128
128
128
126
126
126
128
127
126
126
126
125
126
126
126
125
125
125
126
126
125
125
126
123
123
126
127
126
127
128
127
127
126
126
126
126
126
126
126
126
126
126
127
127
126
125
125
124
125
125
125
125
124
126
125
126
126
125
125
126
126
126
125
125
126
126
126
125
125
126
126
126
125
125
125
125
125
125
125
124
126
126
126
126
126
126
126
125
126
125
125
126
126
125
125
125
126
126
126
126
126
126
126
125
125
125
125
126
125
125
126
126
125
126
126
126
127
126
125
125
125
125
125
125
126
126
125
126
125
126
126
126
126
126
126
126
125
125
126
126
125
125
125
125
126
125
124
126
126
125
125
127
127
126
127
126
125
124
125
127
127
125
124
125
127
125
124
124
126
127
125
126
131
128
127
126
125
122
125
125
125
123
125
124
125
125
125
126
125
124
125
127
128
127
125
127
129
125
123
125
128
127
121
122
126
129
125
124
126
129
126
125
126
126
125
125
126
133
125
124
124
126
123
121
122
126
128
126
122
125
128
128
124
121
126
128
126
123
124
125
126
125
127
128
126
125
126
126
126
123
124
124
125
125
124
124
126
124
125
125
126
126
127
127
127
125
126
126
126
126
124
123
123
125
127
127
125
124
125
127
126
125
124
125
126
126
125
125
124
125
125
126
124
124
126
127
125
126
125
126
126
125
125
126
125
125
125
125
124
124
126
126
125
125
125
127
126
125
124
127
126
126
126
124
126
126
126
124
124
124
126
126
125
125
126
126
126
126
126
124
125
126
125
124
126
125
126
126
124
124
126
126
126
125
124
125
125
126
125
124
124
126
126
127
125
126
126
126
126
125
124
124
125
126
124
125
125
127
126
126
124
126
125
125
123
125
125
125
126
125
125
125
126
126
126
125
57
126
126
126
125
126
126
126
125
126
125
126
125
126
125
125
126
126
125
125
125
125
125
125
125
125
126
125
125
125
125
125
125
125
125
125
125
125
126
125
125
125
125
125
125
125
125
125
125
125
125
125
125
125
125
125
125
125
125
126
125
125
125
125
125
125
125
125
125
125
125
125
125
125
125
125
125
125
125
125
125
125
125
125
125
125
125
125
125
125
125
125
125
125
125
125
126
125
125
125
125
125
125
125
125
125
125
126
125
125
125
125
125
125
125
125
125
125
125
125
125
125
125
125
125
125
125
125
125
125
125
125
125
125
125
125
125
125
125
125
125
125
125
125
125
125
125
125
125
125
125
125
125
125
125
125
125
125
125
125
125
125
125
125
125
125
125
125
125
125
125
125
125
125
125
125
125
125
125
125
125
125
125
125
125
125
125
125
125
125
125
125
125
125
125
125
125
125
125
125
125
125
125
125
125
125
125
125
125
125
125
125
125
125
126
126
125
126
125
125
125
126
125
125
125
125
126
126
125
125
125
126
125
125
125
125
125
126
125
125
125
125
125
125
125
125
126
125
125
126
125
125
125
125
125
125
125
125
125
125
125
125
126
125
125
125
125
125
125
126
125
126
125
125
125
126
125
125
125
125
125
126
126
126
125
125
126
125
125
125
125
125
125
125
125
125
125
125
125
125
125
125
125
125
125
125
125
125
125
125
125
125
125
125
125
125
125
125
125
125
125
125
125
125
125
125
125
125
125
125
125
125
125
125
125
125
125
125
125
125
125
125
125
125
125
125
125
125
125
125
125
125
125
125
125
