125
125
126
126
125
125
66
126
126
126
126
125
125
125
126
126
126
125
126
126
125
126
125
126
126
126
126
126
126
125
125
125
125
125
125
125
125
125
125
125
125
125
125
125
125
125
125
125
125
125
125
125
125
125
125
125
125
125
125
125
125
125
125
125
125
125
125
125
125
125
125
126
125
125
125
125
125
125
125
125
125
125
125
125
125
126
125
125
125
125
125
125
125
125
125
125
125
125
125
125
125
126
125
125
125
125
125
125
125
125
125
125
125
125
125
125
125
125
125
125
125
125
125
125
125
125
125
125
125
125
125
125
125
125
126
125
125
126
126
125
126
126
126
126
126
126
126
126
125
126
126
126
126
126
126
126
126
126
126
125
126
125
126
125
126
126
126
126
125
125
126
126
126
126
126
125
126
126
126
126
126
126
126
126
125
126
126
126
126
126
125
125
125
126
126
126
126
125
126
126
125
126
125
125
126
126
126
126
126
125
125
125
125
125
125
126
125
126
125
125
125
125
125
125
125
125
125
125
125
125
125
125
126
125
125
125
125
125
125
125
125
126
126
125
125
125
126
125
125
125
125
125
125
125
126
125
126
125
125
125
125
125
125
125
126
126
126
126
126
126
125
125
125
125
125
126
125
125
126
126
125
125
125
125
125
125
126
125
125
125
125
125
126
125
125
125
125
125
125
125
125
125
125
126
126
125
125
125
125
126
125
125
125
125
126
125
126
125
125
125
125
125
126
125
125
125
126
125
126
126
125
125
126
125
125
125
126
125
125
125
125
125
125
125
125
126
125
125
125
126
126
125
126
126
125
125
125
125
125
125
125
125
125
125
125
125
125
125
125
125
125
125
125
125
125
125
125
125
125
125
125
125
125
125
125
125
125
125
125
125
125
125
125
125
125
125
125
125
125
125
125
125
125
125
125
125
125
125
125
125
125
125
125
125
125
125
125
125
125
125
125
125
125
125
125
125
125
125
125
125
125
125
125
125
125
125
125
125
125
125
125
125
125
125
125
125
125
125
125
125
125
125
125
125
125
125
125
125
125
125
125
125
125
125
125
125
125
125
125
125
125
125
125
125
125
125
125
125
125
125
125
125
125
125
125
125
125
125
125
125
125
125
125
125
125
125
125
125
125
125
124
125
125
125
125
126
126
125
126
126
126
126
126
125
126
126
126
126
125
125
126
124
125
125
126
126
126
126
126
126
126
126
126
125
125
125
126
126
126
126
126
125
126
126
126
126
125
126
126
126
126
125
126
126
126
125
126
126
126
126
125
126
126
126
126
126
125
125
125
126
125
126
126
125
126
126
126
126
126
125
126
126
126
125
125
126
126
125
125
125
125
125
125
125
126
126
126
125
125
126
126
126
125
126
125
125
126
126
126
125
125
125
126
126
126
126
125
125
126
126
126
125
125
126
126
126
125
125
125
126
126
126
126
125
126
126
126
125
125
126
126
126
126
125
125
125
125
126
126
126
125
125
126
126
126
125
125
126
126
126
126
126
126
125
126
127
127
126
125
124
124
125
126
126
125
126
127
127
127
127
126
126
128
130
125
117
113
119
129
138
136
127
120
121
126
128
127
124
121
122
126
127
125
120
118
122
137
151
146
119
93
112
143
139
115
109
123
129
131
139
140
123
104
110
136
144
123
107
123
139
132
120
118
123
130
133
127
121
123
131
137
128
116
121
122
111
125
143
107
77
140
222
177
50
27
144
216
158
91
89
108
121
138
139
120
115
129
141
134
122
118
123
129
131
126
118
115
120
128
131
129
125
125
127
128
127
126
125
124
123
123
125
125
125
125
126
126
126
126
125
125
127
126
126
127
127
124
123
124
125
125
125
126
125
125
126
127
128
125
122
123
126
127
127
127
127
125
123
123
125
127
126
124
124
125
126
126
125
125
125
126
126
126
125
125
125
125
124
123
123
125
129
131
131
128
123
116
115
122
129
130
127
128
132
133
121
119
115
115
123
131
132
132
135
134
131
123
116
116
121
126
130
133
129
120
114
115
118
127
134
132
124
119
128
136
132
125
124
125
124
123
126
129
128
125
123
124
127
132
131
123
118
119
121
125
131
129
121
120
130
135
132
127
126
125
125
122
118
121
130
132
128
121
122
125
130
128
123
120
125
130
131
128
124
121
123
127
130
127
122
120
123
128
131
130
125
119
123
141
145
109
75
108
175
181
128
94
99
111
129
144
138
122
116
117
125
131
134
134
128
115
112
122
136
136
127
121
120
121
126
129
129
129
125
122
127
131
128
122
122
127
130
127
122
119
123
126
124
128
133
131
125
121
119
119
126
137
136
121
114
123
129
125
126
130
126
125
126
123
123
128
126
122
127
130
124
123
130
126
123
128
129
123
116
122
129
128
125
125
126
130
131
127
124
122
122
123
130
134
124
118
127
130
119
123
135
132
122
121
124
124
125
131
130
118
110
125
144
138
117
110
126
138
129
124
130
128
112
111
132
142
128
113
116
124
127
133
139
130
112
108
126
143
137
121
115
119
131
130
124
122
128
126
120
121
131
134
124
119
125
130
125
121
121
123
126
130
130
127
126
129
129
122
120
125
130
128
120
117
121
128
129
127
128
128
122
121
127
131
129
123
119
121
131
136
126
112
114
131
142
134
120
116
119
124
130
130
123
119
123
128
130
128
122
119
124
129
129
126
123
124
127
129
125
123
125
127
126
124
124
124
124
123
124
129
130
125
122
126
128
126
122
122
126
130
129
123
119
121
127
131
125
125
131
121
111
129
140
124
116
127
136
129
115
109
118
135
144
133
116
103
112
140
138
130
117
110
118
131
139
137
129
123
120
122
128
130
125
122
124
127
128
117
118
124
128
130
130
126
126
128
130
129
126
124
125
126
127
127
126
125
122
123
126
128
128
127
124
125
129
128
124
123
127
127
125
127
128
125
123
123
121
125
132
130
122
123
125
128
122
123
131
129
120
122
130
129
126
129
129
121
124
127
122
121
128
130
127
126
125
124
126
129
127
123
123
123
123
123
125
128
130
130
127
125
124
124
124
124
124
124
124
125
126
128
128
127
126
124
123
124
126
127
125
123
124
124
126
126
126
127
129
128
126
125
124
124
124
126
127
125
124
126
128
126
123
122
125
126
127
128
127
124
124
125
126
126
125
125
125
125
125
125
127
127
125
125
125
126
127
127
126
126
125
125
127
126
126
124
123
125
127
126
125
125
127
128
126
123
124
127
128
126
125
125
124
126
127
127
126
126
126
127
126
124
124
125
126
125
124
125
125
125
127
128
127
127
130
124
124
127
126
123
122
124
125
126
125
124
126
127
125
124
125
126
126
124
123
124
126
126
126
123
121
124
129
129
124
125
128
126
124
128
130
126
121
121
124
126
127
126
124
123
126
128
127
125
124
125
125
126
125
123
124
125
125
125
125
124
125
126
127
126
126
126
125
124
125
125
124
125
127
126
124
124
125
127
133
107
126
123
126
127
128
126
124
126
125
125
126
128
126
125
125
126
127
126
124
125
127
127
124
122
125
127
126
70
117
129
132
133
133
130
129
129
130
128
128
127
127
125
126
127
127
127
126
127
126
127
128
124
126
126
125
126
126
127
126
126
126
126
127
127
128
126
114
122
123
126
129
130
128
128
129
128
128
127
126
127
126
126
126
126
126
126
128
125
125
125
125
124
124
125
126
126
124
122
124
126
126
125
124
124
126
126
127
125
124
124
125
127
126
124
124
125
126
126
126
126
126
124
126
128
125
123
124
127
126
124
124
125
124
124
126
126
126
126
125
127
127
124
125
126
127
126
124
123
124
124
125
126
126
126
126
127
129
127
125
124
123
125
125
126
126
122
121
65
126
126
126
126
126
126
126
126
126
126
125
126
126
126
125
126
125
125
126
126
126
125
126
125
125
125
125
125
125
125
126
126
126
126
126
126
125
125
125
126
125
126
126
126
125
125
125
125
125
125
125
126
126
125
125
126
125
126
125
125
126
125
125
125
125
126
125
125
125
125
125
125
125
125
125
125
125
125
126
125
125
125
125
125
125
125
125
125
125
125
125
125
125
125
125
125
125
125
125
125
125
125
125
125
125
125
125
125
125
125
125
125
125
125
125
125
125
125
125
126
126
126
125
125
125
126
125
125
125
125
125
125
125
125
125
125
125
125
125
126
126
125
125
126
125
125
125
125
125
125
125
125
125
125
125
126
125
126
126
126
126
125
125
125
125
125
125
125
126
125
125
125
126
125
125
126
125
125
125
125
125
125
125
125
125
125
125
125
125
125
125
125
125
125
125
126
125
125
125
125
125
125
125
125
125
125
125
125
125
125
125
125
125
125
125
125
125
125
125
125
125
125
125
125
125
125
125
125
125
125
125
125
125
125
125
125
125
125
125
125
125
125
125
125
125
125
125
125
125
125
125
125
125
125
125
125
125
125
125
125
125
125
125
125
125
125
125
125
125
125
125
125
125
125
125
125
125
125
125
125
125
125
125
125
125
125
125
125
125
125
125
125
125
125
125
125
125
125
125
125
125
125
125
125
125
125
125
125
125
125
125
125
125
125
125
125
125
125
125
125
125
125
125
125
125
125
125
125
125
125
125
125
125
125
125
125
125
125
125
125
125
125
125
125
126
125
125
125
125
125
125
125
125
124
