125
125
125
125
126
125
29
126
126
125
125
126
126
125
126
126
126
126
126
125
126
126
125
125
126
125
126
126
126
126
126
126
126
125
125
125
125
125
125
125
125
125
125
125
125
125
125
125
126
126
125
125
125
126
125
126
126
126
125
125
126
126
125
125
125
125
125
125
125
125
125
125
125
125
125
125
125
125
125
125
125
125
125
125
125
125
125
125
125
125
125
125
125
125
125
125
125
125
125
125
125
125
125
125
125
125
125
125
125
125
125
125
125
125
125
125
125
125
125
125
125
125
125
125
125
125
125
125
125
125
125
125
125
125
125
125
125
125
125
125
125
125
125
125
125
125
125
125
125
125
125
125
125
125
125
125
125
125
125
125
125
125
125
125
125
125
125
126
125
125
125
125
125
125
125
125
125
125
125
125
125
125
125
126
125
125
126
125
125
125
125
125
125
126
125
125
125
125
126
125
125
125
125
125
125
125
125
125
125
125
126
126
125
126
126
125
125
125
126
125
125
126
126
125
125
125
125
126
126
126
125
125
125
125
125
125
125
126
126
127
126
125
126
127
126
123
120
121
125
127
128
129
130
127
126
125
125
124
125
125
123
123
126
127
125
124
124
123
127
131
128
123
123
127
128
125
122
121
126
130
129
123
121
123
126
130
129
128
122
122
121
125
134
129
117
115
130
139
125
119
123
131
128
121
127
121
116
136
141
119
114
123
125
133
133
121
117
124
136
134
117
118
130
121
125
132
123
123
117
122
143
133
118
128
127
115
119
128
138
121
104
132
153
128
112
126
130
117
113
128
136
120
121
140
136
117
118
128
126
121
124
130
129
120
122
131
131
123
120
125
127
124
122
128
128
123
126
132
128
123
124
126
122
120
126
132
129
122
122
127
128
127
125
125
124
124
126
127
124
121
122
126
129
130
128
126
124
123
123
125
125
125
126
128
126
125
125
125
125
127
127
125
124
125
127
127
125
124
125
125
127
127
126
125
124
125
125
126
124
124
125
125
126
125
125
126
126
126
126
125
123
124
125
127
127
126
126
125
125
125
125
124
124
124
125
126
126
126
126
125
125
125
125
125
125
125
126
126
126
126
125
125
125
125
125
125
125
126
126
126
125
125
125
125
125
125
126
125
125
125
126
126
125
125
125
125
125
125
125
126
126
126
126
126
126
125
125
125
125
125
125
125
125
125
125
126
126
125
125
125
125
125
125
125
125
125
126
126
126
126
126
125
125
125
125
125
125
125
126
126
126
126
125
125
125
125
125
125
126
125
126
126
125
125
125
125
125
125
126
126
126
125
126
126
125
125
125
125
126
126
125
125
125
125
126
127
126
124
124
126
127
125
124
124
126
127
126
125
124
125
126
126
126
125
125
126
126
125
124
125
126
126
124
124
125
126
125
125
125
126
127
127
125
124
125
127
127
126
125
124
124
125
127
127
126
125
125
125
126
125
125
125
125
125
126
126
125
125
126
126
125
125
124
125
126
126
125
125
125
126
127
126
126
125
125
126
126
125
125
124
124
125
126
126
125
125
125
125
126
126
126
125
125
125
125
126
125
125
125
126
126
126
125
126
126
126
125
125
126
125
125
125
125
125
126
126
125
125
125
125
125
125
127
126
126
126
125
125
125
126
126
126
126
126
126
126
125
125
125
126
125
125
125
126
127
126
125
124
124
125
125
124
124
126
127
128
127
126
126
126
126
124
123
124
125
126
126
125
125
126
126
126
125
124
125
126
126
126
125
125
125
125
125
125
124
125
125
126
126
125
125
125
125
125
125
125
125
125
125
126
125
125
125
125
126
125
125
125
125
125
126
126
125
125
125
126
125
125
125
125
125
126
125
125
125
125
125
125
125
125
125
125
126
125
125
126
125
125
125
125
125
125
125
125
125
125
126
125
126
125
125
125
125
125
125
125
125
125
125
125
125
125
125
126
125
125
125
125
125
126
126
126
125
125
126
125
126
125
125
125
125
125
125
125
126
125
125
125
125
125
125
125
125
125
125
125
125
125
125
125
125
125
125
125
125
125
125
125
125
125
125
125
125
125
125
125
125
125
125
125
125
125
125
125
125
125
125
125
125
125
125
125
125
125
125
125
125
125
125
125
125
125
125
125
125
127
124
124
125
126
125
126
126
126
125
126
125
125
126
126
125
125
125
125
125
126
126
125
125
125
125
125
125
125
125
122
125
125
126
125
126
126
126
126
126
126
126
126
126
126
125
125
126
126
126
125
125
126
125
126
126
126
126
126
126
126
126
126
125
125
126
126
124
124
125
126
126
126
126
126
126
126
126
125
125
125
125
126
126
126
125
125
126
126
126
126
125
125
126
126
125
125
125
125
125
125
125
125
126
126
125
125
126
126
126
125
125
126
126
125
125
125
125
126
126
125
125
125
125
125
125
126
125
125
126
126
126
125
125
126
125
125
126
126
126
126
126
126
126
125
125
125
125
126
126
126
126
125
125
125
125
125
125
125
126
125
125
125
125
126
126
125
126
125
126
126
125
125
125
125
125
125
125
125
125
125
126
125
125
125
125
126
125
125
126
125
126
126
125
125
125
125
126
126
125
126
125
125
126
126
126
126
125
126
126
126
126
125
126
126
126
129
126
125
126
125
124
125
125
124
125
125
125
125
125
125
127
125
125
125
126
125
125
125
125
125
125
126
126
126
125
126
126
125
125
125
125
126
127
128
126
125
125
125
124
124
124
125
125
125
125
125
125
125
125
125
125
125
125
126
125
126
126
125
125
125
125
125
125
125
125
125
125
125
125
126
126
125
125
125
125
125
125
125
125
125
125
128
127
112
105
150
190
122
23
73
199
208
128
76
78
116
158
155
120
113
128
126
118
123
130
130
127
122
119
125
130
127
123
124
126
126
125
124
125
127
126
125
126
127
126
123
122
123
126
127
126
125
126
126
125
125
126
125
125
125
126
126
123
123
125
130
121
124
124
127
126
126
125
124
125
126
125
125
126
126
125
125
126
126
126
125
125
125
125
125
125
126
125
125
124
125
126
128
126
125
126
121
103
129
125
128
129
128
127
127
128
127
127
126
126
125
126
126
125
125
127
129
127
122
122
126
128
127
125
125
126
126
121
123
125
128
126
126
127
129
128
126
125
126
126
126
128
129
124
119
122
127
130
130
127
121
117
123
131
132
127
122
122
126
127
124
125
131
129
117
114
128
137
129
122
121
124
127
129
127
123
123
126
128
127
125
123
124
127
128
127
124
124
125
126
126
125
125
125
126
126
125
124
123
126
128
128
125
123
124
125
126
128
127
125
124
125
127
127
125
124
125
126
126
125
126
127
126
125
124
125
126
127
127
126
124
123
126
127
127
125
124
125
126
126
125
126
126
126
125
125
125
126
126
126
124
125
126
126
126
126
126
125
125
125
126
126
125
126
126
127
126
125
125
125
126
126
125
125
126
129
130
126
124
124
122
124
125
125
125
124
124
125
124
125
125
125
125
126
127
127
126
126
127
126
126
126
125
125
126
126
126
125
125
125
126
126
125
124
126
126
126
126
126
127
133
126
124
125
124
122
124
124
125
125
124
125
125
126
125
125
126
126
125
126
127
126
126
126
125
126
125
124
125
124
125
126
125
126
126
125
125
125
126
126
124
124
125
126
126
125
125
125
125
127
127
125
124
124
125
126
126
126
125
125
125
126
126
126
126
125
126
126
130
92
126
120
130
126
129
127
126
127
126
126
127
126
127
126
125
126
127
126
126
125
125
126
126
127
128
127
127
125
125
126
126
125
124
125
126
127
126
126
125
126
126
125
125
126
126
126
125
125
126
126
125
125
125
126
125
125
125
127
126
124
124
126
126
128
125
28
125
126
125
125
125
126
125
125
125
125
125
125
125
125
125
125
126
125
125
125
126
125
125
125
125
125
125
125
125
125
125
125
125
125
125
125
125
125
125
125
125
125
125
125
125
125
125
125
125
125
125
126
125
125
125
125
126
126
125
125
125
125
125
125
125
125
125
125
125
125
125
125
125
125
125
125
125
125
125
125
125
125
125
125
125
125
125
125
125
125
125
125
125
125
125
125
125
125
125
125
125
125
125
125
125
125
125
125
125
125
125
125
125
125
125
125
125
125
125
125
125
125
125
125
125
125
125
125
125
125
125
125
125
125
125
125
125
125
125
125
125
125
125
125
125
125
125
125
125
125
125
125
125
125
125
125
125
125
125
125
125
125
125
125
125
125
125
125
125
125
125
125
125
125
125
125
125
125
125
125
125
125
125
125
125
125
125
125
125
125
125
125
125
125
125
125
125
125
125
125
125
125
125
125
126
125
124
125
125
125
126
125
125
125
125
125
126
125
125
125
125
125
125
125
125
125
125
125
125
126
126
126
126
126
126
126
126
126
124
122
124
126
126
125
126
128
127
127
128
127
125
123
124
125
125
125
126
126
126
126
125
125
127
129
126
124
125
127
126
124
124
125
126
126
125
125
125
125
125
127
128
127
126
122
123
128
128
123
120
125
131
129
123
123
125
127
127
127
124
119
123
133
132
125
119
119
129
133
124
120
124
127
132
128
121
125
125
120
128
130
121
122
125
129
135
128
119
124
127
120
121
129
130
124
119
129
138
127
117
124
128
119
120
129
129
123
124
132
131
120
120
128
126
125
