-0.964844
-0.964844
-0.972656
-0.949219
-0.964844
-0.972656
-0.972656
-0.972656
-0.972656
-0.972656
-0.972656
-0.972656
-0.980469
-0.996094
-0.988281
-0.988281
-0.964844
-0.980469
-0.980469
-0.980469
-0.988281
-0.996094
-0.996094
-0.980469
-0.980469
-0.980469
-0.980469
-0.972656
-0.996094
-0.996094
-0.996094
-0.996094
-0.996094
-0.980469
-0.980469
-0.980469
-0.996094
-0.996094
-0.988281
-0.980469
-0.972656
-0.972656
-0.980469
-0.988281
-0.988281
-0.988281
-0.980469
-0.996094
-0.988281
-0.980469
-0.972656
-0.988281
-0.980469
-0.988281
-0.980469
-0.972656
-0.972656
-0.972656
-0.972656
-0.980469
-0.972656
-0.980469
-0.980469
-0.980469
-0.980469
-0.964844
-0.980469
-0.980469
-0.964844
-0.957031
-0.964844
-0.949219
-0.957031
-0.972656
-0.972656
-0.957031
-0.949219
-0.980469
-0.972656
-0.957031
-0.980469
-0.988281
-0.949219
-0.941406
-0.972656
-0.996094
-0.964844
-0.949219
-0.964844
-0.964844
-0.949219
-0.972656
-0.988281
-0.988281
-0.964844
-0.972656
-0.972656
-0.972656
-0.957031
-0.949219
-0.972656
0.972626
-0.964844
-0.886719
-0.910156
0.996063
0.980438
-0.988281
-0.964844
-0.964844
-0.941406
-0.933594
-0.949219
-0.996094
0.980438
-0.980469
-0.917969
-0.941406
-0.972656
-0.972656
-0.964844
-0.980469
-0.988281
-0.972656
-0.957031
-0.988281
0.996063
-0.988281
-0.949219
-0.972656
-0.996094
-0.972656
-0.941406
-0.972656
-0.996094
-0.988281
-0.964844
-0.957031
-0.980469
-0.996094
-0.996094
-0.972656
-0.941406
-0.957031
0.996063
-0.996094
-0.972656
-0.949219
-0.941406
-0.957031
-0.980469
-0.972656
-0.949219
-0.972656
-0.988281
-0.964844
-0.941406
-0.949219
-0.988281
-0.996094
-0.972656
-0.941406
-0.964844
-0.972656
-0.972656
-0.980469
-0.988281
-0.964844
-0.941406
-0.964844
-0.996094
-0.996094
-0.964844
-0.941406
-0.957031
-0.972656
-0.980469
-0.972656
-0.957031
-0.949219
-0.964844
-0.996094
-0.988281
-0.949219
-0.933594
-0.964844
-0.980469
-0.972656
-0.972656
-0.980469
-0.980469
-0.957031
-0.949219
-0.941406
-0.964844
0.996063
0.996063
-0.949219
-0.933594
-0.964844
0.980438
-0.996094
-0.964844
-0.941406
-0.972656
-0.996094
-0.996094
-0.972656
-0.980469
-0.980469
-0.964844
-0.980469
0.988251
0.996063
-0.972656
-0.949219
-0.972656
0.988251
0.988251
-0.980469
-0.980469
-0.980469
-0.972656
-0.996094
0.972626
0.996063
-0.957031
-0.941406
-0.964844
0.988251
0.972626
-0.996094
-0.941406
-0.925781
-0.996094
0.980438
-0.972656
-0.964844
-0.996094
-0.996094
-0.980469
-0.972656
-0.972656
-0.996094
0.996063
-0.988281
-0.972656
-0.988281
-0.996094
-0.980469
-0.980469
-0.996094
-0.996094
-0.949219
-0.949219
-0.996094
0.996063
-0.964844
-0.957031
-0.972656
-0.972656
-0.996094
-0.996094
-0.988281
-0.949219
-0.925781
-0.964844
-0.996094
0.988251
-0.980469
-0.941406
-0.933594
-0.957031
-0.996094
-0.996094
-0.988281
-0.949219
-0.925781
-0.941406
-0.980469
-0.996094
-0.957031
-0.933594
-0.957031
-0.988281
-0.980469
-0.972656
-0.964844
-0.949219
-0.972656
-0.964844
-0.964844
-0.964844
-0.972656
-0.972656
-0.972656
-0.964844
-0.949219
-0.972656
-0.996094
-0.980469
-0.949219
-0.941406
-0.972656
-0.988281
-0.996094
-0.980469
-0.949219
-0.949219
-0.980469
-0.996094
-0.980469
-0.980469
-0.988281
-0.972656
-0.964844
-0.980469
-0.996094
-0.980469
-0.964844
-0.980469
-0.996094
0.996063
-0.980469
-0.949219
-0.988281
-0.996094
-0.949219
-0.957031
-0.988281
-0.988281
-0.964844
-0.964844
-0.964844
-0.964844
-0.964844
-0.980469
-0.988281
-0.988281
-0.964844
-0.957031
-0.964844
-0.988281
-0.996094
-0.980469
-0.972656
-0.964844
-0.980469
-0.996094
-0.996094
-0.972656
-0.980469
-0.972656
-0.980469
-0.980469
-0.988281
-0.980469
-0.972656
-0.964844
-0.980469
-0.972656
-0.972656
-0.980469
-0.972656
-0.964844
-0.972656
-0.980469
-0.980469
-0.972656
-0.964844
-0.964844
-0.996094
-0.996094
-0.972656
-0.972656
-0.972656
-0.980469
-0.972656
-0.972656
-0.980469
-0.996094
-0.980469
-0.964844
-0.957031
-0.972656
-0.972656
-0.980469
-0.972656
-0.972656
-0.972656
-0.972656
-0.972656
-0.980469
-0.972656
-0.972656
-0.972656
-0.980469
-0.980469
-0.988281
-0.988281
-0.972656
-0.972656
-0.972656
-0.972656
-0.980469
-0.980469
-0.980469
-0.980469
-0.964844
-0.972656
-0.972656
-0.980469
-0.988281
-0.972656
-0.972656
-0.972656
-0.980469
-0.980469
-0.996094
-0.980469
-0.980469
-0.972656
-0.972656
-0.972656
-0.980469
-0.996094
-0.972656
-0.972656
-0.980469
-0.972656
-0.972656
-0.980469
-0.972656
-0.972656
-0.972656
-0.972656
-0.980469
-0.972656
-0.972656
-0.972656
-0.972656
-0.988281
-0.972656
-0.980469
-0.972656
-0.980469
-0.972656
-0.972656
-0.980469
-0.964844
-0.980469
-0.972656
-0.972656
-0.980469
-0.972656
-0.972656
-0.980469
-0.988281
-0.980469
-0.972656
-0.972656
-0.972656
-0.972656
-0.980469
-0.972656
-0.964844
-0.972656
-0.988281
-0.988281
-0.972656
-0.949219
-0.957031
-0.972656
-0.996094
-0.988281
-0.972656
-0.972656
-0.964844
-0.972656
-0.964844
-0.972656
-0.980469
-0.980469
-0.972656
-0.972656
-0.964844
-0.972656
-0.980469
-0.988281
-0.980469
-0.972656
-0.972656
-0.964844
-0.972656
-0.980469
-0.980469
-0.972656
-0.972656
-0.972656
-0.972656
-0.972656
-0.980469
-0.980469
-0.972656
-0.972656
-0.980469
-0.972656
-0.980469
-0.980469
-0.972656
-0.980469
-0.972656
-0.988281
-0.980469
-0.972656
-0.964844
-0.988281
-0.980469
-0.972656
-0.972656
-0.980469
-0.980469
-0.980469
-0.988281
-0.980469
-0.972656
-0.980469
-0.972656
-0.972656
-0.988281
-0.980469
-0.988281
-0.980469
-0.980469
-0.964844
-0.988281
-0.996094
-0.996094
-0.964844
-0.957031
-0.980469
-0.988281
-0.972656
-0.972656
-0.972656
-0.972656
-0.980469
-0.972656
-0.964844
-0.964844
-0.972656
-0.972656
-0.980469
-0.972656
-0.980469
-0.988281
-0.980469
-0.972656
-0.980469
-0.972656
-0.980469
-0.980469
-0.972656
-0.980469
-0.980469
-0.972656
-0.964844
-0.972656
-0.996094
-0.980469
-0.957031
-0.964844
-0.972656
-0.972656
-0.988281
-0.980469
-0.964844
-0.957031
-0.972656
-0.972656
-0.972656
-0.972656
-0.964844
-0.957031
-0.964844
-0.972656
-0.972656
-0.964844
-0.972656
-0.964844
-0.972656
-0.972656
-0.964844
-0.964844
-0.964844
-0.972656
-0.972656
-0.972656
-0.972656
-0.972656
-0.972656
-0.972656
-0.972656
-0.980469
-0.964844
-0.996094
-0.972656
-0.972656
-0.964844
-0.988281
-0.972656
-0.980469
-0.972656
-0.980469
-0.972656
-0.980469
-0.996094
-0.996094
-0.980469
-0.980469
-0.980469
-0.972656
-0.988281
-0.988281
-0.988281
-0.980469
-0.972656
-0.988281
-0.996094
-0.988281
-0.980469
-0.980469
-0.980469
-0.972656
-0.980469
-0.988281
-0.980469
-0.980469
-0.980469
-0.980469
-0.972656
-0.972656
-0.996094
-0.980469
-0.980469
-0.980469
-0.972656
-0.972656
-0.972656
-0.972656
-0.972656
-0.972656
-0.972656
-0.980469
-0.988281
-0.972656
-0.972656
-0.980469
-0.972656
-0.972656
-0.964844
-0.972656
-0.957031
-0.964844
-0.964844
-0.972656
-0.972656
-0.972656
-0.972656
-0.972656
-0.972656
-0.964844
-0.964844
-0.972656
-0.964844
-0.972656
-0.964844
-0.964844
-0.964844
-0.964844
-0.972656
-0.964844
-0.964844
-0.972656
-0.972656
-0.972656
-0.972656
-0.964844
-0.972656
-0.964844
-0.972656
-0.972656
-0.972656
-0.972656
-0.972656
-0.972656
-0.964844
-0.980469
-0.980469
-0.972656
-0.972656
-0.964844
-0.957031
-0.972656
-0.980469
-0.972656
-0.972656
-0.957031
-0.972656
-0.972656
-0.972656
-0.972656
-0.964844
-0.972656
-0.972656
-0.972656
-0.964844
-0.972656
-0.980469
-0.980469
-0.980469
-0.980469
-0.980469
-0.980469
-0.980469
-0.980469
-0.996094
-0.980469
-0.980469
-0.980469
-0.988281
-0.988281
-0.988281
-0.988281
-0.972656
-0.972656
-0.980469
-0.988281
-0.996094
-0.980469
-0.980469
-0.980469
-0.988281
-0.980469
-0.988281
-0.972656
-0.980469
-0.980469
-0.980469
-0.996094
-0.996094
-0.996094
-0.996094
-0.972656
-0.980469
-0.988281
-0.972656
-0.972656
-0.996094
-0.988281
-0.980469
-0.980469
-0.964844
-0.964844
-0.964844
-0.972656
-0.972656
-0.972656
-0.972656
-0.980469
-0.972656
-0.972656
-0.972656
-0.972656
-0.964844
-0.964844
-0.972656
-0.972656
-0.972656
-0.972656
-0.980469
-0.972656
-0.964844
-0.972656
-0.972656
-0.964844
-0.964844
-0.957031
-0.957031
-0.972656
-0.972656
-0.972656
-0.972656
-0.964844
-0.957031
-0.949219
-0.964844
-0.972656
-0.972656
-0.972656
-0.964844
-0.964844
-0.964844
-0.980469
-0.972656
-0.964844
-0.972656
-0.972656
-0.972656
-0.972656
-0.972656
-0.972656
-0.972656
-0.972656
-0.972656
-0.972656
-0.972656
-0.980469
-0.980469
-0.964844
-0.972656
-0.980469
-0.980469
-0.980469
-0.980469
-0.972656
-0.972656
-0.980469
-0.980469
-0.980469
-0.980469
-0.972656
-0.988281
-0.988281
-0.988281
-0.980469
-0.972656
-0.964844
-0.980469
-0.996094
-0.980469
-0.972656
-0.972656
-0.972656
-0.980469
-0.980469
-0.988281
-0.988281
-0.988281
-0.972656
-0.980469
-0.980469
-0.988281
-0.988281
-0.972656
-0.972656
-0.980469
-0.988281
-0.980469
-0.988281
-0.988281
-0.988281
-0.980469
-0.988281
-0.988281
-0.972656
-0.972656
-0.972656
-0.980469
-0.980469
-0.980469
-0.972656
-0.972656
-0.964844
-0.972656
-0.972656
-0.972656
-0.980469
-0.972656
-0.972656
-0.980469
-0.972656
-0.972656
-0.980469
-0.972656
-0.964844
-0.972656
-0.972656
-0.972656
-0.972656
-0.972656
-0.972656
-0.972656
-0.972656
-0.972656
-0.972656
-0.972656
-0.957031
-0.972656
-0.972656
-0.972656
-0.972656
-0.972656
-0.972656
-0.972656
-0.964844
-0.964844
-0.972656
-0.972656
-0.964844
-0.972656
-0.964844
-0.972656
-0.964844
-0.972656
-0.980469
-0.980469
-0.972656
-0.964844
-0.972656
-0.980469
-0.972656
-0.972656
-0.972656
-0.972656
-0.972656
-0.980469
-0.972656
-0.980469
-0.980469
-0.972656
-0.980469
-0.972656
-0.988281
-0.980469
-0.972656
-0.980469
-0.972656
-0.980469
-0.980469
-0.988281
-0.980469
-0.980469
-0.972656
-0.972656
-0.980469
-0.980469
-0.980469
-0.996094
-0.996094
-0.980469
-0.988281
-0.996094
-0.988281
-0.988281
-0.980469
-0.980469
-0.980469
-0.980469
-0.980469
-0.988281
-0.988281
-0.988281
-0.980469
-0.980469
-0.980469
-0.996094
-0.996094
-0.972656
-0.972656
-0.980469
-0.980469
-0.980469
-0.988281
-0.972656
-0.964844
-0.957031
-0.972656
-0.980469
-0.972656
-0.972656
-0.980469
-0.988281
-0.988281
-0.980469
-0.980469
-0.972656
-0.972656
-0.972656
-0.972656
-0.964844
-0.964844
-0.972656
-0.972656
-0.972656
-0.964844
-0.980469
-0.972656
-0.972656
-0.972656
-0.972656
-0.972656
-0.972656
-0.972656
-0.980469
-0.972656
-0.980469
-0.972656
-0.972656
-0.980469
-0.972656
-0.972656
-0.980469
-0.972656
-0.972656
-0.972656
-0.964844
-0.972656
-0.972656
-0.972656
-0.972656
-0.972656
-0.964844
-0.980469
-0.972656
-0.972656
-0.972656
-0.972656
-0.972656
-0.972656
-0.972656
-0.972656
-0.972656
-0.972656
-0.972656
-0.972656
-0.972656
-0.972656
-0.972656
-0.972656
-0.972656
-0.980469
-0.972656
-0.972656
-0.980469
-0.980469
-0.980469
-0.988281
-0.996094
-0.972656
-0.980469
-0.980469
-0.980469
-0.980469
-0.996094
-0.972656
-0.980469
-0.972656
-0.980469
-0.980469
-0.980469
-0.972656
-0.980469
-0.980469
-0.972656
-0.980469
-0.980469
-0.988281
-0.988281
-0.972656
-0.980469
-0.964844
-0.988281
-0.980469
-0.972656
-0.980469
-0.996094
-0.988281
-0.972656
-0.980469
-0.988281
-0.964844
-0.972656
-0.972656
-0.980469
-0.980469
-0.980469
-0.980469
-0.980469
-0.980469
-0.972656
-0.972656
-0.980469
-0.972656
-0.980469
-0.980469
-0.972656
-0.980469
-0.972656
-0.972656
-0.980469
-0.980469
-0.972656
-0.972656
-0.972656
-0.980469
-0.964844
-0.996094
-0.964844
-0.964844
-0.972656
-0.980469
-0.964844
-0.972656
-0.972656
-0.980469
-0.964844
-0.972656
-0.972656
-0.964844
-0.972656
-0.972656
-0.972656
-0.980469
-0.972656
-0.980469
-0.980469
-0.972656
-0.972656
-0.972656
-0.980469
-0.980469
-0.980469
-0.964844
-0.972656
-0.980469
-0.972656
-0.972656
-0.972656
-0.972656
-0.972656
-0.980469
-0.972656
-0.972656
-0.972656
-0.964844
-0.972656
-0.988281
-0.988281
-0.980469
-0.972656
-0.972656
-0.964844
-0.972656
-0.972656
-0.972656
-0.972656
-0.972656
-0.980469
-0.972656
-0.980469
-0.980469
-0.972656
-0.972656
-0.980469
-0.972656
-0.972656
-0.980469
-0.972656
-0.996094
-0.980469
-0.980469
-0.980469
-0.980469
-0.980469
-0.972656
-0.980469
-0.988281
-0.980469
-0.988281
-0.996094
-0.988281
-0.957031
-0.980469
-0.996094
-0.972656
-0.972656
-0.980469
-0.957031
-0.957031
-0.972656
-0.957031
-0.972656
-0.972656
-0.972656
-0.988281
-0.988281
-0.980469
-0.972656
-0.972656
-0.980469
-0.972656
-0.964844
-0.980469
-0.980469
-0.980469
-0.988281
-0.980469
-0.972656
-0.980469
-0.980469
-0.972656
-0.980469
-0.972656
-0.964844
-0.972656
-0.972656
-0.972656
-0.972656
-0.972656
-0.972656
-0.964844
-0.957031
-0.988281
-0.980469
-0.988281
-0.980469
-0.980469
-0.972656
-0.972656
-0.972656
-0.964844
-0.972656
-0.980469
-0.980469
-0.972656
-0.972656
-0.980469
-0.972656
-0.972656
-0.980469
-0.988281
-0.972656
-0.980469
-0.964844
-0.980469
-0.980469
-0.972656
-0.980469
-0.972656
-0.972656
-0.980469
-0.980469
-0.980469
-0.972656
-0.972656
-0.972656
-0.988281
-0.996094
-0.996094
-0.988281
-0.964844
-0.957031
-0.949219
-0.964844
-0.972656
-0.996094
0.980438
0.980438
-0.996094
-0.941406
-0.917969
-0.957031
0.988251
0.957001
0.980438
-0.941406
-0.886719
-0.917969
-0.988281
0.957001
0.964813
-0.988281
-0.941406
-0.925781
-0.964844
-0.996094
-0.996094
-0.988281
-0.972656
-0.972656
-0.988281
-0.980469
-0.972656
-0.972656
-0.964844
-0.980469
-0.996094
-0.972656
-0.964844
-0.949219
-0.964844
-0.988281
-0.996094
-0.996094
-0.980469
-0.972656
-0.964844
-0.964844
-0.980469
-0.988281
0.792938
0.839813
-0.925781
-0.824219
-0.863281
-0.878906
-0.917969
-0.941406
-0.941406
-0.949219
-0.949219
-0.957031
-0.980469
-0.980469
-0.988281
-0.972656
-0.972656
-0.964844
-0.980469
-0.972656
-0.972656
-0.988281
-0.996094
-0.972656
-0.957031
-0.957031
-0.972656
-0.996094
-0.996094
-0.980469
-0.980469
-0.972656
-0.972656
-0.980469
-0.988281
-0.996094
-0.972656
-0.972656
-0.972656
-0.972656
-0.996094
-0.996094
0.996063
-0.996094
-0.972656
-0.949219
-0.957031
-0.964844
-0.996094
-0.996094
-0.996094
-0.972656
-0.964844
-0.980469
-0.996094
-0.996094
-0.988281
-0.972656
-0.972656
-0.964844
-0.964844
-0.972656
-0.996094
-0.996094
-0.988281
-0.964844
-0.964844
-0.980469
-0.996094
-0.996094
-0.980469
-0.957031
-0.964844
-0.980469
-0.980469
-0.972656
-0.972656
-0.972656
-0.980469
-0.996094
-0.988281
-0.980469
-0.972656
-0.996094
-0.996094
-0.980469
-0.949219
-0.980469
-0.988281
-0.980469
-0.972656
-0.980469
-0.957031
-0.964844
-0.964844
-0.972656
-0.980469
-0.964844
-0.957031
-0.941406
-0.972656
-0.988281
-0.996094
-0.988281
-0.972656
-0.972656
-0.972656
-0.972656
-0.972656
-0.988281
-0.972656
-0.964844
-0.964844
-0.972656
-0.988281
-0.988281
-0.949219
-0.933594
-0.949219
-0.988281
-0.996094
-0.988281
-0.949219
-0.957031
-0.964844
-0.980469
-0.996094
-0.996094
-0.972656
-0.972656
-0.972656
-0.972656
-0.980469
-0.980469
-0.980469
-0.972656
-0.980469
-0.980469
-0.988281
-0.972656
-0.964844
-0.972656
-0.972656
-0.972656
-0.980469
-0.972656
-0.972656
-0.972656
-0.972656
-0.980469
-0.980469
-0.980469
-0.972656
-0.972656
-0.972656
-0.972656
-0.972656
-0.972656
-0.972656
-0.972656
-0.996094
-0.988281
-0.972656
-0.972656
-0.964844
-0.964844
-0.957031
-0.980469
-0.980469
-0.972656
-0.964844
-0.964844
-0.964844
-0.972656
-0.980469
-0.980469
-0.964844
-0.957031
-0.964844
-0.972656
-0.980469
-0.980469
-0.972656
-0.972656
-0.964844
-0.972656
-0.980469
-0.964844
-0.972656
-0.972656
-0.980469
-0.957031
-0.964844
-0.964844
-0.972656
-0.957031
-0.957031
-0.964844
-0.972656
-0.972656
-0.972656
-0.972656
-0.964844
-0.972656
-0.964844
-0.964844
-0.964844
-0.972656
-0.972656
-0.972656
-0.964844
-0.972656
-0.980469
-0.972656
-0.972656
-0.972656
-0.972656
-0.980469
-0.972656
-0.964844
-0.972656
-0.980469
-0.980469
-0.980469
-0.980469
-0.972656
-0.972656
-0.972656
-0.972656
-0.972656
-0.988281
-0.964844
-0.972656
-0.972656
-0.972656
-0.972656
-0.972656
-0.980469
-0.972656
-0.980469
-0.972656
-0.980469
-0.972656
-0.972656
-0.972656
-0.972656
-0.972656
-0.972656
-0.972656
-0.972656
-0.980469
-0.980469
-0.980469
-0.980469
-0.980469
-0.972656
-0.964844
-0.972656
-0.964844
-0.972656
-0.972656
-0.972656
-0.972656
-0.980469
-0.972656
-0.964844
-0.980469
-0.980469
-0.964844
-0.972656
-0.988281
-0.972656
-0.972656
-0.980469
-0.980469
-0.972656
-0.972656
-0.972656
-0.972656
-0.972656
-0.972656
-0.972656
-0.980469
-0.972656
-0.972656
-0.972656
-0.972656
-0.972656
-0.972656
-0.972656
-0.972656
-0.972656
-0.972656
-0.964844
-0.964844
-0.972656
-0.972656
-0.980469
-0.996094
-0.972656
-0.964844
-0.972656
-0.964844
-0.972656
-0.972656
-0.972656
-0.972656
-0.972656
-0.972656
-0.957031
-0.964844
-0.972656
-0.972656
-0.964844
-0.972656
-0.972656
-0.972656
-0.980469
-0.980469
-0.972656
-0.972656
-0.972656
-0.972656
-0.972656
-0.980469
-0.972656
-0.972656
-0.964844
-0.964844
-0.972656
-0.972656
-0.972656
-0.972656
-0.980469
-0.972656
-0.972656
-0.972656
-0.980469
-0.972656
-0.972656
-0.972656
-0.972656
-0.972656
-0.972656
-0.980469
-0.980469
-0.972656
-0.972656
-0.980469
-0.972656
-0.980469
-0.972656
-0.972656
-0.972656
-0.972656
-0.964844
-0.972656
-0.972656
-0.980469
-0.964844
-0.972656
-0.972656
-0.972656
-0.957031
-0.957031
-0.980469
-0.972656
-0.964844
-0.972656
-0.964844
-0.972656
-0.980469
-0.972656
-0.972656
-0.972656
-0.964844
-0.972656
-0.972656
-0.964844
-0.972656
-0.972656
-0.972656
-0.972656
-0.964844
-0.972656
-0.972656
-0.972656
-0.964844
-0.964844
-0.964844
-0.972656
-0.980469
-0.972656
-0.972656
-0.972656
-0.972656
-0.972656
-0.972656
-0.964844
-0.964844
-0.972656
-0.972656
-0.972656
-0.964844
-0.972656
-0.972656
-0.964844
-0.957031
-0.972656
-0.972656
-0.980469
-0.972656
-0.972656
-0.972656
-0.964844
-0.980469
-0.972656
-0.972656
-0.964844
-0.972656
-0.980469
-0.972656
-0.964844
-0.949219
-0.957031
-0.980469
-0.980469
-0.980469
-0.972656
-0.964844
-0.972656
-0.980469
-0.972656
-0.964844
-0.980469
-0.972656
-0.972656
-0.988281
-0.972656
-0.980469
-0.972656
-0.980469
-0.972656
-0.980469
-0.972656
-0.972656
-0.964844
-0.972656
-0.980469
-0.980469
-0.980469
-0.972656
-0.980469
-0.972656
-0.972656
-0.972656
-0.980469
-0.972656
-0.972656
-0.964844
-0.972656
-0.988281
-0.972656
-0.972656
-0.972656
-0.980469
-0.980469
-0.964844
-0.964844
-0.996094
-0.996094
-0.941406
-0.894531
0.996063
0.878876
-0.980469
-0.738281
-0.917969
0.761688
0.925751
-0.691406
-0.792969
0.800751
0.777313
-0.816406
-0.628906
0.988251
0.660126
-0.996094
-0.605469
-0.839844
0.824188
0.847626
0.980438
-0.878906
-0.714844
-0.824219
0.792938
0.691376
-0.941406
-0.613281
-0.722656
0.957001
0.800751
0.855438
-0.996094
-0.871094
-0.800781
-0.785156
-0.964844
0.761688
0.761688
-0.902344
-0.683594
-0.808594
0.996063
0.894501
0.925751
-0.996094
-0.917969
-0.863281
-0.871094
-0.964844
0.964813
0.925751
0.996063
-0.925781
-0.878906
-0.917969
-0.996094
0.980438
0.988251
-0.972656
-0.949219
-0.964844
-0.988281
-0.996094
-0.980469
-0.941406
-0.957031
0.980438
0.972626
-0.957031
-0.886719
-0.917969
0.996063
0.957001
0.996063
-0.949219
-0.957031
-0.972656
-0.925781
-0.933594
-0.964844
-0.996094
0.996063
-0.996094
-0.957031
-0.941406
-0.980469
-0.996094
-0.996094
-0.941406
-0.941406
-0.988281
0.996063
-0.988281
-0.957031
-0.933594
-0.957031
-0.988281
-0.996094
-0.980469
-0.957031
-0.980469
-0.996094
-0.996094
-0.964844
-0.980469
-0.980469
-0.980469
-0.957031
-0.949219
-0.972656
-0.996094
-0.996094
-0.949219
-0.933594
-0.964844
-0.996094
0.996063
-0.996094
-0.972656
-0.933594
-0.917969
-0.957031
-0.996094
0.980438
0.996063
-0.949219
-0.910156
-0.933594
-0.980469
-0.972656
-0.980469
-0.988281
-0.980469
-0.972656
-0.957031
-0.949219
-0.964844
-0.972656
-0.996094
-0.996094
-0.980469
-0.949219
-0.917969
-0.941406
-0.972656
-0.996094
-0.996094
-0.996094
-0.972656
-0.949219
-0.941406
-0.949219
-0.980469
-0.988281
-0.988281
-0.980469
-0.980469
-0.964844
-0.957031
-0.972656
-0.972656
-0.988281
-0.988281
-0.972656
-0.972656
-0.957031
-0.949219
-0.964844
-0.996094
0.996063
-0.988281
-0.957031
-0.941406
-0.957031
-0.980469
-0.988281
-0.980469
-0.964844
-0.957031
-0.972656
-0.996094
-0.980469
-0.972656
-0.964844
-0.972656
-0.980469
-0.972656
-0.964844
-0.949219
-0.957031
-0.964844
-0.972656
-0.980469
-0.972656
-0.980469
-0.964844
-0.957031
-0.964844
-0.972656
-0.972656
-0.988281
-0.972656
-0.964844
-0.972656
-0.988281
-0.988281
-0.972656
-0.964844
-0.964844
-0.972656
-0.972656
-0.972656
-0.964844
-0.964844
-0.972656
-0.972656
-0.972656
-0.980469
-0.980469
-0.980469
-0.964844
-0.972656
-0.964844
-0.964844
-0.964844
-0.980469
-0.972656
-0.980469
-0.972656
-0.972656
-0.972656
-0.964844
-0.964844
-0.972656
-0.964844
-0.972656
-0.972656
-0.972656
-0.972656
-0.972656
-0.972656
-0.980469
-0.972656
-0.972656
-0.972656
-0.957031
-0.949219
-0.957031
-0.972656
-0.980469
-0.988281
-0.980469
-0.972656
-0.996094
-0.988281
-0.964844
-0.957031
-0.980469
-0.980469
-0.972656
-0.964844
-0.949219
-0.972656
0.498286
0.499143
0.500001
