123
124
124
124
125
127
96
125
125
125
125
125
125
125
125
125
125
125
125
125
125
125
125
125
125
125
125
125
125
125
125
125
125
125
125
125
125
125
125
125
125
125
125
125
125
125
125
125
125
125
125
125
125
125
125
125
125
125
125
125
125
125
125
125
125
125
125
125
125
125
125
125
125
125
125
125
125
125
125
125
125
125
125
125
125
125
125
125
125
125
125
125
125
125
125
125
125
125
125
125
125
125
125
125
125
125
125
125
125
125
125
125
125
125
125
125
125
125
125
125
125
125
125
125
125
125
125
125
125
125
125
125
125
125
125
125
125
125
125
125
125
125
125
125
125
125
125
125
125
125
125
125
125
125
125
125
125
125
125
125
125
125
125
125
125
125
125
125
125
125
125
125
125
125
125
125
125
125
125
125
125
125
125
125
125
125
125
125
125
125
125
125
125
125
125
125
125
125
125
125
125
125
125
125
125
125
125
125
126
125
125
125
125
125
126
125
125
125
125
125
125
125
125
125
125
125
125
125
125
125
125
125
126
126
126
126
126
126
126
126
125
125
126
125
126
126
125
125
125
125
126
126
125
126
125
126
126
125
125
125
126
126
126
125
126
126
125
126
125
126
126
125
126
126
125
126
125
125
125
125
126
126
125
126
126
126
126
125
126
126
125
125
125
125
125
125
125
125
126
126
126
125
125
125
125
125
126
125
125
125
125
125
125
126
125
125
125
125
126
125
125
125
125
125
125
125
125
126
125
125
125
125
126
125
126
125
126
126
126
126
125
126
125
126
126
126
125
126
126
126
126
125
126
125
126
126
125
125
125
125
125
126
126
126
125
126
125
125
126
125
126
125
126
125
126
125
126
125
126
125
126
125
126
126
125
125
125
125
126
125
125
126
125
125
125
125
126
125
126
126
125
125
125
125
125
125
125
126
126
125
126
125
125
125
126
125
125
125
126
125
126
126
125
125
125
126
127
126
125
125
125
125
125
125
125
125
125
125
126
126
125
125
125
125
125
126
125
125
126
126
125
125
125
125
125
125
125
125
125
125
125
125
125
125
125
125
125
125
125
125
125
125
125
125
125
125
125
125
125
125
125
125
125
125
125
125
125
125
125
125
125
125
125
125
125
125
125
125
125
125
125
125
125
125
125
125
125
125
125
125
125
125
125
125
125
125
125
125
125
125
125
125
125
125
125
125
125
125
125
125
125
125
125
125
125
125
125
125
125
125
125
125
125
125
125
125
125
125
125
125
125
125
125
125
125
125
125
125
125
125
125
125
125
125
125
125
125
125
125
125
125
125
125
125
126
124
125
125
125
125
126
125
125
126
125
125
125
125
125
125
125
125
125
125
125
125
125
125
125
125
125
125
125
125
125
126
125
125
125
126
125
125
126
125
125
125
125
125
125
126
125
125
126
126
126
125
125
126
125
126
126
125
125
126
125
125
125
125
125
125
126
125
124
125
125
125
126
126
125
126
126
125
125
126
125
125
125
125
125
125
125
125
125
125
125
125
125
125
125
125
125
125
125
125
125
125
125
125
125
125
125
125
125
125
125
125
125
125
125
125
125
125
125
125
125
126
126
125
125
125
125
125
125
125
125
126
125
125
125
126
125
125
125
125
126
126
125
125
125
125
125
125
126
125
125
125
125
125
125
125
125
125
125
125
125
125
125
125
126
125
125
125
125
125
125
125
125
125
125
125
125
125
125
125
125
125
125
125
125
125
125
125
125
125
125
125
125
125
126
125
125
125
125
126
125
125
125
125
125
125
125
125
125
125
125
125
125
125
125
125
125
126
127
125
125
125
125
125
125
125
125
125
125
125
125
125
125
125
125
125
125
125
125
125
125
125
125
126
125
125
125
125
125
125
125
125
125
125
125
125
126
125
125
125
125
125
125
125
125
125
125
125
125
125
125
125
125
125
125
125
125
125
125
125
125
125
125
125
125
125
125
125
125
125
125
125
125
125
125
125
125
125
125
125
125
125
125
125
125
125
125
125
125
125
125
125
125
125
125
125
125
125
125
125
125
125
125
125
125
126
125
125
125
125
125
125
125
125
125
125
125
125
125
125
125
125
125
125
125
125
125
125
125
125
125
125
125
125
125
125
125
125
125
125
125
125
125
125
125
125
126
125
125
125
125
125
125
125
125
125
125
125
125
125
125
125
125
126
125
125
125
125
125
125
125
126
125
125
125
125
126
125
125
125
126
125
126
123
125
125
125
126
126
125
125
126
126
125
125
125
126
125
125
126
126
124
121
126
126
125
127
127
127
126
126
126
126
125
125
126
126
125
126
126
125
125
126
126
126
125
125
126
126
125
126
125
125
125
126
126
125
125
126
126
126
126
126
125
125
125
126
126
125
124
123
125
126
126
126
126
125
126
127
126
125
126
126
125
125
126
126
126
125
126
126
125
125
126
126
125
125
125
125
125
125
125
125
126
126
126
126
126
124
125
126
126
126
126
126
125
125
126
126
125
125
125
126
126
125
125
126
126
125
126
126
126
125
125
126
126
126
125
126
125
125
125
125
126
126
125
126
126
125
124
125
126
126
125
125
126
127
125
124
125
126
125
123
124
125
123
122
124
128
131
133
133
130
124
121
124
129
128
123
118
118
120
120
118
118
121
124
128
135
137
130
130
142
141
123
115
122
126
128
132
129
118
114
120
124
123
121
119
121
126
130
128
125
126
125
126
130
133
131
128
127
127
127
126
125
124
123
122
122
125
126
125
124
123
123
125
124
125
122
125
125
126
130
127
127
125
124
124
126
128
127
125
125
125
126
126
126
126
125
125
126
125
125
125
125
124
124
125
126
125
124
125
126
127
126
125
125
125
125
125
126
125
125
124
125
127
127
127
127
125
124
126
126
126
124
124
124
125
125
125
125
125
125
126
126
125
125
126
126
125
125
125
126
125
124
124
125
126
125
125
125
125
124
124
125
125
124
123
125
127
129
127
124
124
126
127
127
127
126
127
128
126
124
124
125
126
126
125
124
123
124
124
122
122
123
124
125
125
125
125
125
127
127
125
126
127
128
127
126
126
127
126
126
124
125
125
124
124
125
124
124
125
125
126
125
124
124
125
125
125
125
126
125
124
125
126
126
126
126
126
126
126
126
129
123
119
125
126
125
126
126
126
126
125
125
124
125
125
124
126
126
126
126
127
126
125
125
127
128
127
124
115
114
125
138
135
119
113
126
141
140
131
133
129
106
94
120
143
129
107
105
120
145
156
131
106
112
133
145
137
114
106
122
133
134
139
135
115
115
151
171
123
64
72
123
151
139
123
120
127
133
139
135
123
118
129
138
132
120
116
121
129
130
125
123
121
122
122
121
121
123
128
136
136
128
124
127
128
126
123
122
122
122
126
127
127
124
121
123
127
128
124
123
126
131
128
125
122
124
125
123
124
126
127
125
124
125
124
121
121
125
128
132
139
140
131
113
93
100
127
136
132
138
140
132
128
126
112
109
132
139
118
117
133
134
123
121
118
113
118
127
128
127
133
135
130
131
133
129
125
120
113
111
120
133
137
131
127
125
122
122
126
127
123
118
121
127
126
123
123
128
132
126
120
123
130
132
129
119
114
121
131
136
129
122
120
120
123
127
128
128
126
126
129
129
129
127
124
122
122
122
122
122
124
126
125
122
121
126
130
132
132
129
120
113
119
135
140
126
110
113
149
117
109
119
119
126
136
135
129
123
121
125
128
126
120
121
128
134
131
124
123
126
128
126
123
126
127
128
126
123
122
125
135
138
126
119
124
128
125
118
120
130
133
127
124
124
127
129
127
126
123
122
125
130
132
128
123
117
112
124
129
128
128
130
129
127
128
120
118
121
118
95
126
126
125
125
125
126
125
126
126
126
126
125
126
126
126
125
126
126
125
126
126
126
125
126
126
126
126
126
126
125
126
126
126
125
125
126
126
126
126
125
126
126
126
125
126
126
126
126
126
126
125
126
126
125
126
126
126
126
126
126
126
125
126
126
126
126
126
125
126
125
126
126
125
125
125
125
125
126
125
125
125
125
125
125
126
126
125
125
125
125
125
125
125
125
125
125
125
125
126
125
125
125
125
125
125
125
125
125
125
125
125
125
125
125
125
125
125
126
125
125
126
125
125
125
125
125
125
125
125
125
125
125
125
125
125
125
125
125
125
125
125
125
125
125
125
125
125
125
125
125
125
126
125
125
125
125
125
125
125
125
125
125
125
125
126
125
125
125
125
125
126
125
125
125
125
125
125
125
125
125
125
125
125
125
126
125
125
125
125
125
125
125
125
125
125
125
125
125
125
125
125
125
125
125
125
125
125
125
125
125
125
125
126
125
125
125
125
125
125
125
125
125
125
125
125
125
125
125
125
125
125
125
125
125
125
125
125
125
125
125
125
125
125
125
125
125
125
125
125
125
124
125
125
125
126
126
126
126
126
126
125
126
125
125
125
125
126
125
126
126
126
126
125
126
125
126
125
126
126
125
125
126
126
125
126
126
126
125
126
125
125
125
125
126
125
125
126
125
126
125
125
125
126
125
125
125
125
125
125
126
125
126
125
125
126
125
125
125
125
126
126
126
126
125
125
125
125
126
126
126
125
126
125
126
125
125
125
126
125
126
125
125
125
125
125
125
126
125
125
126
125
125
125
128
