125
127
124
123
123
124
50
126
126
126
126
126
126
126
126
126
126
126
126
126
126
126
126
126
126
126
126
126
126
125
126
126
125
126
126
125
126
125
126
125
126
126
126
126
125
125
125
125
125
126
126
126
126
126
126
126
126
126
126
125
126
126
126
126
125
125
125
126
125
126
126
126
125
126
126
125
125
126
126
126
125
126
125
126
125
126
126
126
126
126
126
126
126
126
125
126
126
125
126
125
126
126
126
126
125
126
126
126
126
126
126
125
125
126
126
126
126
125
126
126
125
125
126
125
126
126
126
125
125
125
125
126
125
126
126
126
126
126
126
126
126
126
125
126
126
125
126
126
126
125
125
125
126
126
125
125
126
126
126
126
126
126
126
126
126
126
125
126
125
125
126
126
126
125
126
126
126
125
126
126
125
125
126
125
125
125
126
125
125
125
126
125
125
125
125
125
125
125
125
126
125
125
125
125
125
125
125
125
125
126
125
125
125
125
125
125
125
125
126
126
125
125
125
125
125
125
125
125
125
125
125
125
125
125
125
125
125
125
126
125
125
125
126
125
125
125
125
125
125
125
125
125
125
125
125
125
125
125
125
125
125
125
125
125
125
125
125
125
125
125
125
125
125
125
125
125
125
125
125
125
125
125
125
125
125
125
125
125
125
125
125
125
125
125
125
125
125
125
125
125
125
125
125
125
125
125
125
125
125
125
125
125
125
125
125
125
125
125
125
125
125
125
125
125
125
125
125
125
125
125
125
125
125
125
125
125
125
125
125
125
125
125
125
125
125
125
125
126
125
125
125
125
125
125
125
125
125
125
125
125
125
125
126
125
124
125
126
125
126
126
126
126
126
126
125
126
125
126
126
126
126
126
126
125
125
125
125
125
125
125
125
126
126
126
126
125
126
125
125
126
126
126
126
126
126
126
126
126
126
125
125
125
126
125
126
125
126
126
125
126
126
126
126
125
125
125
126
126
125
126
125
125
125
125
126
126
126
126
126
126
125
125
125
125
125
125
126
125
125
125
126
125
125
125
125
125
125
125
125
125
125
125
125
125
125
125
126
125
125
125
125
125
125
125
125
125
125
125
125
125
125
125
125
125
125
125
125
125
125
125
125
125
125
125
125
125
125
125
126
126
125
125
126
126
125
125
125
125
124
124
124
125
127
127
126
125
125
125
125
124
122
122
129
141
147
140
119
93
76
82
122
180
203
158
92
69
114
165
158
110
71
72
140
211
163
54
67
187
166
97
100
165
132
95
131
154
94
100
146
129
104
134
129
131
155
134
90
111
152
124
97
133
160
123
91
100
125
159
169
130
91
101
134
143
117
97
127
163
144
98
90
123
151
147
122
108
117
133
136
125
116
119
131
136
126
115
119
130
128
120
124
135
135
127
117
115
122
130
127
121
123
130
130
125
124
128
129
126
121
120
123
126
124
122
124
130
132
127
121
120
123
127
128
126
125
126
127
127
125
124
124
123
123
125
127
128
127
126
125
126
127
125
123
124
126
126
123
123
124
124
126
128
127
127
129
129
125
123
122
123
124
124
125
126
126
127
127
126
125
124
123
124
125
128
128
124
119
121
128
131
129
125
125
127
128
128
126
126
129
130
126
120
118
120
119
114
113
124
141
146
139
127
121
121
123
125
125
121
121
126
132
131
121
117
128
138
134
129
126
121
118
121
122
119
123
131
131
127
127
129
129
130
128
121
116
121
129
128
124
125
128
128
127
131
131
124
118
120
125
128
126
123
123
126
126
127
128
128
126
125
124
125
126
127
126
125
126
128
127
125
124
124
124
124
125
126
125
126
127
128
126
125
127
130
127
122
119
124
130
129
121
118
126
136
132
120
117
129
140
133
116
112
123
131
128
126
126
122
120
124
128
127
125
125
128
129
128
125
124
125
125
124
126
129
128
125
124
123
122
124
127
127
128
129
125
122
126
128
125
123
124
128
129
125
121
121
126
130
127
125
125
123
122
124
128
130
128
125
124
124
127
130
129
124
122
124
127
128
126
125
126
127
126
123
125
127
126
125
125
125
125
125
126
126
126
125
124
125
127
130
127
126
125
126
124
125
127
125
124
124
125
125
125
125
125
126
126
126
126
126
126
125
125
126
126
126
125
126
128
126
125
125
126
125
124
123
123
125
125
125
124
125
125
125
126
126
125
125
126
127
126
125
125
125
126
126
125
125
126
126
126
126
125
125
125
126
126
125
124
124
125
126
126
125
124
125
125
126
126
125
125
125
126
126
126
125
125
125
125
125
125
125
125
125
125
125
125
126
125
126
126
125
125
125
125
125
125
125
125
125
128
122
123
125
125
126
127
127
127
126
125
125
125
125
125
124
124
125
127
127
126
124
124
126
128
124
122
123
125
128
129
127
124
125
127
127
126
125
126
126
126
125
126
127
127
125
124
125
126
126
126
125
124
124
125
127
127
126
125
125
126
127
126
125
125
126
127
127
124
124
125
126
125
127
127
127
126
126
125
125
127
127
125
124
124
125
126
126
125
125
125
125
125
126
126
127
127
125
123
123
126
126
126
125
124
125
128
128
125
124
125
127
128
126
124
125
126
126
126
125
125
126
126
126
125
125
125
126
127
126
125
125
125
125
126
126
126
126
125
124
125
127
127
126
125
125
124
126
126
126
125
125
125
125
126
126
125
125
126
127
126
126
126
125
125
125
125
125
126
125
126
126
125
126
126
125
125
126
127
126
125
126
127
126
126
126
125
126
126
126
126
125
125
126
126
126
126
125
125
125
125
125
125
125
125
125
126
126
126
126
125
126
125
126
126
126
125
126
130
126
126
126
125
124
124
125
125
124
125
125
126
126
125
125
125
126
126
126
125
126
126
126
126
125
126
126
129
127
126
125
125
123
124
125
125
125
125
125
125
126
125
125
125
126
126
125
125
126
126
126
125
125
125
125
125
125
125
125
126
126
125
125
125
125
126
126
125
125
125
125
125
125
126
125
125
126
125
125
125
126
125
126
126
125
124
126
126
125
125
125
126
126
126
125
125
125
125
126
125
125
125
125
126
125
125
126
126
125
125
126
126
125
125
125
125
124
125
125
126
126
127
126
125
124
125
126
126
125
124
124
126
126
126
125
125
126
125
125
125
126
126
126
125
125
125
125
140
104
123
126
125
126
128
127
127
126
126
125
125
125
125
126
126
125
125
126
126
126
126
127
127
126
126
126
126
126
126
125
125
126
126
126
125
106
104
132
126
130
131
130
130
129
128
127
127
127
126
127
127
127
126
126
127
128
126
124
123
125
128
130
127
123
124
126
126
124
124
125
126
127
125
121
122
129
131
126
122
121
124
128
130
125
121
124
128
127
124
123
132
129
125
122
123
124
126
125
124
123
125
126
125
125
125
126
126
126
125
124
125
125
124
124
126
127
126
124
124
126
127
127
125
123
124
126
127
126
124
123
125
126
128
127
124
124
125
127
127
126
124
123
123
125
125
122
122
123
126
127
126
126
127
126
126
126
126
126
124
124
124
125
126
125
123
131
87
131
125
129
125
128
129
128
129
128
126
126
124
123
123
124
128
131
129
123
119
111
77
141
125
129
128
128
133
137
132
125
124
125
126
132
134
127
121
123
127
129
131
130
125
122
125
130
131
127
123
124
126
129
128
123
123
128
130
128
124
124
126
130
128
125
122
113
126
126
127
125
126
129
132
132
126
122
122
126
130
129
125
122
123
125
125
127
126
125
126
126
123
123
126
128
126
123
124
126
126
125
124
126
127
125
124
127
128
126
122
122
127
129
126
122
122
126
128
126
125
126
127
126
125
125
125
123
122
125
129
131
127
121
120
122
127
129
128
124
123
124
49
126
126
126
126
126
125
125
125
126
126
125
126
126
126
126
125
125
125
125
126
125
125
126
125
126
126
126
126
126
125
125
126
126
126
125
125
126
126
126
125
125
125
126
126
125
125
125
126
125
125
125
125
125
125
125
126
126
126
126
126
126
126
126
126
125
125
125
125
125
126
126
126
126
126
126
126
125
126
125
126
126
126
125
126
126
126
125
126
126
126
126
126
126
126
126
125
125
126
125
125
125
125
125
125
126
125
126
125
125
125
125
125
126
125
125
125
125
126
125
125
125
125
125
125
125
125
126
125
125
125
126
126
125
125
125
125
125
125
125
125
125
125
125
125
125
125
125
125
125
125
125
125
125
125
125
125
125
125
125
125
125
125
125
125
125
125
125
125
125
125
125
125
125
125
125
125
125
125
125
125
125
125
125
125
125
125
125
125
125
125
125
125
125
125
125
125
125
126
125
125
125
125
125
126
125
126
125
125
125
125
125
125
125
125
125
125
125
125
125
125
125
125
125
125
126
125
125
126
126
125
125
125
125
126
125
125
125
125
125
125
125
125
125
125
125
125
126
125
125
125
125
126
126
126
125
125
125
125
126
126
125
125
125
126
125
125
125
125
125
126
126
126
125
125
125
125
125
125
125
125
125
125
125
125
125
125
126
126
126
125
125
125
125
125
125
125
125
125
125
125
126
126
125
125
125
125
125
126
125
125
125
125
125
125
125
125
125
125
125
125
125
125
125
125
125
125
125
125
125
125
125
125
125
125
125
125
125
125
125
125
125
125
125
125
125
125
125
125
125
125
125
125
125
126
