121
123
127
128
126
125
62
125
125
125
125
126
125
125
125
125
125
126
125
125
125
125
126
125
125
125
125
125
125
125
125
126
125
126
126
126
125
125
125
125
125
125
125
125
125
126
125
126
125
125
126
125
125
125
125
126
125
125
125
125
125
125
125
125
125
125
126
126
125
125
125
125
125
125
125
125
125
126
125
125
125
125
125
125
125
125
125
125
125
125
125
125
125
125
125
125
125
125
125
125
125
125
125
125
125
125
125
125
125
125
125
125
125
125
125
125
125
125
125
125
125
125
125
125
125
125
125
125
126
125
125
125
125
125
125
125
125
125
125
125
125
125
125
125
125
125
125
125
125
125
125
125
125
125
125
125
125
125
125
125
125
125
125
125
125
125
126
126
126
125
125
125
125
125
125
125
125
125
125
125
125
125
125
125
125
125
125
125
125
125
125
125
125
125
125
125
125
125
125
125
125
125
125
125
125
125
125
125
125
125
125
125
125
125
125
125
125
125
125
125
125
125
125
125
125
125
125
125
125
125
125
125
125
125
125
125
125
125
125
125
125
125
125
125
125
125
125
125
125
125
125
125
125
125
125
125
126
125
125
125
125
125
125
125
125
125
125
125
125
125
125
125
125
125
125
125
126
125
125
125
125
125
125
125
125
125
125
126
125
125
125
125
125
125
125
125
125
125
125
125
125
125
125
125
125
125
125
125
125
125
125
125
125
125
125
125
125
125
125
125
125
125
125
125
125
125
125
125
125
125
125
125
125
125
125
125
125
125
125
125
125
125
125
125
125
125
125
125
125
125
125
125
125
125
125
125
125
125
125
125
125
125
125
125
125
125
125
125
125
125
125
125
125
125
125
125
125
125
125
125
125
125
125
125
126
126
125
125
125
125
125
125
125
125
125
125
125
125
125
125
125
125
125
125
125
125
125
125
125
125
125
125
125
125
125
125
125
125
125
125
125
125
125
125
125
125
125
125
125
125
125
125
125
125
125
125
125
125
125
125
126
125
125
125
125
125
125
125
125
125
125
125
125
125
124
125
125
125
125
125
125
125
125
125
125
125
125
125
125
125
125
125
125
125
125
125
125
125
125
125
125
125
125
125
125
125
125
125
125
125
125
125
125
125
125
125
125
125
125
125
125
125
125
125
125
125
125
125
125
125
125
125
125
125
125
125
125
125
125
125
125
125
125
125
125
125
126
125
125
125
125
125
125
125
125
125
125
125
125
126
126
125
125
125
125
125
125
125
125
126
125
125
126
128
126
124
125
128
129
129
126
121
118
118
119
120
126
137
143
137
128
124
118
106
101
114
146
166
145
102
83
105
159
184
143
97
93
119
115
130
162
145
83
68
124
181
174
114
78
100
135
150
169
162
98
54
93
152
157
135
128
125
120
120
126
128
117
110
128
154
144
112
111
132
128
112
120
140
136
121
120
124
123
127
131
123
116
124
130
128
126
127
125
123
126
128
127
124
123
124
126
128
128
126
122
119
122
130
133
129
125
124
123
123
124
126
125
124
125
126
127
128
128
127
124
121
122
124
128
129
128
125
126
127
125
123
121
123
125
128
128
128
127
124
122
123
125
125
125
127
128
126
124
125
127
128
126
124
123
121
124
127
129
129
126
125
125
125
125
125
124
123
124
127
128
127
125
124
124
125
125
126
127
127
127
126
125
126
126
127
127
126
125
124
124
124
125
126
126
125
125
124
125
126
126
126
126
126
125
125
125
126
126
126
126
126
126
126
126
127
126
125
125
124
124
124
125
125
125
126
125
125
125
125
125
126
126
126
126
126
126
125
125
125
125
126
126
126
126
126
126
125
125
125
125
125
125
125
125
125
125
125
125
125
125
125
126
125
126
126
126
125
125
125
125
125
125
125
125
126
125
125
125
125
126
125
125
125
125
125
125
125
125
125
125
125
125
125
125
125
125
125
125
126
125
125
126
125
126
125
126
125
125
125
125
125
125
125
125
125
125
125
125
125
125
125
125
125
126
126
126
125
125
125
125
126
125
125
125
125
126
126
126
125
125
125
126
126
125
125
125
125
126
126
125
125
125
126
126
125
126
126
125
125
125
125
125
125
126
126
125
125
125
125
125
125
125
125
125
125
125
127
127
125
124
125
125
125
125
124
125
125
126
126
126
126
126
126
126
125
125
126
126
125
125
125
126
126
125
125
124
125
126
126
125
123
124
125
126
126
127
126
126
126
126
126
126
125
125
125
125
125
125
125
125
125
126
126
126
125
126
125
126
126
125
125
125
125
125
125
125
125
125
125
126
126
126
125
126
126
126
125
125
125
125
125
125
125
125
125
126
125
125
125
125
125
125
125
126
125
125
125
125
125
126
125
125
125
125
125
125
125
126
126
125
125
125
125
126
126
126
125
125
126
125
125
125
125
125
125
125
125
126
125
125
125
125
126
126
126
125
125
125
125
125
125
125
126
126
124
125
126
126
125
124
125
126
126
125
124
125
126
126
126
124
124
126
126
126
125
125
125
125
125
125
125
126
125
125
125
126
125
125
126
125
125
125
126
126
125
125
125
127
126
125
125
126
126
126
126
125
125
126
126
126
125
124
125
125
125
125
125
126
125
125
125
126
126
126
125
125
125
125
126
126
126
125
125
125
125
125
126
126
125
125
125
126
125
125
125
125
126
126
126
126
125
125
125
126
126
125
125
125
125
126
125
124
125
130
126
126
126
125
124
124
125
125
124
125
125
125
125
126
125
123
124
125
127
126
125
125
125
126
126
125
124
125
125
125
124
125
123
122
125
126
127
128
127
126
126
126
125
126
126
125
125
125
125
125
125
126
126
125
125
126
126
125
125
125
125
126
125
125
125
125
125
125
125
125
126
126
126
126
125
125
125
125
125
125
125
125
125
125
126
126
125
125
126
126
125
126
125
125
124
126
125
126
126
126
126
126
125
125
126
125
125
125
126
125
125
125
125
125
126
126
125
125
125
125
125
125
125
125
126
126
126
125
125
126
126
125
125
125
125
126
126
125
125
125
125
125
125
125
125
125
125
125
125
125
125
125
125
126
124
125
125
126
126
126
125
125
125
125
126
126
126
126
125
126
126
125
126
125
126
125
125
125
125
125
125
125
125
125
125
125
125
125
126
125
125
126
125
125
125
125
126
125
126
125
126
125
125
126
126
125
125
125
125
125
125
125
125
126
126
125
125
126
125
126
125
125
125
124
125
125
125
126
126
125
126
124
125
125
125
125
126
125
125
126
126
126
125
126
125
125
126
126
126
123
123
124
126
126
125
130
126
127
125
124
123
124
124
125
126
123
124
124
123
122
124
125
126
126
125
125
125
125
125
126
126
126
125
125
126
126
125
126
126
126
125
125
126
126
125
124
124
124
126
127
127
126
125
124
124
124
124
125
125
125
124
126
127
126
127
127
126
125
124
124
124
125
126
125
125
126
127
126
125
125
125
125
125
125
126
126
126
125
124
124
124
125
125
126
126
126
126
125
125
125
125
125
125
126
125
125
126
126
126
125
124
124
126
125
125
125
126
125
123
123
126
127
126
125
124
125
125
125
126
124
125
126
124
125
125
126
126
126
125
125
125
125
125
125
127
126
126
126
124
124
125
125
125
126
126
125
125
125
125
125
125
126
125
124
124
124
125
125
125
126
125
126
126
126
125
125
124
125
124
124
125
125
126
126
125
124
126
125
126
125
125
126
125
125
125
125
125
126
125
125
125
125
126
126
125
125
125
124
126
126
125
125
125
126
126
125
125
125
125
126
125
124
125
126
126
125
125
126
126
125
125
124
126
132
143
77
125
121
127
129
130
130
128
127
127
124
125
125
125
126
124
125
125
126
124
126
126
61
125
125
125
125
125
125
125
125
125
125
125
125
125
125
125
125
126
126
125
125
125
125
125
125
125
125
125
125
125
125
125
125
125
125
125
125
125
125
125
125
125
125
125
125
125
125
125
125
125
125
125
125
125
125
125
125
125
125
125
125
125
125
125
125
125
125
125
125
125
125
125
125
125
125
125
125
125
125
125
125
125
125
125
125
125
125
125
125
125
125
125
125
125
125
125
125
125
125
125
125
125
125
125
125
125
125
125
125
125
125
125
125
125
125
125
125
125
125
125
125
125
125
125
125
125
125
125
125
125
125
125
125
125
125
125
125
125
125
125
125
125
125
125
125
125
125
125
125
125
125
125
125
125
125
125
125
125
125
125
125
125
125
125
125
125
125
125
125
125
125
125
125
125
125
126
125
125
125
125
125
125
125
125
125
125
125
125
125
125
125
125
125
125
125
125
125
125
125
125
125
125
125
125
125
125
125
125
125
125
125
125
125
125
125
125
125
125
125
125
125
125
125
125
125
125
125
125
125
125
126
126
125
125
125
125
125
125
125
125
125
125
125
125
125
125
125
125
125
125
125
125
125
125
125
125
125
125
125
125
125
125
125
125
125
126
125
125
125
125
125
125
125
125
125
125
125
125
125
125
125
125
125
125
125
125
125
125
125
125
125
125
125
125
125
125
125
125
125
125
125
125
125
125
125
125
125
125
125
125
125
125
125
125
125
125
125
125
125
125
125
125
125
125
125
125
125
125
125
125
125
125
125
125
125
125
125
125
125
125
125
125
125
125
125
125
125
125
125
125
125
125
125
125
123
