130
127
133
134
133
131
44
125
125
125
125
125
125
125
125
125
125
125
125
125
125
125
125
125
125
125
125
125
125
125
125
125
125
125
125
125
125
125
125
125
125
125
125
125
125
125
125
125
125
125
125
125
125
125
125
125
125
125
125
126
125
125
126
125
125
125
126
126
126
126
126
126
126
126
126
126
126
126
126
126
126
126
126
126
125
126
126
126
125
125
126
126
126
126
126
125
126
126
126
126
126
126
126
126
126
126
126
126
126
126
126
126
126
126
125
126
126
125
126
126
126
126
126
125
125
126
125
126
125
125
126
126
125
126
126
125
126
125
125
125
125
125
125
125
125
125
125
125
125
126
126
126
125
125
125
125
125
126
126
125
125
125
126
125
125
125
125
125
125
125
126
125
125
125
125
126
125
125
125
125
125
126
126
125
126
126
126
125
126
125
125
125
125
125
125
125
126
126
126
125
125
126
125
125
125
125
126
125
125
125
125
126
126
125
125
125
125
125
126
125
125
125
125
126
125
125
125
125
125
125
126
126
126
125
126
125
126
125
125
125
125
125
125
125
125
125
125
125
125
125
125
126
125
126
126
125
125
125
125
125
126
125
126
125
125
125
125
126
125
125
125
125
125
125
126
126
125
125
125
125
125
125
125
125
125
125
125
125
125
125
125
125
125
125
125
125
125
125
125
125
125
125
125
125
125
125
125
125
125
125
125
125
125
125
125
125
125
125
125
125
125
125
125
125
125
125
125
125
125
125
125
125
125
125
125
125
125
125
125
125
125
125
125
125
125
125
125
125
125
125
125
125
125
125
125
125
125
125
125
125
125
125
125
125
125
125
125
125
125
125
125
125
125
125
125
125
125
125
125
125
125
125
125
125
125
125
125
125
125
125
125
125
125
125
125
125
125
125
125
126
124
125
125
125
126
126
126
126
125
125
125
126
125
126
125
126
125
125
126
126
126
125
125
126
126
126
126
126
126
126
126
125
125
125
125
125
125
126
126
126
126
126
126
126
125
126
125
126
126
125
125
126
126
126
126
125
126
125
126
126
125
125
126
126
125
125
124
126
125
125
125
126
126
126
125
126
125
125
125
125
125
125
125
125
125
125
126
125
125
125
125
125
125
125
125
125
125
125
125
125
125
125
125
125
125
125
125
125
125
125
125
125
125
125
125
125
125
125
125
125
126
126
126
126
125
125
126
126
125
125
125
125
125
126
127
128
128
130
129
121
113
114
124
130
131
131
128
115
105
129
175
176
118
63
72
131
171
160
113
76
100
164
170
111
79
110
160
174
139
83
64
111
170
167
128
116
136
128
94
102
146
151
107
98
141
149
108
102
146
171
122
74
109
159
148
99
100
143
160
127
94
95
125
163
158
109
87
116
149
149
132
117
104
104
129
148
145
132
122
108
101
121
149
147
117
104
121
136
129
119
124
133
130
122
120
123
125
127
130
131
129
124
120
119
124
129
128
121
119
125
132
131
125
122
124
126
125
126
126
127
128
126
119
116
119
124
127
132
137
132
120
115
123
129
128
124
120
122
130
136
129
116
114
126
134
130
123
120
126
130
126
121
120
121
127
131
131
131
128
125
122
122
124
124
123
123
125
125
126
129
129
125
122
124
127
129
130
128
123
119
121
126
129
129
127
126
126
125
124
124
126
127
127
125
122
123
129
132
129
124
123
123
125
127
128
125
122
122
125
127
128
127
126
125
125
127
127
126
125
124
125
123
123
126
128
128
128
129
127
123
121
124
127
128
129
127
123
120
122
126
128
128
126
125
124
124
125
127
128
128
125
123
122
124
126
127
128
128
126
124
124
125
127
128
126
124
124
125
126
125
123
122
123
126
128
127
126
125
126
126
126
125
125
125
125
125
126
127
126
124
124
125
126
126
125
124
124
126
128
127
124
124
126
127
126
124
123
124
126
127
126
126
128
127
125
123
123
124
126
129
127
125
126
125
123
124
126
126
127
127
126
125
125
126
126
125
125
125
125
125
125
126
126
124
124
126
128
129
127
124
121
121
124
125
126
126
126
125
125
125
126
128
129
127
124
122
127
135
128
118
117
123
129
137
133
119
109
112
123
132
138
139
131
115
108
121
138
136
122
116
122
127
129
128
125
124
127
128
124
121
122
126
128
128
125
125
129
129
118
112
126
141
126
111
124
137
130
118
117
125
135
133
119
113
128
142
130
115
118
128
129
125
125
123
123
127
129
124
121
124
125
124
126
128
124
120
125
131
132
127
122
122
126
128
124
121
121
124
129
130
124
121
125
129
128
125
126
126
122
119
125
132
129
121
119
126
129
127
124
126
126
124
125
127
125
123
124
127
128
127
125
123
125
128
127
126
125
124
124
124
125
125
123
125
126
126
124
125
126
127
126
125
125
125
125
125
125
124
124
126
127
127
126
124
124
125
126
126
125
125
124
124
125
125
126
126
125
125
125
124
125
126
127
126
125
125
125
125
126
126
125
125
124
125
125
125
125
125
126
126
125
124
126
126
126
125
126
126
126
126
127
126
124
123
124
126
126
125
123
124
126
127
126
124
123
124
126
127
126
125
128
122
122
124
126
125
126
126
125
129
128
127
125
125
125
125
125
125
126
126
125
125
125
126
127
126
126
126
126
125
125
125
125
125
125
125
125
125
126
126
126
126
125
126
126
126
126
125
125
126
126
125
125
125
126
126
126
126
125
125
126
126
125
125
125
125
126
124
123
124
125
126
127
127
127
127
126
126
126
126
125
125
125
126
126
126
126
126
126
126
126
126
125
125
125
125
125
125
125
126
126
126
125
125
126
125
126
125
125
125
125
124
125
125
125
125
125
125
125
126
126
126
125
125
125
125
125
125
126
126
126
125
126
126
126
126
125
126
126
125
125
125
126
125
125
126
125
125
126
125
125
126
126
126
125
126
126
125
125
125
126
125
126
125
125
125
125
125
125
125
126
125
125
126
125
126
126
125
125
125
126
126
126
126
126
126
126
126
125
125
125
125
126
126
125
125
125
125
126
126
125
125
125
125
125
126
126
125
125
125
124
125
126
126
126
128
130
127
126
125
124
122
124
124
125
126
125
123
124
126
127
126
125
124
125
126
126
125
125
124
124
124
125
125
125
124
125
126
127
127
126
126
127
127
127
126
124
123
124
125
125
125
126
127
126
126
126
126
125
124
123
123
125
125
125
124
124
126
126
126
125
125
125
126
126
126
125
124
125
125
125
125
125
125
125
125
125
125
125
125
125
125
125
125
125
126
126
127
126
125
126
125
125
125
125
125
124
124
125
125
125
125
125
126
126
125
126
125
125
126
125
125
125
125
126
125
125
126
126
125
126
126
126
126
125
125
125
126
125
125
124
125
124
124
124
124
125
125
125
126
149
121
110
128
125
126
127
126
126
125
125
124
124
126
125
125
126
126
126
125
125
125
125
126
126
125
125
126
125
126
127
125
126
126
126
126
126
126
126
125
126
126
117
103
127
124
128
129
130
130
129
128
127
127
127
126
126
127
126
126
126
126
126
126
126
126
125
117
123
123
126
128
127
129
128
127
128
128
127
126
125
125
126
126
126
126
126
126
126
125
125
124
125
126
125
125
125
127
128
128
125
124
124
124
124
126
126
124
123
125
128
128
126
125
124
125
126
127
125
124
124
123
123
124
125
125
125
124
126
128
128
129
128
128
128
127
125
124
122
123
124
125
125
127
126
127
128
128
127
124
124
124
124
124
125
125
125
126
126
126
126
125
125
126
126
126
125
126
125
125
125
125
125
125
126
126
126
126
126
126
125
126
126
126
125
125
125
126
126
127
127
126
127
126
125
124
123
125
125
123
124
126
127
128
127
127
43
125
125
125
125
125
125
125
125
125
125
125
125
125
125
125
125
125
125
125
125
125
125
125
125
125
125
125
125
125
125
125
125
125
125
125
125
125
125
125
125
125
125
125
125
125
125
125
125
125
125
125
125
125
125
125
125
125
125
125
125
125
125
125
125
125
125
125
125
125
125
125
125
125
125
125
125
125
125
125
125
125
125
125
125
125
125
125
126
124
125
125
126
126
126
126
126
126
125
126
126
126
126
126
126
126
126
126
126
126
125
125
126
126
126
126
126
126
126
126
126
126
126
126
126
126
126
126
126
126
126
126
125
126
126
126
126
126
126
125
125
126
125
126
125
126
126
126
126
126
126
126
126
126
126
126
125
125
125
125
126
126
126
126
126
126
126
126
125
125
126
125
126
126
125
125
126
125
125
125
125
126
126
126
125
125
126
126
126
126
126
125
126
125
126
126
125
125
126
125
126
125
125
125
126
126
125
125
125
125
125
125
126
126
126
125
126
126
125
125
126
125
125
126
126
126
125
126
126
126
126
125
125
126
125
125
125
125
126
126
126
126
126
126
125
125
126
126
126
126
126
125
126
125
126
126
126
126
126
126
126
126
126
126
126
126
126
126
126
125
125
125
126
126
126
126
126
126
126
126
126
126
126
126
125
126
126
126
125
126
126
126
126
126
126
126
125
126
126
126
125
126
125
125
126
126
126
126
125
125
125
125
125
125
125
125
125
125
125
125
125
125
125
125
125
126
125
125
125
125
125
126
125
125
125
125
125
125
125
125
125
125
125
125
125
125
125
125
125
125
125
125
125
125
87
