124
124
128
128
126
125
91
125
125
125
125
125
125
125
125
125
125
125
125
125
125
125
125
125
125
126
125
125
125
125
125
125
125
125
125
125
125
125
126
126
125
125
125
125
125
125
125
125
125
125
125
125
125
125
125
125
125
125
125
125
125
125
125
125
125
125
125
125
125
125
125
125
125
125
125
125
125
125
125
125
125
125
125
125
125
125
125
125
125
125
125
125
125
125
125
125
125
125
125
125
125
125
125
125
125
125
125
125
125
125
125
125
125
125
125
126
125
125
125
125
126
125
126
126
125
125
126
125
125
125
126
125
126
126
125
125
125
126
126
125
126
125
126
125
125
126
125
125
125
126
126
126
125
126
126
126
126
125
126
125
125
126
126
125
125
125
126
125
125
126
126
126
126
126
126
125
125
125
125
125
125
125
125
125
126
125
125
125
126
125
126
126
125
125
125
125
125
125
125
125
125
125
125
125
125
125
125
126
125
125
125
125
125
125
125
125
125
125
125
125
125
125
125
125
125
125
125
125
125
125
125
125
125
125
125
125
125
125
125
125
125
125
126
125
125
125
125
125
125
125
125
126
125
125
125
125
125
125
125
125
125
125
125
125
125
125
125
125
125
125
125
125
125
125
125
125
125
125
125
125
125
126
125
125
125
125
125
125
126
126
125
125
125
125
125
125
125
125
125
125
125
126
125
125
125
126
125
125
125
125
125
125
125
125
125
125
125
125
125
125
125
125
126
125
125
125
125
126
125
125
126
126
125
125
125
125
125
125
125
125
125
125
125
125
125
125
125
125
125
125
125
125
125
125
125
125
125
125
125
125
125
125
125
125
125
125
125
125
125
125
125
125
125
125
125
125
125
125
125
125
125
125
125
125
125
125
125
125
125
125
125
125
125
125
125
125
125
125
125
125
125
125
125
125
125
125
125
125
126
124
125
125
125
125
126
126
126
125
125
125
126
126
125
126
126
126
126
126
125
125
126
126
126
125
125
126
125
125
125
125
126
126
125
125
125
126
125
125
125
126
126
125
126
125
125
125
126
125
125
126
125
125
125
125
125
125
125
126
126
125
126
126
125
125
125
125
125
125
125
125
126
126
125
125
125
125
125
125
125
125
125
125
125
125
125
126
125
126
125
125
125
126
125
125
125
125
125
125
126
125
125
125
125
125
125
125
125
125
125
125
125
125
125
126
125
125
125
125
125
125
125
125
125
125
125
125
125
125
125
125
125
125
125
126
125
125
125
125
126
125
125
125
125
125
126
126
125
125
126
125
126
126
126
125
126
125
125
125
125
125
125
125
125
125
125
125
125
125
126
125
125
126
126
125
125
125
125
125
125
125
125
125
125
125
125
125
126
125
125
125
126
125
126
126
125
125
125
125
125
125
125
125
125
125
125
125
126
125
125
125
125
126
125
126
126
125
125
125
125
125
125
125
126
126
125
125
125
125
125
125
125
125
125
125
125
125
125
125
125
125
125
125
125
125
125
125
125
125
125
125
125
125
125
125
125
125
125
125
125
125
125
125
125
125
125
125
126
125
125
125
125
125
125
125
125
125
125
125
125
125
125
125
125
126
125
126
125
125
125
125
127
123
125
125
126
125
126
126
126
126
126
125
125
126
125
126
126
126
126
126
126
126
125
125
125
126
126
126
126
126
126
126
125
125
126
125
125
125
125
126
126
126
126
126
126
126
126
126
126
125
125
125
126
125
125
126
126
126
126
126
126
126
126
126
125
126
126
124
125
125
126
126
126
126
126
126
126
125
126
125
125
125
126
125
126
125
125
125
125
126
125
125
125
125
125
126
125
125
125
126
125
125
125
126
125
125
125
126
125
125
125
125
125
125
125
125
125
125
125
125
125
126
126
125
125
126
125
125
125
125
125
125
125
125
125
125
126
125
125
125
126
125
126
126
125
125
125
126
125
125
126
125
125
125
125
125
125
126
126
125
125
125
126
126
125
125
125
125
125
126
126
125
126
126
125
125
126
125
125
125
126
125
125
126
126
126
126
126
125
125
125
126
125
126
126
126
125
125
126
126
125
126
126
124
125
126
126
125
126
126
125
125
126
126
125
127
127
126
125
125
125
125
125
125
126
125
124
125
126
125
124
125
126
125
125
126
126
125
125
126
126
125
125
126
126
124
125
126
126
125
125
126
125
125
125
125
125
125
125
126
125
124
125
126
126
125
125
125
125
125
125
126
125
125
126
126
125
125
126
126
125
125
125
126
125
124
125
126
126
125
126
126
126
126
122
125
126
125
126
127
126
125
124
126
125
125
126
126
126
125
126
126
126
125
125
126
126
125
125
125
126
125
126
126
126
125
125
126
126
126
125
125
126
126
126
125
126
126
125
125
126
125
126
125
125
126
125
126
126
125
125
125
125
126
126
126
126
125
126
125
123
125
126
126
126
126
126
127
126
126
126
126
126
125
125
126
125
125
125
125
126
126
125
125
125
125
126
125
125
125
125
126
125
126
125
125
125
125
125
125
125
125
125
125
125
125
125
125
125
126
125
126
125
125
125
125
125
125
125
125
125
125
125
125
125
125
125
125
125
125
125
125
124
125
125
125
125
126
128
129
127
123
121
125
129
129
125
122
123
125
125
125
123
123
125
126
125
125
126
127
126
126
126
126
126
127
126
126
126
126
126
124
123
124
126
126
127
127
126
126
123
122
126
127
126
124
123
124
126
127
126
125
124
125
126
127
126
126
126
126
125
125
125
125
125
125
125
125
128
125
125
124
124
123
123
124
125
125
125
126
127
127
126
126
126
126
126
126
125
125
125
125
124
124
124
125
125
126
125
125
125
125
126
127
128
126
124
123
123
124
126
126
126
124
126
127
126
124
125
125
125
125
125
124
124
125
126
127
126
125
126
127
126
125
126
126
126
125
124
122
123
126
126
125
125
132
115
122
125
127
128
127
125
124
125
126
125
121
118
120
130
136
132
123
122
129
133
131
128
127
125
122
122
123
123
120
120
122
127
130
130
129
128
125
124
126
126
124
124
125
125
122
123
126
127
126
127
128
128
126
124
119
116
124
135
134
125
129
140
133
108
100
122
145
133
117
115
122
131
137
133
122
115
124
136
130
118
124
134
135
131
112
101
122
140
131
125
127
122
120
130
130
117
114
129
136
131
126
124
122
123
127
126
122
121
125
127
126
124
125
126
126
127
129
130
126
118
116
124
133
132
123
120
125
128
127
129
132
130
121
116
126
137
127
106
101
116
122
121
134
148
133
112
117
133
141
138
124
119
132
144
132
114
114
110
104
135
170
146
84
77
126
151
136
135
127
126
126
123
122
127
130
126
124
129
138
135
123
115
115
121
123
120
119
122
127
132
133
128
125
123
124
124
124
120
121
129
136
132
122
119
123
129
129
125
124
126
127
127
124
120
118
123
129
128
126
129
133
133
125
114
116
122
117
116
126
133
129
126
134
137
125
120
129
133
126
119
116
112
112
115
126
138
137
129
134
144
135
122
125
126
119
113
117
123
112
102
120
139
135
137
142
128
116
129
152
165
141
76
52
124
161
130
111
120
114
114
133
145
142
143
145
124
101
107
124
124
116
112
110
130
156
148
123
115
125
135
132
120
116
123
128
125
124
124
122
122
126
128
128
127
123
118
116
119
126
128
127
133
141
135
120
116
128
136
132
123
115
113
116
119
125
132
135
131
109
92
124
119
121
137
146
133
114
116
134
146
140
126
116
111
114
125
132
128
127
134
133
118
116
127
135
134
127
121
119
125
130
126
122
122
126
128
130
129
125
123
126
129
128
125
122
120
121
127
122
124
122
127
129
129
127
125
126
126
126
127
129
127
120
123
122
108
125
125
127
92
125
125
125
125
125
125
125
125
125
125
125
125
125
125
125
125
125
125
125
125
125
125
125
125
125
125
125
125
125
125
125
125
125
125
125
125
125
125
125
125
125
125
125
125
125
125
125
125
126
125
125
125
125
125
126
125
125
125
125
126
125
126
125
125
126
125
125
125
125
125
125
126
125
125
125
125
125
125
125
125
125
126
126
125
126
125
126
126
125
125
125
125
125
125
125
126
125
125
125
125
125
125
125
125
126
125
126
125
125
125
125
126
125
125
125
125
125
125
125
125
125
125
125
125
126
125
125
125
125
125
125
125
125
125
125
125
125
125
125
125
125
125
125
125
125
125
125
125
125
125
125
125
125
125
125
125
125
125
125
125
125
125
125
125
125
125
125
125
126
125
125
125
125
125
125
125
125
125
125
125
125
125
125
126
125
125
125
125
125
125
125
125
125
125
125
125
125
125
125
125
125
125
125
125
125
125
125
125
125
125
125
125
125
125
125
125
125
125
125
125
125
125
125
125
125
125
125
125
125
125
125
125
125
125
125
125
125
125
125
125
125
125
125
125
125
125
125
125
125
125
125
125
125
125
125
125
125
125
125
125
125
125
125
125
125
125
126
125
125
125
125
125
125
125
125
125
125
125
125
125
125
125
125
125
125
125
125
125
125
125
125
125
125
125
125
125
125
125
125
125
125
125
125
125
125
125
125
125
125
125
125
125
125
125
125
125
125
125
125
125
125
125
125
125
125
125
125
125
125
125
125
125
125
125
125
125
125
125
125
125
126
124
125
125
125
125
125
125
125
125
125
125
126
125
