123
129
136
128
120
124
81
125
125
125
125
125
125
125
125
125
125
125
125
125
125
125
125
125
125
125
125
125
125
125
125
125
125
125
125
125
125
125
125
125
125
125
125
125
125
125
125
125
125
125
125
125
125
125
125
125
125
125
125
125
125
125
125
125
125
125
125
125
125
125
125
125
125
125
125
125
125
125
125
125
125
125
125
125
125
125
125
125
125
125
125
125
125
125
125
125
125
125
125
125
125
125
125
125
125
125
125
125
125
125
125
125
125
125
125
125
125
125
125
125
125
125
125
125
125
125
125
125
125
125
125
125
125
125
125
125
125
125
125
125
125
125
125
125
125
125
125
125
125
125
125
125
125
125
125
125
125
125
125
125
125
125
125
125
125
125
125
125
125
125
125
125
125
125
125
125
125
125
125
125
125
125
125
125
125
125
125
125
125
125
125
125
125
125
125
125
125
125
125
125
125
125
125
125
125
125
125
125
125
125
125
125
125
125
125
125
125
125
125
125
125
125
125
125
125
125
125
125
125
125
125
125
125
125
125
125
125
125
125
125
125
125
125
125
125
125
125
125
125
125
125
125
125
125
125
125
125
125
125
125
125
125
125
125
125
125
125
125
125
125
125
125
125
125
125
125
125
125
125
125
125
125
126
125
125
125
125
125
126
126
125
126
126
125
125
125
125
126
125
126
125
125
125
126
125
125
125
125
125
125
125
125
125
125
126
125
126
125
125
126
125
126
125
125
125
125
125
125
125
125
125
126
125
126
126
126
125
126
125
125
125
125
125
126
125
125
126
125
126
126
125
125
125
125
125
126
125
125
125
125
125
125
125
125
125
125
125
125
125
125
125
125
125
125
125
125
125
125
125
125
125
125
125
125
125
125
125
125
125
125
125
125
125
125
125
125
125
125
125
125
126
125
125
125
125
125
125
125
125
125
125
126
126
125
125
125
125
125
125
125
125
125
125
125
125
125
125
125
125
125
125
125
125
125
125
126
125
125
125
125
125
125
125
125
125
125
125
125
125
125
125
125
125
125
125
125
125
125
125
125
125
125
125
125
125
126
125
125
125
125
125
125
125
125
125
125
125
125
125
125
125
125
125
125
125
125
125
125
125
125
125
125
125
125
125
125
125
125
125
125
126
126
125
125
125
125
125
125
125
125
125
125
125
125
125
125
125
125
125
125
125
125
125
125
125
125
125
125
125
125
125
125
125
125
125
125
125
125
125
125
125
125
125
125
125
125
125
125
125
125
125
125
125
125
125
125
125
125
125
125
125
125
125
125
125
125
125
125
125
125
125
125
125
125
125
125
125
125
125
125
125
125
125
125
125
125
125
125
125
125
125
125
126
125
125
125
125
126
124
123
123
124
124
125
126
127
128
127
126
127
127
124
122
123
125
127
128
126
123
123
124
123
125
129
130
123
117
122
129
130
127
125
125
124
123
124
126
125
121
121
128
134
131
125
122
123
123
122
123
127
128
125
124
125
126
126
124
123
126
128
128
124
123
123
123
123
123
125
128
130
129
126
123
123
125
127
127
126
124
123
123
124
126
126
126
125
124
124
125
126
127
126
125
125
125
125
125
125
125
125
126
126
125
125
125
125
124
125
125
126
126
125
125
125
125
126
126
125
124
124
125
126
126
125
124
125
127
126
125
125
126
125
125
124
125
125
124
124
125
126
126
125
124
125
127
126
125
124
124
124
125
125
125
125
125
124
125
126
126
126
126
125
125
126
126
125
125
125
125
125
125
125
125
125
125
125
125
125
125
125
126
126
125
125
126
125
125
125
125
125
125
125
125
125
126
126
124
125
126
126
125
126
125
126
125
126
125
125
125
126
125
125
126
126
125
125
126
126
126
126
126
126
126
125
125
125
126
126
126
125
125
126
125
126
126
126
126
125
125
125
125
125
125
125
126
126
126
126
126
126
126
126
126
126
125
125
125
125
125
125
125
125
125
123
125
125
125
125
126
126
127
126
126
126
126
126
125
125
125
125
125
125
125
125
125
125
126
126
126
125
125
126
126
126
124
124
126
126
126
125
125
125
125
126
126
126
125
125
125
126
126
125
125
125
125
125
125
126
126
125
125
126
126
125
124
125
127
126
124
124
126
127
126
125
125
125
126
126
125
125
125
125
125
126
125
125
125
125
126
126
125
125
125
126
126
126
125
125
126
126
125
126
125
125
126
126
125
125
125
125
125
125
125
125
125
125
125
126
125
125
125
125
126
125
126
126
125
125
125
126
126
125
125
125
125
126
126
125
125
125
125
125
125
125
125
125
125
125
125
125
125
125
125
128
126
125
125
124
124
125
125
125
125
125
125
125
125
125
125
125
125
125
126
126
125
125
125
125
125
125
125
125
125
125
125
125
125
125
125
125
125
126
125
125
125
124
125
126
126
125
125
125
125
125
125
126
126
125
124
125
126
126
126
125
123
124
127
128
125
122
124
128
128
125
122
125
127
123
122
127
128
126
123
122
124
127
128
126
123
123
125
127
126
122
123
127
128
125
123
125
127
126
123
125
128
125
122
125
127
124
122
125
127
124
124
127
128
125
121
122
126
127
123
124
126
126
126
124
125
126
126
125
125
125
122
124
129
130
126
123
124
125
125
125
125
123
123
125
126
127
127
127
127
126
123
121
123
126
125
125
125
124
123
125
128
129
126
123
122
123
125
128
128
127
126
125
125
125
124
122
123
125
124
125
127
128
129
130
128
124
120
121
123
122
123
124
124
126
130
132
130
125
124
125
126
125
126
124
120
116
116
118
122
128
132
133
133
135
136
135
131
127
122
117
113
110
111
115
119
124
130
135
137
134
129
129
134
132
124
119
119
119
118
119
120
121
123
125
126
130
133
129
127
127
128
127
131
126
117
120
136
122
126
134
126
119
123
117
114
132
135
109
120
152
127
104
146
154
92
99
158
124
88
154
160
67
92
193
147
74
140
174
75
78
182
150
70
133
182
95
69
168
175
91
108
165
112
70
147
189
116
83
128
131
97
122
161
147
118
118
112
103
128
159
145
108
105
129
123
111
121
145
143
118
108
122
134
127
124
135
135
126
124
122
115
119
134
138
129
123
121
112
113
133
149
137
115
116
128
124
118
131
141
126
115
114
113
116
130
141
137
128
123
121
119
119
124
132
133
126
116
115
122
131
136
135
129
124
121
119
120
127
133
127
115
116
128
130
121
121
135
149
144
123
108
113
119
121
126
125
117
122
137
137
124
119
123
122
124
133
133
123
121
127
128
120
114
119
132
141
140
127
113
115
127
133
128
120
117
125
133
132
123
118
123
135
130
119
119
127
130
126
122
123
124
127
125
122
126
133
132
124
122
125
138
115
119
124
126
130
133
125
119
121
128
128
125
122
123
128
130
127
122
120
125
129
124
119
121
127
130
126
90
102
134
132
131
131
130
132
129
124
123
128
132
132
127
122
120
124
132
135
131
124
120
122
126
129
133
132
128
125
121
120
125
127
127
125
125
125
123
124
119
128
128
129
129
127
123
124
129
132
130
124
120
124
132
133
129
123
120
125
130
131
125
118
118
122
127
134
131
124
122
124
123
122
126
132
126
115
119
133
138
129
122
122
125
127
126
121
113
115
128
140
139
126
119
124
128
123
119
120
127
131
133
131
126
119
116
122
131
134
128
123
123
121
118
121
128
134
131
127
124
122
124
130
130
123
118
119
126
130
129
127
126
126
126
126
126
122
119
119
125
130
132
130
125
122
124
128
129
126
123
121
123
128
129
126
121
118
124
132
131
125
122
124
126
127
126
122
124
130
129
125
125
127
127
122
118
120
128
135
130
121
119
128
133
128
123
119
127
132
136
130
127
124
82
125
125
125
125
125
125
125
125
125
125
125
125
125
125
125
126
125
125
125
125
126
125
125
125
125
125
125
125
125
125
125
125
125
125
125
125
125
125
125
125
125
125
125
125
125
125
125
125
125
125
125
125
125
126
125
125
126
125
126
126
126
126
126
126
125
125
126
126
126
126
126
126
126
126
125
126
126
126
125
126
126
125
126
126
126
126
125
126
126
125
125
126
126
125
126
126
126
126
126
126
126
126
126
126
126
126
126
126
126
125
126
126
126
126
126
126
126
126
126
126
126
125
125
126
125
125
126
125
126
126
125
126
125
125
125
125
125
126
126
126
126
126
126
126
125
126
126
125
125
125
126
126
126
125
125
126
125
125
126
125
125
126
126
126
126
125
126
126
126
126
126
125
126
126
126
125
126
125
126
125
126
125
126
126
126
125
126
125
126
126
126
125
125
126
126
126
125
125
126
126
125
126
126
126
125
125
126
125
126
125
125
125
125
125
126
126
126
126
126
126
126
125
125
125
125
126
125
125
125
125
126
125
125
126
125
125
125
125
125
126
126
126
126
126
126
126
126
125
125
125
126
126
126
126
125
126
126
126
125
125
126
126
126
126
126
126
125
125
126
126
125
125
125
125
125
125
125
125
125
126
126
125
125
125
125
125
125
125
125
125
125
125
126
125
125
126
125
125
125
125
125
125
125
125
125
126
125
125
125
125
125
126
126
125
125
125
125
125
125
125
125
125
125
125
125
125
125
125
125
125
125
125
125
125
125
126
125
125
125
125
126
126
126
126
126
125
126
125
126
126
126
126
126
127
