127
126
126
125
126
126
43
125
126
126
126
126
126
126
126
126
126
126
125
126
126
126
126
126
126
126
126
126
126
126
126
126
126
126
126
126
126
126
126
126
126
125
126
126
126
126
126
126
125
126
126
126
126
125
126
125
126
126
125
126
126
125
126
126
125
126
126
126
126
126
126
126
126
126
126
126
125
126
126
126
126
126
126
126
126
126
126
126
126
126
126
126
126
126
126
126
126
126
126
126
126
125
125
125
126
125
125
125
125
125
126
126
125
126
125
126
126
126
125
126
125
125
126
125
125
126
125
126
126
126
126
126
125
125
125
125
125
125
125
125
125
125
125
125
125
125
125
125
125
125
125
125
125
125
125
125
125
125
125
125
125
125
125
125
125
125
125
125
125
125
125
125
125
125
125
125
125
125
125
125
125
125
125
125
126
125
125
125
126
125
126
126
125
125
126
126
125
125
126
126
126
126
126
126
125
125
126
126
126
125
125
126
126
126
125
125
126
126
126
126
126
126
126
126
126
126
126
125
126
126
126
126
126
126
126
126
126
126
125
125
125
126
126
126
125
126
126
126
126
126
126
125
125
126
126
125
126
126
126
126
126
126
126
126
126
126
126
126
126
126
126
126
126
126
126
126
126
125
126
125
125
125
126
126
126
125
126
126
126
125
126
126
126
125
126
126
126
125
126
126
126
125
126
125
126
125
125
125
126
125
126
126
125
126
126
126
126
125
126
125
126
126
126
126
126
126
125
126
126
126
126
126
126
126
126
126
126
126
126
126
126
125
126
126
126
126
126
125
126
125
126
126
126
126
126
125
126
126
126
126
126
126
126
126
126
126
126
126
125
126
125
126
125
126
126
125
126
126
125
125
126
126
125
126
126
126
125
126
125
126
126
126
126
125
126
126
126
125
126
126
126
126
125
125
125
125
125
125
125
125
125
125
125
125
125
125
125
125
125
125
125
125
125
125
125
125
125
125
125
125
125
125
126
126
126
125
125
126
126
125
126
126
125
125
125
126
126
125
125
125
125
125
125
125
125
125
125
125
125
125
125
125
125
125
125
126
126
126
125
125
125
125
125
125
125
125
125
125
125
125
125
125
125
125
125
125
125
125
125
125
125
125
125
125
125
125
125
125
125
125
125
125
125
125
125
125
125
125
125
125
125
125
126
124
125
126
125
126
126
126
125
126
125
125
126
126
125
125
126
125
126
125
125
126
126
126
125
126
126
126
126
125
126
126
125
125
125
126
124
126
126
126
126
126
126
126
126
126
126
126
126
126
126
125
126
126
125
125
126
126
126
126
125
126
126
126
126
126
126
124
126
126
126
126
126
127
126
125
125
125
125
125
124
124
124
125
126
127
129
129
126
125
131
133
123
114
121
134
122
100
124
187
162
59
55
157
211
120
49
97
187
181
52
76
219
153
26
97
210
147
78
189
236
71
40
30
210
255
173
10
3
122
255
235
124
56
51
99
132
145
162
119
74
136
196
139
90
113
96
78
133
186
145
96
99
126
141
135
144
147
96
69
116
150
141
146
144
112
102
115
123
134
140
132
118
113
129
146
137
107
92
110
139
150
144
135
121
103
110
132
135
123
123
132
131
125
127
134
131
122
119
116
116
124
135
134
128
125
122
118
117
125
138
143
129
114
115
127
131
128
124
124
128
133
129
120
119
124
126
127
129
129
126
123
122
121
121
125
130
131
129
127
124
122
123
125
127
128
126
125
125
126
128
130
130
128
126
125
125
121
120
122
123
125
127
128
128
129
128
126
125
124
125
125
125
125
125
126
127
128
126
125
126
126
126
126
126
125
126
127
127
126
125
125
125
125
126
126
126
125
126
126
125
124
124
125
126
127
127
128
129
128
126
124
123
124
125
125
125
126
126
126
126
126
125
123
125
126
127
127
126
125
126
126
126
126
125
125
125
125
124
126
127
126
124
124
126
126
126
126
126
126
125
125
126
127
126
125
124
125
126
126
125
125
125
125
126
126
126
125
126
126
126
125
126
126
126
125
126
126
125
124
123
124
127
127
125
124
125
127
128
126
126
126
126
127
126
125
125
125
125
125
126
126
125
125
125
125
125
125
125
124
125
126
126
126
126
126
125
126
126
125
126
126
126
125
125
126
125
124
125
125
126
126
126
126
126
126
126
126
126
125
125
125
125
125
125
125
125
125
125
125
126
126
126
126
126
125
125
126
126
125
124
125
126
125
125
125
125
126
125
125
125
128
126
125
126
126
125
126
126
125
125
125
125
125
125
125
126
125
125
125
126
126
126
125
125
125
126
126
126
126
125
125
125
125
125
126
125
125
125
125
126
126
125
125
125
125
126
125
125
126
125
125
125
125
125
125
125
125
125
125
125
125
125
126
126
126
126
126
126
125
128
119
125
126
127
125
126
127
126
126
125
125
126
126
126
126
125
125
126
126
126
125
125
126
125
126
126
126
125
126
123
122
126
126
126
127
127
127
127
126
126
126
126
126
126
126
125
125
126
126
126
126
126
126
126
126
126
126
125
126
125
126
126
125
125
126
126
124
123
125
126
126
127
126
126
126
127
126
126
126
126
126
127
126
125
125
125
126
126
126
125
124
125
125
126
126
126
126
126
126
126
126
125
125
125
125
125
125
125
125
125
125
126
126
126
126
126
126
126
126
125
125
125
125
125
125
126
126
126
126
126
126
126
126
125
125
125
125
126
125
125
126
126
126
126
126
126
126
126
126
126
125
126
125
125
125
125
125
126
125
125
126
126
126
126
126
126
126
126
126
126
126
126
126
126
125
125
126
125
125
125
125
125
125
126
126
126
126
126
126
126
126
125
125
126
126
126
126
126
126
125
126
126
125
126
126
125
126
126
126
125
125
126
125
126
127
128
126
125
125
124
124
125
125
125
125
126
125
125
126
126
126
126
126
125
126
126
126
126
125
125
125
126
126
126
126
126
125
125
126
126
126
126
127
129
126
125
126
124
124
125
125
125
125
125
125
125
125
125
125
125
126
125
126
126
125
125
125
126
126
125
126
125
125
125
126
126
126
125
125
125
125
126
125
126
125
125
126
126
125
125
125
125
125
125
125
125
125
124
126
126
126
126
126
126
126
126
125
125
125
124
126
127
126
124
125
126
127
127
126
125
124
125
126
125
125
124
124
124
125
125
125
125
124
125
126
127
127
127
126
127
126
126
126
124
124
125
125
126
126
125
125
125
126
127
126
125
125
124
125
126
125
125
125
125
125
125
126
127
126
125
125
125
126
126
125
125
124
125
126
125
125
126
126
126
126
125
125
125
126
126
125
125
124
125
127
126
125
124
126
127
143
92
128
124
129
127
127
126
126
127
128
125
125
125
126
126
126
126
126
125
125
124
126
126
128
127
125
124
126
126
106
95
133
126
128
130
132
131
130
129
128
129
128
126
126
126
127
126
126
127
128
128
127
126
126
127
128
127
126
126
127
128
127
126
125
125
128
119
125
123
126
127
130
129
128
128
128
127
126
125
126
126
125
125
126
127
126
125
125
126
127
125
123
125
126
126
125
125
125
126
126
125
125
126
127
125
124
126
126
126
126
125
125
125
125
126
125
125
126
125
125
125
126
126
125
125
126
125
125
124
124
124
125
125
126
126
126
127
127
126
125
125
126
126
126
127
125
124
125
126
127
126
125
125
125
125
126
126
125
124
124
124
124
124
124
125
125
126
127
128
129
128
126
126
127
128
124
123
124
125
126
126
126
126
127
127
126
127
127
127
126
125
125
124
126
125
124
125
125
126
126
126
126
126
126
125
125
125
127
126
124
124
125
126
126
133
129
127
124
124
122
123
125
125
125
126
125
126
127
125
125
125
127
42
125
125
125
125
125
125
125
125
125
125
125
125
125
125
125
125
125
125
125
125
125
125
125
125
125
125
125
125
125
125
126
125
125
125
125
125
125
125
125
125
125
125
125
125
125
125
125
125
125
125
125
125
125
125
125
125
125
125
125
125
125
125
125
125
125
125
125
125
125
125
125
125
125
125
125
125
125
125
125
125
125
125
125
125
125
125
125
125
125
125
125
125
125
125
125
125
125
125
125
126
125
125
125
126
126
126
126
125
126
126
125
126
126
126
125
125
125
125
126
125
125
125
126
125
126
126
125
126
126
126
126
125
125
125
126
125
125
126
126
126
126
126
126
126
126
126
126
125
126
125
125
126
126
126
126
126
126
125
126
126
126
126
126
125
126
125
126
125
125
125
126
125
126
125
125
125
125
125
125
125
125
125
125
125
125
125
125
125
125
125
125
125
125
125
125
125
125
125
125
125
125
125
125
125
125
125
125
125
125
125
125
125
125
125
125
125
125
125
125
125
125
125
125
125
125
125
125
125
125
125
125
125
125
125
126
125
125
125
125
125
125
125
125
125
125
125
125
125
125
125
126
125
125
125
125
126
126
125
125
125
126
125
125
125
125
125
125
126
125
126
125
126
125
125
125
125
125
126
125
125
125
125
125
125
125
125
125
125
125
125
125
125
125
125
125
126
125
125
125
125
125
125
125
125
125
125
125
126
125
125
125
125
125
125
126
125
126
126
125
125
125
125
125
125
125
125
125
125
125
125
125
125
125
125
125
125
125
126
125
125
125
126
125
125
125
125
125
125
125
125
125
125
125
117
