126
127
126
126
125
124
58
125
125
125
125
125
125
125
125
126
125
125
125
126
125
125
126
125
125
126
126
125
126
125
126
126
126
125
125
126
126
125
125
126
125
126
125
125
125
126
126
126
125
125
125
125
125
126
126
126
126
126
126
126
126
126
126
125
126
125
126
125
126
126
126
126
126
126
126
125
125
126
126
126
126
126
125
125
126
126
125
126
126
126
126
126
126
125
126
126
126
125
125
126
126
125
125
125
125
125
126
126
125
126
125
125
126
126
125
125
125
126
126
126
126
126
126
125
125
126
126
125
125
126
125
126
126
125
126
125
125
125
126
125
126
126
126
125
125
125
126
125
125
125
125
125
126
125
126
126
125
125
126
126
125
125
126
125
125
126
126
125
126
125
126
126
125
126
126
125
126
125
126
125
125
126
125
126
126
126
126
126
125
126
126
126
126
126
125
125
125
125
125
125
126
126
126
126
126
125
125
125
125
126
126
126
125
125
126
126
126
125
126
125
125
126
126
125
126
125
126
126
125
126
126
126
125
125
126
125
125
125
125
125
125
125
125
125
125
125
125
125
125
125
126
125
125
125
125
125
125
126
126
125
125
125
125
125
126
126
125
126
126
126
126
126
126
126
126
126
126
126
126
126
125
126
126
126
125
125
126
125
125
126
125
125
126
126
125
125
125
126
126
125
125
125
125
125
125
125
126
125
126
126
126
126
126
125
126
126
125
125
125
125
126
126
126
126
126
126
126
126
126
126
126
126
125
125
126
126
125
126
126
126
125
125
125
125
125
125
125
125
125
125
125
125
125
125
125
125
125
125
125
125
125
126
125
125
125
125
125
125
125
125
125
125
125
125
125
125
125
125
125
125
125
125
125
125
125
125
125
125
125
125
125
125
125
125
125
125
125
125
125
125
125
125
125
125
125
125
125
125
125
125
125
125
126
125
125
125
125
125
125
125
125
125
125
125
125
125
125
125
125
125
125
125
125
125
125
125
125
126
125
125
126
125
126
125
125
126
125
125
125
125
125
125
125
125
125
126
126
125
125
125
125
125
126
125
125
125
125
125
125
125
125
125
125
125
126
125
125
126
125
125
126
125
125
125
125
125
125
125
125
125
125
125
125
125
125
125
125
125
125
125
125
125
125
125
126
126
126
126
125
125
124
125
126
125
122
119
121
125
128
134
136
127
115
117
129
134
126
123
131
126
107
108
137
152
130
96
89
138
197
165
53
38
152
223
144
51
86
147
161
154
107
88
132
162
128
95
108
124
127
148
154
113
82
110
153
157
137
115
97
102
124
145
148
130
109
116
133
127
119
130
135
118
108
117
130
136
135
129
123
122
118
113
123
140
141
128
118
117
122
127
129
130
124
123
122
123
125
127
128
126
123
118
120
128
134
130
122
119
123
128
132
133
129
125
123
124
125
124
120
121
124
127
128
130
131
129
127
124
122
122
126
129
129
124
119
119
124
129
131
129
125
124
125
125
126
127
126
125
124
125
126
127
128
128
128
126
124
122
121
123
125
126
127
128
128
126
125
124
125
125
126
126
126
126
126
125
125
125
126
126
126
126
126
125
125
125
126
126
126
127
128
128
127
125
123
122
123
124
124
126
127
128
128
127
126
125
125
125
125
125
126
125
125
125
126
126
126
126
127
127
127
126
125
125
125
125
125
125
125
126
127
127
127
126
125
125
125
124
125
125
126
127
127
127
126
126
126
125
125
125
125
125
125
125
126
126
126
126
125
126
126
126
126
125
125
125
125
125
125
125
126
126
126
126
126
126
126
125
125
126
126
126
126
126
126
125
125
126
125
125
125
126
126
126
126
126
126
125
125
125
125
125
126
126
126
126
127
127
126
126
125
125
125
125
125
125
125
125
125
125
126
126
126
126
126
126
126
125
125
125
126
126
126
126
126
125
125
125
125
126
124
129
126
126
125
124
125
127
126
124
124
126
125
124
128
127
122
125
129
127
124
126
128
125
124
127
129
127
124
124
126
126
124
124
127
127
124
123
126
127
125
124
125
126
125
126
126
125
126
128
128
125
124
125
126
128
125
124
127
130
126
121
124
127
126
125
124
128
124
122
126
128
125
124
127
129
126
123
123
126
127
125
125
125
126
127
125
124
125
127
126
124
124
126
127
126
124
125
126
125
126
128
126
123
125
128
126
123
124
126
126
124
124
126
126
124
125
129
126
122
123
129
129
124
122
125
126
126
128
126
124
125
125
124
125
128
126
123
125
126
125
126
126
126
128
127
122
120
123
128
131
128
123
122
125
127
127
125
125
126
127
126
125
125
125
125
125
125
125
126
125
125
125
126
126
125
125
125
126
126
126
126
125
125
125
125
125
125
126
126
125
125
125
125
125
126
126
126
125
125
125
125
126
126
126
125
124
125
125
125
126
126
125
125
129
127
126
125
125
125
125
125
125
125
125
125
125
126
125
125
125
126
125
125
125
125
126
125
125
125
125
125
125
125
125
125
125
125
125
126
126
125
125
125
125
125
126
126
125
125
125
125
125
125
125
125
125
125
125
125
125
125
125
125
126
125
125
125
125
125
125
125
125
125
125
126
125
125
126
126
126
125
125
125
125
125
126
126
125
125
125
125
125
125
126
126
126
125
125
125
125
125
125
126
125
125
125
125
126
126
125
126
125
125
125
125
125
125
125
125
125
125
125
125
125
125
125
126
126
125
126
126
126
125
125
125
125
125
126
126
125
125
126
126
126
126
126
126
125
125
125
125
125
125
125
125
125
125
125
130
122
125
126
125
126
127
126
125
125
126
125
125
125
125
126
126
126
126
125
125
125
125
125
125
125
126
118
122
126
125
127
128
128
127
127
127
126
126
126
126
126
126
126
126
126
125
126
126
125
126
126
125
126
126
126
126
126
126
126
126
126
126
125
126
126
126
121
125
125
125
126
127
127
127
127
126
126
127
126
125
126
126
126
126
125
125
125
126
126
126
125
125
125
125
126
126
126
126
126
126
126
126
126
126
125
125
125
126
125
125
126
125
125
126
126
125
126
125
125
126
125
126
125
125
126
125
125
125
125
126
126
126
126
126
125
125
125
126
126
125
126
125
126
126
126
126
126
125
126
126
126
125
125
126
126
126
125
125
125
126
126
125
126
126
125
126
125
125
126
126
126
126
126
126
127
126
126
125
124
125
125
126
125
124
124
126
126
126
126
126
126
126
126
126
125
125
125
124
125
125
125
125
125
126
126
127
127
126
126
127
126
126
126
126
128
128
125
124
127
123
124
124
125
125
126
125
125
125
128
126
125
125
125
126
126
126
125
126
125
125
125
125
125
124
126
126
125
125
125
132
127
125
124
124
123
125
125
124
125
126
125
126
126
126
126
126
126
125
125
125
125
125
126
126
126
126
126
126
126
125
126
127
126
125
124
125
126
125
125
125
125
125
126
134
130
109
129
126
125
128
127
124
125
126
125
125
124
124
125
125
126
125
125
125
125
124
125
125
126
126
126
126
126
126
126
126
125
125
125
126
117
80
128
125
130
130
132
131
132
130
128
128
128
129
127
126
125
128
127
126
125
126
127
125
126
127
126
126
126
126
122
121
125
126
126
130
129
129
128
128
127
127
127
126
126
126
126
126
126
126
127
126
125
125
125
125
125
126
125
125
126
126
125
126
126
126
126
125
126
126
126
125
125
124
125
126
125
125
125
126
128
127
126
125
124
124
124
124
126
126
123
123
125
127
128
127
126
125
125
126
126
125
124
124
123
124
124
124
124
125
126
126
128
129
128
127
127
126
126
124
123
125
125
125
125
126
127
127
128
124
127
125
126
125
125
126
125
125
125
124
125
125
126
126
126
126
59
126
125
125
125
125
126
125
125
125
125
125
126
125
125
125
125
125
125
126
125
125
125
125
125
125
125
125
125
125
126
125
126
125
125
126
125
125
125
125
125
125
125
125
125
125
125
125
125
125
125
125
125
125
125
125
125
125
125
125
125
125
125
125
125
125
125
125
125
125
125
125
125
125
125
125
125
126
125
125
125
125
125
125
125
125
125
125
125
125
125
126
125
125
125
125
125
125
125
125
125
125
125
125
125
123
128
125
125
125
125
125
125
126
126
126
126
126
125
125
125
125
125
125
125
125
125
125
125
125
125
125
125
125
125
125
125
125
125
125
125
125
125
125
125
125
125
125
125
125
125
125
125
125
125
125
125
125
125
125
125
125
125
125
125
125
125
125
125
125
125
125
125
125
125
125
125
125
125
125
125
125
125
125
125
125
125
125
125
125
125
125
125
125
125
125
125
125
125
125
125
125
125
125
125
125
125
125
125
125
125
125
125
125
125
125
125
125
125
125
125
125
125
125
125
125
125
125
125
125
125
125
125
125
125
125
125
125
125
125
125
125
125
125
125
125
125
125
125
125
125
125
125
125
125
125
125
125
125
125
125
125
125
125
125
125
125
125
125
125
125
125
125
125
125
125
125
125
125
125
125
125
125
125
125
125
125
125
125
125
125
125
125
125
125
125
125
125
125
125
125
125
125
125
125
125
126
126
125
126
126
126
125
125
125
125
126
125
125
126
125
125
125
126
125
125
125
125
126
125
125
125
125
125
125
126
125
125
125
125
125
125
125
126
126
125
125
126
125
125
125
126
125
125
122
