122
129
126
124
131
135
83
126
126
126
126
126
126
126
125
126
126
126
125
126
126
126
126
126
126
126
126
125
126
126
125
125
126
125
126
125
125
126
126
125
126
125
125
125
125
125
125
125
125
126
125
126
125
126
126
125
125
126
125
126
126
126
126
126
125
125
125
126
125
125
125
126
126
126
126
125
126
125
126
125
125
126
125
126
126
126
125
125
125
125
125
126
125
126
125
126
126
125
125
126
126
126
126
125
125
126
125
125
126
126
125
126
125
126
126
126
126
126
126
126
126
126
126
126
126
126
126
126
126
126
126
125
125
126
126
126
126
126
126
126
126
126
126
126
125
125
125
126
125
126
125
126
126
126
125
125
125
126
126
126
125
125
126
126
126
126
126
126
126
126
125
126
125
125
125
125
125
125
125
126
126
126
125
125
126
125
125
125
125
125
126
125
125
126
126
126
125
125
125
125
125
125
125
125
125
125
125
125
125
125
125
125
125
125
125
125
125
125
125
125
125
125
125
125
125
125
125
125
125
125
125
125
125
125
125
125
125
125
125
125
125
125
125
125
125
125
125
125
125
125
125
125
125
125
125
125
125
125
125
125
125
125
125
125
125
125
125
125
125
125
125
125
125
125
125
125
125
125
125
126
125
125
125
126
125
126
126
126
126
125
126
125
126
126
126
126
126
125
126
126
125
126
125
126
126
125
125
125
126
126
126
125
126
125
126
125
126
126
126
125
126
125
125
126
126
126
126
125
125
125
125
125
125
126
126
125
126
125
125
125
126
126
126
125
125
126
126
125
125
126
126
125
126
126
125
125
125
125
125
125
126
125
125
125
125
125
125
126
125
125
125
125
125
125
126
125
125
125
125
125
125
125
125
125
126
125
125
125
125
125
125
125
125
125
125
125
125
125
125
125
125
125
125
125
125
125
125
125
125
125
125
125
125
125
125
125
125
125
125
125
125
125
125
125
125
125
125
125
125
125
125
125
125
125
125
125
125
125
125
126
125
125
126
125
125
125
126
125
125
125
125
126
126
126
125
125
125
125
125
125
125
125
125
125
125
125
125
126
125
126
125
125
125
125
125
125
125
125
125
125
125
125
125
125
125
125
125
126
125
125
125
125
125
125
125
125
125
126
125
125
125
125
125
125
125
125
125
125
125
125
125
125
125
125
125
125
125
125
125
125
125
125
125
125
125
125
126
125
125
126
125
125
125
125
125
125
125
125
125
125
125
125
125
125
125
125
125
125
125
125
125
125
125
126
125
125
125
125
125
125
125
125
125
125
125
125
125
125
125
125
125
125
125
125
125
125
125
125
125
125
125
125
125
125
125
125
125
125
125
125
125
126
126
125
125
125
125
125
125
124
125
125
125
126
126
126
125
125
125
126
126
125
124
125
125
125
125
125
125
125
125
125
126
126
123
123
126
129
126
123
123
126
127
126
124
123
123
125
127
128
127
125
125
125
125
126
125
124
125
125
125
125
126
125
125
126
126
125
125
126
126
125
124
124
125
125
125
125
126
127
127
126
126
125
125
126
126
126
125
124
125
125
126
125
125
125
125
126
126
126
125
125
125
126
126
125
125
125
125
126
126
125
125
125
126
126
126
125
125
126
126
126
125
125
125
125
125
126
125
124
125
126
125
126
126
126
126
127
125
125
126
126
125
125
125
125
125
125
126
126
125
124
125
126
126
127
126
126
126
126
126
125
125
125
126
126
126
126
126
127
126
126
126
126
125
126
126
125
125
125
125
125
126
126
125
125
126
126
125
126
126
126
125
126
126
124
124
126
125
125
126
126
126
126
126
126
126
126
126
126
126
126
125
125
125
126
126
125
125
125
125
125
125
125
126
125
125
126
126
125
125
126
126
125
125
126
126
126
125
125
126
125
126
126
126
125
126
126
125
125
125
126
125
125
126
126
125
126
126
126
125
126
126
125
125
126
126
126
125
125
126
125
125
126
126
125
125
126
126
126
126
126
126
125
126
126
126
125
125
125
125
125
125
125
126
125
125
125
126
126
126
125
125
126
126
126
125
126
126
125
125
126
126
126
126
126
126
126
126
125
125
126
126
126
126
125
125
125
126
126
125
125
126
126
126
125
125
126
126
125
125
126
126
126
125
127
126
126
126
126
125
125
125
125
125
125
125
125
125
125
126
126
125
125
126
126
126
126
125
125
126
128
126
125
125
125
124
125
125
125
125
125
125
125
126
125
125
125
126
125
125
125
125
125
125
125
125
125
125
125
125
125
125
125
125
125
125
125
126
126
125
125
125
125
126
125
125
125
125
126
126
125
125
125
125
125
125
125
125
125
125
125
125
125
125
125
125
125
125
125
125
125
126
126
125
125
125
125
125
125
125
125
125
125
125
125
125
125
126
125
125
125
126
126
125
125
126
125
125
125
125
125
125
125
125
126
125
125
125
125
125
125
125
125
126
125
125
126
126
125
124
125
126
129
116
123
125
125
125
127
129
126
125
125
126
126
126
125
124
125
127
126
125
124
127
124
120
125
126
125
127
130
129
125
123
125
128
129
126
123
125
128
126
122
124
128
125
124
128
128
125
126
126
121
122
129
127
123
127
130
128
127
126
124
125
129
125
119
120
126
128
123
127
128
129
125
126
128
127
122
121
127
128
125
125
127
128
127
125
121
121
123
126
128
128
127
127
127
126
123
124
126
126
123
123
130
130
122
123
130
128
120
121
125
125
125
127
130
130
129
125
124
125
123
119
116
120
125
128
132
137
136
132
128
122
118
118
118
117
118
120
121
124
129
135
139
139
136
135
134
129
121
116
114
113
110
108
112
119
125
128
133
140
144
144
142
139
133
126
117
112
108
108
109
112
118
124
131
135
138
138
137
136
133
129
124
119
118
119
120
122
124
125
126
125
126
126
125
125
127
127
127
126
129
133
131
125
124
123
118
118
124
122
117
119
121
122
134
143
131
129
137
127
118
129
127
114
120
125
108
113
143
142
127
141
135
99
115
162
138
96
125
136
84
106
179
145
79
135
158
76
86
183
154
75
129
182
93
58
156
181
100
104
166
127
66
123
188
132
85
138
158
98
87
146
147
104
125
160
121
78
115
159
138
110
126
138
115
108
140
145
128
124
132
121
95
103
139
156
132
107
114
130
127
126
133
130
118
121
123
113
112
136
150
136
123
120
116
113
124
128
118
124
139
135
112
104
121
145
155
157
148
109
74
95
136
142
132
125
114
108
126
142
139
124
111
114
135
150
138
118
115
121
121
115
113
121
136
141
126
113
117
131
140
134
125
119
116
129
123
96
135
117
124
132
133
124
121
128
133
131
127
123
120
123
129
128
124
128
133
130
129
128
122
107
77
134
127
133
136
133
129
131
134
129
124
124
126
126
128
129
129
127
129
130
128
124
122
125
130
128
123
121
124
128
127
126
128
129
126
122
124
131
135
129
121
113
118
121
125
130
135
133
126
123
127
132
132
128
122
123
127
125
121
125
130
126
118
117
127
136
132
121
116
123
131
128
121
123
128
127
125
125
127
125
124
127
131
130
125
123
125
123
120
122
129
128
121
120
127
131
127
122
123
126
130
128
118
117
129
138
131
116
115
127
134
129
126
129
126
117
117
124
128
126
124
124
126
130
131
129
124
121
122
122
123
129
134
130
124
122
125
127
127
128
126
119
117
122
128
129
126
124
125
131
134
127
120
119
121
122
123
126
126
124
124
128
132
132
128
122
123
129
135
133
126
120
119
122
127
130
127
122
119
121
128
132
129
123
119
126
132
128
121
121
124
137
125
121
122
125
127
128
126
126
123
122
124
127
124
124
127
126
123
127
132
128
119
119
121
126
129
127
127
129
141
82
126
126
126
126
126
126
125
126
126
126
126
126
126
126
126
126
126
126
125
126
126
126
125
126
126
126
126
126
126
126
126
126
125
126
126
125
126
125
126
126
126
126
125
125
125
125
125
125
126
125
125
125
126
125
125
125
125
125
125
125
125
125
125
126
126
125
125
125
125
125
125
125
125
125
125
125
125
125
125
125
125
125
125
125
125
125
125
125
125
125
125
125
126
125
125
125
126
125
125
125
125
125
125
125
125
125
125
125
125
125
125
125
125
125
125
125
125
125
125
125
125
125
125
125
125
125
125
125
126
125
125
125
126
125
126
125
125
125
125
126
126
125
125
125
125
125
125
125
125
125
126
125
125
125
125
125
125
125
125
125
125
125
125
125
125
125
125
125
125
125
125
125
125
126
125
125
125
125
125
125
126
125
125
125
125
126
125
125
125
125
126
125
125
125
125
125
125
125
125
125
125
125
125
126
125
125
125
125
125
125
125
125
125
125
125
125
125
125
125
125
125
125
125
125
125
125
125
125
125
125
125
125
125
125
125
125
125
125
125
125
125
125
125
125
125
125
125
125
125
125
125
125
125
125
125
125
125
125
125
125
125
125
125
125
125
125
125
125
125
125
125
125
125
125
125
125
125
125
125
125
125
125
125
125
125
125
125
125
125
125
125
125
125
125
125
125
125
125
125
125
125
125
125
125
125
125
125
125
125
125
125
125
125
125
125
125
125
125
125
125
125
125
125
125
125
126
124
125
125
125
125
126
126
126
126
126
125
125
125
126
125
126
126
126
126
126
126
125
125
125
125
126
126
114
