133
123
119
127
132
128
97
126
126
126
126
126
126
125
125
125
125
126
126
126
126
126
126
126
126
125
126
126
126
126
125
126
125
126
126
125
125
125
125
126
125
125
126
125
125
126
125
126
126
126
125
125
125
126
125
125
126
126
125
125
125
125
125
126
125
126
126
126
126
125
126
126
125
125
125
125
126
125
126
125
125
126
126
125
126
126
126
126
126
126
126
126
126
125
126
126
126
125
125
126
126
125
126
126
126
126
126
125
126
125
125
126
126
125
125
125
126
126
126
125
125
125
126
126
125
125
125
125
125
125
125
125
125
125
125
125
126
125
125
125
125
126
125
125
125
125
125
125
125
126
125
126
125
126
125
125
125
125
125
125
126
125
125
125
125
125
125
125
125
125
125
125
125
125
125
125
125
125
125
125
125
125
125
125
125
125
125
125
125
125
125
125
125
125
125
125
125
125
125
125
125
125
125
125
125
125
125
125
125
125
125
125
125
125
125
125
125
125
125
125
125
125
125
125
125
125
125
125
125
125
125
125
125
125
125
125
125
125
125
125
125
125
125
125
125
125
125
125
125
125
125
125
125
125
125
125
125
125
125
125
125
125
125
125
125
125
125
125
125
125
125
125
125
125
125
125
125
125
125
125
125
125
125
125
125
125
125
125
125
125
125
125
125
125
125
125
125
125
125
125
125
125
125
125
125
125
125
125
125
125
125
125
125
125
125
125
125
125
125
125
125
125
125
125
125
125
125
125
125
125
125
125
125
125
125
125
125
125
125
125
125
125
125
125
125
125
125
125
125
125
125
125
125
125
125
125
125
125
125
125
125
125
125
125
125
125
125
125
125
125
125
125
125
125
125
125
125
125
125
125
125
125
125
125
125
125
125
125
125
125
125
125
125
125
125
125
125
125
125
125
125
125
125
125
125
125
125
125
125
125
125
125
125
125
125
125
125
125
125
125
125
125
125
125
125
125
125
125
125
125
125
125
125
125
125
125
125
125
125
125
125
125
125
125
126
125
125
125
125
125
125
125
125
126
124
125
125
126
126
126
126
125
125
126
125
126
126
125
125
125
125
125
125
125
125
126
126
126
126
126
126
126
126
125
125
125
125
125
125
126
126
126
126
126
126
126
125
125
125
125
125
125
125
125
125
126
126
126
126
125
125
126
125
126
125
125
125
126
125
125
126
124
125
126
126
125
126
126
126
126
125
125
125
126
125
125
125
125
125
125
125
125
125
125
125
125
125
125
125
125
125
125
125
125
125
125
125
125
125
125
125
125
125
125
125
126
126
125
125
125
125
125
125
125
125
125
126
125
125
125
125
125
125
125
126
125
125
125
125
125
125
125
125
125
125
125
125
126
126
126
126
125
125
125
125
126
125
125
125
126
126
126
125
125
125
125
126
126
125
125
125
125
125
125
125
125
125
125
126
126
126
126
126
126
126
125
125
125
125
125
125
125
126
126
126
126
126
126
126
125
125
125
125
125
126
125
125
125
126
126
126
125
125
125
125
125
126
125
125
125
126
127
125
125
125
125
125
125
125
125
125
125
125
125
125
125
125
125
125
125
125
125
125
125
125
125
125
125
125
125
125
125
125
125
125
126
125
125
125
125
125
125
125
125
125
125
125
125
125
125
125
125
125
125
125
126
125
125
125
125
125
125
125
125
125
125
125
125
125
125
126
125
125
125
125
125
125
125
125
125
125
125
125
125
125
125
126
125
125
125
125
125
125
125
125
125
125
126
126
126
125
125
125
125
125
125
125
125
125
125
125
125
125
125
125
125
125
126
125
126
125
125
125
125
125
125
125
125
126
125
125
125
125
125
125
125
125
125
125
125
125
125
125
125
126
125
125
125
125
125
125
125
125
125
125
125
125
125
125
125
125
125
125
125
125
125
125
125
125
125
125
125
125
125
125
125
125
125
125
125
125
126
125
126
125
125
125
125
125
125
125
126
125
125
125
125
125
125
125
125
125
125
125
125
125
125
125
125
125
125
125
125
125
125
125
125
125
125
125
125
125
125
125
125
125
125
126
125
125
125
125
125
125
125
125
125
125
125
125
125
125
125
125
125
125
125
125
125
125
125
125
125
125
125
125
125
126
126
126
125
125
125
125
125
126
126
125
124
126
126
126
125
125
125
125
126
125
125
125
125
124
125
125
125
125
125
125
126
126
126
126
126
126
126
127
125
123
124
125
125
126
126
126
126
126
126
126
126
126
125
125
125
126
126
125
125
126
125
125
125
126
126
126
126
126
126
126
126
126
125
125
126
126
125
126
126
127
126
126
125
125
126
126
126
125
125
126
126
125
125
126
125
125
126
126
125
124
125
126
126
122
125
126
126
125
126
126
126
126
127
126
126
126
126
126
126
126
126
126
125
125
126
125
125
125
126
125
124
125
126
126
125
126
126
126
126
126
125
125
125
125
126
126
125
124
126
126
126
126
125
125
126
126
125
125
125
126
126
125
125
125
125
125
125
126
126
126
127
127
127
126
126
125
124
124
125
125
125
124
125
126
127
126
126
126
126
125
125
126
125
125
125
126
126
125
125
126
127
126
125
126
127
126
125
126
126
124
123
126
125
122
122
124
125
127
129
133
135
133
128
125
127
127
124
121
118
106
96
110
133
139
129
121
122
138
159
152
119
105
119
131
133
135
130
120
118
122
122
120
119
118
118
127
131
129
122
118
122
128
130
129
130
130
129
128
128
126
126
126
123
122
124
125
126
126
125
123
122
125
126
123
121
124
126
124
124
127
128
126
124
125
128
129
126
125
126
128
126
124
125
128
128
126
125
126
125
123
123
126
126
124
123
126
126
125
124
125
127
126
124
125
128
127
126
125
123
124
125
125
125
125
125
125
125
126
127
126
125
125
125
126
125
123
124
125
124
125
125
126
126
126
126
126
126
125
124
124
125
125
126
126
125
124
125
126
126
124
124
124
125
125
126
125
126
126
125
125
125
126
126
126
126
126
126
126
125
126
126
125
125
126
126
125
124
124
125
126
124
123
123
124
124
123
123
126
127
126
126
127
127
126
126
127
126
126
126
126
126
125
125
125
125
125
125
124
124
124
125
124
124
124
125
126
125
124
125
126
126
126
125
125
126
126
126
125
125
126
127
126
126
125
126
126
126
124
124
124
124
125
125
124
124
126
126
126
124
125
127
128
127
126
126
126
133
115
93
117
116
136
146
132
116
123
150
168
145
86
64
113
162
146
103
92
123
154
153
128
111
117
131
135
134
130
117
111
122
135
140
124
107
119
137
134
130
131
133
134
126
111
114
134
139
120
106
114
131
134
127
122
127
132
131
123
119
124
129
128
124
124
127
129
122
125
122
120
121
126
127
128
127
128
128
132
129
124
121
123
127
128
125
124
126
127
129
126
123
123
125
126
123
123
127
129
124
122
122
127
129
127
122
120
122
128
131
129
125
123
126
127
127
126
124
121
122
125
125
125
127
129
129
129
133
127
118
122
130
124
118
117
122
125
122
122
126
128
127
131
136
131
122
121
128
128
122
120
123
126
130
133
133
126
114
104
105
130
152
146
130
121
122
124
118
118
116
104
116
154
155
116
105
128
136
128
128
132
126
121
126
125
120
123
125
117
114
129
138
131
123
128
140
143
127
108
108
125
136
125
114
114
117
117
132
143
128
118
153
178
132
80
113
142
83
18
113
255
217
41
54
156
160
112
114
121
122
138
150
135
113
105
104
116
136
131
118
126
139
141
138
123
109
118
137
134
120
116
115
115
124
137
134
123
115
119
130
139
140
129
110
107
129
136
123
123
127
124
120
125
127
129
129
122
120
127
131
123
121
121
120
130
138
130
119
118
128
133
129
96
125
125
125
126
126
126
125
125
125
125
125
125
125
125
125
125
125
125
125
125
125
125
125
125
125
125
125
125
125
125
125
125
125
125
125
125
125
125
125
125
125
125
125
125
125
125
125
125
125
125
125
125
125
125
125
125
125
125
125
125
125
125
125
125
125
125
125
125
125
125
125
125
125
125
125
125
125
125
125
125
125
125
125
125
125
125
125
125
125
125
125
125
125
125
125
125
125
125
125
125
125
125
125
125
125
125
125
125
125
125
125
125
125
125
125
125
125
125
125
125
125
125
125
125
125
125
125
125
125
125
125
125
125
125
125
125
125
125
125
125
125
125
125
125
125
125
125
125
125
125
125
125
125
125
125
125
125
125
125
125
125
125
125
125
125
125
125
125
125
125
125
125
125
125
125
125
125
125
125
125
125
125
125
125
125
125
125
125
125
125
125
125
125
125
125
125
125
125
125
125
125
125
125
125
125
125
125
125
125
125
125
125
125
125
125
125
125
125
125
125
125
125
125
125
125
125
125
125
125
125
125
125
125
125
125
125
125
125
125
125
125
125
125
125
125
125
125
125
125
125
125
125
125
125
125
125
125
125
125
125
125
125
125
125
125
125
125
125
125
125
125
125
125
125
125
125
125
125
125
125
125
125
125
125
125
125
125
125
125
125
125
125
125
125
125
125
125
125
125
125
125
125
125
125
125
125
125
125
125
125
125
125
125
125
125
125
125
125
125
125
125
125
125
125
125
125
125
125
125
125
125
125
125
125
125
125
125
125
125
125
125
125
125
125
125
125
125
125
125
125
125
125
125
125
