126
125
124
125
125
126
29
126
125
126
125
125
125
125
126
125
126
126
125
126
125
125
126
126
125
125
126
125
126
125
126
126
125
125
125
125
125
125
125
125
125
126
126
126
126
126
125
125
125
125
125
126
126
125
126
126
125
125
125
125
125
125
125
125
125
125
125
125
125
126
125
125
126
125
125
126
125
125
125
125
126
125
125
125
126
125
126
125
125
125
125
125
126
126
126
126
125
125
126
125
125
125
125
125
125
125
125
125
125
125
125
125
125
125
125
125
125
125
125
125
125
125
125
125
125
125
125
125
125
125
125
125
125
125
125
125
125
125
125
125
125
125
125
125
125
125
125
125
125
125
125
125
125
125
125
125
125
125
125
125
125
125
125
125
125
125
125
125
126
125
125
125
125
125
125
125
125
125
125
125
125
125
125
125
125
125
125
125
125
125
125
125
125
125
125
125
125
125
125
125
125
125
125
125
125
125
125
125
125
125
125
125
125
125
125
126
125
125
126
125
125
125
125
125
125
125
125
126
125
125
125
125
125
125
125
125
125
125
125
125
125
125
125
125
125
126
125
125
125
125
125
125
125
125
125
125
125
125
125
125
125
125
125
125
125
125
125
125
125
125
125
125
125
125
125
125
125
125
125
125
125
125
125
125
125
125
125
125
126
126
125
125
125
125
125
125
125
126
125
125
125
125
126
126
125
125
125
126
125
125
125
126
125
125
125
125
126
126
125
125
125
125
125
125
125
125
125
125
125
126
126
125
125
125
126
126
126
125
125
125
125
126
126
125
125
125
125
125
124
125
126
125
126
127
127
125
124
125
127
126
124
124
126
126
124
122
125
129
129
125
122
123
125
125
125
127
127
125
124
127
129
123
112
109
123
150
162
138
104
98
119
133
130
123
121
120
120
124
133
136
133
127
116
109
116
137
148
140
122
106
105
108
125
156
153
106
102
151
143
85
91
158
167
130
109
92
97
144
162
134
140
149
77
47
136
212
162
77
71
130
177
151
101
92
123
142
130
118
123
124
119
126
142
140
118
101
107
129
146
141
122
116
124
128
121
121
130
130
118
113
124
134
132
125
124
128
128
121
117
120
129
134
131
124
119
119
123
127
129
128
127
126
126
125
124
122
120
121
125
129
129
128
127
128
125
124
122
122
124
126
126
126
126
126
125
125
125
125
125
124
124
126
127
127
127
127
126
125
123
122
123
125
127
128
127
126
125
125
125
125
125
126
125
125
125
125
125
125
125
126
125
125
125
125
126
127
127
126
125
124
124
124
126
126
126
126
126
125
125
125
124
125
126
126
126
126
125
125
125
125
125
125
126
125
125
126
125
125
125
125
126
126
126
126
125
125
125
125
125
125
125
125
125
125
126
126
126
125
125
125
125
125
125
126
125
125
125
125
125
125
125
125
125
125
126
126
126
126
126
126
125
125
125
125
125
125
125
125
125
125
125
125
125
125
125
125
125
125
125
125
125
125
125
126
125
125
125
125
125
125
125
125
125
125
125
125
125
126
126
126
126
126
126
125
125
125
125
125
125
125
125
125
125
125
125
125
125
126
125
125
125
125
125
125
125
125
125
125
125
125
125
125
126
125
125
125
125
125
125
125
125
125
126
126
126
126
125
125
127
126
125
125
125
125
125
125
125
125
125
125
125
125
125
125
125
125
126
126
125
125
125
125
125
125
125
125
125
125
125
125
125
125
125
126
125
125
125
125
125
125
125
125
125
125
125
125
125
125
125
125
125
125
125
126
126
125
125
125
125
125
125
125
125
126
126
125
125
125
126
126
126
125
125
125
125
125
125
125
125
125
125
125
125
125
124
125
126
126
126
126
126
125
125
125
125
125
125
125
125
124
125
126
126
126
126
126
125
125
125
125
125
125
125
125
125
125
126
125
125
125
126
125
126
126
126
125
126
125
125
125
125
123
124
126
126
126
127
126
126
126
125
125
126
126
126
126
126
126
126
126
126
125
125
125
125
126
126
126
126
125
125
126
126
126
124
124
125
125
125
126
126
126
126
126
126
126
126
126
125
125
126
125
125
125
125
125
125
125
125
125
125
126
126
125
125
125
125
125
125
125
125
125
125
125
126
125
125
125
125
125
125
125
126
126
127
126
125
125
125
125
126
126
125
126
126
125
125
125
126
126
126
125
126
127
126
124
124
126
126
125
125
126
127
126
125
125
126
127
126
126
126
125
123
125
126
127
125
124
124
125
127
127
126
125
125
125
126
127
126
125
125
127
126
125
125
125
125
126
126
125
126
125
125
126
125
126
126
126
125
125
125
125
125
126
126
125
125
126
126
126
126
126
126
126
125
126
126
125
125
125
125
125
126
127
125
125
125
125
125
126
126
125
125
126
125
125
125
125
125
125
126
126
126
126
126
126
126
126
125
125
125
125
125
125
125
125
125
125
125
125
126
125
126
126
128
126
125
125
125
124
125
124
125
125
125
125
125
125
126
126
125
125
125
125
126
125
125
125
125
125
125
125
125
125
125
125
125
125
125
125
125
125
125
125
125
125
125
125
125
125
125
125
125
125
125
126
126
125
125
125
125
125
125
125
125
125
125
125
125
125
125
126
125
125
125
125
125
125
125
128
122
124
125
125
125
126
126
126
125
125
126
125
125
125
125
125
126
125
126
126
125
125
125
126
126
125
125
125
125
126
125
125
125
125
126
126
125
125
125
125
126
126
125
125
125
125
125
126
126
125
125
125
125
125
125
125
126
126
125
125
125
125
125
125
125
125
125
125
125
125
125
125
125
125
125
126
126
125
125
125
125
125
126
125
125
125
125
125
125
125
125
125
125
125
125
125
125
125
126
126
125
125
126
126
126
125
124
124
125
128
126
123
124
125
127
129
126
121
122
129
130
126
120
118
126
132
125
121
126
128
128
126
128
127
131
125
119
123
129
123
119
126
129
124
122
124
127
127
124
124
126
126
124
124
126
126
125
126
127
126
125
125
126
126
125
124
125
125
125
126
125
124
125
125
126
121
125
125
126
126
128
127
126
126
125
125
125
125
125
125
126
126
126
126
126
127
126
126
126
125
125
124
125
125
124
124
124
125
125
125
126
126
125
126
126
125
126
125
125
125
125
125
126
126
126
126
125
125
125
125
126
126
125
125
125
126
125
125
125
124
125
125
125
125
125
125
126
126
125
133
146
115
127
124
124
125
127
124
125
125
124
124
125
125
125
125
125
125
125
124
125
125
125
125
125
125
126
126
126
126
126
126
126
126
126
125
125
126
126
125
126
126
126
126
125
125
126
126
126
126
125
126
126
126
126
126
126
126
125
126
126
125
126
126
126
126
125
126
126
125
126
126
125
117
124
125
126
127
128
128
127
128
127
126
127
127
127
126
126
126
126
125
126
126
126
126
125
125
125
125
125
125
125
125
125
125
126
125
125
125
126
126
125
125
125
125
125
126
126
125
125
125
125
126
125
125
125
125
126
125
125
126
125
125
126
125
126
125
125
125
126
126
126
124
124
132
129
126
125
126
125
124
125
124
124
125
126
125
125
125
125
125
126
125
126
126
126
126
125
125
125
126
126
126
120
122
127
127
126
128
128
127
127
127
126
126
126
126
126
126
125
125
125
126
125
125
125
125
125
125
125
125
126
126
125
126
126
126
126
125
126
124
126
127
126
124
125
125
126
126
126
126
126
134
128
126
125
124
122
122
124
124
124
125
124
125
126
126
126
126
126
126
126
126
126
125
125
125
125
126
125
126
126
125
126
127
125
126
124
124
125
125
125
125
125
125
126
125
125
125
125
126
126
126
125
125
126
126
124
126
126
125
126
125
126
126
124
124
125
126
126
126
125
125
125
126
30
125
125
125
125
125
125
125
125
125
125
125
125
125
125
125
125
126
125
125
125
125
125
125
125
125
125
125
125
125
125
125
126
125
125
125
126
125
126
126
126
125
126
126
126
126
125
126
125
126
126
125
126
125
125
126
125
126
126
125
126
126
126
126
126
125
126
126
126
125
126
125
126
125
126
126
126
125
126
125
126
126
126
126
126
125
125
125
125
125
126
126
125
126
126
125
126
126
126
125
125
125
126
125
125
126
126
125
125
125
125
126
126
125
125
126
125
125
125
126
125
125
125
125
126
126
126
125
125
126
125
126
126
125
125
125
126
125
126
125
126
126
126
125
126
126
126
125
125
126
126
126
126
125
125
125
126
126
125
126
125
125
125
126
126
126
126
125
125
125
125
126
125
126
126
126
126
125
126
125
125
126
126
125
125
126
126
126
125
126
125
125
125
125
126
126
126
125
126
125
126
125
125
125
125
125
126
126
125
126
125
125
125
126
126
125
125
126
126
125
125
125
126
125
126
126
126
125
125
125
125
125
125
126
125
126
126
126
126
126
125
125
126
125
126
125
125
125
125
126
125
125
125
126
126
126
125
125
125
125
125
125
125
125
125
125
125
125
125
125
125
125
125
125
125
125
125
125
126
125
125
125
125
125
126
126
125
125
125
125
126
125
125
125
126
125
125
126
126
125
125
125
125
125
125
125
125
125
125
126
126
125
125
126
126
126
125
125
124
125
126
126
125
125
125
125
125
125
125
125
125
125
126
126
127
128
128
125
120
120
124
129
129
125
119
121
130
133
127
121
123
127
126
127
125
