127
127
125
124
126
128
89
125
125
125
125
125
125
125
125
125
125
125
125
125
125
125
125
125
125
125
125
125
125
125
125
125
125
125
125
125
125
125
125
125
125
125
125
125
125
125
125
125
125
125
125
125
125
125
125
125
125
125
125
125
125
125
125
126
125
125
125
125
125
125
125
125
125
125
125
125
125
125
125
125
125
125
125
125
125
125
125
125
125
125
125
125
125
125
125
125
125
125
125
125
125
125
125
125
125
125
125
125
125
125
125
125
125
125
125
125
125
125
125
125
125
125
125
125
125
125
125
125
125
125
125
125
125
125
125
125
125
125
125
125
125
125
125
125
125
125
125
125
125
125
125
125
125
125
125
125
125
125
125
125
125
125
125
125
125
125
125
125
125
125
125
125
125
125
125
125
125
125
125
125
125
125
125
125
125
125
125
125
125
125
125
125
125
125
125
125
125
125
125
125
125
125
125
125
125
125
125
125
125
125
125
125
125
125
125
125
125
125
125
125
125
125
125
125
125
125
125
125
125
125
125
125
125
125
125
125
125
125
125
125
125
125
125
125
125
125
125
125
125
125
125
125
125
125
125
125
125
125
125
125
125
125
125
125
125
125
125
125
125
125
125
125
125
125
125
125
125
125
125
125
125
125
125
125
125
125
125
125
125
125
125
125
125
125
125
125
125
125
125
125
125
125
125
125
125
125
125
125
125
125
125
125
125
125
125
124
125
125
125
125
125
125
125
125
125
125
125
125
125
125
125
125
125
125
125
125
125
125
125
125
125
125
125
125
125
125
125
125
125
125
125
125
125
125
125
125
125
125
125
125
125
125
125
125
125
125
125
125
125
125
125
125
125
125
125
125
125
125
125
125
125
125
125
125
125
125
125
125
125
125
125
125
125
125
125
125
125
125
125
125
125
125
125
125
125
125
125
125
125
125
125
125
125
125
125
125
125
125
125
125
125
125
125
125
125
124
125
126
125
126
126
125
125
126
125
126
125
126
125
126
126
126
125
126
126
126
126
125
125
125
125
125
126
125
125
126
125
126
126
125
125
125
126
125
125
125
126
126
125
125
125
125
125
125
125
125
125
126
126
125
126
125
126
125
125
125
125
126
126
125
125
124
125
126
126
125
126
126
126
126
126
125
125
126
125
125
125
125
125
125
125
126
125
125
125
125
125
125
125
125
125
125
125
125
125
125
125
125
125
125
125
125
125
125
125
125
125
125
126
126
125
125
125
125
125
125
125
125
125
125
125
125
125
125
125
125
125
125
125
125
125
125
125
125
125
125
125
125
125
125
125
125
125
125
125
125
125
125
125
125
125
125
125
125
125
125
125
125
125
125
125
125
125
125
125
125
125
125
125
125
125
125
126
125
125
125
125
124
125
125
126
126
126
126
125
126
126
126
125
125
125
126
125
125
125
125
125
125
126
125
125
125
125
125
125
125
125
125
125
127
126
125
125
125
125
125
125
125
125
125
125
125
125
125
125
125
125
125
125
125
125
125
125
125
125
125
125
125
125
125
125
125
125
125
125
125
125
125
125
125
125
125
125
125
126
125
125
125
125
125
125
125
125
125
125
125
125
125
125
126
125
126
125
125
125
125
125
125
125
125
125
125
125
125
125
125
125
125
125
125
125
125
125
125
125
125
125
125
125
125
125
125
125
125
125
125
125
125
125
125
125
125
125
125
125
125
125
125
125
125
125
125
125
125
125
125
126
125
125
125
125
125
125
125
125
125
125
125
125
125
125
125
125
125
125
125
125
125
125
125
125
125
125
125
125
125
125
125
125
125
125
125
125
125
125
125
125
125
125
125
125
125
125
125
125
125
125
125
125
125
125
126
125
125
125
125
125
125
125
125
125
125
125
125
125
125
125
125
125
125
126
126
126
125
125
125
125
125
125
124
125
125
125
125
125
125
125
125
125
125
125
125
125
125
126
125
125
125
125
125
125
125
125
125
125
125
125
125
125
126
125
125
126
126
125
125
125
125
125
125
126
125
124
125
125
125
125
125
125
125
126
126
125
125
126
125
125
125
126
125
125
125
126
125
124
125
126
125
125
126
125
124
125
126
125
125
125
125
125
125
125
125
125
125
125
125
125
125
125
126
125
125
126
126
125
125
125
125
124
125
126
125
125
125
125
125
125
125
126
125
125
125
125
125
125
125
125
125
125
126
125
124
124
125
126
126
125
125
123
133
125
122
121
121
123
125
127
127
126
127
127
126
125
125
125
124
124
125
125
126
125
125
125
125
125
125
125
125
125
125
125
125
125
125
125
125
125
125
125
125
125
125
125
125
125
125
125
125
125
125
125
125
125
125
125
125
125
125
125
125
125
125
125
125
125
126
125
125
126
126
125
125
125
125
125
125
125
126
126
125
125
125
125
125
125
125
126
125
125
125
125
125
125
125
125
125
125
125
125
125
125
125
125
125
125
125
125
125
125
125
125
125
125
125
125
125
125
125
125
125
125
125
125
125
126
125
125
125
125
125
125
125
125
125
125
125
125
125
125
125
125
125
125
125
125
125
125
125
125
125
126
126
125
124
125
125
124
125
125
125
125
124
124
125
125
125
125
126
128
127
125
122
123
127
127
126
124
123
124
125
125
124
123
123
125
127
126
124
124
126
128
126
124
124
125
127
127
125
124
125
126
126
124
123
123
124
126
127
127
125
125
127
125
122
122
125
126
125
124
124
124
126
126
126
124
124
125
126
127
126
125
125
125
125
125
125
125
124
125
125
125
125
124
124
125
125
124
125
125
125
126
127
127
127
126
126
127
126
126
125
124
125
125
124
124
124
125
125
124
123
124
125
126
127
128
128
127
125
123
125
127
127
124
123
123
123
124
124
123
122
123
127
129
128
127
123
120
125
124
122
126
130
130
128
127
126
123
121
122
124
125
124
125
127
128
127
126
127
126
124
122
123
126
127
124
123
123
125
125
122
118
119
126
133
134
129
124
127
134
135
131
125
116
111
121
130
126
120
120
123
127
129
129
126
123
122
125
128
126
125
124
122
121
125
128
128
124
120
122
128
132
128
122
124
131
134
130
118
112
126
136
124
116
124
131
128
124
123
123
122
125
126
129
131
125
116
119
130
137
137
125
106
109
135
140
121
119
133
129
115
118
127
131
130
135
123
109
117
134
134
122
119
124
129
128
126
124
122
123
125
126
128
128
126
125
126
124
119
122
129
131
126
124
126
131
129
123
125
132
129
119
119
124
121
117
111
107
124
153
146
114
107
127
139
134
126
123
128
134
133
131
136
141
119
82
104
167
156
81
69
131
163
139
117
117
116
118
129
138
134
125
126
132
132
125
122
126
129
125
119
118
120
123
123
124
129
133
128
121
120
123
125
127
128
126
122
122
129
132
129
121
124
132
131
123
122
125
124
122
123
127
129
124
122
122
124
124
124
126
128
126
124
125
127
129
128
124
122
124
128
127
123
121
121
123
126
130
132
125
118
122
128
130
128
123
119
121
128
129
123
118
122
127
127
126
126
128
130
128
127
126
124
124
127
127
123
121
122
126
128
126
123
121
124
126
126
126
127
126
123
123
127
130
127
122
122
123
125
127
127
125
122
123
127
128
126
123
123
128
131
129
124
120
120
126
127
125
124
124
126
127
123
124
123
125
127
128
126
121
123
130
133
126
121
121
124
127
127
125
122
124
127
126
123
124
124
124
127
127
125
123
124
127
129
126
127
125
124
123
125
127
125
123
125
126
124
123
124
128
128
123
122
125
127
127
126
125
125
123
124
126
128
126
123
122
125
127
125
124
124
126
126
124
124
125
126
124
125
126
126
125
127
125
123
122
124
127
129
126
122
125
128
127
123
124
126
88
125
125
126
126
125
125
125
125
125
125
125
125
125
125
125
125
125
125
125
125
125
125
125
125
125
125
125
125
125
125
125
125
125
125
125
125
125
125
125
125
125
125
125
125
125
126
125
125
125
125
125
125
125
125
125
125
125
125
125
125
125
125
125
125
125
125
125
125
125
125
125
125
125
125
125
125
125
125
125
125
125
125
125
125
125
125
125
125
125
125
125
125
125
125
125
125
125
125
125
125
125
125
125
125
125
125
125
125
125
125
125
125
125
125
125
125
125
125
125
125
125
125
125
125
125
125
125
125
125
125
125
125
125
125
125
125
125
125
125
125
125
125
125
125
125
125
125
125
125
125
125
125
125
125
125
125
125
125
125
125
125
125
125
125
125
125
125
125
125
125
125
125
125
125
125
125
125
125
125
125
125
125
126
125
125
125
125
125
125
125
125
125
125
125
125
125
125
125
125
125
125
125
125
125
125
125
125
125
125
125
125
125
125
125
125
125
125
125
125
125
125
125
125
125
125
125
125
125
125
125
125
125
125
125
125
125
125
125
125
125
125
125
125
125
125
125
125
125
125
125
125
125
125
125
125
125
125
125
125
125
125
125
125
125
125
125
125
125
125
125
125
125
125
125
125
125
125
125
125
125
125
125
125
125
125
125
125
125
125
125
125
125
125
125
125
125
125
125
125
125
125
125
125
125
125
125
125
125
125
125
125
125
125
125
125
125
125
125
125
125
125
125
125
125
125
125
125
125
125
125
125
125
125
125
125
125
125
125
125
125
125
125
125
125
125
125
125
125
125
125
125
125
125
152
