125
126
126
125
124
124
33
125
126
125
126
126
126
126
125
126
125
126
126
126
126
126
126
126
126
126
126
125
125
126
126
126
126
126
126
126
126
126
126
126
126
126
126
126
126
125
125
126
126
126
126
126
126
126
126
126
126
126
126
126
125
126
126
126
126
125
125
126
126
126
126
126
126
126
126
126
125
126
126
125
126
126
126
126
126
126
126
126
126
126
126
126
126
126
126
126
126
126
126
126
126
126
126
126
126
126
126
126
126
126
126
126
126
125
126
126
126
126
126
126
126
126
126
126
125
126
126
125
126
126
126
126
126
126
125
126
125
126
126
125
126
126
126
125
126
125
125
126
125
125
125
126
125
126
125
126
125
125
125
126
126
125
125
125
125
125
126
126
126
125
125
125
125
125
126
125
125
125
125
125
125
125
125
125
125
125
125
125
125
125
125
125
125
125
125
125
125
125
126
125
125
125
125
125
125
125
125
125
125
125
125
125
125
125
125
125
126
125
125
125
125
125
125
125
125
126
125
125
125
125
125
125
125
125
125
125
125
125
125
125
125
125
125
125
125
125
125
125
125
125
125
125
125
125
125
125
125
126
125
125
125
125
125
125
125
125
125
125
125
125
126
125
125
125
125
125
125
125
125
125
125
125
125
125
125
125
125
125
126
125
125
125
125
125
125
125
125
125
125
125
125
125
125
125
125
125
125
125
126
125
125
125
125
125
125
125
125
125
125
125
125
125
125
125
125
126
124
125
126
126
125
126
126
126
126
126
126
126
126
126
126
126
126
125
126
126
126
125
125
126
126
126
126
126
126
126
126
126
125
126
126
125
125
126
126
125
125
125
126
126
126
126
125
126
126
126
125
125
126
126
125
126
126
126
126
126
126
126
126
126
126
125
125
124
125
125
125
125
126
126
125
126
126
126
126
126
126
125
126
126
126
125
125
125
126
127
126
125
124
124
124
124
125
126
127
129
129
126
123
123
123
123
128
133
131
124
120
123
128
126
124
126
130
126
118
121
133
135
121
111
122
134
132
126
123
121
122
130
130
132
138
126
105
104
132
144
132
119
125
135
129
112
112
130
139
126
114
125
139
132
117
113
120
131
133
129
126
127
127
123
118
120
131
137
129
116
117
128
130
123
125
137
137
119
106
117
135
138
129
121
121
124
123
123
126
130
131
127
125
126
124
120
121
127
132
130
124
121
123
128
127
125
123
126
129
128
124
121
123
126
126
126
126
127
126
126
127
127
125
122
122
124
127
127
127
127
128
127
124
121
121
123
125
126
127
130
132
129
122
116
117
122
126
131
135
129
123
128
136
133
120
110
111
117
122
128
132
132
133
127
113
113
133
148
139
120
111
116
124
129
128
123
120
123
127
129
128
128
127
124
125
126
125
122
123
127
128
127
126
126
125
125
124
123
124
126
126
125
124
126
128
128
127
125
123
123
125
126
126
125
126
127
127
126
125
125
126
125
124
124
125
126
126
125
124
125
126
126
126
126
125
126
126
126
124
124
125
125
126
126
126
125
125
125
125
124
125
125
126
127
127
126
125
125
125
125
125
125
125
126
126
126
124
125
126
126
126
126
126
125
125
125
126
125
123
123
128
134
131
120
115
126
139
133
111
103
128
152
144
116
104
113
127
134
136
137
134
119
104
113
137
146
130
115
116
124
128
130
133
127
118
116
125
132
131
126
123
125
127
127
127
125
123
123
126
128
127
127
125
123
123
126
128
127
125
124
127
128
125
123
127
130
127
122
122
125
127
127
125
124
125
127
127
126
126
126
125
124
125
127
128
126
123
123
125
127
126
125
125
125
126
126
127
126
126
125
125
126
127
126
126
125
126
126
125
124
125
126
127
126
125
125
125
125
126
126
126
126
126
126
125
126
127
126
126
125
126
126
126
126
125
125
126
126
126
126
125
125
125
125
125
125
125
125
126
126
126
126
126
125
126
126
126
126
125
126
126
126
126
125
126
126
125
125
126
126
126
125
125
125
126
126
126
125
125
126
126
126
126
126
126
126
126
125
125
126
126
126
126
126
125
126
126
125
125
126
126
126
127
126
125
125
125
125
125
126
125
125
125
126
126
125
125
125
126
126
126
125
125
125
126
125
125
126
126
125
126
126
127
126
126
125
124
124
125
125
125
125
126
125
126
126
125
125
125
125
125
126
125
125
125
126
126
125
125
126
125
125
126
126
125
125
125
125
126
126
126
123
125
125
125
125
125
125
126
126
126
125
125
126
126
126
126
125
125
125
125
125
125
125
125
126
126
125
125
125
126
126
126
125
125
125
126
125
125
125
125
125
125
125
125
125
125
125
125
126
126
126
126
125
125
125
125
125
125
125
125
125
125
126
126
126
126
126
126
125
125
125
125
125
125
125
125
125
125
125
128
120
124
126
126
126
126
126
126
126
126
125
125
125
125
126
126
125
125
126
126
126
123
124
126
126
126
127
127
127
127
126
126
126
126
125
126
126
126
126
126
126
126
126
126
126
125
125
126
126
126
126
126
126
126
126
126
125
125
125
126
126
126
126
126
126
126
126
122
125
126
126
127
127
127
126
126
126
126
126
126
125
126
125
126
126
125
126
126
125
125
125
125
126
126
126
126
126
126
126
126
126
126
125
125
125
125
125
126
126
126
125
125
126
125
126
126
126
126
126
126
126
125
126
126
126
126
125
124
138
128
121
118
119
123
125
127
129
128
129
127
126
126
125
125
124
124
125
125
126
126
125
126
126
126
126
126
126
125
126
125
125
125
125
125
125
125
125
126
125
125
125
126
126
126
126
126
126
126
126
125
125
125
125
126
126
125
125
126
126
126
126
126
126
126
126
126
126
125
125
125
125
126
126
125
125
124
126
128
128
126
125
126
126
126
125
125
127
128
125
124
126
125
125
125
125
125
126
126
125
125
125
125
125
125
126
126
125
126
126
126
126
126
130
126
126
126
125
123
124
125
124
124
125
125
125
125
125
126
126
126
126
125
126
126
127
125
125
126
126
125
125
126
126
125
126
125
125
125
126
126
125
126
126
126
125
125
125
125
125
125
125
125
125
125
126
126
126
126
126
125
125
126
125
125
125
125
125
125
125
125
125
126
126
125
125
125
125
126
125
125
125
125
124
124
124
125
126
131
133
127
118
119
125
128
124
124
133
126
110
115
140
145
124
113
123
133
129
122
121
121
126
127
127
126
127
126
124
124
125
125
123
123
125
125
132
125
108
131
124
126
128
128
126
123
122
128
135
135
122
110
120
138
138
123
115
122
130
129
126
109
120
128
128
128
130
126
127
125
124
125
125
125
125
125
125
125
125
126
126
126
125
126
125
124
125
125
125
125
125
126
126
126
127
126
126
126
125
124
124
124
124
125
125
126
126
126
126
126
126
126
126
125
124
124
125
125
125
126
125
126
125
126
126
125
124
124
125
125
125
125
126
125
125
125
125
126
126
126
126
125
124
125
126
126
126
125
125
125
125
125
125
125
126
126
125
125
125
125
126
125
125
126
125
125
125
125
126
125
125
125
125
125
125
126
126
126
125
126
126
125
125
125
125
125
125
125
126
125
125
125
125
125
125
125
125
125
125
125
125
154
121
113
127
123
125
127
126
126
126
125
124
124
123
124
125
125
124
125
125
125
126
122
70
123
128
129
131
133
131
131
130
128
128
128
127
127
127
127
127
126
127
127
127
126
126
126
127
126
127
127
127
126
126
126
126
126
126
127
126
126
125
126
127
127
126
126
125
110
126
124
126
129
130
129
129
128
128
127
126
127
126
125
125
125
127
126
126
126
126
127
126
125
126
125
125
126
127
125
125
124
126
127
126
125
124
124
125
125
124
34
126
126
126
126
126
126
125
126
126
126
126
126
126
126
126
126
126
125
126
126
125
126
126
125
126
126
126
126
126
126
126
125
126
126
126
126
126
126
126
126
125
126
126
126
126
126
126
126
126
125
125
126
125
125
125
125
125
126
125
125
125
125
125
125
125
125
125
126
126
125
125
126
125
125
126
125
125
125
125
125
125
126
126
125
125
125
125
125
125
125
125
125
125
125
125
125
125
125
125
125
126
126
125
125
125
125
125
125
125
125
125
125
125
125
125
125
125
125
125
125
125
125
125
125
125
125
125
125
125
125
125
125
125
125
126
125
125
125
125
125
125
125
125
125
125
125
125
125
125
125
125
125
125
125
125
125
125
125
125
125
125
125
125
125
125
125
125
125
125
125
125
125
125
126
125
125
125
125
125
125
125
125
125
125
125
125
125
125
125
125
125
125
125
125
125
125
125
125
125
125
125
125
125
125
125
125
125
125
125
125
125
125
125
125
125
125
125
125
125
126
125
125
125
125
125
125
125
125
125
125
125
125
125
125
125
125
125
125
125
125
125
125
125
125
126
125
125
125
125
125
125
125
125
125
125
125
125
125
125
125
125
125
125
125
125
125
125
125
123
128
126
125
125
125
125
125
125
126
126
126
126
125
125
125
125
125
125
125
125
125
125
125
125
125
125
125
125
125
125
125
125
125
125
125
125
125
125
125
125
126
126
126
126
126
126
125
125
126
126
125
126
126
126
125
125
125
125
125
125
126
124
125
125
126
126
126
126
126
126
126
126
126
126
126
125
126
126
126
126
126
126
126
126
125
