125
120
125
126
125
123
72
125
125
125
125
125
125
125
125
125
125
125
125
125
125
125
125
125
125
125
125
125
125
125
125
125
125
125
125
125
125
125
125
125
125
125
125
125
125
125
125
125
125
125
125
125
125
125
125
125
125
125
125
125
125
125
125
125
125
125
125
125
125
125
125
125
125
125
125
125
125
125
126
125
125
125
125
125
126
125
125
125
125
125
125
125
125
125
125
125
125
125
125
125
125
125
126
125
125
125
125
125
125
125
125
125
126
125
125
125
125
125
125
125
125
125
125
125
125
125
125
125
125
125
125
125
125
125
125
126
125
125
125
125
125
125
125
125
125
125
125
125
125
125
125
125
125
125
125
125
125
125
125
125
125
125
125
125
125
125
125
125
125
125
125
125
125
125
125
125
125
125
125
125
125
125
125
125
125
125
125
125
125
125
125
125
125
125
125
125
125
125
125
125
125
125
125
125
125
125
125
125
125
125
125
125
125
125
125
125
125
125
125
125
125
125
125
125
125
125
125
125
125
125
125
125
125
125
125
125
125
125
125
125
125
125
125
125
125
125
125
125
125
125
125
125
125
125
125
125
125
125
125
125
125
125
125
125
125
125
125
125
125
125
125
125
125
125
125
125
125
125
125
125
125
125
125
125
125
125
125
125
125
125
125
125
125
126
126
125
125
125
125
125
125
125
125
125
125
125
125
125
125
125
125
125
125
125
125
125
125
125
125
125
125
125
125
125
125
125
125
125
125
125
125
125
125
125
125
125
125
125
125
125
125
125
125
125
125
125
125
125
125
125
125
125
125
125
125
125
125
125
125
125
125
125
125
125
125
125
125
125
125
125
125
126
125
125
125
125
125
125
125
125
125
125
125
125
126
124
125
126
125
125
125
125
125
125
125
125
125
125
125
125
125
125
125
125
125
125
125
125
125
125
125
125
125
125
125
125
125
125
125
125
125
125
125
125
125
125
125
125
125
125
125
125
125
125
125
125
125
125
125
125
125
125
125
125
125
125
125
125
125
125
125
125
125
125
125
125
125
126
125
125
125
125
125
125
125
125
125
125
125
125
125
125
125
125
125
125
125
125
125
125
125
125
125
125
125
125
125
125
125
125
125
125
125
125
125
125
125
125
125
125
125
125
125
125
125
125
125
125
125
125
125
125
125
125
125
125
125
125
125
125
125
125
125
125
125
125
125
125
125
125
125
125
125
125
125
125
125
125
125
125
125
125
125
125
125
125
125
125
125
125
125
125
125
125
125
125
125
125
125
125
125
125
125
125
125
125
125
125
125
125
125
125
125
125
125
125
125
125
125
125
125
125
125
125
125
125
125
125
125
125
125
125
125
125
125
125
125
125
125
126
126
125
125
125
125
125
126
125
125
125
125
126
126
125
125
125
125
125
125
125
125
125
126
126
125
125
125
125
125
125
125
125
125
125
125
126
126
125
125
125
125
125
125
125
125
125
125
126
126
126
125
125
126
126
126
125
125
125
125
125
125
125
126
124
125
126
125
125
126
126
126
126
126
126
125
125
125
126
126
125
125
125
126
126
125
125
125
125
125
125
126
126
126
125
125
125
126
126
126
125
125
125
126
126
125
125
125
125
125
125
125
125
126
126
126
125
125
126
126
126
125
124
126
127
125
124
125
126
126
125
125
124
125
126
125
125
127
127
124
124
125
125
125
126
126
125
124
125
127
127
126
124
123
125
126
126
125
125
125
126
126
126
126
125
125
125
125
125
126
125
124
124
125
126
126
125
125
125
125
126
126
125
125
126
127
126
124
124
125
126
125
124
123
124
126
127
125
124
125
129
131
125
120
122
125
127
130
129
123
121
126
127
124
123
123
120
121
128
132
130
126
124
124
127
129
123
117
119
127
131
130
126
124
125
127
126
124
122
123
125
128
129
127
122
117
115
119
134
155
163
139
92
64
87
146
178
146
96
94
127
147
142
127
115
119
137
138
119
108
120
135
140
137
122
100
98
130
164
161
126
95
89
100
126
165
165
106
69
103
165
187
143
71
53
115
191
193
111
63
112
162
166
130
69
64
148
177
94
77
234
255
130
153
124
153
255
255
60
90
42
226
249
137
35
35
106
175
189
127
65
77
159
202
149
68
50
105
170
177
137
95
80
108
152
163
126
87
103
140
142
130
136
130
106
109
136
140
121
112
121
125
130
137
131
121
119
114
115
139
163
142
96
86
115
146
159
139
92
74
116
166
169
129
98
106
129
139
140
141
132
107
97
123
142
125
108
124
138
128
133
132
122
114
125
132
121
115
132
146
133
112
103
105
126
153
150
124
122
135
125
102
107
132
135
127
128
128
121
123
123
113
123
151
149
116
119
136
119
97
107
133
151
141
111
103
133
153
129
93
106
145
145
125
121
123
117
121
120
125
132
142
126
117
137
140
121
102
110
131
130
109
115
161
159
104
86
122
144
134
136
136
114
106
128
147
121
102
121
132
116
118
135
144
142
119
101
127
153
121
96
128
150
118
97
121
151
149
134
119
95
89
124
155
150
142
124
80
88
157
177
127
102
114
111
117
145
142
108
123
150
122
101
126
150
135
111
102
113
136
145
130
120
127
129
116
108
115
128
147
156
128
95
100
129
145
149
136
104
93
121
145
139
126
123
118
114
127
137
127
122
127
120
117
131
130
113
121
136
127
120
133
136
124
123
126
120
115
118
123
130
135
134
134
122
101
110
137
143
132
126
117
109
122
138
131
120
129
137
123
112
118
119
121
139
155
129
86
100
147
156
129
115
117
114
114
126
145
134
119
121
122
124
135
136
118
111
121
135
130
118
116
125
131
133
132
128
129
129
113
110
131
137
118
112
129
135
131
128
122
122
127
122
116
123
135
136
130
120
116
125
131
131
128
120
117
126
128
120
123
133
129
124
126
124
119
124
130
130
130
128
120
113
123
125
124
123
120
122
138
148
129
108
112
127
127
121
126
135
136
128
120
122
124
120
120
125
127
124
122
127
135
131
119
120
129
130
123
124
125
122
123
125
124
125
125
127
132
130
118
115
124
129
128
128
119
107
122
149
144
120
121
130
119
112
125
133
127
126
125
113
108
124
143
146
136
118
111
121
130
124
122
132
130
116
116
129
135
128
120
118
122
127
125
122
130
145
142
116
96
106
129
142
139
128
119
114
119
134
139
127
115
117
125
130
134
129
115
111
128
140
129
116
119
127
127
126
128
131
131
121
114
119
125
127
133
135
122
112
119
131
130
130
132
128
120
121
125
118
115
135
144
133
113
112
125
134
130
123
123
122
114
116
132
143
137
118
109
116
128
128
126
134
140
126
111
116
124
128
136
136
121
111
119
126
127
128
131
129
122
121
123
125
130
137
129
109
106
127
143
136
121
115
122
131
133
126
118
118
127
127
119
120
136
144
129
105
89
129
132
126
130
141
131
110
113
133
140
134
126
118
119
129
128
116
117
134
141
129
114
117
133
133
115
115
139
142
121
106
115
131
136
129
124
129
132
121
114
123
133
129
124
127
127
123
122
125
128
128
123
119
125
132
134
129
120
112
120
135
135
123
121
128
122
124
117
118
126
132
129
124
124
133
136
128
118
121
129
128
122
123
125
123
124
131
133
125
116
120
131
131
120
119
133
133
118
112
118
128
134
130
122
125
133
129
116
114
124
133
130
120
116
126
136
129
118
119
128
131
125
119
118
126
134
135
128
119
117
123
126
125
125
128
125
121
124
122
129
131
126
120
126
135
130
113
109
128
141
133
119
114
120
129
131
125
123
127
130
126
125
123
119
119
128
134
125
115
120
134
136
129
126
124
120
117
119
124
128
131
135
129
120
118
123
132
130
118
73
126
126
126
126
126
125
125
125
125
125
125
125
125
126
126
126
126
126
126
126
125
125
126
125
126
126
125
125
126
125
125
125
126
125
125
126
126
126
125
125
125
126
125
126
125
125
125
125
125
125
125
126
126
125
125
126
126
126
126
125
126
125
125
126
125
126
125
126
125
126
126
125
126
126
126
126
126
126
125
125
126
126
126
126
126
126
126
125
125
126
126
126
125
126
126
126
126
126
125
126
126
125
126
125
126
125
126
126
126
126
125
125
126
125
125
126
126
126
125
126
126
125
125
126
126
125
125
125
126
125
125
125
126
126
125
125
125
125
125
126
126
126
126
125
125
125
126
125
125
125
125
125
125
125
125
125
125
125
125
126
125
125
125
125
125
125
125
126
126
125
125
125
125
125
125
125
125
125
125
125
125
125
125
125
125
125
125
125
125
125
125
125
125
125
125
125
125
125
125
125
125
125
125
125
125
125
125
125
125
125
125
125
125
125
125
125
125
125
125
125
125
125
125
125
125
125
125
125
125
125
125
125
125
125
125
125
125
125
125
125
125
125
125
125
125
125
125
125
125
125
125
125
125
126
125
125
125
125
125
126
126
126
125
126
125
126
125
125
125
126
125
125
125
125
125
126
126
126
125
125
126
125
125
125
125
125
125
126
126
126
125
125
125
126
126
126
125
125
125
125
125
125
125
125
125
125
125
125
125
125
126
126
125
125
125
125
125
125
126
126
125
124
125
125
125
125
126
126
125
126
125
125
125
126
125
125
125
125
125
125
125
125
125
125
125
125
125
125
125
125
125
125
125
134
