127
127
127
126
126
126
65
125
125
125
126
125
125
125
126
126
126
125
126
126
126
125
125
125
125
125
126
125
125
125
126
126
125
126
125
125
125
125
125
126
125
125
125
125
125
125
126
126
125
125
125
125
126
125
125
126
126
126
125
125
125
126
125
125
125
126
126
126
126
125
125
126
125
125
126
126
126
125
125
126
125
125
125
125
125
125
125
125
125
125
125
125
125
125
125
126
125
125
125
126
125
126
125
125
125
126
125
125
125
125
125
125
125
125
125
125
125
125
125
126
125
126
125
125
125
125
125
126
126
125
125
125
126
126
126
125
125
125
126
126
126
125
125
125
125
125
125
125
125
125
125
125
125
125
125
125
126
125
125
125
125
125
125
125
125
125
125
125
125
125
126
125
125
125
125
125
125
125
125
125
125
125
125
125
125
125
125
125
125
125
125
125
125
125
125
125
125
125
125
125
125
125
126
125
126
125
126
125
125
125
125
125
125
125
125
125
126
125
126
125
125
125
125
126
126
126
126
126
126
126
126
125
126
125
126
125
126
125
126
125
126
126
126
126
126
126
126
126
126
126
126
126
126
126
125
125
126
125
126
126
126
126
126
126
125
125
126
126
126
125
126
126
126
126
126
125
125
125
125
125
126
126
125
126
126
125
125
126
125
126
125
126
125
125
125
125
126
126
126
125
126
125
125
125
125
125
125
125
125
125
125
125
126
125
125
125
125
125
126
125
125
126
125
126
125
126
125
125
125
125
125
125
125
125
125
125
125
126
125
125
126
125
126
126
126
125
125
126
126
126
126
125
125
125
126
125
125
126
126
125
126
126
124
126
128
125
124
124
125
126
126
126
126
126
126
125
126
126
125
125
125
125
125
125
126
126
125
125
126
125
125
125
125
125
125
126
126
125
125
125
125
126
126
125
126
125
125
125
125
125
126
125
126
125
126
126
126
125
126
125
125
125
125
125
125
125
125
125
125
125
125
125
125
125
125
125
125
125
125
126
126
125
125
125
125
125
125
125
125
125
125
125
125
125
125
125
125
125
125
125
125
125
125
125
125
125
125
125
125
125
125
125
125
125
125
125
125
125
125
125
125
125
125
125
125
125
125
125
125
125
125
125
125
125
125
125
125
125
125
125
125
125
125
125
125
125
125
125
125
125
125
125
125
125
125
125
125
125
125
125
125
125
125
125
125
125
126
126
125
125
125
125
125
125
125
125
125
125
126
125
124
124
125
126
126
125
125
125
126
126
125
125
125
126
125
126
125
125
125
125
125
125
125
125
125
125
126
125
125
125
125
125
125
125
125
125
125
125
125
125
125
125
125
125
125
125
125
125
125
125
125
125
125
125
125
125
125
125
125
125
125
125
125
125
125
125
125
125
125
125
125
125
125
125
125
125
125
125
125
125
125
125
125
125
125
125
125
125
125
125
125
125
125
125
125
126
124
125
125
126
125
126
126
126
126
126
125
125
125
125
125
125
125
125
125
125
125
126
124
125
126
125
126
126
126
126
126
126
126
126
125
124
124
125
126
126
125
126
126
127
127
127
127
126
124
122
123
124
126
129
130
125
122
125
135
136
120
107
115
135
140
129
121
119
126
125
122
124
127
127
131
134
125
121
123
124
125
126
121
121
131
137
131
124
114
108
115
137
149
142
125
116
119
123
119
108
120
149
148
115
108
125
132
128
133
141
131
106
92
113
146
147
124
117
131
132
117
116
130
133
122
123
131
132
131
125
114
112
126
136
131
123
122
123
125
125
126
132
135
128
119
120
125
126
124
123
122
123
129
131
124
123
128
129
126
124
124
125
126
127
127
125
123
122
124
127
128
126
125
126
127
127
126
124
125
126
127
126
126
126
126
124
122
124
126
127
126
125
126
126
126
125
126
126
125
125
125
126
126
125
125
127
127
125
125
126
125
121
123
130
134
129
124
127
126
121
119
124
129
129
124
120
120
127
133
135
130
124
120
119
122
122
121
126
134
134
128
125
125
124
125
122
115
118
130
136
132
126
122
120
123
123
122
127
131
128
123
124
127
127
125
122
123
127
130
130
125
120
120
123
123
124
127
129
127
125
123
125
130
132
129
121
116
117
124
132
135
129
119
118
126
132
130
125
122
120
121
127
131
127
122
121
121
121
124
130
132
131
128
125
125
128
127
118
112
117
128
133
132
131
133
133
125
116
113
118
125
131
129
124
124
125
124
123
127
130
127
124
124
125
125
126
127
126
124
124
125
123
121
125
131
132
126
121
121
127
130
126
121
122
127
129
126
122
124
127
125
125
129
127
122
124
126
126
128
128
123
120
123
126
126
125
125
126
126
125
124
126
129
128
124
121
123
128
131
128
125
125
123
121
120
122
126
128
127
126
126
128
129
128
124
123
125
126
124
123
124
127
128
126
117
120
127
131
131
129
124
123
126
129
127
125
126
125
124
125
126
126
125
126
125
125
128
129
125
121
124
128
127
126
126
126
125
125
125
124
126
128
128
125
123
122
124
127
127
124
124
122
123
126
132
133
126
120
121
126
129
129
128
125
120
120
126
132
131
126
122
124
127
128
128
124
120
121
126
130
128
123
122
126
129
126
125
124
123
125
128
129
127
123
120
121
127
132
131
125
120
124
129
129
124
121
123
127
128
127
125
125
124
125
126
125
123
123
125
128
129
128
125
124
123
125
126
127
127
127
125
123
124
125
127
127
126
125
125
125
126
130
128
122
120
124
129
129
125
124
123
121
125
131
125
122
131
128
116
125
134
122
119
137
138
119
111
120
131
138
133
118
111
120
135
138
130
119
113
116
127
138
136
127
121
121
123
126
128
127
125
126
127
125
123
123
127
125
126
128
124
126
127
126
124
125
124
123
124
125
126
126
125
124
124
125
126
127
128
127
124
122
125
127
129
127
127
127
125
123
123
123
125
126
123
121
126
128
122
122
129
131
126
122
125
127
123
123
127
128
127
128
128
122
121
125
125
125
127
126
124
125
126
125
125
128
128
125
122
124
125
125
124
125
127
128
127
126
124
123
125
125
125
125
123
123
126
127
128
127
126
124
128
125
124
123
123
123
123
124
125
128
130
129
127
125
124
125
126
125
125
124
125
125
125
126
125
125
125
124
124
125
126
127
128
126
125
122
124
124
125
125
126
126
126
125
124
126
126
127
127
126
125
123
124
125
126
126
126
125
124
125
125
125
126
126
126
125
124
124
125
127
128
127
125
123
123
124
126
127
128
127
125
125
125
125
124
124
125
126
125
126
125
131
144
119
127
125
125
125
124
124
125
126
125
124
123
123
124
124
124
124
124
125
126
127
126
125
124
125
126
127
125
124
125
125
126
127
126
126
125
125
126
126
126
127
126
125
125
125
125
127
126
125
125
125
126
125
124
125
126
126
127
126
125
125
124
125
126
125
126
120
122
124
128
128
129
127
125
126
126
127
127
127
126
125
124
125
126
126
126
126
125
126
126
125
125
124
124
125
125
126
125
125
125
124
125
126
127
127
126
125
125
125
126
126
125
125
124
124
125
125
126
126
126
125
125
126
127
125
124
125
125
126
126
124
125
125
127
128
126
126
125
124
125
126
125
125
125
124
125
126
126
126
125
125
126
127
126
126
124
126
126
126
127
125
125
125
125
125
126
127
127
125
125
123
125
125
126
127
126
126
125
124
124
125
127
127
127
124
125
124
125
126
126
124
125
125
125
126
126
126
126
126
125
125
124
124
125
125
125
124
125
127
126
125
126
127
127
126
125
134
125
124
125
126
122
123
123
122
124
124
124
125
125
127
128
128
126
124
126
127
123
123
124
124
125
124
124
125
126
126
127
125
126
125
125
125
125
124
66
126
126
126
126
126
126
126
126
126
126
126
126
126
126
126
126
126
126
126
126
126
126
126
126
126
126
126
126
126
126
126
126
126
126
126
126
126
126
126
126
126
126
126
126
126
126
126
126
126
126
126
126
125
126
126
126
126
126
125
125
126
125
125
126
125
126
126
125
125
125
125
126
125
125
125
125
125
125
126
125
125
125
125
125
125
125
125
125
125
125
125
125
125
125
125
125
126
126
125
125
125
126
125
125
126
125
125
125
126
125
126
126
126
126
125
125
126
125
125
125
126
125
125
125
126
126
125
125
126
126
125
125
125
126
125
126
125
125
125
125
125
125
125
125
125
126
125
125
126
125
126
125
125
125
125
125
126
125
125
125
125
125
125
126
125
125
125
125
125
125
125
125
125
125
125
125
125
126
125
125
125
126
125
125
126
125
126
125
125
125
125
125
125
125
125
125
125
125
125
125
125
125
126
125
125
126
126
126
125
125
125
125
125
125
125
125
125
125
125
125
126
125
125
125
125
125
125
125
125
125
125
125
125
125
125
125
125
125
125
125
125
125
125
125
125
125
125
125
125
125
125
125
125
125
125
125
125
125
125
125
125
125
125
125
125
125
125
125
125
125
125
125
125
125
125
125
125
125
125
126
125
125
125
125
125
125
125
125
125
125
125
125
125
125
125
125
125
125
125
125
125
126
125
125
125
125
125
125
125
125
125
126
125
125
125
125
125
125
125
125
125
125
125
125
125
125
125
125
125
125
125
125
125
125
125
125
125
125
125
125
125
125
125
125
125
125
125
125
125
125
125
125
125
126
