125
124
125
126
126
125
29
126
126
126
126
125
126
125
126
125
126
126
125
125
125
126
125
126
126
126
126
125
125
125
125
125
126
125
126
126
126
125
126
125
125
125
126
126
125
126
125
125
126
125
125
125
125
125
125
125
125
125
125
126
125
125
125
125
126
125
125
126
126
126
125
125
125
125
125
125
126
126
126
125
125
126
125
126
125
126
125
126
126
126
126
126
125
125
125
125
125
125
125
125
125
126
126
126
125
125
125
126
126
125
125
125
125
126
126
126
125
126
125
126
125
125
126
125
125
125
125
125
125
125
125
126
125
125
125
125
125
126
126
125
125
125
125
125
126
125
125
125
125
125
126
126
126
125
125
125
125
126
125
126
125
125
125
126
125
126
126
126
126
125
125
125
125
126
125
125
126
126
125
125
125
126
126
125
125
125
126
125
126
125
125
125
125
125
126
125
125
125
126
126
125
125
125
125
125
125
125
125
125
125
125
125
125
125
125
125
125
125
125
125
125
125
125
125
125
125
125
125
125
125
125
125
125
125
125
125
125
125
125
125
125
125
125
125
125
125
125
125
125
125
125
125
125
125
126
125
125
125
125
125
125
125
125
125
125
125
124
124
125
127
128
127
126
126
125
124
120
118
123
131
130
122
119
126
133
132
127
126
128
129
127
127
122
116
117
123
125
122
125
130
133
134
133
126
119
120
120
116
118
130
134
126
119
123
129
128
130
133
128
119
116
120
124
134
136
124
111
121
139
138
126
120
118
120
126
127
121
122
132
133
122
115
125
138
130
113
116
134
140
124
110
118
132
131
122
121
129
134
130
122
123
124
119
121
129
129
126
124
125
125
125
125
125
125
125
126
127
126
125
125
126
126
124
123
124
125
125
126
126
126
127
127
125
123
124
126
126
125
124
125
126
126
126
126
127
126
125
124
125
126
125
125
125
125
125
125
125
125
125
125
126
126
126
126
125
124
124
124
125
125
125
125
126
126
125
125
125
125
126
126
126
125
125
126
125
125
125
126
126
124
124
124
124
125
126
124
125
127
126
125
125
126
127
126
123
125
127
125
123
124
126
125
125
125
125
126
126
126
125
125
125
124
125
125
125
125
125
126
127
125
125
126
125
125
126
126
125
124
125
125
125
125
126
126
126
125
125
126
126
125
124
125
125
126
126
125
124
124
126
126
125
124
125
125
125
127
126
125
125
126
125
125
125
125
125
127
126
124
124
125
125
125
125
124
124
126
128
125
124
125
127
126
125
126
126
124
123
125
126
123
123
128
131
124
120
123
127
128
127
122
118
123
130
131
129
127
122
123
128
123
114
124
136
124
113
123
141
140
127
115
112
123
138
139
118
98
104
119
137
169
170
108
68
107
153
150
132
112
101
122
135
123
116
123
129
130
127
129
141
133
108
110
138
142
119
103
115
138
146
136
114
104
118
136
138
121
114
130
140
128
115
120
125
117
117
132
141
130
116
121
134
133
121
116
121
125
126
128
128
123
123
130
132
125
115
116
127
133
129
121
123
131
129
122
119
125
131
129
122
119
123
128
129
126
122
123
128
130
125
117
114
125
136
136
123
117
123
130
129
123
121
125
129
128
124
122
124
128
125
123
122
128
128
127
127
124
120
123
129
130
125
122
124
127
126
121
122
129
131
126
122
122
127
130
126
118
119
129
133
128
119
118
123
130
132
126
121
122
128
131
129
125
122
123
127
127
124
122
123
127
128
125
122
124
128
129
125
123
124
127
128
126
124
124
125
128
126
126
124
123
124
127
126
126
126
127
127
126
125
126
126
126
126
124
123
124
126
127
127
126
125
125
126
126
126
125
125
125
126
126
125
124
124
125
127
127
126
124
124
125
126
125
125
125
125
126
126
125
125
126
127
127
126
125
125
125
126
126
125
125
125
125
126
125
125
126
126
125
125
125
125
126
126
125
123
124
127
129
127
124
123
125
126
126
126
126
126
126
126
125
126
126
126
126
125
125
125
125
126
126
125
125
126
126
126
125
125
125
126
125
125
125
125
126
125
126
126
126
126
126
125
125
125
126
126
126
125
125
125
125
126
126
126
126
125
125
125
126
126
125
125
126
126
126
127
127
126
125
125
124
124
125
126
126
125
125
125
125
125
126
125
125
125
126
125
125
126
126
125
125
125
126
126
126
125
126
126
126
125
125
125
125
128
126
125
125
125
125
125
125
125
126
125
125
125
125
125
126
126
125
125
125
125
125
125
125
125
125
125
126
126
125
125
125
125
125
125
125
125
125
126
126
125
125
125
125
125
125
125
126
125
125
125
125
126
126
125
125
125
125
125
125
126
126
126
125
124
124
126
126
125
125
125
125
125
125
125
125
125
127
121
125
126
125
125
126
125
125
125
126
126
126
125
125
125
125
125
125
125
125
126
126
126
125
126
126
125
125
126
126
125
125
125
125
124
121
126
124
125
127
127
127
126
126
126
126
126
125
125
126
126
126
125
125
125
125
125
126
126
126
125
125
125
126
126
126
122
125
125
126
126
127
127
127
126
125
125
125
125
126
126
125
125
125
125
125
126
126
126
125
125
125
126
126
126
125
125
125
126
125
125
125
125
125
125
125
126
126
125
125
125
126
125
125
126
126
126
126
125
125
125
126
125
126
126
125
126
126
125
125
125
126
126
126
125
125
125
125
125
125
126
126
126
126
126
126
126
125
125
125
126
126
126
126
125
125
126
126
126
125
124
125
127
127
125
123
125
129
128
123
122
126
129
126
123
125
127
124
124
127
127
124
123
127
129
126
122
123
126
128
128
125
123
123
126
127
126
126
126
125
125
125
126
127
126
126
125
124
126
127
126
125
125
124
129
127
127
126
124
123
124
126
127
124
123
125
126
125
124
126
125
125
124
125
127
127
126
125
125
125
126
127
125
124
125
126
126
125
125
126
126
125
125
125
126
126
126
126
130
126
125
126
125
124
124
125
125
125
125
125
125
125
125
125
126
126
125
126
126
125
126
125
125
125
125
125
125
125
126
126
126
125
125
125
126
125
125
125
125
126
125
125
126
126
125
125
126
125
125
125
126
125
125
125
126
126
126
126
126
125
125
125
126
126
125
125
125
125
125
126
125
125
125
125
125
126
125
125
125
125
125
125
125
125
125
125
125
126
126
126
125
126
126
126
126
125
125
125
125
125
125
125
126
126
118
126
126
126
126
126
126
126
126
126
125
125
126
125
125
126
125
126
126
125
125
125
126
126
126
126
126
126
126
126
125
126
126
126
125
125
125
125
125
125
125
126
126
126
126
125
125
125
126
125
126
125
125
125
125
125
126
126
126
126
125
125
126
125
127
125
119
124
125
124
126
127
127
126
126
127
126
126
126
126
126
126
125
125
125
125
125
125
126
126
125
125
125
125
126
126
125
125
125
126
126
126
125
125
125
126
124
124
124
125
125
126
126
126
126
125
126
125
125
125
124
125
125
126
126
125
126
126
126
126
126
125
125
125
125
126
126
125
125
125
126
126
126
125
125
125
126
126
125
125
126
126
126
125
125
127
126
126
125
125
126
125
123
124
125
125
126
124
125
126
125
125
124
125
127
126
125
125
125
125
125
126
126
126
125
126
125
125
126
125
125
125
125
125
125
124
125
125
125
126
125
125
126
125
125
125
125
125
126
126
126
124
125
126
134
126
124
125
125
122
124
124
124
125
125
125
125
125
126
126
125
126
126
125
126
126
126
126
125
126
126
125
125
125
125
125
125
125
125
125
125
125
125
125
125
125
125
125
125
125
125
126
126
126
125
124
125
125
126
126
126
125
125
126
125
125
125
125
125
126
125
126
126
126
126
125
125
125
125
125
126
125
28
126
125
126
125
126
125
126
126
125
125
126
125
125
126
126
125
125
125
126
126
125
126
125
126
126
126
126
126
126
126
126
126
125
126
125
125
126
125
126
126
125
126
125
126
126
125
125
125
126
126
126
126
126
125
126
126
126
125
126
125
126
126
126
125
126
125
126
126
125
125
125
126
126
126
126
126
126
126
125
125
126
126
126
126
126
125
126
126
126
125
125
126
125
126
125
125
126
126
126
126
125
125
125
125
125
125
125
125
125
125
125
125
126
125
126
125
126
125
125
126
126
125
125
125
125
125
125
125
125
125
125
125
125
125
125
125
125
125
125
125
125
126
125
125
125
125
125
125
125
125
125
125
125
125
125
125
125
125
125
125
125
125
125
125
125
125
125
125
125
125
125
125
125
125
125
125
125
125
125
125
125
125
125
125
125
125
125
125
125
125
125
125
125
125
125
125
125
125
125
125
125
125
125
125
125
125
125
125
125
125
125
125
125
125
125
125
125
125
125
125
125
125
125
125
125
125
125
125
125
125
125
125
125
125
125
125
125
125
125
125
125
125
125
125
125
126
125
125
125
125
125
125
125
126
126
125
125
125
125
126
124
121
122
131
144
141
121
102
101
119
139
138
127
132
131
103
91
129
171
168
127
92
95
130
164
149
86
57
103
191
213
120
48
101
165
165
144
109
72
100
155
153
110
108
134
132
119
129
133
125
127
134
111
89
123
168
150
102
96
131
150
135
114
115
129
129
119
117
126
133
128
122
124
125
125
127
127
123
124
129
130
123
119
123
125
127
128
128
125
127
131
130
125
125
