132
131
125
119
124
132
84
125
125
125
125
125
125
125
125
125
125
125
125
125
125
125
125
125
125
125
125
125
125
125
125
125
125
125
125
125
125
125
125
125
125
125
125
125
125
125
125
125
125
125
125
125
125
125
125
125
125
125
125
125
125
125
125
125
125
125
125
125
125
125
125
125
125
125
125
125
125
125
125
125
125
125
125
125
125
125
125
125
125
125
125
125
125
125
125
125
125
125
125
125
125
125
125
125
125
125
125
125
125
125
125
125
125
125
125
125
125
125
125
125
125
125
125
125
125
125
125
125
125
125
125
125
125
125
125
124
125
125
125
125
126
125
125
125
125
125
125
125
125
125
126
125
126
125
125
125
125
125
125
125
125
125
125
125
125
125
125
125
126
126
125
125
125
125
125
125
126
125
125
125
125
126
126
125
126
125
125
126
125
125
125
125
125
126
126
125
125
125
125
125
126
125
125
125
125
125
126
125
125
125
125
125
125
125
125
125
125
125
125
125
125
125
125
125
125
125
125
125
125
125
125
125
125
125
125
125
125
125
125
125
125
125
125
125
125
125
125
125
125
125
125
125
125
125
125
125
125
125
125
125
125
125
125
125
125
125
125
126
125
125
125
125
125
125
125
125
125
125
125
125
125
125
125
125
125
125
126
125
125
125
125
125
125
125
125
125
125
125
125
125
125
125
125
125
125
125
125
125
125
125
125
125
125
125
125
125
125
126
125
125
125
125
125
125
125
125
125
125
125
125
125
125
125
125
125
125
125
125
125
125
125
125
125
125
125
125
125
125
125
125
126
126
126
125
125
125
125
125
125
125
125
125
125
125
125
125
125
125
125
125
125
125
125
125
125
125
125
125
125
125
125
125
125
125
125
125
125
125
125
125
125
125
125
125
125
125
125
125
125
125
125
125
125
125
125
125
125
125
125
125
125
125
125
125
125
125
125
125
125
125
125
125
125
125
125
125
125
125
125
125
125
125
125
125
125
125
125
125
125
125
125
125
125
125
125
125
125
125
125
125
125
125
125
125
125
125
125
125
125
125
125
125
125
125
125
125
125
125
125
125
125
125
125
125
125
125
125
125
125
125
125
125
125
125
125
125
125
125
125
125
125
125
125
125
125
125
125
125
125
125
125
125
125
125
125
125
125
125
125
125
125
125
125
125
125
125
125
125
125
125
125
125
125
125
125
125
125
125
125
125
125
125
125
125
125
125
125
125
125
125
125
125
125
125
125
125
125
125
125
125
125
125
125
125
125
125
125
125
125
125
125
125
125
125
125
125
125
125
125
125
125
125
125
125
125
125
125
125
125
125
125
125
125
125
125
125
125
125
125
125
125
125
125
125
125
125
125
125
124
125
125
125
125
125
125
125
125
126
126
126
125
125
125
125
124
125
125
125
125
125
125
126
126
124
124
126
127
125
123
124
126
126
124
124
124
125
126
127
126
125
125
125
126
125
124
125
126
125
124
124
125
126
126
125
125
125
126
126
125
125
124
126
126
125
124
125
125
126
126
125
125
125
125
125
125
125
125
125
125
125
125
125
125
125
125
124
125
126
126
125
125
125
125
125
125
125
125
125
126
125
125
125
125
125
125
125
125
125
126
126
125
125
125
126
125
125
125
125
126
125
125
124
126
126
126
126
126
126
125
126
126
125
125
126
125
125
126
126
125
126
125
125
126
126
125
125
126
126
126
125
126
125
125
126
126
126
126
126
126
125
126
126
126
125
125
125
125
125
126
125
125
125
125
125
125
125
126
126
126
126
125
126
126
126
125
125
123
125
125
125
125
126
126
126
126
126
126
126
125
126
126
125
125
125
125
125
125
125
125
125
125
126
125
125
126
126
125
126
126
126
125
125
125
125
125
125
125
125
125
125
125
125
125
125
125
125
125
125
125
125
125
125
125
125
126
126
125
125
125
126
126
126
125
125
125
125
125
125
125
125
125
125
125
125
125
125
126
125
126
126
126
125
125
126
126
125
125
125
125
125
125
125
125
125
126
126
126
125
125
125
125
126
125
125
125
125
126
126
126
125
125
125
126
125
125
126
126
125
125
125
126
125
125
125
125
125
125
126
126
125
125
125
125
126
126
125
125
125
126
126
125
125
125
126
125
126
127
125
125
125
125
125
125
125
125
125
126
125
125
125
126
126
125
125
125
125
125
125
125
125
125
125
125
125
125
125
125
125
125
125
125
125
125
125
125
125
125
125
126
126
125
125
125
125
125
125
126
125
125
125
125
125
125
125
125
125
125
125
125
125
125
125
125
125
125
125
125
125
125
125
125
125
125
125
125
125
125
125
125
126
125
125
126
125
125
125
125
125
125
125
125
125
125
125
125
125
126
125
125
125
125
125
125
125
125
125
125
125
125
125
125
125
125
126
126
126
126
126
125
125
125
125
125
125
125
125
125
125
125
125
125
125
126
125
126
125
125
125
125
125
125
124
125
125
125
125
125
125
125
125
126
126
125
125
125
125
125
125
125
124
125
126
125
124
125
125
125
125
125
125
125
125
125
124
124
126
126
126
125
123
124
126
126
125
126
125
124
124
125
127
126
124
122
124
128
128
125
124
126
125
123
123
126
127
126
122
122
125
128
127
126
127
125
122
124
125
124
123
123
126
129
128
124
123
127
128
125
121
121
124
127
127
125
122
122
125
128
125
124
126
128
126
125
125
123
122
122
126
128
127
124
126
129
125
121
124
128
127
123
124
127
127
121
118
122
128
126
124
127
133
136
134
129
124
119
115
113
114
116
119
120
121
129
139
145
145
142
140
136
126
116
111
107
105
104
106
109
117
129
137
141
145
148
147
141
134
126
118
110
107
109
111
113
117
124
129
130
131
135
138
135
132
129
127
124
120
122
121
116
120
117
122
130
130
126
125
127
129
128
124
121
123
127
129
129
128
127
125
123
124
124
122
121
123
123
124
127
128
126
126
126
126
128
129
127
125
126
127
128
128
127
128
130
128
124
125
121
119
123
125
119
120
128
126
124
133
133
122
122
129
123
123
135
134
119
124
120
105
117
140
132
120
131
130
109
126
161
137
100
123
143
106
103
154
146
89
117
176
127
72
126
162
105
102
168
141
71
119
187
123
80
152
165
70
75
172
163
90
113
170
123
69
123
177
132
90
128
147
99
84
142
168
127
112
135
123
96
121
157
140
110
125
147
125
90
92
130
157
149
141
141
122
87
93
129
152
147
127
100
94
114
145
164
145
97
84
125
161
151
120
107
117
122
117
119
137
150
132
103
111
140
139
121
118
125
125
126
133
137
129
116
106
109
127
147
143
121
105
115
136
144
132
118
113
119
129
132
130
128
126
124
120
118
121
125
129
130
129
126
125
126
128
129
125
127
119
125
130
126
120
121
125
127
125
125
126
125
124
124
126
129
127
123
124
126
125
126
128
126
121
121
126
129
126
123
123
126
125
122
121
124
126
127
129
128
126
126
128
129
126
122
119
119
123
127
128
128
127
124
122
124
131
130
124
121
122
124
123
122
123
127
132
132
127
123
126
130
129
127
124
120
118
122
129
132
125
120
122
125
128
128
123
117
118
129
137
132
121
117
122
129
129
124
122
126
131
126
120
120
125
128
128
127
124
122
126
129
126
122
125
130
126
118
118
130
137
131
122
118
122
128
127
119
118
129
135
128
116
115
125
134
133
124
119
123
126
127
124
123
123
127
132
131
126
120
119
120
123
126
126
123
123
126
131
132
126
125
126
124
123
125
123
121
123
128
130
127
122
120
122
128
129
127
124
124
129
127
119
117
127
137
132
121
121
127
130
126
121
120
123
127
129
129
127
126
124
121
119
120
126
131
127
120
120
126
131
85
125
125
125
125
125
125
125
125
125
125
125
125
125
125
125
126
125
126
125
125
125
125
125
125
125
125
125
125
125
125
125
125
125
125
125
125
125
125
125
125
125
125
125
125
125
125
125
125
125
125
125
125
125
125
125
125
125
125
125
125
125
125
125
125
125
125
125
125
125
125
125
125
125
125
125
125
125
125
125
125
125
125
125
125
125
125
125
125
125
125
125
125
125
125
125
125
125
125
125
125
125
126
125
125
125
125
125
125
125
125
125
125
125
125
125
125
125
125
125
125
125
125
125
125
125
125
125
125
125
125
125
125
125
125
125
125
125
125
125
125
125
125
125
125
125
125
125
125
125
125
125
125
125
125
125
125
125
125
125
125
126
126
125
125
125
125
125
125
125
125
125
125
126
125
125
125
125
125
125
125
125
125
125
125
125
125
125
125
125
125
125
125
125
125
125
125
125
125
125
126
125
126
126
125
125
125
125
125
125
125
125
125
125
125
125
125
125
125
125
125
125
125
125
125
125
125
125
125
125
125
125
125
125
125
125
125
125
125
125
125
125
125
125
125
125
125
125
125
125
125
125
125
125
125
125
125
125
125
125
125
125
125
125
125
125
125
125
125
125
125
125
125
125
125
125
125
125
125
125
125
125
125
125
125
125
125
125
125
125
125
125
125
125
125
125
125
125
125
125
125
125
125
125
125
125
125
125
125
125
125
125
125
125
125
125
125
125
125
125
125
125
125
125
125
125
125
125
125
125
125
125
125
125
125
125
125
125
125
125
125
125
125
125
125
125
125
125
125
125
125
125
125
125
136
