127
124
125
126
128
127
61
125
125
125
125
125
125
125
125
125
125
125
125
125
125
125
125
125
125
125
125
125
125
126
125
125
125
125
125
126
125
125
125
125
126
126
125
125
125
125
125
125
126
125
126
125
126
125
125
125
125
125
125
125
125
126
125
125
125
125
125
125
125
125
126
126
126
126
126
126
126
126
126
126
126
126
126
125
125
125
126
126
126
126
126
125
125
125
126
125
125
126
125
125
126
126
126
126
125
126
125
125
126
126
125
125
125
126
126
126
126
125
125
126
126
126
125
125
126
126
125
125
125
125
125
126
125
126
125
126
126
126
125
125
126
125
125
125
125
125
125
126
126
126
126
126
126
125
126
125
125
126
126
126
125
126
125
126
126
126
125
126
125
125
126
126
126
126
126
126
126
126
125
125
126
125
125
126
126
125
125
126
125
125
125
125
125
125
126
125
125
126
125
125
125
125
125
125
125
125
126
125
125
125
126
125
126
125
125
125
125
126
126
126
125
126
125
125
126
125
125
126
125
126
126
125
125
125
125
126
126
126
126
125
125
125
126
126
126
126
125
125
126
125
125
125
125
125
125
125
125
125
126
126
125
125
126
126
125
125
125
126
125
125
126
126
125
126
125
125
125
126
126
125
125
126
125
125
125
126
125
126
126
126
125
126
126
125
125
125
125
125
125
125
125
125
125
125
125
125
125
125
125
125
125
125
125
125
125
125
125
125
126
126
125
125
125
125
125
125
125
126
126
125
125
126
125
126
125
125
125
125
125
125
126
125
125
125
126
126
126
125
125
125
126
125
125
125
125
125
125
125
125
125
125
126
125
125
125
125
125
125
126
125
125
125
125
125
125
125
125
125
125
125
125
125
125
125
125
125
125
125
125
125
125
125
125
125
125
125
125
125
126
125
125
125
125
125
125
125
125
125
125
125
125
126
125
125
125
125
125
125
125
125
125
125
125
125
125
126
125
125
125
125
125
125
125
125
125
125
125
125
125
125
125
125
125
125
125
125
125
125
125
125
126
125
125
125
125
125
125
125
125
125
125
125
125
125
125
125
125
125
125
125
125
125
125
125
125
125
125
125
125
125
125
125
125
125
125
125
125
125
125
125
125
125
125
125
125
125
125
125
125
125
126
126
125
125
125
125
125
125
125
125
125
125
125
125
125
125
125
125
125
125
125
125
125
125
125
125
125
125
125
125
125
125
125
125
125
125
125
125
125
125
125
125
126
126
126
126
125
125
125
125
126
125
123
122
122
123
122
124
132
137
129
119
120
129
132
127
125
121
109
103
118
139
147
142
131
120
115
123
134
127
114
113
131
149
129
95
77
130
184
162
122
85
69
103
156
185
145
109
121
119
97
101
139
179
152
89
80
122
157
138
109
134
154
109
68
114
186
182
113
67
77
122
162
164
128
104
119
140
137
119
107
114
127
130
129
132
134
130
121
111
114
132
135
125
121
128
129
126
125
126
123
124
127
126
122
123
126
124
122
124
128
131
131
128
123
121
123
125
124
120
119
124
131
132
130
127
126
129
130
125
119
120
124
123
120
121
128
132
126
120
123
129
134
137
133
125
120
118
118
116
116
121
130
138
140
129
117
117
125
130
125
121
124
130
132
126
119
118
123
128
130
129
128
126
125
124
125
126
127
125
124
124
124
124
124
125
126
127
127
127
126
125
125
125
125
125
125
126
125
125
125
125
125
124
124
125
125
126
126
126
125
125
125
126
126
127
126
126
125
125
125
125
125
124
124
124
124
124
124
125
126
126
127
127
127
126
126
125
124
124
125
125
125
125
126
127
126
126
126
126
125
125
125
125
124
124
124
125
125
126
126
126
126
126
126
125
125
125
125
125
125
125
125
125
125
125
126
126
126
126
126
126
125
125
125
125
125
125
125
125
126
125
125
125
125
125
126
126
125
125
126
126
126
125
125
126
126
126
126
125
124
123
124
125
125
124
125
125
126
126
126
126
125
125
126
126
125
125
125
126
126
125
125
125
125
126
125
125
124
124
125
126
126
125
124
125
126
126
125
124
125
125
125
125
125
125
126
127
126
125
125
125
125
126
125
125
125
125
125
125
125
126
126
125
125
125
125
125
125
126
125
125
124
125
125
125
125
125
125
126
126
126
125
125
125
125
126
125
125
125
125
125
126
126
126
125
125
125
126
126
125
125
126
126
125
125
125
125
125
125
125
125
125
125
125
125
125
125
125
127
125
124
124
126
125
125
125
125
126
126
126
125
125
125
126
125
124
124
125
125
125
125
125
125
126
126
126
125
125
126
122
124
125
125
126
127
126
126
126
126
126
126
125
126
126
126
126
126
126
125
125
125
125
125
126
126
125
125
126
126
126
126
126
126
126
126
124
123
124
125
125
126
126
126
125
125
126
126
127
127
126
126
126
126
126
126
126
125
125
125
125
125
125
126
126
126
125
126
126
126
125
125
126
126
125
124
124
126
127
126
125
125
125
125
125
126
126
125
124
124
125
127
126
124
123
125
126
127
128
126
123
123
125
127
128
128
125
122
123
126
127
127
126
124
124
125
126
127
126
126
124
122
124
127
129
128
125
122
124
126
128
127
124
122
124
126
128
126
125
125
126
126
125
125
126
127
126
125
124
125
126
127
125
123
124
126
128
127
124
123
124
128
128
126
122
121
125
128
129
126
125
124
124
126
128
127
126
124
124
126
126
126
125
125
126
131
126
124
124
125
125
125
125
125
125
124
124
125
125
126
127
126
125
124
125
126
126
126
126
126
126
126
125
125
125
125
125
125
125
125
126
126
125
128
127
125
125
126
125
125
125
125
125
126
125
125
125
126
126
125
126
125
125
125
125
125
125
126
126
126
125
125
125
125
124
124
125
125
125
125
125
126
126
125
125
125
126
126
126
125
125
124
124
124
125
125
125
125
124
126
126
126
126
126
126
126
126
126
125
125
125
124
125
125
125
126
129
124
122
125
127
125
125
126
125
125
126
126
125
125
125
124
126
126
126
126
125
126
125
125
125
125
125
125
125
125
126
126
126
126
125
125
125
125
126
125
126
126
126
126
126
125
126
126
126
126
125
125
125
125
125
125
125
125
126
126
126
126
125
125
125
125
126
122
122
124
125
125
127
127
127
126
127
126
126
125
125
125
126
125
125
125
125
125
126
125
125
125
125
125
125
125
125
125
125
126
125
125
125
126
125
125
125
125
125
125
125
125
125
125
125
125
125
125
126
126
127
125
125
122
124
128
128
126
124
124
124
126
125
123
125
128
125
124
126
125
123
124
125
127
126
124
123
125
126
125
125
127
128
126
122
123
127
127
125
125
127
126
124
123
126
127
126
124
124
124
124
125
127
128
125
124
125
125
126
125
126
126
124
125
128
127
125
125
127
126
125
124
125
126
124
123
123
126
127
126
126
124
123
125
126
126
126
125
124
124
124
123
124
125
126
126
134
129
126
126
125
125
125
123
123
124
124
125
127
124
122
124
127
126
125
127
128
125
122
122
124
128
128
125
123
124
125
126
126
128
127
125
124
122
125
129
128
123
122
122
125
128
127
125
124
125
127
126
122
122
125
127
128
126
126
125
125
126
124
124
126
126
126
124
123
123
125
126
126
125
125
126
125
125
125
125
126
125
125
126
126
126
127
125
125
126
126
124
124
125
123
124
125
126
126
125
125
125
125
125
126
126
125
125
124
125
126
127
125
125
128
93
113
129
129
126
128
127
128
127
128
127
127
127
128
128
128
125
125
126
126
126
127
127
125
126
128
128
124
124
127
129
126
123
125
125
124
124
93
93
130
123
132
135
134
131
131
131
130
129
128
126
127
128
127
124
124
127
128
126
62
125
125
125
125
125
125
125
125
125
125
125
125
125
125
125
125
125
125
125
125
125
125
125
125
125
125
125
125
125
125
125
125
125
126
126
125
125
126
126
126
125
126
126
126
126
125
125
125
126
126
126
125
125
125
126
126
126
125
126
125
126
125
125
125
125
125
125
125
125
125
125
125
126
126
126
126
126
126
126
125
126
125
125
125
126
126
125
126
126
126
126
126
126
125
126
126
125
125
126
126
126
126
125
126
125
125
126
125
125
125
126
125
125
125
125
125
125
125
126
126
125
126
125
126
125
125
125
125
125
125
125
126
125
125
125
125
125
125
126
125
125
126
125
126
125
125
126
126
126
125
126
126
126
126
125
125
125
126
126
125
126
125
125
125
126
126
125
126
126
126
126
126
125
126
126
126
125
126
126
126
126
126
126
126
126
126
126
126
126
126
126
126
126
126
126
126
126
126
125
126
126
126
126
126
125
126
126
125
126
126
126
125
125
126
126
126
126
126
126
126
126
126
126
126
125
126
126
126
126
125
126
126
126
125
125
126
125
126
126
126
126
126
125
125
126
126
126
126
126
126
126
125
125
125
125
125
125
125
125
125
125
125
125
125
125
125
125
125
125
125
125
125
125
125
125
125
125
125
125
125
126
126
125
125
125
125
125
126
126
125
125
125
126
126
125
125
126
125
126
126
125
125
125
125
125
125
125
125
125
125
125
126
125
126
125
126
126
126
125
125
125
125
125
125
125
125
126
125
125
126
125
125
125
125
125
125
125
125
125
125
125
125
125
125
125
125
125
126
125
125
125
125
125
127
