124
124
131
131
126
124
53
125
125
125
125
125
125
125
125
125
125
125
125
125
125
125
125
125
125
125
125
125
125
125
125
125
125
125
125
125
125
125
125
125
125
125
125
125
125
125
125
125
125
125
125
125
125
125
125
125
125
125
125
125
125
125
125
125
125
125
125
125
125
125
125
125
125
125
125
125
125
125
125
125
125
125
125
125
125
125
125
125
125
125
126
125
125
125
125
125
125
125
125
125
125
125
125
125
125
125
125
125
125
125
125
125
125
125
125
125
125
125
125
125
125
125
125
125
125
125
125
125
125
125
125
126
125
125
125
125
125
125
125
125
125
125
125
125
125
125
125
125
125
125
125
125
125
125
125
125
125
125
125
125
125
125
125
125
125
125
125
125
125
125
125
125
125
125
125
125
125
125
125
125
126
125
125
125
125
125
125
125
125
125
125
125
125
125
125
125
125
125
125
125
125
125
125
125
125
125
125
125
125
125
125
125
125
125
125
125
125
125
125
125
125
125
125
125
125
125
125
125
125
125
125
125
125
125
125
125
125
125
125
125
125
125
125
125
125
125
125
125
125
125
125
125
125
125
125
125
125
125
125
125
125
125
125
125
125
125
125
125
125
125
125
125
125
125
125
125
125
125
125
125
125
125
125
125
125
125
125
125
125
125
125
125
125
125
125
125
125
125
125
125
125
125
125
125
125
125
125
125
125
125
125
125
125
125
125
125
125
125
125
125
125
125
125
125
125
125
125
125
125
125
125
125
125
125
125
125
125
125
125
125
125
125
125
125
125
125
125
125
125
126
125
125
125
125
125
125
125
125
125
125
125
125
125
125
125
125
125
125
125
125
125
125
125
125
125
125
125
125
125
125
125
125
125
125
125
125
125
125
125
125
125
125
125
125
125
125
125
125
125
126
125
125
125
125
125
125
125
125
125
125
125
125
125
125
124
125
126
126
126
126
126
126
126
125
125
125
126
126
125
125
125
126
125
125
126
125
126
126
125
125
126
125
125
125
126
126
126
125
126
125
125
126
126
126
126
125
126
126
125
125
125
125
125
125
125
125
125
126
126
126
126
125
125
125
125
125
125
125
125
125
125
125
125
125
126
125
125
125
125
125
125
125
125
125
125
126
125
125
125
125
125
125
125
125
125
125
126
128
129
129
128
123
119
120
120
104
81
111
196
235
151
47
56
127
154
135
151
170
53
135
46
255
255
8
255
3
255
255
4
116
130
14
132
255
160
16
64
172
178
162
124
61
83
149
142
114
118
117
110
134
159
136
99
105
126
124
124
137
135
119
113
118
121
120
126
138
135
114
104
119
138
138
124
118
125
132
128
122
120
122
124
126
129
131
128
120
117
122
129
132
134
132
125
118
117
123
129
131
124
120
123
130
128
122
120
125
130
131
128
123
120
123
129
131
129
126
124
123
123
123
125
127
127
127
128
127
126
125
124
124
124
124
124
124
125
126
127
127
128
128
127
125
124
122
122
123
125
126
126
126
127
127
126
126
127
126
126
125
125
125
126
125
125
125
124
124
124
125
126
127
127
127
126
126
125
125
124
124
125
125
125
126
126
127
127
126
126
126
126
125
125
125
126
125
124
125
126
126
126
125
125
125
126
126
125
125
126
126
127
126
124
125
126
126
125
123
124
127
127
125
124
125
127
128
126
124
124
124
125
126
126
126
126
126
125
125
126
126
125
125
125
126
126
125
125
126
126
126
125
125
125
125
125
125
126
125
125
125
126
126
125
125
125
126
126
126
125
125
126
125
125
125
125
124
124
124
125
125
125
125
126
126
126
125
125
125
125
126
125
125
125
125
125
125
125
126
126
125
125
125
126
126
125
125
126
125
125
125
125
125
125
125
125
125
125
125
125
125
126
126
126
126
126
127
126
126
125
125
124
125
124
124
124
126
126
125
126
127
126
125
126
126
124
125
125
125
124
124
125
127
126
125
125
126
125
125
125
126
125
125
126
126
126
125
125
126
125
125
125
125
125
125
125
124
125
126
126
126
125
126
126
126
125
125
125
125
125
125
125
125
125
125
126
126
125
125
126
126
126
125
125
125
125
126
126
123
126
125
125
124
126
125
125
126
125
125
125
125
125
126
126
126
125
126
123
125
125
126
126
127
127
126
126
126
126
126
126
126
125
125
125
125
125
126
126
126
126
125
125
125
126
126
125
125
126
125
125
126
126
126
125
125
125
127
127
126
126
126
125
125
125
126
123
125
125
125
125
126
127
127
126
126
125
126
126
126
126
126
125
125
125
126
126
126
126
125
125
125
125
125
125
126
125
125
125
126
125
125
125
125
125
125
125
125
125
125
126
126
126
126
126
125
125
126
126
125
125
126
126
126
125
125
125
126
126
125
125
125
126
126
126
125
125
125
126
126
126
125
126
126
126
125
125
125
125
125
125
125
125
125
126
125
125
126
126
126
125
126
126
126
126
125
125
125
125
126
126
125
126
125
126
126
126
125
125
126
126
126
125
126
126
125
125
125
126
126
125
126
125
125
126
125
125
125
125
126
125
126
126
125
126
126
126
125
125
125
126
126
126
126
125
126
129
126
125
125
125
125
125
125
124
125
126
126
126
125
126
126
126
126
125
125
126
126
129
126
125
125
125
124
125
125
126
126
126
125
125
125
126
126
125
125
125
125
126
125
125
125
126
126
126
125
125
125
125
126
125
125
125
125
126
125
125
127
123
126
125
126
125
126
126
126
126
126
126
125
125
125
125
126
125
125
126
125
126
126
126
125
125
125
126
125
125
125
125
126
126
125
125
125
126
126
126
125
125
126
126
126
125
125
125
126
125
125
125
126
125
125
125
126
126
125
125
126
125
125
125
126
125
126
125
121
124
125
126
126
127
127
126
126
126
125
126
126
125
126
125
125
125
125
125
126
125
125
125
125
125
125
126
127
124
125
126
125
125
125
125
125
125
125
125
125
125
126
126
125
125
124
125
124
125
126
125
126
126
126
125
125
125
125
125
125
125
125
126
126
125
126
126
125
125
125
125
125
125
125
126
125
126
125
125
125
125
125
125
125
125
126
125
126
126
125
126
125
125
125
125
126
125
126
126
126
125
126
126
125
125
125
125
125
125
125
125
125
126
126
125
125
125
126
126
125
125
125
125
126
126
125
125
125
126
126
126
126
125
125
126
125
125
126
125
125
125
125
126
126
125
125
125
125
127
131
126
125
126
124
122
124
125
125
125
125
124
125
126
126
123
123
124
127
126
126
126
126
126
126
126
125
125
125
127
125
125
123
124
126
126
130
104
112
129
127
128
128
128
129
129
128
126
126
127
127
124
123
125
125
123
126
130
129
122
119
126
131
129
127
128
125
120
124
132
135
127
117
117
123
128
129
126
126
126
125
125
125
124
125
127
127
130
130
127
123
122
123
124
125
126
126
126
126
126
126
126
126
126
118
122
124
125
126
129
128
127
127
126
125
126
127
127
126
125
125
125
126
127
125
124
123
124
126
128
127
124
123
125
127
127
125
124
123
125
128
128
125
122
124
127
126
125
124
125
126
126
124
124
125
125
126
125
125
124
125
126
127
126
125
124
125
126
126
126
125
125
126
125
125
125
125
126
127
126
125
126
125
125
126
126
125
124
124
125
124
126
125
125
126
125
126
126
125
125
125
125
126
125
125
127
127
126
124
125
125
126
125
125
125
125
126
126
125
125
126
126
125
125
125
125
125
126
126
125
125
125
125
125
125
125
125
126
126
125
125
125
125
125
125
126
126
124
125
125
126
124
125
125
136
128
125
125
124
121
123
123
123
125
125
124
125
125
126
126
125
125
125
125
126
126
125
125
125
126
126
125
125
125
127
52
125
125
125
125
125
126
125
125
126
126
125
125
125
125
125
125
125
125
125
125
125
125
125
125
125
125
125
125
125
125
125
126
125
125
125
125
125
125
125
125
125
125
126
125
125
125
126
125
125
125
126
126
126
126
126
125
125
126
125
126
126
126
126
125
125
126
125
126
125
125
126
126
125
125
125
125
125
126
125
125
125
125
125
126
125
125
125
126
125
126
125
126
126
126
125
125
125
125
125
125
125
125
125
125
125
125
125
126
125
125
125
125
125
125
125
125
125
125
125
125
125
125
125
125
125
125
125
125
125
125
125
125
125
125
125
125
125
125
125
125
125
125
125
125
125
125
125
125
125
125
125
125
125
125
125
125
125
125
125
125
125
125
125
125
125
125
125
125
125
125
125
125
125
125
125
125
125
125
125
125
125
126
125
125
125
125
125
125
125
125
125
125
125
125
125
125
125
125
125
125
125
125
125
125
125
125
125
125
125
125
125
125
125
125
125
125
125
125
125
125
125
125
125
125
125
125
125
125
125
125
125
125
125
125
125
125
125
125
125
125
125
125
125
125
125
125
126
126
125
125
125
125
125
125
125
125
125
125
125
125
125
125
125
125
125
125
125
125
125
126
125
125
125
126
125
126
125
125
125
126
125
125
126
126
125
125
125
125
126
126
126
125
126
125
125
125
125
126
125
125
125
125
125
125
125
126
126
126
125
125
125
126
125
125
125
125
125
125
125
125
125
125
126
125
125
125
125
125
125
125
126
125
125
125
125
126
125
125
125
125
125
126
126
125
125
125
125
125
125
125
125
125
125
125
