128
125
120
122
128
129
91
125
125
125
125
125
125
125
125
125
125
125
125
125
126
125
125
125
125
125
125
125
125
125
125
125
125
125
125
125
125
125
125
125
125
125
125
125
125
125
125
125
125
125
125
125
125
125
125
125
125
125
125
125
125
125
125
125
125
125
125
125
126
126
126
125
126
125
125
125
125
126
126
125
126
126
125
125
125
125
125
125
125
125
126
126
125
125
126
125
126
125
125
125
125
125
125
126
126
126
126
126
126
126
126
125
126
126
125
126
126
126
126
126
126
126
126
126
126
126
126
126
125
125
126
125
126
125
126
125
126
126
126
125
125
125
126
126
125
126
125
126
125
125
126
125
126
125
125
125
125
125
125
125
125
126
126
125
125
125
126
125
125
125
126
125
125
125
125
125
125
125
125
125
125
125
125
125
125
126
126
125
125
126
126
125
126
125
125
125
125
125
126
126
125
125
126
125
125
125
125
125
125
125
125
126
125
126
126
125
125
126
126
126
125
125
125
125
126
126
126
125
125
126
126
126
125
125
125
125
126
126
125
125
125
125
126
125
125
125
125
125
125
126
126
126
126
126
125
126
126
125
125
125
126
125
126
126
126
126
126
126
126
126
125
125
125
125
125
126
125
126
126
126
125
125
125
125
125
125
125
125
125
126
125
125
125
125
125
125
125
125
125
125
125
125
125
125
125
125
125
125
126
126
125
125
125
125
125
125
125
125
125
125
125
126
126
125
125
125
125
125
125
125
125
125
125
125
125
125
125
125
125
125
125
125
125
125
125
125
125
125
125
125
125
125
125
125
125
125
125
125
125
125
125
125
125
125
125
125
125
125
125
125
125
125
125
125
125
125
125
125
125
125
125
125
125
125
125
125
125
125
125
125
126
124
125
125
125
125
126
126
126
126
126
126
125
125
126
126
125
125
125
125
125
125
125
125
125
125
125
126
125
126
126
126
126
126
125
126
126
125
126
125
125
125
126
125
126
125
125
126
126
125
125
125
125
126
126
126
125
125
126
126
126
126
126
125
125
125
126
125
125
125
125
125
126
126
126
125
125
126
126
126
125
125
125
125
125
125
125
125
125
125
125
126
126
125
126
125
126
126
125
125
125
125
125
125
125
125
125
125
125
125
125
125
125
125
125
125
125
125
125
125
125
125
125
125
125
125
125
125
125
125
125
125
125
125
125
125
125
125
125
125
125
125
125
125
125
125
125
125
125
125
125
125
125
125
125
125
125
125
125
125
125
125
125
125
125
125
125
125
125
125
125
125
125
125
125
125
125
125
125
125
125
125
125
125
125
125
125
125
125
125
125
125
125
125
125
125
126
125
125
125
125
125
125
125
125
125
125
125
125
125
125
125
125
125
125
126
126
125
125
125
125
125
125
125
125
125
125
125
125
125
125
125
125
125
125
125
125
125
125
125
125
125
125
125
125
125
125
125
125
125
125
125
125
125
126
126
125
125
125
125
125
125
125
125
125
125
125
125
125
125
125
125
125
125
125
125
125
125
125
125
125
125
125
125
125
125
125
125
126
125
125
125
126
125
125
125
125
125
126
126
125
125
125
126
126
125
125
125
125
125
126
125
125
125
125
125
125
125
125
125
125
125
126
126
125
126
126
126
126
126
125
125
125
125
125
125
125
125
125
125
125
125
125
125
125
125
125
125
125
125
125
125
125
125
125
125
125
126
125
125
125
125
125
125
125
125
125
125
125
125
125
125
125
125
125
125
125
125
125
125
125
125
125
125
125
125
125
125
125
125
125
125
125
125
125
125
125
125
125
125
125
125
125
125
125
125
125
125
125
125
125
125
125
125
125
125
125
125
125
125
125
125
125
125
125
125
125
125
125
125
125
125
125
125
125
126
124
124
125
126
126
126
126
126
125
126
126
125
125
125
126
126
125
126
126
125
125
126
126
125
125
126
124
124
125
126
126
126
127
127
126
126
126
126
126
126
126
125
125
126
126
126
126
126
126
125
126
126
125
126
126
126
125
126
126
126
126
126
126
125
126
126
125
124
126
126
125
126
126
126
126
126
126
125
125
126
126
125
126
127
126
125
126
127
126
126
125
126
125
124
125
126
126
125
125
126
126
126
126
126
125
125
126
126
125
125
125
125
124
125
126
125
125
125
126
126
126
126
127
126
126
126
126
125
125
125
126
125
125
126
126
125
125
126
127
126
125
126
125
125
125
126
126
125
125
126
126
125
125
126
126
125
125
126
126
125
125
126
126
126
125
125
126
126
125
126
126
126
126
126
126
126
125
125
126
126
126
126
125
125
125
125
126
125
125
125
126
126
125
125
126
126
126
126
125
125
125
126
126
126
126
125
125
126
126
126
126
126
126
126
125
128
126
126
125
125
125
125
125
125
125
125
125
125
125
126
126
125
125
126
126
126
126
126
126
126
125
126
126
125
125
125
126
126
125
127
127
126
125
125
124
125
125
125
124
125
126
126
125
125
125
125
125
125
125
125
125
125
125
125
126
125
125
125
125
125
125
125
125
126
126
125
125
125
125
125
125
125
125
125
125
125
125
125
125
125
125
126
126
126
125
125
125
125
125
125
125
126
128
128
127
123
122
125
127
127
125
123
124
126
126
125
124
123
125
126
125
123
128
124
126
125
124
126
129
128
127
125
125
125
127
125
123
122
124
125
127
127
126
126
126
124
123
125
128
127
125
125
125
125
126
126
125
124
118
122
127
127
128
129
128
128
128
126
125
125
125
125
125
125
125
125
125
125
125
125
125
126
126
127
127
127
127
127
126
122
126
126
126
126
127
126
126
126
126
125
126
125
126
125
125
125
126
128
129
129
126
124
124
124
126
126
125
123
123
125
127
127
126
126
125
126
126
125
126
126
125
125
126
126
126
126
126
126
125
124
123
126
128
126
123
125
127
127
126
125
126
126
124
124
124
125
125
124
126
125
123
122
122
123
128
135
134
125
121
127
133
130
125
125
125
122
123
123
120
120
130
134
127
122
124
126
126
126
126
127
126
124
124
126
126
124
123
124
125
124
124
127
128
128
127
127
127
128
126
115
109
120
138
138
129
137
144
116
91
123
153
134
111
113
123
128
129
124
121
129
133
125
124
135
140
124
102
117
138
130
117
125
129
123
123
126
121
114
122
135
138
129
123
124
127
128
124
118
117
122
131
134
127
121
123
131
134
130
125
124
122
116
119
130
134
126
120
121
127
129
127
134
131
123
115
121
134
132
113
101
109
122
134
143
141
125
115
122
136
143
136
123
115
119
134
143
124
97
97
123
73
146
135
127
127
153
140
105
102
133
144
129
118
121
125
133
139
132
121
124
133
135
126
114
113
126
135
126
114
117
130
134
128
125
126
127
127
129
131
127
122
125
129
126
123
125
130
129
128
127
124
125
128
128
123
121
126
128
126
125
126
126
126
126
126
125
115
121
124
127
128
127
124
127
133
133
126
121
122
127
130
126
119
116
122
130
132
129
128
125
121
122
127
128
126
123
122
121
126
130
127
122
119
121
128
131
130
130
131
130
127
127
128
125
122
122
121
118
119
122
125
122
121
127
134
132
127
123
123
124
125
124
123
123
125
127
125
126
125
126
125
127
131
133
128
125
122
123
125
126
123
120
121
129
131
125
120
124
129
131
127
122
120
124
129
129
125
122
124
128
130
128
123
122
124
126
123
120
121
123
126
127
128
128
128
126
125
124
122
124
128
129
126
122
124
127
128
127
125
123
123
124
125
126
126
124
122
123
127
128
125
123
122
125
138
131
127
125
126
126
127
124
122
121
124
124
123
124
126
127
126
124
126
129
128
124
123
122
123
123
123
127
126
123
124
127
128
126
125
128
90
126
125
125
125
125
125
125
125
125
126
125
125
125
125
125
125
125
125
125
125
125
125
125
125
125
125
125
125
125
125
125
125
125
125
125
125
125
125
125
125
125
125
125
125
125
125
125
125
125
125
125
125
125
125
125
125
125
125
125
125
125
125
125
125
125
125
125
125
125
125
125
125
125
125
125
125
125
125
125
125
125
125
125
125
125
125
125
125
125
125
125
125
125
125
125
125
125
125
125
125
125
125
125
125
125
125
125
125
125
125
125
125
125
125
125
125
125
125
125
125
125
126
125
125
126
125
125
126
126
125
126
125
125
126
126
126
126
125
125
126
125
125
126
126
126
125
125
125
126
126
125
126
126
126
126
126
126
126
126
125
126
126
126
126
126
126
126
126
126
126
126
126
126
126
126
126
126
126
126
126
126
126
126
126
126
126
126
126
125
125
126
126
126
126
126
125
126
125
126
126
125
125
125
125
125
126
125
125
125
125
125
126
125
125
125
125
125
125
125
125
125
125
126
126
126
125
126
125
126
126
126
125
125
125
125
126
126
125
125
126
126
126
125
126
126
125
125
126
126
126
126
126
125
125
125
126
125
126
125
125
125
126
126
126
126
126
125
125
125
125
126
126
126
125
126
125
126
126
126
125
126
125
125
125
125
125
125
125
126
125
125
125
126
125
126
126
125
126
125
125
126
125
125
126
126
126
126
126
125
126
125
125
126
126
125
125
126
125
125
126
126
125
126
126
125
125
126
126
125
126
126
125
125
126
126
126
125
126
126
126
125
125
125
125
125
126
125
125
126
125
125
125
125
125
