125
124
125
127
125
126
49
126
125
125
125
125
126
125
125
125
125
125
125
125
125
125
125
125
125
125
125
125
125
125
125
125
125
125
125
125
125
125
125
125
125
125
125
125
125
125
126
125
125
125
125
125
125
125
125
125
125
125
125
125
125
126
125
125
125
125
125
125
125
125
125
125
125
125
125
125
125
125
125
125
125
125
125
125
125
125
125
125
125
125
125
125
125
125
125
125
125
125
125
125
125
125
125
125
125
125
125
125
125
125
125
126
126
125
126
126
125
126
125
126
126
126
125
125
126
125
126
126
126
125
126
125
125
126
126
126
126
126
126
126
126
126
126
126
126
126
126
126
125
126
126
125
126
126
126
126
126
126
126
126
126
126
126
126
126
126
126
126
126
126
126
126
126
126
126
126
126
125
126
125
126
126
126
126
126
126
125
125
125
125
126
125
125
125
125
126
125
125
125
125
126
125
125
125
125
125
125
126
125
125
125
126
126
125
125
126
125
125
125
125
125
125
125
125
125
125
126
126
125
126
125
125
125
126
126
126
125
125
126
126
126
125
125
125
126
126
126
125
125
125
126
125
125
125
125
125
125
126
126
125
126
126
126
125
126
125
125
125
125
125
126
126
125
125
126
125
126
126
126
125
126
126
125
125
125
125
126
126
126
126
126
126
126
125
125
125
125
125
125
125
125
125
125
125
125
126
126
125
125
125
125
125
125
125
125
125
126
126
126
126
126
126
125
125
125
125
126
126
125
125
125
125
125
125
125
125
125
125
125
125
125
125
125
125
125
125
125
125
125
125
125
126
126
125
125
125
125
125
125
125
125
125
125
125
125
125
125
125
125
125
125
125
125
125
125
125
125
125
125
125
125
125
125
125
125
125
125
125
125
125
125
125
125
125
125
125
125
125
125
125
125
125
125
125
125
125
125
125
125
125
125
125
125
125
125
125
125
125
125
125
125
125
125
125
125
125
125
125
125
125
125
125
125
125
125
125
125
125
125
125
125
125
125
125
125
125
125
125
125
125
125
125
125
125
125
125
125
125
125
125
125
125
125
125
125
125
125
125
125
125
125
125
125
125
125
125
125
125
125
125
125
125
125
125
125
125
125
125
125
125
125
125
125
125
125
125
125
125
125
125
125
125
125
125
125
125
125
126
125
125
126
125
124
123
124
124
124
124
124
127
129
128
129
134
138
130
110
99
104
108
111
139
185
191
129
63
81
148
139
75
107
215
172
18
67
228
175
38
90
231
144
53
111
148
140
93
122
155
119
107
136
150
113
100
126
139
123
101
121
157
156
128
80
73
153
195
118
74
114
142
118
127
146
118
103
146
155
109
94
126
141
131
120
119
125
137
140
122
101
106
130
149
145
120
103
118
144
143
117
102
115
137
138
121
111
121
135
133
122
121
129
130
125
125
128
126
121
119
122
127
127
124
127
131
129
126
125
125
123
122
121
121
124
129
132
128
121
120
127
133
128
120
120
125
129
127
123
121
124
127
127
126
124
125
131
130
121
118
124
128
127
125
125
125
126
125
124
124
125
128
129
126
122
120
124
128
126
125
127
127
124
123
127
131
126
120
123
127
124
122
128
134
130
120
117
124
132
131
117
109
124
146
137
103
100
140
163
133
101
110
133
137
122
114
125
140
134
116
116
132
128
105
101
133
160
143
112
111
128
134
129
122
120
124
131
132
121
112
118
130
133
127
122
122
127
133
131
124
120
122
125
125
126
129
128
122
119
123
128
128
126
126
128
126
122
121
125
129
129
127
126
124
123
122
123
125
126
126
124
123
125
128
129
126
126
126
124
122
123
126
126
126
127
128
126
124
123
123
125
128
129
127
125
124
123
124
125
126
124
124
125
126
125
125
126
126
125
125
125
124
125
126
128
127
125
124
125
126
126
125
123
124
124
125
126
126
125
126
126
126
126
126
126
126
125
125
125
125
125
125
125
124
124
125
126
126
125
125
126
126
125
125
125
125
125
126
126
126
127
125
124
125
125
125
126
126
125
123
122
124
127
129
127
124
122
123
125
126
126
126
125
125
125
123
122
123
127
130
129
125
123
124
126
127
125
124
124
124
125
127
127
125
122
124
126
127
124
122
123
125
126
127
126
126
126
125
124
124
125
125
125
125
126
127
126
125
125
125
125
125
125
124
125
126
126
125
125
125
125
125
125
126
126
125
124
125
125
126
126
125
125
125
125
125
125
125
125
125
126
125
125
124
124
124
125
125
124
124
125
126
126
125
125
125
125
126
126
126
125
124
125
125
125
125
125
125
125
125
126
126
125
125
125
125
126
125
122
124
125
125
126
126
125
125
126
126
125
125
125
125
126
126
125
125
126
125
125
125
125
125
125
125
124
125
126
126
125
125
125
124
124
125
126
125
126
126
125
124
127
129
124
125
126
124
125
126
127
125
124
126
126
125
124
124
126
126
126
125
124
124
125
127
127
126
125
126
126
126
125
125
125
125
126
126
126
125
125
126
126
126
126
125
125
125
126
126
125
125
126
126
126
125
126
126
125
125
127
126
125
125
126
126
126
125
125
125
125
124
125
125
124
125
127
128
127
126
125
126
127
126
126
125
125
125
125
126
126
126
125
125
125
126
126
125
125
125
125
126
126
125
124
124
126
127
126
125
125
125
125
126
127
126
125
126
126
125
126
125
124
125
126
126
126
125
125
125
126
126
125
125
125
125
126
125
125
126
126
125
124
126
126
126
125
126
126
126
126
126
125
125
123
125
125
125
125
126
126
126
126
125
125
125
125
126
126
126
126
126
126
126
125
126
126
126
126
125
129
127
125
125
125
124
124
125
125
125
125
125
125
125
125
125
125
126
126
125
125
125
126
126
126
126
125
125
125
125
126
126
123
119
126
125
126
127
126
126
130
127
126
125
125
123
124
125
125
125
125
125
125
125
125
125
125
125
126
126
126
126
125
126
127
126
126
126
125
125
126
126
125
125
125
125
125
126
126
125
125
125
125
125
125
125
125
125
125
125
125
125
125
126
125
125
125
125
125
125
125
125
126
125
123
125
125
125
126
126
126
126
125
126
126
125
125
125
125
125
126
126
126
125
126
126
126
126
126
124
125
124
125
126
125
125
124
125
126
126
126
126
125
125
126
125
125
124
124
125
125
124
125
124
124
125
126
127
126
126
126
126
126
126
126
124
124
124
126
126
125
126
126
126
127
126
125
126
125
125
125
124
124
125
125
125
125
125
125
125
126
126
126
126
125
125
126
125
125
126
125
124
124
125
125
125
126
127
125
124
124
124
125
126
126
127
126
125
125
125
127
127
126
124
124
126
126
125
124
125
126
127
126
125
124
125
126
127
126
123
125
132
131
120
116
126
131
125
122
126
128
123
123
129
129
127
125
122
121
123
125
126
125
124
123
126
127
127
124
122
122
125
127
128
126
124
123
125
127
127
125
124
125
126
127
125
124
126
127
125
124
125
127
127
125
125
125
126
127
126
124
123
124
126
126
126
125
124
124
124
123
125
128
128
123
119
128
135
126
116
120
130
129
122
122
126
127
123
123
125
127
126
128
123
123
123
125
125
126
128
127
125
123
124
126
129
126
123
121
124
127
127
125
124
126
129
128
126
125
123
125
126
124
124
124
124
125
126
125
122
123
128
130
125
121
124
128
128
124
121
123
127
127
123
121
124
127
128
127
124
125
129
129
125
125
124
127
126
123
122
123
126
126
125
125
126
126
126
103
92
128
127
130
130
130
125
131
128
128
126
127
127
127
127
126
125
125
126
125
125
126
125
126
125
126
126
126
126
126
126
126
125
125
126
126
126
127
126
126
126
126
125
125
125
126
124
125
125
126
125
48
125
125
126
126
125
125
125
125
125
125
125
125
125
125
125
125
125
125
125
125
125
125
125
125
125
125
125
125
125
125
125
125
125
125
125
125
126
125
125
125
125
125
125
125
125
125
125
125
125
125
125
125
125
125
125
125
125
125
125
125
125
125
125
125
125
125
125
125
125
125
125
125
125
125
125
125
125
125
125
125
125
125
125
125
125
125
125
125
125
125
125
125
125
125
125
125
125
125
125
125
125
125
125
125
125
125
125
125
125
125
126
125
125
125
125
125
125
125
125
125
125
125
125
125
125
125
125
125
125
125
125
126
126
125
125
125
125
125
125
125
125
125
125
125
125
125
125
125
125
125
125
125
125
125
125
125
125
125
125
125
125
125
125
125
125
125
125
125
125
125
125
125
125
125
125
125
125
125
125
125
125
125
125
125
125
125
125
125
125
125
125
125
125
125
125
125
125
125
125
125
125
125
125
125
125
125
125
125
125
125
125
125
125
125
125
125
125
125
125
125
125
125
125
125
125
125
125
125
125
125
125
125
125
125
125
125
125
124
125
125
125
125
125
125
125
125
125
125
125
125
125
125
125
125
125
125
125
125
125
125
125
125
125
125
125
125
125
125
125
125
125
125
125
125
125
125
125
125
125
125
125
125
125
125
125
125
125
125
125
125
125
125
125
125
125
125
125
125
125
125
125
125
125
125
125
125
125
125
125
125
125
125
125
125
125
125
125
125
125
125
125
125
125
125
125
125
125
126
125
125
125
125
125
125
125
125
125
125
125
125
125
125
125
125
125
125
125
125
125
125
125
125
125
125
