125
125
125
125
124
123
53
125
125
125
125
125
125
125
126
125
125
125
125
125
125
125
125
125
125
125
125
125
125
125
125
125
125
125
125
125
125
125
125
125
125
125
125
125
125
125
125
125
125
125
125
125
125
125
125
125
125
125
125
125
125
125
125
125
125
125
125
125
125
125
125
125
125
125
125
125
125
125
125
125
125
125
125
125
125
125
125
125
125
125
125
125
125
125
125
125
125
125
125
125
125
125
125
125
125
125
125
125
125
125
125
125
125
125
125
125
125
125
125
125
125
125
125
125
125
125
125
125
125
125
125
125
125
125
125
125
125
125
125
125
125
125
125
125
125
125
125
125
125
125
125
125
125
125
125
125
125
125
125
125
125
125
125
125
125
125
125
126
125
125
125
125
125
125
125
125
125
125
125
125
125
126
125
125
125
125
125
125
125
125
125
125
125
125
125
125
125
125
125
125
125
125
125
125
125
125
125
125
125
125
125
125
125
125
125
125
125
125
125
125
125
125
125
125
125
125
125
125
125
125
126
125
125
125
125
125
125
125
125
125
125
125
125
125
125
125
125
125
125
125
125
125
125
125
125
125
125
125
125
125
125
125
125
125
125
125
125
125
125
125
125
125
125
125
125
125
125
125
125
125
125
125
125
125
125
125
125
125
125
125
125
125
125
125
125
125
125
125
125
125
125
125
125
125
125
125
125
125
125
125
125
125
125
125
125
125
125
125
125
125
125
125
125
125
125
125
125
125
125
126
125
125
125
125
125
125
125
125
125
125
126
125
125
125
125
125
125
125
125
124
125
125
126
126
126
126
126
126
126
125
126
125
126
126
126
126
125
126
125
126
126
126
125
125
126
126
125
125
125
126
126
126
125
126
125
125
125
125
125
125
125
125
126
125
125
125
125
125
125
125
125
126
126
126
126
126
125
126
125
125
125
125
125
125
125
126
125
126
125
125
125
125
125
125
125
125
125
125
125
125
125
125
125
125
125
126
126
126
126
125
125
125
125
125
125
126
125
125
125
125
125
126
125
125
125
125
125
125
125
125
125
125
126
125
125
125
125
126
125
125
125
125
125
125
125
126
125
125
125
125
125
125
125
125
125
125
126
125
125
126
126
125
125
125
125
125
126
125
125
125
125
125
125
126
126
126
125
125
126
127
131
136
120
86
91
158
198
140
71
94
144
137
115
127
133
116
123
156
133
63
99
204
142
20
151
255
180
139
51
255
255
137
5
39
164
255
141
18
81
255
202
37
52
134
132
117
157
152
102
103
118
115
137
162
138
100
97
112
124
137
152
148
115
85
94
128
142
134
132
132
119
111
123
136
129
114
114
129
134
127
123
128
130
130
130
127
123
124
124
120
120
124
124
122
126
130
128
127
130
132
127
120
119
122
122
118
117
122
130
135
137
134
129
124
123
123
124
123
122
123
125
126
124
122
124
130
133
130
126
123
123
124
126
127
127
126
125
126
125
123
121
122
126
128
127
125
124
125
127
128
127
126
124
124
125
127
128
126
124
122
124
126
127
126
124
124
124
125
125
126
126
127
126
125
125
125
126
126
126
125
125
125
125
126
125
126
125
126
125
125
124
125
125
125
125
125
125
126
126
125
126
126
127
127
127
127
126
126
125
125
125
124
123
124
124
126
125
125
126
127
128
127
126
126
126
127
126
126
125
125
124
125
125
125
125
126
126
126
126
126
126
127
127
126
126
126
125
125
125
125
125
125
125
124
126
126
126
126
126
126
126
126
126
125
125
125
125
125
125
125
126
126
126
126
126
125
126
125
125
125
125
125
125
125
126
126
126
126
126
126
126
126
126
126
125
125
125
126
126
126
126
126
126
125
125
125
125
125
125
125
125
125
125
126
126
126
126
126
126
126
126
125
125
125
125
125
125
125
125
125
125
126
126
126
127
127
127
125
124
126
126
125
125
126
125
124
126
127
125
124
127
126
124
125
127
126
124
124
127
127
125
124
126
127
125
124
126
127
126
124
125
126
125
125
125
125
125
126
126
125
125
126
127
126
125
124
125
126
126
125
125
127
127
125
125
125
125
126
127
126
125
124
126
129
125
124
126
126
125
125
125
125
126
125
125
125
126
126
125
125
126
127
126
126
125
125
127
126
125
125
125
124
126
127
126
125
126
126
126
123
124
125
125
125
125
126
125
124
126
127
125
124
125
127
127
125
125
125
125
127
128
125
125
125
125
125
126
126
124
124
125
126
125
125
125
125
127
126
122
122
125
127
127
126
124
124
125
126
126
125
124
125
126
126
126
125
125
125
125
125
125
125
125
125
125
126
125
125
125
125
125
126
126
125
125
125
125
125
125
125
126
126
125
125
125
125
125
125
125
125
125
125
125
125
126
125
125
125
125
125
125
125
125
125
125
125
125
125
125
125
125
125
125
125
125
126
125
126
126
125
125
125
125
125
125
125
125
125
125
125
125
125
125
125
125
125
126
125
125
125
125
125
125
125
125
125
125
126
123
125
125
125
125
126
126
126
126
126
125
125
125
125
126
126
126
125
126
125
125
125
125
126
125
125
125
125
126
125
125
125
125
125
125
125
125
126
126
126
126
126
125
126
126
126
126
126
126
125
125
126
126
125
125
125
125
126
125
126
125
125
125
125
125
125
123
122
124
126
126
127
127
127
126
126
126
125
125
125
125
125
126
126
126
125
125
125
126
125
125
125
125
125
125
125
125
125
125
125
125
125
125
125
125
125
125
125
125
125
125
125
125
125
125
125
125
125
125
125
125
125
125
125
125
126
126
126
125
125
125
125
125
125
125
125
125
125
125
125
125
126
125
125
125
125
125
125
125
126
126
125
125
125
126
126
126
125
125
125
125
126
125
125
126
126
126
125
125
126
125
125
125
125
125
125
125
125
125
125
125
125
125
125
125
125
125
125
125
125
126
126
126
125
126
125
125
125
125
125
125
125
125
125
125
125
125
126
125
125
125
125
125
125
125
125
128
128
126
125
125
124
124
125
124
125
125
125
125
126
126
126
125
125
126
126
125
125
126
125
125
125
125
125
126
126
125
124
125
126
125
126
125
125
125
125
126
126
125
125
125
125
126
125
125
125
126
125
125
125
125
125
125
125
125
125
126
125
125
126
125
125
126
125
125
125
125
124
126
125
126
125
125
125
126
126
126
126
125
125
125
126
125
125
125
125
125
125
125
126
126
126
126
125
124
124
124
126
126
125
125
125
126
126
125
126
125
125
126
125
125
125
126
125
126
125
126
125
125
125
125
125
125
124
125
125
125
125
125
125
126
124
125
126
126
125
125
125
127
126
125
125
125
126
126
125
126
126
126
125
126
125
125
123
124
125
125
125
126
128
127
124
122
126
128
125
122
122
125
127
126
125
125
124
125
126
126
125
123
125
127
124
114
126
128
127
125
127
126
125
127
126
125
124
124
124
126
126
127
127
126
125
126
127
126
125
125
126
126
126
127
126
124
124
127
125
124
124
126
127
126
125
124
125
126
126
127
126
125
126
125
125
125
125
125
125
125
126
127
126
125
126
125
125
125
126
126
125
120
119
124
126
127
127
129
128
128
127
125
126
128
126
125
125
126
125
124
126
127
126
125
126
126
126
124
123
125
126
125
125
124
126
126
125
125
125
125
125
124
125
126
123
125
126
126
126
125
125
125
124
125
126
126
126
125
125
126
125
125
123
125
125
125
125
126
126
126
125
124
125
126
125
124
124
126
125
126
127
127
126
126
125
125
125
125
125
125
124
124
126
125
126
126
126
126
126
125
124
125
125
127
125
121
125
125
125
127
128
127
125
126
125
125
124
125
124
124
125
125
126
125
125
125
125
126
125
125
125
52
125
126
126
125
125
125
125
125
125
126
125
125
126
126
126
125
126
126
125
125
125
125
125
126
125
125
125
126
126
125
125
125
125
125
125
125
125
125
125
125
125
125
125
125
125
125
125
126
125
125
125
125
125
125
125
125
125
125
125
125
125
125
125
126
126
126
125
125
125
125
126
125
125
125
126
125
125
125
126
126
125
125
126
125
125
125
125
125
125
125
125
125
125
125
125
125
125
125
125
125
125
125
125
125
126
125
125
125
125
125
125
125
125
125
125
125
125
125
125
125
125
125
125
125
125
125
125
125
125
125
125
125
125
125
125
125
125
125
125
125
125
126
125
125
125
125
125
125
125
125
125
125
125
125
125
125
125
125
125
125
125
125
125
125
125
125
126
126
125
125
125
125
125
125
125
125
125
125
125
125
125
125
125
125
125
125
125
125
125
125
125
125
125
125
125
125
125
125
125
125
125
125
125
125
125
125
125
125
125
125
125
125
125
125
125
125
125
125
125
125
125
125
125
125
125
125
125
125
125
125
125
125
125
125
125
125
125
125
125
125
125
125
125
125
125
125
125
125
125
125
125
125
126
125
125
125
125
125
126
125
125
125
125
125
125
125
125
125
125
125
125
125
125
125
125
125
125
125
125
125
125
125
125
125
125
125
125
125
125
125
125
125
125
125
125
125
125
125
125
125
125
125
125
125
125
125
125
125
125
125
125
125
125
125
125
125
125
125
125
125
125
125
125
125
125
125
125
125
125
125
125
125
125
125
125
125
125
125
125
125
125
125
125
125
125
125
125
125
125
125
125
125
125
125
