131
131
123
122
127
129
97
125
125
126
125
125
125
126
125
125
125
125
125
126
125
126
126
125
126
126
125
125
125
126
125
125
125
125
125
125
125
126
125
125
125
125
125
126
125
125
125
125
125
126
125
125
126
126
125
125
125
125
125
126
125
125
125
126
126
126
125
125
125
125
126
125
126
125
125
125
126
125
126
125
125
125
125
126
125
126
125
125
125
126
125
125
125
125
125
125
125
125
125
125
126
125
125
125
125
125
125
125
125
126
125
125
125
125
125
125
125
125
125
126
125
125
125
125
125
125
125
125
125
125
125
125
125
125
125
125
125
125
125
125
125
125
125
125
125
125
125
125
125
125
125
125
125
125
125
125
125
125
125
125
125
125
125
125
125
125
125
125
125
125
125
125
125
125
125
125
125
125
125
125
125
125
125
125
125
125
125
125
125
125
125
125
125
125
125
125
125
125
125
125
125
125
125
125
125
125
125
125
125
125
125
125
125
125
125
125
125
125
125
125
125
125
125
125
125
125
125
125
125
125
125
125
125
125
125
125
125
125
125
125
125
125
125
125
125
125
125
125
125
125
125
125
125
125
125
125
125
125
125
125
125
125
125
125
125
125
125
125
125
125
125
125
125
125
125
125
125
125
125
125
125
125
125
125
125
125
125
125
125
125
125
125
125
125
125
125
125
125
125
125
125
125
125
125
125
125
125
125
125
125
126
124
125
125
126
125
126
125
125
126
125
125
125
126
125
125
126
125
126
125
126
125
125
126
126
126
126
126
125
126
126
126
126
125
125
125
126
126
126
126
125
126
125
126
125
126
125
125
126
125
125
125
125
126
125
126
126
125
126
125
125
126
126
125
125
125
125
126
125
125
125
125
125
126
125
126
126
125
125
125
125
125
125
126
125
125
125
126
125
126
125
125
125
125
125
125
125
125
125
125
125
125
125
125
125
126
125
125
125
125
125
125
125
125
125
125
125
125
125
125
125
125
125
126
125
126
125
125
125
125
125
125
125
125
125
125
125
125
125
125
125
125
125
125
125
125
126
125
125
125
125
125
125
125
125
125
125
125
125
125
125
125
125
125
125
125
125
125
125
125
125
125
125
125
125
125
125
125
125
125
125
125
125
125
125
125
125
125
125
125
125
125
125
125
125
125
125
125
125
125
125
125
125
125
125
125
125
125
125
125
125
125
125
125
125
125
125
126
126
125
125
125
125
125
125
125
125
125
125
125
125
125
125
125
125
125
125
125
125
125
125
125
125
125
125
125
125
125
125
125
125
125
125
125
125
125
125
125
125
125
125
125
125
125
125
125
125
125
125
125
125
125
125
125
125
125
125
125
125
125
125
125
125
125
125
125
125
125
125
125
125
125
125
125
125
125
125
125
125
125
125
125
125
125
125
125
125
125
125
125
125
125
125
125
125
125
125
125
125
125
125
125
125
125
125
125
125
125
125
125
125
125
125
125
125
125
125
125
125
125
125
125
125
125
125
125
125
125
125
125
125
125
125
125
125
125
125
125
125
125
125
125
125
125
125
125
125
126
125
126
126
125
125
125
125
125
125
125
125
125
125
125
125
125
125
125
125
125
125
125
125
125
125
125
125
125
125
125
125
125
125
125
125
125
125
125
125
125
126
125
125
125
125
125
125
125
125
125
125
125
125
125
125
125
125
125
125
125
125
125
125
125
125
125
125
125
125
125
125
125
125
125
125
125
125
125
125
125
125
125
125
125
125
125
125
125
125
125
125
125
125
125
125
125
125
125
125
125
125
125
125
125
125
125
125
126
125
123
124
126
125
126
126
126
126
126
126
125
126
125
125
126
125
125
125
126
126
125
126
126
126
123
125
126
126
126
127
126
126
126
126
126
126
126
126
126
126
126
126
126
126
126
125
126
126
126
126
126
126
126
126
126
126
126
125
125
126
126
125
126
126
126
126
125
124
125
125
126
126
126
126
126
126
126
125
125
126
125
125
125
125
126
125
125
126
125
126
126
125
125
125
125
125
126
126
125
125
125
126
125
125
125
125
125
125
125
126
125
125
126
125
125
126
125
125
125
126
125
125
126
126
126
125
125
125
125
125
126
125
125
125
125
125
126
126
126
125
126
125
125
126
125
125
125
125
125
125
126
126
125
125
126
125
125
125
126
125
125
126
125
125
125
125
126
125
125
125
125
125
126
126
125
125
126
126
126
125
125
125
125
125
125
125
126
126
126
125
126
126
125
125
126
126
125
126
126
126
125
125
126
126
125
125
126
126
125
126
126
126
126
126
126
125
127
126
126
125
125
124
124
124
125
125
125
125
126
126
125
125
126
126
125
125
126
125
125
125
126
126
125
125
126
127
125
126
126
125
125
124
125
125
125
125
125
125
123
133
129
121
120
120
123
125
126
128
128
127
126
126
126
125
125
125
125
125
125
125
125
125
125
126
125
125
126
125
125
125
125
125
125
125
126
125
124
124
125
126
126
125
125
125
125
125
126
126
125
125
125
126
126
125
125
125
125
125
125
125
125
124
125
125
126
125
125
126
125
125
125
126
125
125
125
126
126
125
124
125
126
125
125
126
126
125
124
125
126
124
123
125
125
123
122
124
125
127
130
132
133
131
128
127
127
126
122
121
117
102
96
114
135
138
127
120
124
143
162
148
114
105
121
132
133
134
128
118
119
123
122
119
118
117
118
125
131
128
121
119
124
130
130
129
130
130
129
128
127
125
125
125
122
122
124
125
125
126
125
122
122
125
126
122
122
123
123
124
123
124
125
125
124
126
131
131
127
125
127
128
125
121
121
126
128
125
123
126
128
126
125
125
125
124
123
125
127
124
121
122
127
130
124
120
123
128
127
124
124
127
128
125
125
126
127
125
124
125
127
125
121
123
126
127
124
124
126
128
126
123
124
126
126
123
122
126
128
125
123
126
128
125
122
124
127
127
123
123
126
126
123
123
124
125
124
123
125
127
127
125
124
125
128
126
124
125
127
126
126
124
126
127
126
125
129
117
108
128
124
124
127
127
126
125
126
126
126
125
124
126
126
126
126
127
128
127
126
126
127
125
108
124
128
130
129
127
126
128
129
126
124
125
127
126
125
124
126
128
126
125
125
127
127
125
124
126
128
126
125
126
128
128
124
125
126
127
126
125
126
127
126
125
118
123
125
126
126
127
128
128
127
127
127
128
125
118
115
124
133
131
121
124
150
170
129
70
78
137
166
141
95
92
129
152
138
111
99
133
159
130
103
119
136
133
132
133
115
102
113
128
138
147
138
106
93
127
163
141
102
105
131
138
125
118
124
129
127
128
127
121
124
130
131
124
118
120
126
126
124
125
127
126
125
128
133
132
125
122
125
128
126
122
120
123
127
127
125
123
124
126
128
127
124
122
125
127
126
125
125
126
126
126
125
125
128
127
125
124
125
125
126
125
126
125
125
125
125
126
127
126
125
125
126
126
125
124
125
127
126
125
124
125
127
126
126
127
127
127
125
124
125
127
133
127
124
125
122
121
124
127
126
124
123
124
126
125
124
125
127
128
125
123
127
129
127
125
126
129
127
122
128
129
129
127
122
119
122
123
123
122
125
126
124
125
127
126
125
125
125
126
126
126
125
125
125
124
123
125
129
130
126
124
124
126
127
126
125
122
122
124
124
125
125
124
125
126
127
130
126
116
115
128
137
129
119
119
122
124
139
143
114
102
127
141
127
115
120
128
131
131
126
121
122
127
131
128
124
123
125
125
124
123
127
130
124
117
119
126
128
125
123
125
124
124
126
127
127
128
129
126
125
126
126
125
124
125
123
124
127
127
125
124
123
124
125
125
125
123
123
125
126
125
121
122
126
125
125
126
127
98
125
125
125
125
125
125
125
125
125
125
125
125
125
125
125
125
125
125
125
125
125
125
125
125
125
125
125
125
125
125
125
125
125
125
125
125
125
125
125
125
125
125
125
125
125
125
125
125
125
125
125
125
125
125
125
125
125
125
125
125
125
125
125
125
125
126
125
125
125
125
125
125
125
125
125
125
126
125
125
125
125
125
125
125
125
125
125
125
125
125
125
125
125
125
125
125
125
125
125
125
125
125
125
125
125
125
125
125
125
125
125
125
125
125
125
125
125
125
125
125
125
125
125
125
125
125
125
125
125
125
125
125
125
125
125
125
125
125
126
125
126
126
125
125
125
125
125
125
125
125
125
125
125
125
125
125
125
125
125
125
125
125
125
125
125
125
125
125
125
125
125
125
126
125
125
125
125
125
125
125
125
125
125
125
125
125
125
125
125
125
125
125
125
125
125
125
125
125
125
125
125
125
125
125
125
125
125
125
125
125
125
125
125
125
125
125
125
125
125
125
125
125
125
125
125
125
125
125
125
125
125
125
125
125
125
125
125
125
125
124
125
125
126
126
126
125
126
126
126
125
125
125
125
125
126
125
125
126
126
125
125
125
126
126
126
125
125
125
126
126
126
125
125
125
126
126
125
125
125
125
126
126
126
125
125
126
125
125
126
125
125
125
125
125
126
126
125
125
126
126
125
125
125
125
125
125
125
125
125
126
126
125
126
126
125
125
125
125
125
125
125
125
125
125
125
125
125
125
125
125
125
125
125
125
125
125
125
125
125
125
125
125
125
125
125
125
125
125
125
125
125
125
125
119
