122
125
129
126
125
125
91
125
125
125
125
125
125
125
125
125
126
126
125
125
125
125
125
125
125
125
125
125
125
125
125
125
125
125
125
125
125
125
125
125
125
125
125
125
125
125
125
125
125
125
125
125
125
125
125
125
125
126
125
125
125
125
125
125
125
125
125
125
125
125
125
125
125
125
125
125
125
125
125
125
125
125
125
125
125
125
125
125
125
125
125
125
125
125
125
125
125
125
125
125
125
125
125
125
125
125
125
125
125
125
125
125
125
125
125
125
125
125
125
125
125
125
125
125
125
125
125
125
125
125
125
125
125
125
126
126
125
126
126
125
126
126
125
126
126
125
125
126
125
126
126
125
125
125
126
125
125
125
125
125
125
125
126
126
126
126
126
126
126
126
126
125
125
126
126
125
126
126
126
126
126
126
126
126
125
126
126
126
126
126
126
125
126
126
126
126
125
125
126
126
126
125
126
125
126
126
126
125
125
125
125
125
125
125
125
125
125
125
125
126
125
125
126
126
125
125
126
125
126
125
126
125
126
125
125
125
125
126
125
126
125
126
125
126
126
125
126
125
125
125
125
125
125
125
125
126
126
125
126
125
125
126
125
126
125
126
125
125
125
126
126
126
126
126
125
125
126
126
125
125
125
125
126
125
125
125
125
125
126
126
125
125
126
126
126
126
125
125
126
126
126
125
125
125
125
126
126
126
125
125
125
126
126
125
125
125
125
125
125
126
125
125
125
126
126
126
126
126
126
125
126
125
125
125
125
125
125
125
126
126
125
126
125
126
126
126
126
125
126
125
125
125
125
125
125
125
125
125
125
125
126
125
125
126
125
125
125
125
125
125
125
125
125
125
125
125
125
125
125
125
125
125
126
126
125
125
125
125
125
125
125
125
125
125
125
125
125
125
125
125
125
125
125
125
125
125
125
125
125
125
125
125
125
125
125
125
125
125
125
125
125
125
125
125
125
125
125
125
125
125
125
125
125
125
125
125
125
125
125
125
125
125
125
125
125
125
125
125
125
125
125
125
125
125
125
126
124
125
125
126
125
126
126
125
126
126
125
125
126
125
125
125
126
125
125
125
125
125
125
125
125
125
125
125
125
125
125
126
125
125
125
125
125
125
125
125
125
125
125
125
125
125
126
125
125
125
125
126
125
125
126
125
125
125
125
125
125
126
126
126
126
125
125
124
125
126
125
126
126
126
126
125
125
125
125
125
125
125
125
125
125
126
126
125
125
125
125
125
125
125
125
125
125
125
125
125
125
125
125
125
125
126
125
125
125
125
125
125
125
125
125
125
126
125
125
125
125
125
125
125
125
125
125
126
125
125
125
125
125
125
125
125
125
125
125
125
125
125
125
125
125
126
125
125
125
125
125
125
125
125
125
125
125
125
125
126
125
125
125
126
126
125
125
125
125
125
125
126
125
125
125
126
126
125
125
125
125
125
125
125
125
125
125
126
126
125
125
126
125
125
125
125
126
125
126
126
125
125
125
126
125
125
125
125
125
125
125
125
125
126
126
127
126
125
125
125
125
125
125
125
125
125
125
125
125
125
125
125
125
125
125
125
125
125
125
125
125
125
125
125
125
125
125
125
125
125
125
125
125
125
125
125
125
125
125
125
125
125
125
125
125
125
125
125
125
125
125
125
125
125
125
125
125
125
125
125
125
125
125
125
125
125
125
125
125
125
125
125
125
125
125
125
125
125
125
125
125
125
125
125
125
125
125
125
125
126
125
125
125
125
125
125
125
125
125
125
125
126
125
125
125
125
126
124
125
125
125
125
126
126
126
125
125
125
126
126
126
126
126
126
126
126
126
125
125
125
126
125
125
126
124
125
126
126
126
126
126
126
126
126
126
126
125
126
126
126
125
126
126
125
126
126
126
125
126
126
126
125
126
126
126
126
126
126
125
126
126
126
125
124
125
126
126
126
126
126
126
126
126
125
126
126
125
125
125
125
125
125
126
126
125
126
126
125
125
126
126
125
126
126
125
125
126
126
126
125
125
125
125
125
126
125
125
126
126
125
126
125
125
125
126
126
125
125
126
126
125
126
126
126
125
126
126
126
125
126
126
125
125
125
126
126
125
126
126
125
125
126
126
125
125
126
126
125
126
126
125
125
126
126
126
125
126
126
125
125
126
126
126
125
126
126
125
126
126
125
125
126
126
126
125
125
126
126
126
126
126
125
125
125
126
126
125
126
126
126
125
125
126
126
125
125
126
126
125
125
126
126
126
125
126
126
125
125
126
126
126
125
128
126
126
125
125
125
125
125
125
125
126
125
125
125
125
125
126
126
126
126
125
126
126
125
125
125
125
125
125
125
126
125
126
126
129
125
122
124
126
126
126
126
125
125
126
125
125
126
126
126
126
126
126
126
125
126
126
126
125
125
126
126
126
126
126
126
125
126
126
126
125
126
125
126
125
125
126
125
125
126
125
126
126
126
125
126
125
126
126
126
126
126
125
126
126
126
126
126
125
125
126
124
123
125
125
125
126
127
125
126
126
126
126
126
126
125
125
125
125
125
126
126
125
126
126
125
125
125
125
126
125
125
124
125
125
125
125
126
127
128
128
125
123
123
126
128
127
125
123
123
125
126
124
123
123
125
127
125
124
125
127
127
126
125
126
126
127
127
125
125
126
127
125
123
122
124
126
127
127
126
127
127
124
122
124
126
126
125
124
124
125
127
127
125
124
125
126
127
127
127
126
126
126
126
125
125
125
124
125
125
125
125
125
124
125
125
125
125
126
126
126
126
128
127
127
126
126
126
126
125
124
124
124
124
124
125
125
126
126
125
125
125
125
125
127
129
128
124
121
125
132
130
126
123
123
124
124
123
123
124
124
123
123
126
127
126
125
126
128
129
129
127
125
125
126
125
124
122
123
123
125
126
125
125
126
127
127
128
129
127
125
124
124
123
122
122
125
125
124
124
124
125
125
124
122
121
120
125
138
142
130
122
126
134
133
126
117
113
122
130
124
115
115
123
131
133
126
122
126
130
127
122
122
125
125
123
120
121
129
136
129
123
128
134
132
123
109
111
133
141
126
115
120
128
133
129
121
121
127
130
120
115
128
133
123
119
126
132
132
126
116
117
130
136
132
124
117
116
125
131
129
125
126
127
123
121
126
128
123
122
126
126
122
122
126
128
125
124
126
128
127
128
126
123
124
127
127
122
119
126
139
121
88
127
126
133
129
128
131
133
125
119
131
144
132
106
100
117
132
130
116
105
118
144
145
127
121
116
91
144
153
154
137
128
138
156
145
90
41
79
169
185
118
80
109
148
153
135
119
118
126
135
136
132
126
124
128
130
126
118
112
114
122
128
130
129
127
127
132
135
128
121
122
126
128
128
125
121
124
128
127
126
127
129
130
126
122
122
125
126
124
119
120
126
130
129
127
127
127
125
126
127
124
122
128
131
126
120
122
128
129
126
123
122
125
125
123
125
127
127
125
124
126
128
128
128
126
121
121
125
125
123
123
126
126
123
123
126
128
128
128
125
123
126
132
131
125
123
125
127
126
123
123
125
125
127
128
125
123
128
129
127
124
121
122
125
128
126
122
124
127
128
128
127
124
122
124
127
127
124
125
127
127
127
125
124
126
127
125
125
127
127
124
122
125
126
125
125
124
125
127
127
127
126
125
125
126
126
125
123
123
125
126
126
126
127
136
126
124
123
121
121
124
124
126
128
125
125
127
127
126
122
125
129
129
124
122
124
128
128
127
124
122
122
127
129
126
123
123
126
131
132
126
123
125
123
121
122
124
126
128
124
122
124
127
128
125
123
125
126
127
127
126
125
125
125
127
127
125
123
124
126
126
124
125
127
126
124
90
125
125
126
125
126
125
125
125
125
125
125
125
125
125
125
125
125
125
125
125
125
125
125
125
125
125
125
125
125
125
125
125
125
125
125
125
125
125
125
125
125
125
125
125
126
126
126
126
126
125
126
126
126
126
126
126
126
126
125
126
126
126
126
126
125
126
126
126
125
125
126
126
126
126
125
125
126
126
125
126
126
126
126
126
125
125
125
126
126
126
126
126
126
126
126
126
126
126
126
125
126
125
126
125
126
125
125
126
126
125
126
126
126
125
125
125
125
125
125
125
125
125
125
125
125
125
125
125
125
125
125
125
125
125
125
125
125
125
125
125
125
125
125
125
125
126
125
125
125
125
125
125
125
125
125
125
125
125
125
126
125
125
126
125
125
125
125
125
125
125
125
125
125
125
125
125
125
125
126
126
126
126
125
125
125
125
125
125
125
125
125
125
125
125
126
125
125
125
126
125
125
125
125
125
125
125
126
126
125
125
125
126
125
125
125
125
125
126
125
126
125
125
126
125
125
125
125
125
125
125
125
125
125
125
125
126
125
125
125
125
125
125
125
125
125
126
125
126
126
125
125
125
125
125
125
126
126
125
125
125
125
125
125
125
125
125
125
125
125
125
125
125
125
125
125
125
125
125
125
125
125
125
125
125
125
125
125
125
125
125
125
125
125
125
125
125
125
125
125
125
125
125
125
125
125
125
125
125
125
125
125
125
125
125
125
125
125
125
125
125
125
125
125
125
125
125
125
125
125
125
126
124
125
125
126
126
126
126
126
126
126
126
126
125
126
126
126
126
126
126
125
126
126
125
