124
124
124
125
127
126
31
126
125
125
125
126
125
125
125
125
125
126
125
125
125
125
125
125
125
126
125
125
125
125
125
125
125
125
125
125
125
126
125
125
125
125
125
125
125
125
125
125
125
126
126
125
125
126
125
125
125
125
125
125
126
125
125
126
125
125
125
126
125
126
125
125
126
125
125
125
125
125
126
125
125
125
125
125
125
125
125
125
125
126
125
125
126
125
126
126
125
125
125
125
125
125
126
125
125
125
126
126
126
125
125
125
125
125
126
125
125
125
125
125
125
125
125
125
125
125
126
126
125
125
126
125
125
125
125
125
125
125
125
125
126
126
125
125
126
125
125
125
125
125
125
125
125
125
125
125
125
125
125
126
125
125
125
125
125
125
125
125
125
125
125
125
125
125
125
125
125
125
125
126
126
125
125
125
125
125
125
125
125
125
125
125
125
125
125
125
125
125
125
125
125
125
125
125
125
125
125
125
125
125
125
125
125
125
125
126
125
125
126
125
125
125
125
125
125
125
125
125
125
125
125
125
125
125
126
126
126
126
125
125
125
125
124
124
124
124
125
127
127
126
127
128
128
125
123
123
125
126
125
124
125
125
125
124
124
125
125
126
127
129
129
127
124
122
122
124
124
125
126
129
129
126
123
122
125
127
127
126
124
123
124
126
127
127
126
125
125
124
124
125
125
126
125
124
125
128
128
125
122
125
127
125
123
125
128
127
125
125
125
125
128
128
123
122
124
126
128
126
121
122
129
128
122
126
130
122
121
130
126
119
130
134
118
118
134
127
116
127
132
121
123
133
126
121
128
125
119
127
131
121
121
132
129
118
125
133
120
118
135
132
116
124
135
121
117
131
129
117
127
130
117
124
135
122
117
135
133
114
120
137
126
113
126
135
122
121
133
127
116
125
134
122
115
128
137
125
114
127
138
120
110
129
138
120
117
134
129
114
125
135
124
119
125
128
128
125
121
125
130
125
122
127
126
123
128
126
119
125
132
124
118
126
131
125
123
126
126
126
126
124
122
125
127
125
124
124
126
128
127
124
123
127
127
123
123
126
126
125
125
124
126
129
126
121
123
127
127
125
125
126
126
124
124
126
128
125
122
124
127
127
126
125
125
125
125
125
125
125
126
125
124
126
126
125
124
125
126
125
125
125
125
125
125
126
125
125
125
126
124
124
126
126
125
125
126
126
124
125
127
126
124
125
127
126
124
125
127
125
124
126
127
124
123
126
126
123
124
128
128
123
122
127
129
124
122
125
127
126
126
125
122
124
128
128
123
121
126
129
125
120
125
131
129
121
119
126
131
126
122
126
134
129
112
111
128
136
121
113
133
156
141
101
87
126
165
147
104
83
101
141
158
147
140
135
105
83
94
127
176
178
107
76
138
158
119
115
125
85
53
118
214
207
83
30
156
255
159
9
26
163
237
184
85
31
106
190
158
106
102
123
132
114
106
127
141
132
129
137
122
96
110
143
145
130
123
117
108
119
134
134
124
115
117
138
154
143
115
98
106
126
134
127
119
126
141
139
124
116
118
124
131
130
121
120
129
136
134
124
118
120
125
126
126
127
130
131
129
124
122
123
123
123
126
129
128
124
123
125
126
128
129
127
126
125
123
123
125
127
126
125
124
126
128
127
128
127
126
127
126
123
121
122
126
128
129
129
127
124
124
128
131
125
119
121
133
136
121
106
119
144
143
118
109
128
142
128
107
110
131
142
132
116
112
125
140
137
123
116
122
129
130
127
124
123
124
125
126
125
124
123
125
129
129
127
124
124
125
128
127
126
125
124
125
126
126
126
124
124
125
126
126
127
126
126
125
125
125
124
125
126
127
126
126
124
125
127
127
126
125
125
126
126
126
126
125
125
125
126
126
126
125
125
125
125
125
126
126
127
126
125
125
126
126
126
125
125
125
125
125
126
126
126
126
126
126
126
126
126
126
125
125
125
125
125
126
125
125
126
126
125
125
125
126
127
126
126
126
125
125
125
126
126
126
126
126
126
125
125
125
125
125
125
125
126
126
126
125
125
126
126
125
125
125
124
125
126
126
126
125
126
126
126
125
125
125
125
125
126
125
125
125
125
126
126
126
125
124
126
126
126
126
126
125
124
124
125
124
125
125
125
125
125
125
125
126
126
126
125
124
125
126
126
126
125
125
125
123
125
125
126
125
126
126
126
126
125
125
125
126
126
125
125
125
126
126
126
125
126
125
124
125
126
126
125
124
124
126
127
126
124
124
125
126
125
124
125
126
126
125
125
125
126
126
125
125
126
126
126
125
125
126
126
125
124
126
127
125
125
125
125
126
125
125
126
126
126
125
124
125
127
126
124
125
126
125
125
125
125
126
126
126
125
126
125
125
126
127
125
124
124
126
127
126
125
124
125
126
126
125
124
125
125
125
125
125
125
125
125
125
125
126
126
126
126
126
126
125
125
125
125
125
125
125
125
126
125
126
126
126
125
125
125
126
125
125
125
125
126
125
125
125
125
125
126
126
126
125
125
125
125
125
125
125
125
125
125
125
126
125
125
125
125
126
125
125
125
126
126
125
125
126
125
125
125
126
125
125
125
125
125
125
125
125
126
125
125
125
125
125
125
125
126
125
125
125
126
125
125
125
125
125
125
125
126
126
126
126
125
126
125
124
125
125
125
126
125
128
127
125
125
125
124
124
125
125
125
124
124
125
125
125
125
125
125
126
126
126
125
125
126
126
126
125
125
125
126
122
124
125
126
126
127
126
126
126
125
125
125
125
125
125
125
125
125
125
125
125
125
125
125
125
125
125
125
125
126
125
125
125
125
125
126
125
125
125
126
126
125
125
125
125
125
125
125
125
125
125
125
125
125
125
125
125
125
125
125
125
125
126
125
125
126
126
126
125
125
125
124
125
126
127
125
124
124
126
126
126
125
125
125
125
126
125
125
124
124
125
125
125
125
125
125
126
126
127
127
126
126
126
126
125
125
124
124
124
125
125
126
126
126
126
126
126
126
125
125
125
125
126
125
124
124
125
126
126
125
125
126
126
126
125
125
126
125
125
126
126
125
124
124
125
126
126
125
124
125
126
126
125
124
125
126
127
125
124
124
126
127
125
125
125
126
127
125
122
123
125
127
127
125
124
126
128
127
123
122
126
129
128
123
124
123
126
127
125
123
124
127
128
128
127
124
123
124
126
127
125
124
124
127
127
125
123
123
125
127
126
125
125
127
125
125
125
125
125
126
128
130
126
124
125
124
125
125
124
124
125
125
125
125
126
126
125
125
125
125
126
126
125
126
125
125
125
125
125
125
119
123
126
127
125
127
127
128
127
127
125
125
126
126
125
125
124
125
126
126
125
124
124
126
126
126
126
125
124
126
126
126
124
124
126
126
126
125
125
124
125
126
126
124
124
125
126
127
126
125
125
126
127
127
124
122
123
127
129
127
122
122
126
127
127
123
123
125
127
126
126
126
125
123
123
125
125
124
123
124
126
129
128
127
125
125
127
129
127
125
123
123
125
126
126
126
125
126
127
126
126
125
125
125
125
125
125
125
125
125
124
125
125
126
126
126
126
125
125
125
126
125
126
125
125
125
125
125
126
125
125
125
125
126
125
126
125
125
126
126
126
126
125
125
126
126
126
125
124
124
125
126
126
125
125
125
126
126
126
126
125
126
124
124
125
126
125
125
125
126
126
125
126
125
125
126
126
125
124
125
125
125
125
125
124
126
125
126
126
125
125
125
124
125
125
125
126
127
122
126
124
125
125
126
126
126
126
126
126
126
127
126
127
127
125
125
126
124
125
125
131
130
125
124
125
122
122
124
124
125
124
124
124
125
125
124
125
124
125
126
32
125
125
125
125
125
125
125
125
125
125
125
125
125
125
125
125
125
125
125
125
125
125
125
125
125
125
125
125
125
125
125
125
125
125
125
125
125
125
125
125
125
125
125
125
125
125
125
125
125
125
125
125
125
125
125
125
125
125
125
125
125
125
125
125
125
125
125
125
125
125
125
125
125
125
125
125
125
125
125
125
125
125
125
125
125
125
125
125
125
125
125
125
125
125
125
125
125
125
125
125
125
125
125
125
125
125
125
125
125
125
125
125
125
125
125
125
125
125
125
125
125
125
125
125
125
125
125
125
125
125
125
125
125
125
125
125
125
125
125
125
125
125
125
125
125
125
125
125
125
125
125
125
125
125
125
125
125
125
125
125
125
125
125
125
125
125
125
125
125
125
125
125
125
125
125
125
125
125
125
125
125
125
125
125
125
125
125
125
125
125
125
125
125
125
125
125
125
125
125
125
125
125
125
125
125
125
125
125
125
125
125
125
125
125
125
125
125
125
125
125
125
125
125
125
125
125
125
125
125
125
125
125
125
125
124
124
123
124
124
125
126
126
126
127
128
127
125
122
123
126
126
124
124
125
125
124
123
123
124
124
126
128
129
128
126
123
121
122
124
125
124
126
129
130
125
121
122
125
127
127
125
123
122
124
126
127
126
125
125
125
124
124
125
125
125
124
123
125
128
127
123
122
125
127
124
121
125
128
126
124
125
124
125
128
127
122
121
125
127
128
125
120
123
131
126
121
128
129
119
122
131
122
119
134
132
113
121
135
123
116
130
129
118
126
133
123
122
129
122
119
130
130
119
125
