122
124
126
125
125
124
87
126
125
125
125
126
126
126
126
126
126
126
126
126
125
126
126
126
125
125
126
125
126
126
126
126
125
126
125
125
126
125
125
125
126
126
126
125
126
125
126
126
126
126
125
126
125
126
125
125
126
125
126
125
126
125
126
126
126
125
126
126
125
125
125
126
126
126
125
126
126
126
126
125
126
126
126
126
125
125
126
125
125
126
126
125
126
125
125
126
125
126
126
125
126
125
126
125
125
126
126
125
126
125
125
125
125
126
125
125
125
126
126
126
126
126
126
126
125
126
125
125
125
126
125
126
125
125
125
126
126
126
125
125
126
125
126
126
125
126
126
125
125
125
125
126
125
126
126
125
125
126
126
125
125
125
125
125
125
125
125
125
125
126
125
125
125
125
125
125
125
125
125
125
125
125
125
125
125
125
125
125
125
125
125
125
125
125
125
125
125
125
125
125
125
125
125
125
125
125
125
125
125
125
125
125
125
125
125
125
125
125
125
125
125
125
125
125
125
125
125
125
125
125
125
126
125
125
125
125
125
125
125
125
125
125
125
125
125
125
125
125
125
125
125
125
125
125
125
125
125
125
125
125
125
125
125
125
125
125
125
125
125
125
125
125
125
125
125
125
125
125
125
125
125
125
125
125
125
125
125
125
125
125
125
125
125
125
125
125
125
125
125
125
125
125
125
125
125
124
125
125
125
125
126
125
125
125
125
125
125
125
125
125
125
126
125
125
125
125
125
125
125
125
125
125
125
125
125
125
125
125
125
125
125
125
125
125
125
125
125
125
125
125
125
125
125
125
125
125
125
125
125
125
125
125
125
125
125
125
125
125
125
125
125
125
125
125
125
125
125
125
125
125
125
125
125
125
125
125
125
125
125
125
125
125
125
125
125
125
125
125
125
125
125
125
125
125
125
125
125
125
125
125
125
125
125
125
125
125
125
125
125
125
125
125
125
125
125
125
125
125
125
125
125
125
125
125
125
125
125
125
125
125
125
125
125
125
125
125
125
125
125
125
126
125
125
125
125
125
125
125
125
125
125
125
125
125
125
125
125
125
125
125
125
125
125
125
125
125
125
125
125
125
125
125
125
125
125
125
125
125
125
125
125
125
125
125
125
125
125
125
125
125
125
125
125
125
125
125
125
125
125
125
125
125
125
125
125
125
125
125
125
125
125
125
125
125
125
125
125
126
126
125
125
125
125
125
125
125
125
125
125
125
125
125
125
125
125
125
125
125
125
125
125
125
125
125
125
125
125
125
125
125
125
125
125
125
125
124
125
125
125
125
125
125
125
125
125
125
125
125
125
125
125
125
125
125
125
125
125
125
125
125
125
125
125
125
125
125
125
125
125
125
125
125
125
125
125
125
125
125
125
125
125
125
125
125
125
125
125
125
125
125
125
125
125
125
125
125
126
126
125
125
125
125
126
125
125
125
126
126
125
125
125
125
125
125
125
126
125
125
125
125
125
125
125
125
125
125
125
125
126
125
125
125
125
126
125
125
125
125
126
125
125
125
125
125
125
125
125
125
126
125
125
125
125
125
125
125
125
125
126
126
125
125
125
126
126
125
125
125
125
125
126
125
124
124
126
125
126
126
126
126
126
125
125
126
126
126
126
126
126
126
126
126
126
126
126
126
126
126
126
126
126
126
126
126
126
126
125
126
126
126
126
126
125
126
126
126
125
125
126
126
126
126
126
125
126
126
126
126
126
126
125
126
126
126
126
126
126
125
124
125
126
126
126
126
126
126
126
126
126
125
125
126
126
125
125
126
126
126
127
126
126
126
125
125
125
125
125
126
125
125
126
125
125
126
126
126
126
125
125
126
126
126
126
125
125
126
126
126
125
123
125
125
126
126
126
126
126
126
125
125
126
126
125
126
126
125
125
125
125
125
125
126
126
125
125
126
126
125
126
126
125
125
126
126
125
126
126
126
125
126
126
125
125
126
126
125
125
125
126
126
125
126
126
126
125
126
126
125
125
126
126
125
125
126
126
125
125
126
126
125
126
126
125
125
126
126
126
125
126
126
125
125
126
126
125
125
126
126
125
125
126
125
126
126
125
125
128
126
126
126
124
124
125
126
125
125
125
126
125
125
125
125
125
125
126
126
125
125
125
126
125
125
125
125
125
125
126
126
125
125
126
126
125
125
125
125
125
126
126
126
125
125
125
125
125
125
126
125
125
125
126
126
125
125
125
126
125
125
125
126
125
125
125
125
125
125
125
125
125
125
125
126
125
126
125
125
125
125
125
125
125
125
125
125
125
125
126
125
125
125
125
126
126
125
125
125
125
125
126
125
125
125
125
125
125
125
125
125
125
125
126
125
125
125
125
125
125
125
125
125
125
126
127
126
125
126
125
124
125
125
125
125
125
125
125
125
125
125
125
125
125
126
126
125
125
125
125
125
125
126
125
125
125
126
125
125
125
125
125
125
125
126
125
125
125
125
126
125
125
125
125
125
125
125
125
125
125
125
125
125
125
125
125
125
125
125
125
125
125
125
125
125
121
125
125
125
126
126
126
126
126
126
126
125
125
125
125
125
125
125
125
125
126
126
126
124
124
125
127
126
126
125
125
125
126
125
125
124
124
125
125
125
125
126
126
125
125
125
126
126
126
124
124
125
126
126
126
126
125
124
125
125
125
125
126
126
125
125
125
126
126
125
124
124
125
125
126
126
126
124
124
125
125
126
125
125
126
126
126
125
125
125
125
125
125
125
125
126
126
126
126
126
125
125
125
125
123
123
124
124
124
125
126
127
128
129
131
132
133
131
127
122
116
112
111
114
120
126
129
130
130
129
128
130
132
133
132
132
126
120
115
117
116
120
129
132
123
111
110
124
145
150
135
131
135
111
75
99
168
179
103
74
134
165
138
113
110
116
126
129
124
120
123
131
137
133
125
120
118
122
127
124
120
122
124
123
123
125
125
129
131
117
112
138
164
152
120
107
118
127
118
113
116
113
111
130
156
146
115
104
121
145
151
128
99
97
120
147
144
113
98
127
151
133
114
127
139
126
113
119
126
127
125
125
128
129
122
119
125
130
128
122
113
109
120
141
149
147
134
104
98
130
144
121
109
117
124
129
130
132
135
131
121
120
124
123
118
121
126
129
126
121
123
135
132
120
115
124
129
133
133
130
126
125
121
117
120
128
129
124
125
127
125
126
132
131
119
112
119
133
139
131
119
117
131
150
144
105
87
113
137
128
106
106
132
153
147
121
110
127
138
122
109
126
147
139
118
119
130
128
114
109
116
126
137
146
136
110
93
110
147
155
123
99
115
141
142
127
120
126
127
122
122
125
124
127
132
131
125
123
124
119
112
118
128
126
121
122
128
131
132
131
128
124
122
122
125
133
130
122
120
124
128
127
128
127
122
123
129
130
127
126
122
120
122
125
122
121
124
126
126
131
133
127
122
122
125
127
130
130
124
122
126
125
121
124
129
129
129
127
121
122
128
129
123
119
120
122
123
126
128
126
123
123
126
128
127
127
126
127
127
126
126
129
130
126
123
125
128
127
125
124
122
121
124
125
124
124
123
125
125
124
125
126
126
126
125
125
125
122
125
129
129
128
127
124
124
124
123
125
129
141
132
120
113
120
129
134
123
110
115
131
135
123
120
125
128
126
127
128
125
122
121
127
133
131
123
120
125
128
127
125
120
116
123
131
129
123
124
130
132
124
119
123
125
126
129
129
122
120
127
130
124
122
127
129
126
123
124
125
127
128
129
122
119
122
127
129
128
120
119
123
125
126
130
128
126
127
128
127
125
126
125
124
134
143
85
133
126
125
126
129
130
126
122
123
126
129
125
121
123
125
125
125
126
127
86
126
126
126
125
126
125
125
126
126
126
125
126
125
126
126
126
125
126
126
126
126
126
126
126
125
126
125
125
125
126
125
126
126
126
126
125
126
125
125
125
126
125
125
126
125
125
126
126
125
126
125
126
126
125
126
125
126
126
125
126
125
125
125
126
125
126
126
126
125
126
126
125
125
125
125
125
125
126
125
126
125
125
125
125
125
125
125
126
126
126
125
125
125
125
126
125
125
125
125
125
125
125
126
125
125
126
125
125
125
125
126
125
125
125
126
125
125
125
125
125
126
125
125
125
126
125
125
125
125
125
125
125
125
125
125
125
125
125
126
125
125
125
125
125
125
125
125
125
125
125
126
125
125
125
126
125
125
125
125
125
125
126
125
125
125
125
125
125
125
125
125
125
125
125
126
125
125
125
125
125
125
125
125
125
125
125
125
125
125
125
125
125
125
125
125
125
125
125
125
125
125
125
125
125
125
125
125
125
125
125
125
125
125
125
125
125
125
125
125
125
125
125
125
125
125
125
125
125
125
125
125
125
125
125
125
125
125
125
125
125
125
125
125
125
125
125
125
125
125
125
125
125
125
125
125
125
125
125
125
125
125
125
125
125
125
125
125
125
125
125
125
125
125
125
125
125
125
125
126
126
125
125
125
125
125
125
125
125
125
125
125
125
125
125
125
125
125
125
125
125
125
125
125
125
125
125
125
125
125
125
125
125
125
125
125
125
125
125
125
125
125
125
125
125
125
125
125
125
125
125
125
125
125
125
125
125
125
125
125
125
125
125
125
126
125
125
125
125
125
125
125
125
125
126
