126
126
125
125
126
125
43
126
126
126
126
125
126
126
126
126
126
126
126
126
126
126
126
126
126
126
126
125
126
125
126
126
126
126
126
126
126
126
126
126
126
125
125
126
125
126
125
126
126
126
126
126
126
126
125
125
126
126
125
126
126
126
126
126
126
126
126
126
125
126
126
125
125
126
126
126
126
125
125
126
126
126
126
126
125
126
126
125
126
125
125
125
126
126
125
125
126
126
126
125
125
125
125
125
125
125
125
125
125
125
126
126
125
125
125
125
126
125
125
125
125
126
125
125
125
125
125
125
125
126
125
125
125
125
126
125
125
125
126
125
126
126
126
125
125
126
126
125
125
125
125
125
125
125
126
125
126
125
125
126
125
125
125
125
125
125
126
125
125
125
126
125
125
125
125
125
125
125
125
125
125
125
126
125
126
125
125
125
125
125
125
125
125
126
125
126
126
125
126
125
126
125
125
125
125
125
125
125
125
125
125
125
125
125
125
125
125
125
125
125
125
125
125
125
125
126
126
125
125
125
125
125
125
125
125
125
125
125
125
126
125
125
124
124
126
128
128
127
126
127
127
123
114
104
117
148
150
123
123
143
117
72
99
170
191
136
77
80
117
157
152
132
119
114
125
122
119
124
132
137
116
103
129
148
126
113
134
132
106
115
141
132
114
120
127
125
130
133
123
119
124
128
130
128
119
118
131
138
126
114
119
130
127
118
120
130
135
130
122
119
122
127
130
128
124
123
127
131
127
117
116
126
130
124
119
125
132
129
124
122
123
125
128
127
126
128
130
128
121
118
122
130
134
129
123
121
124
126
126
125
122
120
122
127
128
125
124
125
126
125
125
125
127
127
127
126
125
123
123
125
127
126
125
125
127
126
124
125
126
127
125
123
124
126
127
126
124
124
125
124
123
126
128
127
124
123
125
127
126
125
126
125
125
126
126
124
122
124
128
129
124
122
124
126
126
125
125
125
124
124
125
127
126
125
125
127
128
127
123
122
123
127
129
127
124
124
126
128
126
122
121
124
126
127
127
126
126
126
126
125
125
125
125
125
126
127
128
127
126
125
125
125
125
126
127
128
126
125
126
125
123
123
126
127
125
125
126
127
125
125
127
127
125
123
124
126
127
127
127
127
125
124
124
126
128
126
125
124
126
127
127
126
125
125
125
125
124
126
126
126
126
125
125
126
126
126
126
126
125
125
125
125
125
125
125
126
126
126
126
126
125
125
126
126
126
125
125
126
126
126
126
125
125
125
125
126
126
126
126
126
126
125
125
125
125
125
125
125
125
125
125
125
125
125
126
126
126
126
126
126
126
126
126
125
125
125
125
125
125
125
126
126
126
125
125
126
126
126
126
125
126
125
125
126
126
125
125
126
126
124
125
126
125
124
126
127
126
125
126
126
125
125
125
126
126
125
125
126
126
125
126
126
126
126
126
126
125
125
126
125
125
126
125
125
125
125
126
126
126
126
126
126
125
125
126
126
126
126
126
125
125
125
126
126
127
126
125
125
125
125
125
125
125
126
126
126
125
125
125
125
126
126
126
125
125
126
126
125
125
126
126
126
126
126
126
126
125
125
126
126
125
125
127
127
125
125
126
126
125
125
126
126
124
124
126
126
125
125
125
126
126
125
125
125
126
125
125
125
126
126
126
126
125
125
126
126
125
125
126
125
125
125
125
125
126
126
125
125
125
125
125
125
125
126
126
125
125
125
125
126
125
125
125
125
125
125
125
125
125
125
125
125
125
125
126
125
125
125
126
125
125
125
125
125
125
125
125
125
125
125
125
125
125
125
125
126
125
125
126
126
125
125
125
125
125
125
125
127
123
125
126
125
125
126
126
126
126
125
125
125
125
126
126
125
125
126
126
126
126
126
125
125
126
125
126
126
126
126
126
125
125
126
126
126
125
125
125
126
126
126
125
122
125
125
126
127
126
126
126
126
126
126
126
126
126
125
125
125
126
126
126
126
126
126
123
125
125
126
126
126
126
126
126
126
126
126
126
125
125
125
125
125
125
126
126
125
126
126
126
126
125
125
126
126
125
125
125
125
126
126
126
125
125
126
126
126
126
126
125
125
125
126
126
126
126
125
125
125
125
125
125
125
126
126
126
126
126
126
126
126
125
125
125
125
126
125
126
126
126
126
126
126
126
126
125
125
126
125
125
126
126
126
126
126
126
125
125
125
125
125
126
126
126
126
126
125
126
126
125
125
126
126
125
125
126
126
125
126
125
126
126
126
125
125
126
126
126
126
125
125
125
125
125
125
125
125
126
126
126
126
126
125
125
125
125
125
125
125
126
126
125
126
128
127
126
125
125
125
125
125
125
125
125
125
126
126
125
125
126
126
126
125
126
125
126
126
125
126
125
125
126
125
125
125
125
126
125
126
125
126
126
126
126
126
126
126
125
125
125
125
126
124
124
125
129
126
127
126
126
124
125
124
125
125
125
125
126
125
126
126
125
125
125
126
125
126
126
126
126
126
126
126
126
126
126
126
126
125
125
125
126
126
125
126
126
126
126
125
125
125
126
125
126
125
125
125
125
126
125
125
125
126
126
126
126
126
126
124
123
125
125
125
126
126
126
126
126
126
126
126
126
125
125
125
125
126
125
126
125
125
125
125
125
125
125
125
125
126
125
125
125
125
125
126
125
126
124
126
125
125
125
125
125
126
125
125
125
125
125
125
126
126
125
125
125
126
126
125
125
125
125
126
126
125
125
126
127
126
125
124
126
126
126
125
125
125
125
126
125
125
125
126
126
126
125
125
125
125
126
126
125
125
125
126
126
125
125
125
125
125
125
125
125
126
126
126
125
125
125
126
125
125
126
126
126
125
125
125
125
125
126
126
126
124
125
126
127
126
126
126
125
124
124
125
125
125
127
126
123
124
128
128
125
124
123
125
130
129
125
124
124
126
126
123
122
124
126
126
124
124
126
127
126
125
125
126
126
125
125
125
125
125
124
125
126
126
126
125
125
125
126
125
125
125
125
126
126
126
126
125
125
124
124
125
126
125
125
126
126
126
126
124
125
126
126
125
124
125
126
124
124
125
127
127
126
125
123
124
126
125
125
127
126
124
124
126
126
126
126
125
123
124
127
126
124
123
124
126
126
125
124
124
124
125
126
128
127
126
125
125
125
125
125
126
125
124
124
125
125
126
126
126
126
126
125
125
125
125
126
125
126
125
125
125
125
126
125
124
125
125
125
125
125
125
126
126
126
125
124
124
126
126
124
124
124
126
126
125
125
125
126
126
125
125
126
127
127
127
125
123
123
124
126
124
124
124
125
126
127
128
127
126
125
125
125
125
132
110
95
131
126
128
130
129
129
127
128
127
126
125
124
125
126
126
128
126
123
124
126
127
127
127
126
125
80
119
129
129
131
132
130
130
129
128
129
129
127
127
127
127
127
127
128
128
127
126
126
125
126
125
127
127
127
127
127
127
127
129
122
126
126
126
126
122
120
124
125
126
128
129
128
128
128
126
126
126
127
126
126
126
126
126
126
126
126
126
126
125
125
125
125
125
125
125
125
125
125
126
125
125
126
125
126
125
125
125
125
125
125
125
126
126
125
125
126
125
125
125
125
126
125
126
126
125
125
126
126
125
125
126
126
126
127
125
125
125
125
125
125
124
124
125
125
125
125
125
125
125
124
126
125
125
126
126
126
126
126
126
126
125
125
125
126
126
126
126
126
126
126
126
125
125
125
125
126
125
125
125
125
125
125
125
124
125
127
127
126
125
123
125
126
126
125
126
127
126
126
126
127
127
126
126
126
125
124
123
125
126
127
127
127
126
134
126
123
125
123
122
125
125
124
124
125
125
125
123
42
125
125
126
125
125
125
125
126
125
125
125
125
125
125
125
125
125
125
125
125
125
125
125
125
126
126
125
125
125
125
125
125
125
125
125
125
125
125
125
125
125
125
125
125
125
125
125
125
125
125
125
125
125
125
125
125
125
125
125
125
125
125
125
125
125
125
125
125
125
125
125
125
125
125
125
125
125
125
125
125
125
125
125
125
125
125
125
125
125
125
125
125
125
125
125
125
125
125
125
125
125
125
125
125
125
125
125
125
125
125
125
125
125
125
125
125
125
125
125
125
125
125
125
125
125
125
125
125
125
125
125
125
125
125
125
125
125
125
125
125
126
125
126
125
126
125
125
126
126
126
126
125
124
129
125
125
125
125
125
126
126
126
126
126
126
125
126
125
125
125
125
125
125
126
125
126
125
125
125
125
126
126
125
126
126
125
125
125
126
126
125
125
126
126
125
125
125
126
126
125
125
125
126
125
125
125
125
125
125
126
125
126
125
125
125
125
125
125
125
125
125
125
125
125
125
125
125
125
125
125
125
125
125
125
125
126
127
127
127
127
124
123
125
129
127
119
114
123
133
133
131
137
129
103
92
119
158
163
129
97
102
125
134
133
132
131
124
119
117
119
130
139
129
114
115
128
136
129
118
122
134
133
121
117
122
126
127
125
124
128
128
122
124
131
129
124
125
127
123
120
127
131
125
119
123
130
130
123
121
125
127
125
127
131
127
122
123
127
125
121
122
127
126
125
126
125
122
121
125
129
132
131
125
122
124
127
126
125
125
128
130
128
123
121
124
126
127
126
124
123
122
124
125
125
