125
126
125
125
125
126
65
125
125
125
125
125
125
125
125
125
125
125
125
125
125
125
125
125
125
125
125
125
125
125
125
125
125
125
125
125
125
125
125
125
125
125
125
125
125
125
125
125
125
125
125
125
125
125
125
125
125
125
125
125
125
125
125
125
125
125
125
125
125
125
125
125
125
125
125
125
125
125
125
125
125
125
125
125
125
125
125
125
125
125
125
125
125
125
125
125
125
125
125
125
125
125
125
125
125
125
125
125
125
125
125
125
125
125
125
125
125
125
125
125
125
125
125
125
125
125
125
125
125
125
125
125
125
125
125
125
125
125
125
125
125
125
125
125
125
125
125
125
125
125
125
125
125
125
125
125
125
125
125
125
125
125
125
125
125
125
125
125
125
125
125
125
125
125
125
125
125
125
125
125
125
125
125
125
125
125
125
125
125
125
125
125
125
125
125
125
125
125
125
126
125
125
125
125
125
125
125
125
125
125
125
125
125
125
125
125
125
125
125
125
125
125
125
125
125
125
125
125
125
125
125
124
125
125
125
125
125
125
125
125
125
125
125
125
125
125
125
125
125
125
125
125
125
125
125
125
125
125
125
125
125
125
125
125
125
125
125
125
125
125
125
125
125
125
125
125
125
125
125
125
125
125
125
125
125
125
125
125
125
125
125
125
125
125
125
125
125
125
125
125
125
125
125
125
125
125
125
125
125
125
125
125
125
125
125
125
125
125
125
125
125
125
125
125
125
125
125
125
125
125
125
125
125
125
125
125
125
125
125
125
125
125
125
125
125
125
125
125
125
125
125
125
125
125
125
125
125
125
125
125
125
125
125
125
125
125
125
125
125
125
125
125
125
125
125
125
125
125
125
125
125
125
125
125
125
125
125
125
125
125
125
125
125
125
125
125
125
125
125
125
125
125
125
125
125
125
125
125
125
125
125
125
125
125
125
125
125
125
125
125
125
125
125
125
125
125
125
125
125
125
125
125
125
125
125
125
125
125
125
125
125
125
125
125
125
125
125
125
125
125
125
126
125
125
125
125
125
125
125
125
125
125
125
125
125
125
125
125
125
125
125
125
125
125
125
125
125
125
125
125
125
125
125
125
125
125
125
125
125
125
125
125
125
125
125
125
125
125
125
125
125
125
125
125
125
125
125
125
125
125
125
125
125
125
125
125
125
125
125
125
125
125
125
125
125
125
125
125
125
125
125
125
125
125
125
125
125
125
125
125
125
125
125
125
125
125
125
125
125
125
125
125
125
125
125
125
125
125
125
125
125
125
125
125
125
125
125
125
125
125
125
125
125
125
125
125
125
125
125
125
125
125
125
125
125
125
125
125
125
125
125
125
125
125
125
126
126
125
125
125
125
125
125
125
125
125
125
125
125
125
125
125
125
125
125
125
125
125
125
125
125
125
125
126
126
125
125
125
125
125
125
125
124
125
125
125
125
125
125
125
125
125
124
125
125
126
125
125
125
126
126
125
124
124
125
125
125
124
125
125
126
126
127
128
126
122
117
114
119
131
141
139
130
121
117
118
124
126
123
122
125
129
129
125
124
123
122
120
122
130
139
134
118
109
113
128
145
146
133
116
106
105
115
133
146
137
116
110
124
133
124
120
133
136
111
98
134
172
138
82
96
137
140
132
141
133
108
101
131
151
140
104
89
120
150
140
116
120
131
124
120
128
134
129
123
121
116
117
126
131
132
146
166
113
18
26
255
255
78
77
159
255
96
35
112
130
128
161
153
104
100
127
128
118
123
127
123
125
127
124
124
126
124
122
126
127
124
122
125
128
127
123
121
121
124
126
126
125
125
126
127
128
127
122
121
126
128
123
121
126
130
127
123
122
124
127
128
125
124
124
124
124
125
127
127
126
124
124
124
124
125
127
127
126
125
124
125
126
126
126
125
124
124
125
125
125
124
123
123
125
127
127
129
129
129
127
122
116
113
118
128
129
124
126
138
146
136
115
107
113
124
130
128
125
128
135
135
125
113
112
120
128
130
127
123
124
130
130
121
116
122
129
127
124
125
130
132
128
122
118
118
126
132
131
126
122
120
122
126
130
129
123
121
124
126
125
126
128
125
120
123
129
128
122
121
126
129
128
125
124
125
126
124
120
122
124
126
129
126
123
122
126
130
129
125
123
123
124
126
127
124
122
124
128
130
128
125
121
118
116
120
129
134
134
133
133
126
116
111
116
127
133
129
121
119
124
129
130
128
127
125
123
121
123
126
127
127
126
125
123
122
124
128
129
127
124
122
124
126
126
126
125
123
124
126
125
124
125
127
128
125
124
124
123
123
127
128
125
125
124
123
125
129
126
121
123
123
121
127
135
130
123
118
119
127
131
125
122
126
126
126
129
125
116
118
130
129
120
122
129
129
127
130
126
116
114
125
139
137
122
116
123
128
126
126
122
121
129
133
124
119
125
128
125
124
122
120
127
134
130
120
117
124
134
132
119
115
122
129
129
127
127
126
122
121
124
128
129
127
126
124
121
122
128
130
126
121
122
127
127
124
123
125
128
127
123
124
126
125
123
124
126
128
126
123
122
124
127
129
128
124
122
124
128
128
125
123
126
128
125
122
122
124
126
126
125
125
125
124
123
126
127
126
127
125
126
128
126
122
120
123
128
128
125
121
120
124
128
129
126
123
123
126
129
129
124
120
121
125
128
127
125
125
125
127
126
125
124
125
125
124
123
124
124
123
124
129
129
124
123
127
127
123
123
125
126
125
128
127
120
118
126
130
124
124
132
129
114
116
134
135
120
118
129
131
119
112
117
130
141
139
124
110
114
127
137
137
125
111
110
121
135
138
131
123
118
120
125
129
127
124
124
125
124
124
125
124
122
123
126
128
128
125
122
123
126
127
126
125
124
125
127
126
124
122
123
127
128
126
123
123
125
127
125
125
127
126
123
123
126
126
125
125
123
122
127
126
122
125
130
129
123
120
124
129
127
123
122
125
126
128
129
122
118
125
129
125
123
123
125
128
128
126
125
126
127
124
123
124
124
123
124
124
126
128
129
127
125
123
122
122
125
127
126
124
124
125
127
127
127
125
123
122
123
125
126
126
124
123
124
125
126
127
127
126
125
125
125
124
124
125
126
126
125
123
123
124
124
125
126
126
125
125
125
125
126
126
126
125
124
124
125
124
124
124
124
126
127
127
126
113
117
127
125
127
128
128
128
128
126
125
125
125
126
126
125
125
125
125
125
125
126
125
124
125
125
125
125
125
126
126
125
125
125
126
126
125
125
125
125
126
125
124
125
133
108
84
134
123
128
129
129
130
129
129
128
126
126
125
126
127
127
126
127
126
126
126
127
127
126
125
126
127
127
126
127
127
126
126
126
127
126
127
126
126
126
126
126
126
126
126
126
125
126
126
125
125
125
125
126
127
126
125
125
126
126
127
127
126
126
126
125
117
122
124
127
127
128
128
127
128
128
127
127
126
125
125
125
126
125
125
124
124
123
125
126
127
126
124
124
125
126
126
126
125
125
125
125
125
125
126
127
126
126
124
125
125
125
125
125
125
125
125
124
124
125
126
126
126
125
125
124
125
127
126
125
126
126
125
124
124
124
125
126
126
126
126
126
124
125
126
127
126
126
126
125
124
125
126
126
125
125
125
125
125
126
127
126
125
125
125
125
125
125
125
126
126
126
124
125
128
132
127
125
124
123
122
124
124
123
125
126
126
126
124
123
125
125
125
126
125
125
126
126
125
126
125
125
125
126
127
126
125
125
125
126
123
123
126
125
125
128
135
126
124
124
123
121
123
125
125
121
124
122
124
125
127
127
126
125
126
126
126
126
125
125
126
126
126
125
124
126
126
125
125
125
64
125
125
125
125
125
125
125
125
125
125
125
125
125
125
125
125
125
125
125
125
125
125
125
125
125
126
125
125
125
125
125
125
125
125
125
125
125
125
125
125
125
125
125
125
125
126
126
125
125
125
125
125
125
125
125
125
125
125
125
125
125
125
125
125
125
125
125
125
125
125
125
125
125
125
125
125
125
125
125
125
125
125
125
125
125
125
125
125
125
125
125
125
125
125
125
125
125
125
125
125
125
125
125
125
125
125
125
125
125
125
125
125
125
125
125
125
125
125
126
125
125
125
125
125
125
125
125
125
125
125
125
125
125
125
125
125
125
125
125
125
125
125
125
125
125
125
125
125
125
125
125
125
125
125
126
125
125
125
125
125
125
125
125
125
125
125
125
125
125
125
125
125
125
125
125
125
125
125
125
125
125
125
125
125
125
125
125
125
125
125
125
125
125
125
125
125
125
125
125
125
125
125
125
125
125
125
125
125
125
125
125
125
125
125
125
125
125
125
125
125
125
125
125
125
126
124
125
125
126
126
126
126
126
126
126
126
125
126
126
126
126
126
126
126
126
126
126
126
126
126
126
126
126
126
126
126
126
126
126
126
126
126
126
126
126
125
126
126
126
126
126
126
126
126
126
126
126
126
126
126
126
126
126
126
126
126
126
126
126
126
126
125
125
126
126
126
126
126
126
126
126
126
126
125
125
125
125
125
125
125
126
125
126
126
125
125
125
125
125
125
126
125
126
126
126
126
126
125
125
125
126
126
125
125
126
126
126
126
126
126
125
125
125
125
125
125
125
125
125
125
125
126
125
123
