125
125
124
125
124
123
26
125
125
125
125
125
125
125
125
125
125
125
125
125
125
125
125
126
125
125
126
125
125
126
125
125
125
126
126
125
125
126
126
125
125
125
126
125
126
126
125
125
126
126
126
126
126
126
126
126
125
125
126
126
125
126
126
126
126
126
126
126
126
126
126
126
126
126
126
126
126
126
126
126
126
126
126
126
126
126
126
126
126
126
125
125
126
125
126
126
126
126
126
126
125
126
126
125
126
125
126
126
126
126
126
126
126
126
125
126
125
126
126
126
125
125
125
126
126
126
125
125
125
126
125
126
126
126
125
125
126
125
125
125
126
126
125
126
126
126
125
125
125
125
126
126
126
125
126
126
126
126
125
125
125
126
126
126
126
125
125
126
126
126
125
126
126
126
126
126
126
125
125
126
125
126
125
125
125
125
126
126
126
126
125
125
126
126
125
125
125
125
125
126
125
126
126
126
126
126
126
126
125
125
126
125
126
125
126
126
126
126
125
125
125
125
126
125
126
125
126
125
125
125
125
125
126
125
125
125
125
125
126
126
125
125
125
125
125
125
125
125
125
126
125
125
125
125
125
126
126
126
125
125
125
124
123
123
126
132
138
131
105
100
133
143
115
135
158
107
95
155
106
80
167
170
87
162
183
36
70
220
149
30
104
222
175
70
71
128
170
138
92
100
148
153
118
99
107
128
153
151
112
90
120
148
128
103
117
145
143
124
116
123
124
120
124
129
128
127
126
121
117
121
127
131
134
133
126
118
117
123
127
128
128
128
128
127
125
120
119
124
129
128
126
126
127
127
127
126
124
123
124
127
129
127
124
122
122
125
128
129
128
126
124
125
127
128
126
124
124
125
125
124
125
126
126
127
126
125
124
125
126
127
126
125
124
125
125
126
127
126
125
125
125
126
126
126
125
125
124
125
125
126
126
126
125
125
125
125
125
125
125
125
126
126
126
125
125
125
126
127
126
126
125
125
125
125
126
126
125
125
125
125
125
125
125
125
125
125
125
125
125
126
126
126
125
126
126
126
126
125
125
125
125
125
125
125
125
125
125
125
126
126
126
125
125
125
125
125
125
125
125
125
125
126
126
126
125
125
125
125
125
125
125
125
125
125
125
125
125
125
125
125
125
126
125
125
125
125
125
125
125
125
125
126
125
126
125
125
125
125
125
125
125
125
126
126
125
125
125
125
125
125
125
126
125
125
125
125
125
125
125
125
125
125
125
125
125
125
125
125
125
125
125
125
125
125
125
125
125
125
126
126
125
125
125
125
125
125
125
125
125
126
126
125
125
125
125
125
125
124
125
125
126
126
125
125
126
125
125
126
125
125
125
125
125
126
126
126
125
125
125
125
125
125
126
125
125
125
126
125
125
125
125
125
125
125
124
123
125
126
126
125
125
126
127
127
125
125
126
126
125
125
125
124
124
125
125
125
126
126
126
125
125
126
125
124
124
124
125
125
125
125
126
125
125
126
127
126
125
124
124
124
125
126
126
126
125
125
126
126
126
126
125
126
125
125
125
125
125
125
125
125
125
126
126
126
125
125
125
125
125
125
125
125
125
126
126
126
126
125
126
126
125
124
124
125
126
125
125
127
128
126
124
124
125
125
125
126
127
126
125
124
125
125
124
125
126
127
126
125
124
125
127
126
125
124
125
125
124
125
125
126
126
126
125
125
125
125
126
125
125
125
125
125
125
126
124
125
126
126
126
126
126
125
126
126
126
125
125
125
126
126
125
125
125
125
126
125
126
125
125
125
123
125
125
126
126
127
127
126
126
126
126
126
126
126
126
126
126
126
126
126
126
126
126
125
126
126
125
126
126
126
126
126
126
126
126
126
126
126
126
126
123
125
125
125
126
126
126
126
126
126
126
126
126
126
126
126
125
126
126
126
126
125
125
125
126
125
125
125
125
125
126
126
126
126
126
126
126
125
125
125
125
126
126
125
125
125
126
126
126
126
126
125
126
126
126
125
125
125
125
125
126
125
125
125
126
126
126
126
126
126
126
126
126
125
125
125
125
126
126
126
126
125
126
126
126
126
126
125
125
126
126
125
125
125
125
126
126
125
126
126
125
126
126
126
125
126
126
125
125
125
125
125
125
126
125
125
125
126
126
126
126
126
125
126
126
126
126
125
126
126
125
125
126
126
126
126
126
126
126
126
126
126
126
126
126
125
125
125
127
127
125
125
125
125
125
125
125
125
126
126
125
125
125
125
125
125
125
126
126
125
125
126
126
126
125
125
125
126
126
126
125
125
126
128
126
125
126
125
124
125
125
125
125
125
125
125
125
125
126
125
126
126
125
125
125
125
125
125
125
125
126
125
125
125
125
125
125
126
125
126
126
125
125
125
125
125
125
125
125
125
125
125
125
125
125
125
125
125
125
125
125
125
125
125
126
125
125
125
125
125
125
125
125
125
125
125
125
125
125
125
125
125
125
125
125
125
126
126
126
126
126
126
124
123
125
127
125
125
125
126
126
126
125
125
125
125
126
126
125
125
125
125
125
125
125
125
125
126
126
124
123
126
127
126
128
128
126
126
126
125
126
126
126
126
126
126
126
127
126
126
125
125
125
125
125
125
125
126
126
126
126
126
126
126
126
126
126
125
123
123
125
127
125
127
126
126
126
126
126
126
126
125
125
125
125
125
126
126
126
126
126
125
126
125
125
125
125
125
125
125
126
125
126
126
126
126
126
126
126
126
125
126
126
125
125
126
126
126
125
125
125
125
126
126
125
126
126
125
125
125
125
125
125
125
125
126
126
125
125
126
126
125
126
126
126
126
126
126
125
125
126
125
126
126
126
126
125
125
125
126
126
126
126
125
126
125
126
126
125
126
125
125
126
125
126
126
126
126
125
125
125
125
126
125
126
126
126
125
126
125
125
125
125
125
126
126
126
126
126
125
126
126
126
126
126
126
125
125
126
126
126
126
126
126
126
125
126
130
125
125
125
124
123
123
125
125
125
126
126
126
127
126
126
125
125
125
125
126
127
125
124
126
127
126
126
125
125
125
126
126
125
124
129
125
125
125
124
123
123
124
126
126
126
126
126
126
126
126
125
125
125
125
125
125
125
125
138
86
119
128
128
128
129
128
128
127
127
126
126
126
126
126
126
127
127
126
126
125
126
126
126
126
126
126
127
126
126
126
127
126
126
126
126
126
126
126
126
126
127
126
126
126
126
126
126
125
126
126
126
126
126
125
126
126
126
126
125
126
126
126
126
125
125
119
125
124
125
126
128
127
127
127
126
126
126
126
126
126
125
125
125
125
125
125
125
125
125
125
126
125
125
125
125
125
125
125
125
125
125
125
125
125
125
125
126
125
125
126
125
125
126
126
126
126
126
126
125
126
126
126
126
126
125
127
123
125
124
125
125
126
125
126
126
126
125
125
125
125
125
125
125
125
125
126
126
125
126
125
126
126
126
125
125
125
125
126
125
125
125
126
125
125
126
124
125
125
125
126
125
125
125
125
126
126
125
124
124
126
126
126
126
126
127
128
127
125
125
124
124
125
129
126
124
123
126
127
126
126
125
125
126
126
126
125
123
123
124
124
125
125
124
130
130
127
126
127
125
125
126
126
125
125
124
122
124
125
125
125
126
126
126
127
127
126
125
125
125
124
125
124
124
124
125
125
125
125
126
126
126
126
126
125
124
125
125
125
124
124
125
125
124
125
124
126
126
125
127
126
126
126
125
126
126
126
127
126
126
126
125
125
125
124
125
125
124
125
126
125
125
125
125
125
125
126
126
125
125
126
125
125
125
125
126
126
126
126
126
126
126
125
125
124
124
125
125
125
125
124
125
125
125
126
125
125
125
124
27
126
126
126
125
126
126
126
126
126
126
126
126
126
126
126
126
125
126
126
126
126
126
125
126
126
126
125
126
126
126
126
126
126
125
125
126
126
126
125
126
126
126
125
126
126
126
125
126
125
125
126
126
126
126
126
126
126
126
126
126
126
125
126
125
125
126
126
125
126
125
126
126
125
126
126
126
126
126
126
126
126
126
126
125
126
126
126
126
126
126
126
126
126
126
126
126
125
126
126
126
126
126
126
126
126
126
126
126
126
126
126
126
126
126
126
126
125
125
125
125
125
125
125
125
125
125
125
125
125
125
125
125
126
126
126
126
125
125
125
125
125
125
125
125
125
125
126
126
125
125
125
125
125
125
125
125
125
125
125
125
125
125
125
125
125
125
125
125
125
125
125
125
125
125
125
125
125
125
125
125
125
125
125
125
125
126
125
125
125
125
125
125
125
125
125
125
125
125
125
125
125
125
125
125
125
125
125
125
125
125
125
125
125
125
125
125
125
125
125
125
125
125
125
125
125
125
125
124
125
126
126
125
126
126
126
126
126
126
126
125
125
125
125
126
126
126
126
126
125
125
126
127
127
126
124
122
121
127
145
150
111
73
104
173
167
100
102
170
156
43
40
213
255
79
2
148
214
114
111
152
88
65
140
178
140
118
105
103
137
155
120
85
115
160
144
97
93
137
158
134
112
113
122
132
137
123
106
114
139
143
125
116
125
128
120
120
131
137
129
114
108
118
131
136
135
131
124
119
120
126
129
125
121
123
129
130
128
126
123
120
120
124
129
130
128
126
126
125
125
125
125
125
126
126
