125
131
135
130
121
121
83
125
125
125
125
125
125
125
125
125
125
125
126
126
125
125
125
125
125
125
125
126
125
125
125
125
125
125
125
125
126
126
126
126
126
126
126
126
126
126
125
125
125
125
125
126
126
126
126
126
126
126
126
126
126
126
126
125
126
126
126
126
126
126
126
126
126
126
126
126
126
126
126
125
126
126
126
126
126
126
126
126
126
126
126
126
126
126
126
125
125
126
126
126
126
126
126
126
125
125
125
125
125
125
126
126
126
125
126
125
126
126
126
126
125
125
125
125
126
126
125
126
126
126
126
126
126
126
126
126
126
126
125
125
125
126
126
126
126
126
126
126
125
125
126
126
126
126
125
126
126
126
126
126
126
126
126
126
126
126
126
126
126
126
126
126
126
126
126
126
126
126
126
126
126
126
126
126
125
126
126
125
126
126
126
125
126
126
126
125
126
125
125
126
126
126
126
125
126
126
126
126
125
125
126
125
126
126
126
125
126
125
126
126
125
126
126
126
125
125
126
125
126
126
125
125
126
126
125
125
125
126
126
125
125
126
126
126
126
126
126
125
125
125
125
125
125
125
126
126
126
126
126
126
126
126
126
125
125
125
125
125
125
125
126
126
125
126
126
126
125
126
125
125
125
126
125
125
125
125
125
125
125
125
125
126
126
126
125
125
125
125
125
125
125
125
125
125
125
125
125
125
125
125
125
125
125
125
125
125
125
125
125
125
125
125
125
125
125
125
125
125
125
125
125
125
125
125
125
125
125
125
125
125
125
125
125
125
125
125
125
125
125
125
125
125
125
125
125
125
125
125
125
125
125
125
125
125
126
125
125
125
125
125
125
125
125
125
125
125
125
125
125
125
125
125
125
125
125
125
125
125
125
125
125
125
125
126
124
125
126
126
126
126
126
126
126
126
126
125
125
126
126
126
126
125
126
126
125
125
125
126
125
126
125
126
125
126
126
126
126
125
126
126
126
124
125
125
126
126
126
126
126
126
126
126
126
126
126
126
126
126
126
126
126
126
126
126
126
126
126
126
126
126
126
125
125
125
126
126
126
126
126
126
125
125
125
125
126
126
126
126
126
126
126
125
125
125
125
126
126
126
125
125
126
126
126
126
126
125
126
125
126
125
125
125
125
125
125
125
125
125
126
126
126
126
126
126
126
126
126
126
125
125
125
125
125
125
126
126
126
126
126
126
126
125
125
125
125
125
125
125
125
126
126
125
126
126
126
126
126
126
126
126
126
125
125
126
126
126
126
125
126
126
126
126
126
125
125
126
126
125
126
125
126
125
126
125
125
125
125
125
125
125
125
125
125
125
126
126
126
126
126
126
126
126
126
126
125
125
125
126
125
125
125
125
125
125
126
127
127
126
125
126
128
127
125
125
126
125
125
125
125
125
125
126
125
126
126
124
124
127
129
126
123
124
126
127
126
124
123
124
126
128
128
127
126
125
125
126
126
125
124
125
125
125
127
126
125
125
125
126
125
125
126
126
125
124
124
125
125
125
126
126
127
127
126
126
125
125
126
126
126
125
125
124
125
125
126
125
125
125
126
126
126
125
125
126
126
126
125
125
125
125
126
126
125
125
125
126
126
125
125
125
126
126
126
125
126
126
126
125
126
125
125
126
126
125
124
125
126
127
126
126
125
126
126
125
125
125
125
124
125
125
125
125
125
125
126
126
126
126
125
126
126
126
125
125
125
125
125
125
125
125
126
126
126
126
126
126
125
125
125
125
125
125
125
125
125
124
125
126
126
125
126
126
126
125
125
125
125
125
125
125
125
125
125
125
126
126
125
125
126
126
126
126
126
125
125
126
126
126
125
125
125
126
125
125
125
125
125
125
126
125
126
126
126
124
125
126
126
126
127
126
126
126
126
126
126
126
125
126
126
126
125
125
126
125
125
125
126
125
126
126
126
126
126
126
126
125
126
126
126
125
126
126
124
124
126
126
125
126
126
126
126
127
126
126
126
126
126
126
125
126
126
126
125
125
125
126
126
125
125
126
126
126
125
125
126
126
126
126
126
126
125
126
126
126
125
125
126
126
126
126
125
125
126
126
126
125
126
126
125
126
126
125
125
126
126
126
126
126
126
126
125
124
126
127
126
125
125
126
126
127
126
125
125
125
126
126
126
125
124
125
127
127
127
126
125
125
126
126
125
125
125
125
125
125
125
125
125
125
126
126
127
127
127
126
126
126
126
125
125
125
124
125
125
126
126
126
126
127
126
127
126
125
125
125
125
125
125
125
125
126
126
126
126
126
125
125
126
125
125
125
125
126
127
126
126
125
125
125
125
125
125
125
126
126
126
126
126
125
126
126
126
126
126
126
126
125
125
125
125
125
125
125
125
125
128
126
126
125
125
125
125
125
125
125
126
125
125
125
126
126
126
126
125
125
126
125
125
125
125
125
125
125
125
125
125
126
125
125
126
126
126
124
125
126
125
124
125
126
125
125
126
127
126
124
125
126
126
127
125
124
125
127
126
124
125
127
126
124
125
127
124
125
128
127
123
121
124
127
128
125
122
125
128
126
123
125
127
124
122
126
128
126
127
126
121
123
130
127
123
126
127
125
124
124
123
126
131
127
120
122
127
128
125
124
125
127
124
124
127
126
123
114
128
129
128
128
130
128
126
123
120
120
123
124
125
126
130
133
132
128
123
122
124
125
123
124
130
128
120
123
131
129
121
122
125
125
125
128
131
131
128
125
124
126
125
120
118
122
125
126
130
134
135
134
130
124
119
118
117
117
118
120
122
124
130
136
140
138
130
132
130
125
119
116
115
115
113
113
118
125
130
131
134
139
138
136
133
129
125
122
119
117
117
119
119
121
124
128
130
130
130
129
128
127
127
125
123
121
122
124
124
126
129
130
128
126
124
121
120
120
121
123
126
126
128
131
131
127
127
126
122
122
130
128
122
121
120
118
129
137
125
120
126
121
117
130
134
121
126
132
117
118
141
136
123
139
136
100
112
155
134
98
124
131
85
113
183
140
81
134
154
80
98
188
148
73
134
184
92
60
155
174
96
104
165
120
62
130
196
130
82
142
162
96
88
151
145
98
127
164
117
75
118
161
135
108
132
142
111
106
143
149
129
125
132
116
92
110
147
156
128
106
113
128
126
130
136
129
118
120
121
112
114
137
144
128
120
125
123
124
133
130
118
124
139
129
102
95
117
142
151
152
146
115
83
100
136
142
137
132
115
106
118
134
142
134
113
100
118
147
150
131
120
119
117
115
120
131
142
136
116
112
125
134
128
119
118
120
124
135
141
133
121
115
123
131
123
113
113
125
135
131
124
122
121
126
132
128
123
125
130
130
131
129
120
114
120
128
131
133
132
126
119
119
122
122
120
123
125
147
105
131
125
123
124
128
127
122
122
127
131
130
125
123
125
127
128
126
125
126
124
111
79
134
129
133
133
130
126
123
126
130
133
133
131
126
122
122
127
135
136
130
116
108
116
133
141
134
124
122
125
125
124
124
127
129
128
127
127
126
125
129
133
130
122
119
120
119
128
128
126
127
129
131
131
128
126
126
127
125
121
114
117
131
141
136
122
115
120
126
130
130
125
122
126
128
125
127
135
133
120
110
115
124
131
128
126
125
127
133
136
133
124
117
114
118
124
126
127
126
123
126
134
137
127
115
114
122
130
133
127
117
117
124
131
130
125
120
121
127
133
132
130
131
129
126
123
124
126
124
118
116
118
124
128
131
132
132
127
125
127
129
128
125
122
120
119
123
128
125
121
124
131
131
125
123
125
125
124
124
122
122
128
132
131
131
129
122
115
116
124
127
129
130
127
122
123
126
126
126
125
126
129
133
131
125
82
126
126
126
125
126
126
125
126
126
125
125
125
126
126
125
126
125
125
126
125
125
125
125
126
125
125
125
125
125
125
126
125
125
125
125
125
125
125
125
125
125
125
125
125
126
125
125
125
125
125
125
125
125
126
125
125
125
125
126
125
126
125
125
125
125
125
125
125
125
125
125
125
126
125
125
126
125
126
125
125
125
125
125
126
125
125
125
125
125
125
126
126
125
125
125
125
125
125
125
125
125
125
125
125
125
125
125
125
125
125
126
125
126
125
125
125
125
125
125
125
125
125
125
125
125
125
125
125
125
125
125
125
125
125
125
125
125
125
125
125
125
125
125
126
126
125
125
125
125
125
126
126
125
125
125
125
125
126
126
125
125
125
125
125
125
125
125
125
125
125
125
125
125
125
125
125
125
125
125
125
125
125
125
125
125
125
125
125
125
125
125
125
125
125
125
125
125
125
125
125
125
125
125
125
125
125
125
125
125
125
125
125
125
125
125
125
125
125
125
125
125
125
125
125
125
125
125
125
125
125
125
125
125
125
125
126
125
125
125
125
126
126
126
125
126
125
125
125
126
125
125
126
124
128
127
125
125
125
125
125
125
126
126
126
126
126
126
125
125
125
125
125
124
125
126
126
126
126
126
126
126
126
126
126
126
126
126
126
126
126
126
126
126
126
126
126
126
126
125
126
126
125
125
125
125
126
125
126
126
126
126
126
125
125
125
125
125
125
125
125
126
126
125
125
126
125
125
126
125
125
126
125
125
125
126
126
125
126
125
125
126
125
125
125
126
126
125
125
126
125
126
126
125
123
