88
112
107
129
128
132
52
125
125
125
125
125
125
125
125
125
125
125
125
125
125
125
125
125
125
125
125
125
125
125
125
125
125
125
125
125
125
125
125
125
125
125
125
125
125
125
125
125
125
125
125
125
125
125
125
125
125
125
125
125
125
125
125
125
125
125
125
125
125
125
125
125
125
125
125
125
125
125
125
125
125
125
125
125
125
125
125
125
125
125
125
125
125
125
125
125
125
125
125
125
125
125
125
125
125
125
125
125
125
125
125
125
125
125
125
125
125
125
125
125
125
125
125
125
125
125
125
125
125
125
125
125
125
125
125
125
125
125
125
126
124
125
125
125
125
125
125
125
126
126
126
126
126
125
126
126
126
126
126
125
125
125
125
126
126
125
126
126
125
126
126
125
126
125
126
125
125
125
126
125
125
126
126
126
126
125
125
125
126
125
126
126
125
125
125
125
125
126
126
126
126
126
126
125
125
125
125
125
125
125
125
125
125
126
125
126
125
125
125
125
125
125
125
125
125
125
125
125
125
125
125
125
125
125
125
125
125
125
125
125
125
125
125
125
125
125
125
125
125
125
126
125
125
125
125
125
125
125
125
125
125
125
125
125
125
125
125
125
125
125
125
125
125
125
126
125
125
125
126
125
125
125
125
125
125
125
125
125
125
125
125
126
126
125
125
125
125
126
125
125
125
125
125
126
125
125
125
125
125
125
125
125
125
125
125
125
125
125
125
125
125
125
125
125
125
125
125
125
125
125
125
125
125
125
125
125
125
125
125
125
125
125
125
125
125
125
126
126
125
125
125
125
125
125
125
125
125
126
126
125
125
125
125
125
125
125
125
125
125
125
125
125
125
125
125
125
125
125
125
125
125
125
125
125
125
125
125
125
125
125
125
125
126
125
125
125
125
125
125
125
125
125
125
125
125
125
125
125
125
125
125
125
125
125
125
125
125
125
125
125
125
125
125
125
125
125
125
125
125
125
125
125
125
125
125
125
125
125
125
125
125
125
125
125
125
125
125
125
125
125
125
125
125
125
125
125
125
125
125
125
125
125
125
125
125
125
125
125
125
125
125
125
125
125
125
125
125
125
125
125
125
125
125
125
125
125
125
125
125
125
125
125
125
125
125
125
125
125
125
125
125
125
125
125
125
125
124
125
126
126
125
125
126
126
126
125
125
125
125
125
125
126
126
125
124
125
125
125
125
125
125
125
126
125
125
124
125
125
126
129
130
125
112
106
125
151
152
126
108
119
127
115
97
100
147
188
145
59
73
147
181
180
153
59
24
172
206
85
58
155
181
124
108
116
104
109
148
152
127
118
125
118
114
126
132
123
130
138
126
110
110
112
129
162
151
97
85
127
142
124
118
124
130
144
135
100
98
140
156
126
106
122
141
135
115
107
125
139
130
113
113
128
137
132
123
123
129
131
125
118
119
126
128
122
122
128
132
125
122
126
132
129
121
120
127
132
129
123
122
126
128
128
128
129
125
119
118
124
130
127
121
121
126
129
125
124
128
131
128
125
125
127
127
125
124
123
122
125
128
129
125
122
123
126
126
124
125
127
128
126
123
122
123
125
128
129
128
124
123
125
128
126
123
122
125
127
126
126
126
125
125
127
130
130
125
123
124
126
124
121
120
123
126
126
125
125
127
129
129
128
126
125
124
124
123
123
124
125
126
127
127
126
126
125
125
126
126
125
126
125
125
125
125
124
124
125
126
126
126
127
127
127
125
124
123
124
126
126
125
125
126
126
127
127
126
126
125
125
125
125
124
124
125
125
126
125
125
125
126
126
126
126
126
126
125
125
125
125
126
126
126
125
125
125
126
126
125
125
125
125
125
125
125
126
126
125
125
125
126
126
125
125
125
125
125
125
125
126
126
126
126
126
128
126
125
124
124
126
126
124
122
122
125
127
127
125
122
123
126
129
128
124
122
124
127
126
124
124
126
126
125
125
125
126
127
127
125
123
123
126
129
127
122
119
123
130
131
126
119
120
127
132
128
121
120
125
128
127
123
123
126
127
125
124
126
127
126
124
124
126
128
127
124
123
125
126
126
125
124
124
125
125
125
124
125
126
126
126
126
126
126
126
125
125
125
125
125
124
124
125
125
125
125
125
126
126
126
126
125
125
126
127
126
125
124
125
126
126
125
123
123
125
126
125
125
124
125
125
126
126
126
126
126
125
125
125
125
125
125
124
125
126
126
125
125
126
126
126
125
124
125
122
125
124
125
125
126
126
127
127
126
125
126
126
126
126
125
126
125
125
126
126
125
126
125
125
126
126
126
125
126
125
125
126
126
126
126
125
126
126
126
126
126
126
126
126
126
125
125
125
125
125
126
126
125
125
126
126
126
126
126
126
126
126
126
125
125
124
123
125
126
126
126
127
127
127
127
126
125
125
125
126
125
125
125
125
126
126
125
126
125
126
126
125
125
125
125
125
125
125
125
125
125
126
126
126
126
125
126
125
125
125
125
125
125
125
125
125
125
125
125
125
125
125
125
125
125
125
125
125
125
125
126
125
126
125
125
125
126
125
125
125
125
126
125
125
126
126
126
126
125
125
125
125
125
125
125
125
125
125
126
126
126
125
125
125
125
125
125
125
125
125
125
125
125
125
125
125
125
125
126
125
126
125
125
126
126
125
125
126
125
126
125
125
125
125
126
126
126
125
125
125
126
126
126
125
126
125
126
125
125
125
125
125
125
125
125
127
128
126
125
125
124
124
124
124
125
125
125
125
125
125
125
126
125
126
126
126
126
126
126
125
125
125
125
125
125
125
125
125
125
125
125
125
125
125
125
125
125
125
125
125
125
125
125
125
125
125
125
125
126
125
125
125
125
125
125
125
125
125
125
125
126
125
126
124
125
125
125
125
125
125
125
125
125
125
126
125
125
124
126
125
125
125
125
125
125
125
125
125
125
125
125
125
125
125
125
125
125
125
125
125
125
125
125
125
125
125
126
125
125
125
125
125
125
126
125
125
125
125
125
125
126
125
125
125
125
125
125
125
125
126
125
126
125
125
126
125
125
125
125
125
125
125
125
126
125
125
124
126
126
124
124
126
126
126
125
125
125
125
125
125
125
125
124
124
125
126
125
125
124
125
125
125
126
125
126
126
126
126
125
124
137
98
125
124
127
125
128
128
128
128
127
126
124
125
125
125
125
126
126
126
126
125
125
125
125
127
128
127
126
126
126
127
124
126
125
126
126
126
125
127
128
126
124
125
127
128
128
127
125
124
125
126
127
126
124
123
123
124
126
127
126
125
123
126
129
129
126
123
117
123
124
125
126
126
125
126
126
126
126
125
125
126
125
125
126
126
126
126
126
126
125
125
126
126
126
125
125
126
125
125
126
125
126
126
125
126
126
125
126
125
124
125
125
126
126
126
127
127
126
126
125
125
125
126
126
127
125
124
125
127
128
127
126
125
125
126
126
125
125
124
124
125
126
132
125
123
124
125
124
126
126
125
126
126
126
126
125
124
125
125
125
126
125
127
126
126
127
127
130
130
125
125
125
122
122
122
124
124
125
125
125
124
125
125
126
126
125
125
126
125
125
125
125
126
125
125
126
125
125
125
125
125
125
125
126
126
125
126
126
126
126
125
125
125
125
125
125
125
125
127
125
126
125
125
125
125
125
125
125
125
125
125
125
125
125
126
125
125
125
125
126
125
125
126
125
125
125
125
126
125
125
125
125
125
126
126
126
126
125
125
125
125
126
125
125
125
125
125
125
126
126
125
126
126
125
125
125
126
125
125
124
126
126
126
126
125
126
126
124
127
127
161
74
132
119
127
126
127
126
126
127
126
124
125
125
124
126
125
124
125
125
126
125
94
51
126
125
125
125
125
125
125
125
125
126
126
125
125
125
125
125
125
125
125
125
126
125
125
126
125
125
125
125
125
125
125
125
125
126
126
125
125
125
125
125
125
125
125
126
126
125
125
125
125
125
125
125
125
125
126
125
125
125
125
125
125
125
126
125
125
125
125
125
125
125
125
125
125
125
125
126
125
125
125
125
125
125
125
126
125
125
125
126
125
125
125
125
125
126
125
125
126
125
125
125
125
125
125
125
125
125
126
125
126
126
125
125
125
125
125
125
125
125
125
125
125
125
125
126
125
125
125
125
125
125
125
126
125
125
125
126
126
125
125
125
125
125
125
126
126
125
125
125
125
125
125
125
125
125
125
125
125
125
125
125
125
125
125
125
125
125
125
125
125
125
125
125
125
125
125
125
125
125
125
125
125
125
125
125
125
125
125
125
125
125
125
125
125
125
125
125
125
125
125
125
125
125
125
125
125
125
125
125
125
125
125
125
125
125
125
125
125
125
125
125
125
126
125
125
125
125
126
126
126
126
125
125
125
126
125
125
125
125
126
126
125
126
125
125
126
126
125
125
125
125
126
126
125
126
125
125
126
125
125
125
126
126
126
126
126
126
126
126
126
125
125
126
126
126
125
126
126
126
126
126
126
126
126
126
126
126
126
126
125
125
126
126
125
126
125
125
126
126
126
125
126
126
125
125
125
125
126
126
125
125
125
126
125
125
125
125
126
125
125
125
125
125
126
126
126
125
126
126
126
125
125
126
125
125
126
125
126
126
126
125
126
125
126
126
126
126
126
125
125
125
125
125
126
157
