125
123
122
125
126
125
92
126
125
126
125
126
125
125
125
126
126
125
126
125
126
125
126
126
125
125
125
125
126
125
125
126
126
125
126
125
125
125
125
125
125
125
125
126
126
126
125
126
126
125
125
125
126
125
125
125
125
125
125
126
125
125
126
125
126
126
125
125
126
125
126
125
125
125
126
126
125
126
126
125
125
125
126
126
125
125
126
125
126
126
125
126
126
125
126
125
126
126
125
125
126
125
126
125
125
125
126
125
126
125
125
126
125
125
126
126
126
125
125
125
125
125
126
125
125
125
125
125
125
125
126
125
125
125
125
125
126
125
126
126
125
125
125
126
126
125
125
125
125
125
125
125
125
125
125
125
125
125
125
125
125
125
125
125
125
125
125
125
125
125
125
125
125
125
125
125
125
125
125
125
125
125
125
125
125
125
126
125
125
125
125
125
125
125
125
125
125
125
125
125
125
125
125
125
126
125
125
125
125
125
125
125
125
125
125
125
125
125
125
125
125
125
125
125
125
125
125
125
125
125
125
125
125
126
125
125
125
125
125
125
125
125
125
125
125
125
125
125
125
125
125
125
125
125
125
125
125
125
125
125
125
125
125
125
125
125
125
125
125
125
125
125
125
125
125
125
125
125
125
125
125
125
125
125
125
125
125
125
125
125
125
125
125
125
125
125
125
125
125
125
125
125
125
125
125
125
125
125
125
125
125
125
125
126
125
125
125
125
125
125
125
125
125
125
125
125
125
125
125
125
125
125
125
125
125
125
125
125
125
125
125
125
125
125
125
125
125
125
125
125
125
125
125
125
125
125
125
125
125
125
125
125
125
125
125
125
125
125
125
125
125
125
125
125
125
125
125
125
125
125
125
125
125
125
125
125
125
125
125
125
125
125
125
125
125
125
125
125
125
125
125
125
125
125
125
125
125
125
125
125
125
125
125
125
125
125
125
125
125
125
125
125
125
126
125
125
125
125
125
125
125
125
125
125
125
126
125
125
125
125
125
125
125
125
125
126
125
125
125
125
125
125
125
125
125
125
125
125
125
125
125
125
125
125
125
125
125
125
125
125
125
125
125
125
125
125
125
125
125
125
125
125
125
125
125
125
125
125
125
125
125
125
125
125
125
125
125
125
125
125
125
125
125
125
125
125
125
125
125
125
125
125
125
125
125
125
125
125
125
125
125
125
125
125
125
125
125
125
125
125
125
125
125
125
125
125
125
125
125
125
125
125
125
125
125
125
125
125
125
125
125
125
125
125
125
125
125
125
125
125
125
125
125
125
125
125
125
125
125
125
125
125
125
125
125
125
125
125
125
125
125
125
125
125
125
125
125
125
125
125
125
125
125
125
125
125
125
125
125
125
125
125
125
125
125
125
125
125
125
125
125
125
125
125
125
125
126
125
125
125
125
125
125
124
124
125
125
125
126
126
125
125
126
125
125
125
125
125
125
125
125
125
125
126
126
125
125
126
125
126
125
125
125
125
125
126
126
125
125
125
126
125
125
125
125
125
125
125
125
125
125
125
125
125
125
125
125
125
125
125
125
126
125
126
126
125
125
125
125
125
125
125
125
125
125
125
126
125
125
126
125
125
125
125
125
125
125
125
125
125
125
125
125
125
126
125
125
125
125
125
125
125
125
125
125
125
125
125
125
126
125
126
125
125
125
125
125
125
125
125
125
125
125
125
125
126
125
125
125
125
125
125
125
125
125
125
125
125
125
125
125
125
125
125
125
125
125
125
125
125
125
125
125
125
125
125
125
125
125
125
125
126
125
125
125
125
125
125
125
126
125
125
125
125
125
125
125
125
125
125
126
125
125
125
126
125
125
125
125
125
125
126
125
125
126
126
125
126
125
125
125
126
125
125
125
125
125
125
125
125
125
125
125
125
125
125
126
125
125
125
126
125
125
125
125
125
126
127
125
125
125
125
125
125
125
125
125
125
126
125
125
125
126
125
125
125
125
125
125
126
125
125
126
125
125
125
125
125
126
126
126
125
125
125
125
125
126
125
125
125
125
125
125
126
126
125
125
125
126
125
126
126
124
124
125
125
125
125
126
125
124
125
126
126
125
125
126
125
125
125
125
125
125
125
126
125
125
126
126
125
125
126
126
125
125
126
125
124
125
126
126
125
125
125
125
125
125
126
126
125
125
125
124
123
124
125
125
126
127
127
125
125
125
126
126
125
125
125
125
125
126
126
125
125
126
126
125
125
125
126
125
125
126
126
125
125
125
126
126
125
125
125
125
125
125
125
125
125
125
125
125
125
125
125
126
125
125
125
125
125
125
125
125
125
125
125
126
125
125
125
125
125
125
125
125
125
125
125
126
126
125
125
125
125
126
125
125
125
126
126
125
125
125
125
125
125
125
126
125
125
125
125
125
125
126
126
125
125
125
125
125
125
125
126
125
125
125
125
125
125
125
125
125
125
125
125
125
125
125
125
125
125
126
125
125
125
126
125
125
125
125
126
125
125
125
125
125
125
125
126
126
125
125
125
125
125
125
125
126
125
125
126
126
125
125
125
125
125
125
125
125
125
125
124
125
126
125
125
125
125
124
124
125
125
125
125
126
127
127
125
123
122
126
128
128
126
124
124
125
126
125
123
123
125
126
126
124
125
127
128
126
125
125
126
127
127
125
124
125
126
125
124
122
123
125
126
131
127
126
126
126
122
121
123
125
125
124
123
124
125
127
127
125
125
125
126
127
127
126
126
125
125
125
125
125
124
124
125
124
125
125
124
124
124
124
125
125
125
126
126
127
127
127
125
126
125
126
125
125
125
125
125
124
124
124
125
124
124
123
123
124
126
128
129
127
125
123
124
125
126
126
125
124
124
124
124
125
125
124
124
124
126
128
128
125
125
127
128
126
125
125
125
123
122
124
125
125
124
124
124
124
126
127
127
126
126
127
127
124
122
124
125
123
123
125
126
125
124
125
125
124
121
118
120
132
139
131
120
125
134
136
130
126
121
116
117
119
118
111
127
128
123
126
128
127
127
127
127
128
130
130
126
122
123
122
115
115
131
139
129
127
140
136
105
97
135
154
126
104
119
135
132
124
120
120
125
128
126
125
127
127
118
113
122
135
131
130
135
124
109
123
137
130
121
120
120
126
132
125
119
125
133
131
124
120
121
126
125
124
125
126
123
124
128
129
126
126
127
122
121
126
130
127
124
125
124
120
120
128
132
130
124
122
128
128
123
125
129
125
117
120
134
133
117
108
111
121
128
126
120
127
137
134
124
120
122
129
136
140
141
140
134
123
112
109
111
117
125
126
122
124
128
124
123
128
129
120
115
127
139
132
121
126
140
140
127
114
104
102
119
140
142
127
116
120
131
137
132
124
122
121
123
126
129
125
122
124
129
124
124
123
128
130
127
125
128
130
128
126
125
124
122
123
126
126
124
124
126
126
126
126
125
124
127
130
128
124
124
124
123
125
127
122
119
124
129
127
124
124
126
129
129
126
126
128
124
120
120
124
130
129
123
123
127
129
127
126
126
123
123
127
132
129
125
120
121
127
128
127
126
124
119
123
129
129
124
125
130
128
121
121
126
129
127
124
124
125
134
127
123
123
124
124
127
127
124
124
125
126
123
123
127
128
125
125
127
123
120
125
129
125
123
127
128
127
127
124
123
122
123
126
130
130
127
126
125
123
123
140
115
98
129
127
125
128
124
127
131
129
126
127
129
128
126
127
128
123
122
124
124
124
125
126
128
128
124
122
125
130
128
123
121
125
127
129
127
125
124
125
129
129
125
123
126
128
127
125
126
126
125
123
127
127
128
124
123
125
128
126
124
126
125
125
125
127
119
115
119
125
127
132
130
129
130
130
128
91
126
125
125
125
125
125
125
126
126
125
125
125
125
125
125
125
125
125
125
125
125
125
125
125
125
125
125
125
125
125
125
125
125
125
125
125
125
125
125
125
125
125
125
125
125
125
125
125
125
125
125
125
125
125
125
125
125
125
125
125
125
125
125
125
125
125
125
125
125
125
125
125
125
126
125
125
125
125
125
125
125
125
125
125
125
125
125
125
125
125
125
125
125
125
125
125
125
125
125
125
125
125
125
125
125
125
125
125
125
125
125
125
125
125
125
125
125
125
125
125
125
125
125
125
125
125
125
125
125
125
125
125
125
125
125
125
125
125
125
125
125
125
125
125
125
125
125
125
125
125
125
125
125
125
125
125
125
125
125
125
125
125
125
125
125
125
125
125
125
125
125
125
125
125
125
125
125
125
125
125
125
125
125
125
125
125
125
125
125
125
125
125
125
125
125
125
125
125
125
125
125
125
125
125
125
125
125
125
125
125
125
125
125
125
125
125
125
125
125
125
125
125
125
125
125
125
125
125
125
125
125
125
125
125
125
125
125
125
125
125
125
125
125
125
125
125
125
125
125
125
125
125
125
125
125
125
125
125
125
125
125
125
125
125
125
125
125
125
125
125
125
125
125
125
125
125
125
125
125
125
125
125
125
125
125
125
125
125
125
125
125
125
125
125
125
125
125
125
125
125
125
125
124
125
126
125
126
126
126
126
126
126
125
125
125
125
125
125
125
126
126
125
126
126
125
125
125
125
125
125
125
126
125
126
125
125
125
126
126
125
126
126
126
125
125
125
125
126
125
125
125
125
126
126
