122
124
127
126
124
125
94
126
126
126
125
126
125
126
125
126
125
126
126
125
125
125
125
125
125
125
125
125
126
126
126
125
126
125
126
126
125
125
125
125
126
125
125
126
125
126
125
125
125
125
126
125
125
126
126
125
125
125
126
126
125
126
125
125
126
125
125
126
125
126
126
126
126
125
125
125
125
125
125
125
126
126
126
125
126
126
126
125
126
125
126
126
126
125
125
126
126
125
126
126
126
125
126
126
125
125
125
126
125
125
126
126
126
125
125
125
125
125
125
125
125
125
126
125
126
125
125
126
126
125
125
125
126
126
125
125
126
126
126
126
125
125
125
125
125
125
126
126
125
125
125
125
125
125
125
125
125
125
125
125
125
125
125
125
126
125
125
125
125
125
125
125
125
125
125
125
125
125
125
125
125
125
125
125
126
125
125
125
125
125
125
126
125
125
125
125
125
125
125
125
125
125
125
125
125
125
125
125
125
125
125
125
125
125
125
125
125
125
125
125
125
125
125
125
125
125
125
125
125
125
125
125
125
125
125
125
125
125
125
125
125
125
125
125
125
125
125
125
125
125
125
125
125
125
125
125
125
125
125
125
125
125
125
125
125
125
125
125
125
125
125
125
125
125
125
125
125
125
125
125
125
125
125
125
125
125
125
125
125
125
125
125
125
125
125
125
125
125
125
125
125
125
125
125
125
125
125
125
125
125
125
125
125
125
125
125
125
125
125
125
125
125
125
125
125
125
125
125
125
125
125
125
125
126
125
125
125
125
125
125
125
125
125
125
125
125
125
125
125
125
125
125
125
125
125
125
125
125
125
125
125
125
125
125
125
125
125
125
125
125
125
125
125
125
125
125
125
125
125
125
125
125
125
125
125
125
125
125
125
125
125
125
125
125
125
125
125
125
125
125
126
126
125
125
125
125
125
125
125
125
125
125
125
125
125
125
125
125
125
125
125
125
125
126
125
125
125
125
125
125
125
125
125
125
125
125
125
125
125
126
125
125
125
125
125
125
125
125
125
125
126
125
125
125
125
125
125
125
125
125
125
125
125
125
125
125
125
125
125
125
125
125
125
125
125
125
125
125
125
125
125
125
125
125
125
125
125
125
125
125
125
125
125
125
125
125
125
125
125
125
125
125
125
125
125
125
125
125
125
125
125
125
125
125
125
125
125
125
125
125
125
125
125
125
125
125
125
125
125
125
125
125
125
125
125
125
125
125
125
125
125
125
125
125
125
125
125
125
125
125
125
125
125
125
125
125
125
125
125
125
125
125
125
125
125
125
125
125
125
125
125
125
125
125
125
125
125
125
125
125
125
125
125
125
125
125
125
125
125
125
125
125
125
125
125
125
125
125
125
125
125
125
125
125
125
125
125
125
125
125
125
125
125
125
125
125
125
125
125
125
125
125
125
125
125
125
125
125
126
126
125
125
125
125
125
125
125
125
125
125
125
125
125
125
125
125
125
125
125
125
125
125
125
125
125
125
127
126
125
125
125
125
125
125
125
125
125
125
125
125
125
125
125
125
125
125
125
125
125
125
125
125
125
126
125
125
125
125
125
124
125
125
125
125
126
126
126
126
125
125
126
125
125
125
125
125
125
126
125
125
126
125
125
125
125
125
125
125
125
125
125
126
125
125
125
125
125
125
125
125
125
126
125
125
125
125
125
125
125
125
125
125
125
125
125
125
125
125
125
125
125
125
125
125
125
125
125
125
125
125
125
125
126
124
125
126
125
126
126
126
126
126
125
126
126
126
126
126
126
126
125
126
126
126
125
126
126
126
126
126
126
126
126
126
125
126
126
126
126
126
126
126
126
126
126
125
126
126
126
126
125
126
126
125
126
126
126
126
126
125
126
126
126
126
126
126
126
126
126
123
125
126
126
126
126
126
126
126
126
126
126
125
126
125
125
125
126
126
126
126
126
126
125
125
125
126
125
125
126
126
125
125
126
126
125
126
126
125
125
126
125
125
126
126
125
125
126
126
125
126
126
126
125
125
126
125
126
126
126
125
125
126
126
125
125
126
126
126
125
126
126
126
126
125
125
125
126
126
126
125
125
126
128
126
126
126
125
125
126
126
124
125
126
126
125
125
125
125
125
126
126
125
125
126
126
125
125
126
126
124
124
126
125
125
127
127
126
126
127
126
125
125
126
126
125
126
126
125
125
126
126
125
125
126
126
126
125
126
126
125
126
126
126
125
126
126
126
127
126
126
125
124
125
126
125
124
125
126
126
125
125
126
125
125
125
126
125
125
126
126
125
125
125
126
125
125
126
126
125
125
125
126
126
125
126
126
125
125
125
126
126
125
125
126
125
125
125
126
126
125
125
125
126
125
125
126
126
126
125
126
125
125
125
126
126
125
125
126
125
125
125
125
126
125
125
126
126
125
125
125
126
126
125
125
125
125
125
125
125
126
126
125
125
125
125
125
125
126
126
125
125
125
126
125
124
125
126
126
125
125
125
126
125
125
125
126
126
126
125
125
126
125
124
125
126
126
126
125
126
125
125
125
125
126
125
125
126
126
125
125
125
125
125
125
125
126
125
125
125
125
125
125
125
125
125
124
124
125
126
126
127
131
132
128
119
117
124
131
130
125
121
120
124
127
126
120
118
124
129
127
125
127
131
126
125
128
128
126
127
126
123
123
126
128
128
122
118
121
127
130
128
124
120
121
125
128
127
124
123
124
126
126
126
126
127
128
128
128
127
126
124
121
124
125
125
126
126
125
124
124
124
124
125
125
125
125
126
126
126
126
126
126
126
127
126
126
126
126
126
125
125
125
125
125
124
125
126
126
125
125
125
125
125
125
125
125
124
125
126
126
125
124
124
125
126
127
126
125
125
125
125
125
126
126
126
125
125
126
126
125
125
125
126
126
126
125
125
124
125
125
125
126
126
126
126
125
125
126
125
126
126
125
124
123
124
125
124
122
122
125
127
129
127
125
125
129
131
129
125
123
125
128
127
125
125
124
123
124
123
122
122
126
129
127
124
124
126
127
126
124
122
122
124
125
126
124
125
128
130
127
124
125
127
127
125
126
126
127
124
121
124
129
129
124
121
122
127
128
125
122
123
124
125
127
127
126
123
123
126
129
129
125
122
124
126
127
126
125
124
125
127
128
125
125
125
125
124
125
126
124
125
125
125
127
125
125
125
126
125
125
126
127
126
125
126
124
119
119
128
133
128
121
122
126
131
134
130
121
119
124
130
132
126
122
124
129
122
108
100
107
123
140
145
126
110
121
148
158
148
131
122
121
125
141
144
97
49
77
153
175
124
95
119
145
147
126
116
122
132
134
128
125
126
127
127
125
123
123
122
121
121
124
125
128
124
126
132
137
130
122
121
123
124
124
124
124
125
127
127
126
125
124
127
128
125
123
125
125
126
126
130
124
124
127
128
125
124
123
122
123
120
118
126
136
134
124
123
129
136
131
116
103
113
139
150
133
110
109
122
129
139
142
124
106
119
143
137
109
108
129
132
117
117
130
131
124
122
123
121
122
133
143
141
132
123
119
121
124
125
118
112
115
125
131
128
125
128
132
128
123
125
126
123
121
121
124
127
129
129
128
126
124
122
124
129
130
125
121
124
128
127
124
122
123
127
131
131
127
119
119
124
126
126
124
124
125
127
128
126
124
125
128
146
75
124
120
128
124
124
130
132
130
124
122
125
129
130
127
123
124
128
130
127
125
124
124
125
127
130
129
125
123
126
128
128
125
124
126
122
78
125
130
130
130
130
130
132
135
132
125
122
124
129
131
128
122
122
126
131
129
125
126
125
123
123
126
131
131
124
111
129
129
125
126
129
128
128
131
131
128
126
125
127
128
126
126
93
125
125
125
125
125
125
125
125
125
125
125
125
125
125
125
125
125
125
125
125
125
125
125
125
125
125
125
125
125
125
125
125
125
125
125
125
125
125
125
125
125
125
125
125
125
125
125
125
125
125
125
125
125
125
125
125
125
125
125
125
125
125
125
125
125
125
125
125
125
125
125
125
125
125
125
125
125
125
125
125
125
125
125
125
125
125
125
125
125
125
125
125
125
125
125
125
125
125
125
125
125
125
124
125
125
125
125
126
125
125
125
125
125
125
125
125
125
125
125
125
125
125
125
125
125
125
125
125
125
125
125
125
125
125
125
125
125
125
125
125
125
125
125
125
125
125
125
125
125
125
125
125
125
125
125
125
125
125
125
125
125
125
125
125
125
125
125
125
125
125
125
125
125
125
125
125
125
125
125
125
126
125
125
125
125
125
125
125
125
125
125
125
125
125
125
125
125
125
125
125
125
125
125
125
125
125
125
125
125
125
125
125
125
125
125
125
125
125
125
125
125
125
125
125
125
125
125
125
125
125
125
125
125
125
125
125
125
125
125
125
125
125
125
125
125
125
125
125
125
125
125
125
125
125
125
125
125
125
125
125
125
125
125
125
125
125
125
125
125
125
125
125
125
125
125
125
125
125
125
125
125
125
125
125
125
125
125
125
125
125
125
125
125
125
125
125
125
125
125
125
125
125
125
125
125
125
125
125
125
125
125
125
125
125
125
125
125
125
125
125
125
125
126
126
125
125
125
125
125
125
125
125
125
125
125
125
125
125
125
125
125
125
125
125
125
125
125
125
125
125
125
125
125
125
