125
128
127
125
127
124
67
126
126
126
126
126
125
125
126
126
126
125
125
125
126
126
126
126
125
125
126
125
126
126
126
126
125
125
126
126
126
126
126
125
125
126
126
125
126
125
126
125
126
126
126
126
126
126
125
126
125
125
126
126
125
126
125
125
126
125
126
126
125
126
126
125
126
125
126
126
125
126
126
125
126
125
126
126
125
125
126
126
126
125
126
126
126
125
126
125
126
126
126
126
126
125
126
126
126
126
126
126
126
126
126
126
126
125
126
125
126
125
126
126
126
125
126
125
126
126
125
126
125
126
125
126
126
125
125
125
125
126
125
126
126
126
126
126
125
126
126
125
126
126
126
125
125
125
125
125
126
125
125
125
125
125
125
125
125
125
125
125
125
125
125
126
125
125
126
126
125
125
125
125
125
125
125
125
125
125
125
125
125
125
125
125
125
125
125
125
125
125
125
125
125
125
125
125
125
125
125
125
125
125
125
125
125
125
125
125
125
125
125
125
125
125
125
125
125
125
125
125
125
125
125
125
125
125
125
125
125
125
125
125
125
125
125
125
125
125
125
125
125
125
125
125
125
125
125
125
125
125
125
125
125
125
125
125
125
125
125
125
125
125
125
125
125
125
125
125
125
125
125
125
125
125
125
125
125
125
125
125
125
125
125
125
125
125
125
125
125
125
125
125
125
125
126
126
126
126
126
125
125
126
125
125
126
125
125
125
125
125
126
125
125
125
126
126
126
126
126
126
126
126
126
126
126
126
126
126
126
126
126
126
126
126
126
126
126
126
126
126
126
126
126
126
126
126
126
126
126
126
126
126
126
126
126
126
125
126
125
125
126
126
126
125
126
126
126
126
125
125
125
125
125
125
126
126
125
125
125
125
125
125
125
125
125
125
125
125
125
125
126
126
126
125
125
125
125
126
125
126
125
125
125
125
126
126
125
125
126
125
126
125
125
125
125
126
125
125
125
125
126
125
125
126
125
125
125
125
125
125
125
125
125
126
126
126
126
125
125
126
126
125
125
125
126
125
126
126
126
126
126
125
125
125
125
125
126
125
125
126
126
125
125
125
125
126
125
125
126
125
126
126
125
126
126
126
125
125
125
125
126
125
125
125
125
125
125
125
126
126
126
125
125
126
126
126
125
125
126
126
125
125
125
125
125
126
126
126
125
126
125
125
125
125
125
125
126
126
125
125
125
126
125
125
125
125
126
125
125
125
125
126
126
125
125
125
125
125
125
125
125
125
125
125
125
125
125
125
126
125
125
125
125
125
125
125
125
125
125
125
125
125
125
125
125
125
125
125
125
125
125
125
125
125
125
126
126
125
125
125
125
125
125
125
125
126
126
125
125
125
126
126
126
125
125
125
125
125
125
125
125
126
125
125
125
126
126
125
125
125
126
126
126
125
125
125
125
126
125
125
125
126
126
126
126
125
125
125
125
125
125
124
125
125
126
126
126
126
126
126
126
126
125
125
124
125
125
125
125
125
126
126
126
126
127
123
123
121
121
123
127
130
132
132
129
126
124
121
121
125
126
125
123
125
127
126
125
127
130
130
126
122
120
120
120
124
130
132
133
132
129
121
117
122
129
128
124
121
125
133
140
131
110
98
111
135
154
152
125
103
115
130
122
126
143
136
107
105
130
143
137
120
111
121
133
135
125
113
113
132
149
139
117
111
119
128
127
124
126
144
154
92
6
99
255
255
39
114
185
255
190
55
12
44
166
216
143
91
112
133
132
127
120
114
116
122
125
129
132
128
120
119
126
130
128
123
122
125
128
129
126
122
121
125
127
126
126
126
125
125
126
125
124
125
126
125
125
128
129
125
124
126
128
126
124
123
126
128
128
126
124
122
124
127
127
125
124
125
127
128
127
126
126
125
125
126
126
126
126
125
125
126
127
128
127
125
124
124
124
123
124
126
129
131
130
129
128
125
118
114
119
129
131
127
124
129
134
129
122
122
127
129
125
123
125
127
129
131
128
126
129
129
118
111
118
126
128
131
131
123
120
128
132
123
116
123
136
137
128
120
117
121
130
136
132
122
119
123
128
126
125
125
123
122
124
126
128
131
129
120
118
128
133
129
122
121
124
129
131
126
121
124
127
127
124
121
123
127
128
125
125
125
126
127
129
125
121
122
127
130
127
123
121
122
127
131
130
125
124
126
127
122
113
111
122
142
154
146
122
103
100
108
129
155
148
113
97
119
132
136
137
130
118
117
122
127
128
126
126
127
127
125
122
122
126
129
127
125
123
122
124
125
128
131
127
120
120
126
128
127
127
128
123
121
125
126
125
127
128
125
126
125
117
124
142
130
104
115
145
140
115
112
126
134
130
121
119
124
130
129
120
121
132
131
117
115
126
131
124
120
126
133
132
128
124
119
120
124
127
130
129
124
123
129
128
118
118
129
133
125
120
125
128
127
124
119
120
131
137
130
117
114
122
131
132
127
123
122
123
125
126
125
127
127
124
121
123
126
129
131
130
123
119
120
127
131
128
124
122
124
126
123
123
128
130
126
122
123
127
128
126
125
126
127
125
122
122
125
128
130
126
124
126
128
126
122
124
128
128
125
122
121
123
127
128
128
127
125
124
125
128
131
128
124
121
124
132
131
121
114
122
134
136
127
118
118
123
128
131
128
119
119
123
130
131
128
121
121
127
132
128
122
121
126
131
129
123
122
125
128
126
125
125
124
122
122
126
132
129
124
124
126
125
123
124
125
127
128
128
123
117
123
133
129
122
128
132
117
114
134
137
119
117
133
137
123
108
111
127
143
145
127
107
109
126
140
140
128
112
108
117
133
141
137
126
120
118
122
128
129
125
123
125
127
126
123
122
123
127
129
127
125
125
125
125
125
125
125
126
126
126
126
127
126
125
122
122
125
128
127
125
126
127
125
123
125
128
125
124
127
127
126
123
122
123
129
131
123
120
127
131
127
121
124
130
127
122
122
125
126
128
130
124
119
124
128
124
123
126
127
133
128
124
122
126
127
125
124
123
122
122
123
126
127
129
128
125
124
124
124
124
125
126
124
123
125
127
129
128
127
126
125
124
122
124
126
127
125
123
123
124
126
127
128
128
126
125
125
125
124
123
125
126
126
126
125
124
123
123
125
126
127
126
125
125
126
125
125
127
126
126
125
123
123
124
126
128
127
126
124
125
127
127
124
123
124
126
126
125
123
124
125
126
126
126
125
125
126
126
126
126
126
126
125
124
124
125
125
125
125
126
126
127
126
126
125
124
125
125
126
125
124
123
126
127
126
125
125
126
126
124
124
125
126
126
126
126
125
125
125
125
126
125
125
125
126
126
128
142
69
131
121
128
129
129
128
128
128
129
127
125
126
126
126
126
125
126
126
126
126
93
113
130
129
129
131
131
130
130
129
128
127
127
127
126
127
127
127
127
127
127
127
125
125
127
127
127
126
126
128
126
125
126
128
127
127
126
127
126
125
126
127
125
126
125
121
120
126
126
125
128
128
128
128
129
126
126
126
126
126
127
127
128
127
124
123
126
128
126
124
124
125
124
124
125
126
127
126
126
127
125
125
124
123
125
125
126
126
125
125
126
126
126
125
124
124
126
126
126
124
124
125
125
126
126
126
126
126
126
126
125
128
123
124
123
125
125
126
126
126
126
125
125
125
126
126
126
126
125
124
124
126
126
126
127
126
126
126
125
125
124
123
124
126
126
127
127
126
125
124
126
126
125
125
124
125
126
124
125
127
127
127
127
126
126
125
125
126
126
126
125
124
124
125
125
126
127
126
125
124
125
126
126
127
126
124
125
126
127
126
125
124
126
126
126
135
127
126
124
124
122
122
123
123
124
126
126
125
68
125
125
125
125
125
125
125
125
125
125
125
125
125
125
125
125
125
125
125
125
125
125
125
125
125
125
125
125
125
125
125
125
125
125
125
125
125
125
125
126
125
125
125
125
126
126
126
125
125
125
125
125
126
126
126
125
126
126
126
125
125
126
126
126
125
125
125
125
126
126
126
126
126
126
126
126
125
126
126
126
126
126
126
126
126
126
126
126
126
126
126
126
126
126
126
126
126
126
126
126
126
126
126
126
126
126
125
126
126
125
125
126
125
126
125
126
126
125
125
125
125
125
125
125
125
125
125
125
125
126
125
125
125
126
126
126
126
126
126
126
125
126
126
125
126
125
126
125
125
125
126
126
125
125
126
126
126
125
126
125
126
126
125
126
126
125
126
125
125
126
126
126
125
126
126
125
125
126
126
125
125
126
126
126
126
126
125
126
126
126
126
125
126
125
126
125
125
125
126
125
125
125
125
126
126
126
125
125
125
126
125
126
125
126
126
125
125
126
125
126
125
126
125
126
125
126
125
126
126
125
125
125
126
125
126
125
125
126
126
126
126
126
126
125
125
126
126
125
125
125
126
126
126
125
126
126
126
125
125
125
125
125
125
126
125
125
126
125
125
125
125
126
126
125
126
125
125
125
125
125
125
125
125
126
126
125
125
126
125
126
125
126
125
125
125
125
125
125
125
125
125
125
125
125
125
125
125
125
125
125
125
125
125
125
125
125
125
125
125
125
125
125
125
125
125
125
125
125
125
125
125
125
125
125
125
125
125
125
125
125
125
125
125
125
125
125
125
125
125
125
125
125
125
123
