125
125
124
125
125
126
43
125
125
125
126
125
126
125
125
125
125
125
125
126
125
126
126
125
125
125
126
125
125
125
125
125
125
125
125
125
125
125
125
126
126
125
126
125
126
125
125
125
125
125
125
125
126
125
125
126
126
125
126
125
125
125
125
126
125
126
126
125
126
125
125
125
125
125
126
125
126
125
125
125
125
125
126
125
125
126
125
125
126
125
125
125
125
125
125
125
125
125
125
125
125
126
126
126
126
126
125
125
125
125
125
125
125
125
125
125
125
125
125
125
125
125
125
125
125
125
125
125
125
125
125
125
125
125
125
125
125
125
126
126
125
125
125
125
125
125
125
125
125
125
125
125
125
125
125
125
125
125
125
125
125
125
125
125
125
125
125
125
125
125
125
126
125
125
125
125
125
125
125
125
125
125
125
125
125
125
125
125
125
125
125
125
125
125
125
125
125
125
125
125
125
125
125
125
125
125
125
125
125
125
125
125
125
125
125
125
126
124
125
125
125
125
126
126
126
126
125
126
126
126
125
126
126
126
126
126
125
126
125
125
125
126
125
125
125
126
126
126
126
125
125
125
125
125
125
126
126
126
126
126
126
126
126
126
126
126
126
126
126
125
126
126
126
126
126
126
126
126
126
126
126
126
126
125
126
126
125
126
126
126
126
126
126
126
126
125
126
125
126
125
126
126
125
125
126
125
126
125
125
125
125
125
125
125
125
125
126
125
125
126
125
126
126
125
125
126
125
126
125
126
126
125
125
125
125
126
126
125
126
126
126
125
125
125
126
125
126
126
125
125
126
125
125
125
126
125
125
125
125
125
125
125
125
126
125
126
125
126
126
125
126
125
126
125
126
126
125
125
125
126
126
126
126
126
126
126
125
126
125
125
125
125
125
126
126
126
126
126
125
126
125
125
125
125
125
125
126
125
125
125
126
126
126
126
125
125
126
126
126
126
125
125
125
126
125
125
125
125
126
125
126
127
126
126
125
126
125
125
125
125
125
125
125
125
125
125
126
126
126
125
126
126
125
125
125
125
125
125
126
125
125
125
125
125
126
126
126
125
125
125
125
125
125
125
125
126
126
126
125
125
125
125
125
125
125
125
125
125
125
125
125
125
125
125
125
125
125
125
125
125
125
125
125
125
125
125
125
125
125
125
125
125
125
125
125
125
125
125
125
125
125
125
125
125
125
125
125
125
125
125
125
125
125
125
125
125
125
125
125
125
125
125
125
125
125
125
124
125
126
126
126
126
125
126
126
126
125
125
125
126
126
126
126
126
126
125
125
126
126
125
126
126
125
125
126
126
126
126
126
126
126
127
128
127
125
123
121
120
120
120
123
133
140
135
125
120
122
128
133
129
119
115
122
130
129
131
131
109
99
149
182
118
52
107
171
137
94
131
174
134
72
71
162
189
149
158
102
6
25
192
255
246
54
52
12
205
255
238
15
127
73
255
255
68
34
64
207
246
134
16
53
162
188
127
84
89
108
143
143
100
126
181
143
66
99
154
131
110
122
120
119
127
128
139
137
104
95
138
158
123
99
120
138
130
124
133
130
114
112
125
129
127
134
142
133
117
110
115
127
138
138
123
111
118
131
133
125
120
124
132
130
121
118
123
127
131
134
133
124
118
119
122
128
133
132
125
122
124
125
125
128
128
125
126
127
125
122
122
125
127
125
123
126
131
130
125
125
130
130
124
120
124
128
128
125
122
123
125
127
127
126
124
126
127
128
127
125
123
124
126
128
128
128
127
126
125
123
122
125
125
125
125
126
126
127
126
125
125
125
125
125
125
125
125
126
127
127
127
127
127
126
125
124
124
125
126
126
126
126
126
125
124
123
123
125
126
127
127
127
127
126
125
124
124
125
126
125
125
125
126
126
125
126
126
125
125
125
125
125
126
126
126
126
126
125
123
124
126
126
126
125
125
125
126
127
126
125
125
125
126
128
127
125
123
124
125
124
124
124
125
124
125
125
125
125
126
127
126
125
125
126
127
125
122
122
125
127
126
125
124
126
128
126
124
124
125
125
125
126
126
126
126
125
124
124
123
123
124
127
128
127
125
124
125
127
127
124
121
122
126
129
128
124
122
125
128
127
123
123
127
128
125
123
124
126
127
126
123
123
125
129
128
124
123
124
126
126
125
124
125
125
126
125
124
124
125
126
127
126
125
125
125
126
126
125
124
124
125
126
126
124
124
125
127
126
125
125
125
125
125
124
125
126
125
125
126
128
126
124
124
126
127
126
124
125
127
127
125
124
124
125
125
125
124
125
125
125
125
127
127
126
124
124
125
125
125
126
126
126
125
125
126
127
126
125
126
126
125
125
126
126
125
125
124
124
126
127
126
124
125
125
126
125
125
125
126
125
126
126
125
124
123
125
126
126
125
125
125
125
126
127
126
126
125
125
126
127
126
125
124
124
125
126
126
126
126
125
125
125
125
125
125
125
125
125
126
126
125
126
125
125
125
125
125
125
125
126
125
126
126
126
125
125
125
125
125
125
125
125
126
126
125
125
125
125
126
126
125
125
126
126
126
125
124
125
126
126
126
125
125
126
126
125
124
125
126
126
125
125
125
125
125
125
125
125
125
125
126
127
126
125
126
124
124
125
125
125
124
125
125
125
125
125
124
125
125
126
125
125
125
125
126
126
125
125
126
126
125
125
125
125
126
126
125
125
125
126
126
125
125
126
126
126
126
125
125
125
125
125
125
124
125
125
125
125
125
126
125
125
125
125
125
125
125
125
125
126
126
125
125
125
126
125
125
125
125
125
125
125
125
125
125
125
125
126
126
125
126
125
126
125
125
125
125
125
125
125
125
125
125
126
125
126
126
126
126
126
125
125
125
125
125
125
125
125
125
125
125
125
125
125
125
125
125
125
126
125
125
125
126
126
126
125
125
125
126
126
125
125
125
125
125
125
125
125
125
125
125
125
126
126
126
126
125
125
125
125
125
125
125
125
125
125
125
126
125
126
125
124
124
124
125
125
125
124
125
125
126
126
126
128
120
124
124
126
125
127
126
126
126
126
125
125
126
126
125
126
126
125
126
126
125
125
126
126
125
126
126
126
125
126
125
125
126
125
125
125
120
102
129
126
127
129
129
129
128
127
127
127
126
126
126
125
126
125
126
126
126
126
126
126
126
125
126
126
126
126
122
123
124
127
126
128
127
127
127
127
127
127
126
126
126
126
126
125
125
125
125
126
126
126
125
125
126
126
125
125
126
126
126
125
126
126
125
125
125
125
126
126
125
125
125
125
126
125
125
125
125
126
126
125
125
125
126
125
125
126
126
125
125
125
126
126
127
125
124
125
126
127
126
125
125
125
126
126
126
126
124
125
126
126
125
124
124
125
126
126
127
126
125
125
124
125
125
126
125
126
126
127
124
125
126
126
127
126
125
126
126
126
125
125
125
127
124
128
124
125
125
126
126
126
125
126
125
124
125
126
125
125
126
126
125
125
126
127
126
127
126
125
125
125
125
125
125
126
130
131
128
125
126
124
123
124
124
123
124
125
126
126
125
123
124
126
129
127
125
125
126
124
124
126
127
127
125
125
126
125
125
125
126
127
126
126
128
129
126
122
125
107
117
134
133
127
125
127
126
125
126
124
124
126
125
125
125
126
125
125
127
127
127
126
127
127
125
125
125
126
126
126
126
125
126
126
126
126
126
126
126
126
125
126
126
126
126
124
126
122
126
125
126
127
128
126
127
126
126
126
127
125
122
123
123
127
128
122
117
122
126
127
130
130
129
128
126
125
125
126
128
128
126
125
123
123
123
128
129
128
125
121
121
124
127
128
125
124
123
123
125
126
125
126
124
125
126
126
125
44
126
126
126
126
126
125
126
126
126
126
126
126
126
126
126
126
126
126
125
126
125
126
126
126
126
126
126
126
125
126
125
125
125
125
125
126
125
125
126
125
125
126
126
125
125
125
125
126
126
126
126
126
125
126
125
125
125
125
125
125
125
125
125
125
125
125
125
126
125
126
126
126
126
125
125
124
128
125
125
125
125
125
126
126
126
125
125
125
125
125
125
125
125
125
125
125
125
125
125
125
125
125
126
126
125
125
125
125
125
125
125
125
125
125
125
125
125
125
125
125
125
125
125
125
125
125
125
125
125
125
125
125
125
125
125
125
125
125
125
125
125
125
125
125
125
125
125
125
125
125
125
125
125
125
125
125
125
125
125
125
125
125
125
125
125
125
125
125
125
125
125
125
125
125
125
125
125
125
125
125
125
125
125
125
125
125
125
125
125
125
125
125
125
125
125
125
125
125
125
125
125
125
125
126
125
126
125
125
125
125
125
125
125
126
125
125
126
125
125
125
125
125
125
125
125
125
125
125
126
126
125
125
125
125
125
126
125
125
126
125
125
126
125
125
125
125
125
125
125
125
126
125
125
125
125
125
125
125
125
125
125
125
125
125
125
125
125
126
125
126
126
125
125
125
125
125
125
125
125
125
125
125
125
125
125
125
125
125
125
125
125
125
125
125
125
125
125
125
125
125
125
125
125
125
125
125
125
125
125
126
126
125
125
125
126
125
125
125
125
125
125
125
125
125
125
125
125
125
125
125
125
125
125
126
125
126
125
125
125
126
125
125
125
125
125
125
125
125
125
125
125
125
125
125
