121
124
127
123
119
120
94
125
126
125
125
126
125
125
125
125
125
125
125
125
125
125
126
126
126
126
125
125
125
125
125
126
125
125
125
126
125
126
125
125
125
125
125
125
125
126
125
125
125
125
125
125
125
125
125
125
125
125
126
125
125
125
125
125
125
125
125
125
125
125
125
125
125
125
125
125
125
125
125
125
125
125
125
125
125
125
125
125
125
125
125
125
125
125
125
125
125
125
125
125
125
126
125
125
125
125
125
125
125
125
125
125
125
125
125
125
125
126
125
126
126
126
125
125
125
125
125
125
125
125
125
125
125
125
125
126
125
125
125
125
125
125
125
125
125
125
125
125
125
125
125
125
125
125
125
125
125
126
125
125
125
126
125
125
125
125
125
125
125
125
125
126
125
125
125
125
125
125
125
125
125
125
125
125
125
125
125
125
126
125
125
125
125
125
125
125
125
125
125
125
125
125
125
125
125
125
125
125
125
125
125
125
125
125
125
125
125
125
125
125
125
125
125
125
125
125
125
125
125
125
125
125
125
125
125
125
125
125
125
126
126
125
125
125
125
125
125
125
125
125
125
125
125
125
125
125
125
125
125
125
125
125
125
125
125
125
125
125
125
125
125
125
125
125
125
125
125
126
125
125
125
125
125
125
125
125
125
125
125
125
125
125
125
125
125
125
125
125
125
125
125
125
125
125
125
125
125
125
125
125
125
125
125
125
125
125
125
125
125
125
125
125
125
125
125
125
125
125
125
125
125
125
125
125
125
125
125
125
125
125
125
125
125
125
125
125
125
125
125
125
125
125
125
125
125
125
125
125
125
125
125
125
125
125
125
125
125
125
125
125
125
125
125
125
125
125
125
125
125
125
125
125
125
125
125
125
125
125
125
125
125
125
125
125
125
125
125
125
125
125
125
125
125
125
125
125
125
125
125
125
125
125
125
125
125
125
125
125
125
125
125
125
125
125
125
125
125
125
125
125
125
125
125
125
125
125
125
125
125
125
125
125
125
125
125
125
125
125
125
125
125
125
125
125
125
125
125
125
125
125
125
125
125
125
125
125
125
125
125
125
125
125
125
125
125
125
125
125
125
125
125
125
126
125
125
125
125
125
125
125
125
125
125
125
125
126
126
125
125
125
125
125
125
125
125
125
125
125
125
125
125
125
125
125
125
125
125
125
125
125
125
125
125
125
125
125
125
125
125
124
125
125
125
126
125
125
125
125
125
125
125
125
125
125
125
125
125
125
125
125
125
125
125
125
125
125
125
125
125
125
125
125
125
125
125
125
125
125
125
125
125
125
125
125
125
125
125
125
125
125
125
125
125
125
125
125
125
125
125
125
125
125
125
125
125
125
125
125
125
126
125
125
125
125
125
125
125
125
125
125
125
125
125
125
125
126
125
125
125
125
126
125
125
125
125
126
125
125
125
126
125
125
125
125
125
125
125
125
124
125
126
126
126
126
126
126
126
126
126
125
126
126
126
126
126
126
126
126
126
125
126
126
126
126
126
126
126
126
126
126
126
126
126
126
126
126
125
126
126
126
126
125
126
126
126
126
126
126
126
126
126
126
126
126
125
126
126
126
126
126
126
126
126
126
125
125
125
126
126
126
126
126
126
126
126
126
126
126
126
125
125
125
125
126
125
126
126
125
126
126
126
126
125
125
126
125
125
125
126
125
125
125
126
125
125
125
126
126
125
125
125
126
127
126
126
126
125
125
125
125
125
125
126
125
126
125
125
125
126
126
125
125
126
126
126
126
125
126
126
125
125
126
126
123
125
126
126
126
126
126
126
126
126
125
125
125
125
126
126
126
126
126
125
126
126
126
126
125
125
126
126
126
125
126
126
126
126
126
126
125
126
125
125
125
126
126
126
125
125
126
126
125
126
126
125
125
126
126
125
125
126
126
125
126
126
125
125
126
126
125
126
126
126
127
125
125
125
125
125
125
125
125
125
126
125
125
125
126
125
125
126
125
125
126
126
125
125
126
125
125
125
126
126
125
125
125
125
125
126
125
125
126
126
126
125
125
126
126
125
125
125
126
126
126
125
125
125
126
126
125
125
125
125
125
125
125
126
125
125
126
125
125
125
126
126
125
125
126
125
125
126
126
125
125
126
126
125
125
126
125
125
126
126
125
124
126
126
125
125
126
125
125
125
126
126
125
125
126
125
125
126
126
125
125
126
126
125
125
126
125
125
126
126
125
125
125
126
126
125
125
126
125
125
125
126
125
125
126
126
126
124
125
126
125
125
125
126
125
125
126
126
125
125
125
126
126
127
126
126
125
124
124
125
125
125
125
125
125
125
125
126
125
125
126
126
125
125
125
126
126
125
126
126
125
125
125
126
126
125
125
126
125
125
125
126
126
125
125
125
125
125
125
126
126
125
125
126
126
125
124
125
126
126
126
126
126
125
125
125
125
125
126
125
125
125
125
123
124
124
126
125
126
127
126
125
125
126
126
126
125
125
126
125
125
125
125
125
125
125
125
126
125
125
125
126
125
125
125
125
125
125
125
125
125
125
125
126
126
126
125
125
125
126
126
125
125
126
126
125
125
126
125
125
125
125
125
124
123
125
127
126
127
130
133
130
120
116
122
131
132
126
120
119
124
129
127
120
118
124
128
127
126
127
127
124
126
129
129
127
127
126
126
126
129
129
123
117
119
127
130
128
124
120
119
124
128
127
124
123
124
126
126
126
126
126
128
128
128
127
126
125
125
125
125
125
125
125
125
123
124
123
124
124
125
125
126
126
126
126
126
126
126
126
127
127
126
126
126
126
125
125
125
125
125
125
125
125
126
125
124
124
125
126
125
125
125
124
125
126
126
126
126
124
124
126
126
126
125
125
125
125
125
125
124
125
126
125
125
125
125
125
125
126
126
127
127
126
124
125
125
125
126
126
125
125
125
126
126
125
125
123
123
124
125
125
124
124
125
125
130
126
126
126
125
122
123
124
127
131
131
124
121
125
128
127
124
124
127
127
126
125
125
126
125
120
116
123
131
129
122
120
126
128
125
123
125
126
127
126
125
126
126
127
127
126
125
125
126
125
125
126
126
126
126
126
126
126
125
125
125
125
123
123
124
124
123
124
126
125
123
126
126
125
127
129
130
128
125
124
126
127
125
124
124
123
125
125
124
125
126
126
126
126
126
126
125
124
124
125
124
124
125
126
128
128
126
122
119
124
134
134
124
118
123
127
129
129
125
121
124
130
132
126
121
125
130
120
107
115
127
122
112
118
133
139
131
124
126
131
136
140
139
133
131
140
138
103
72
100
146
143
115
105
110
128
133
134
132
131
130
126
123
126
131
136
137
130
121
115
110
109
113
120
126
130
132
136
136
131
125
122
123
126
124
117
113
121
130
131
121
119
130
133
127
128
133
130
126
126
122
120
122
124
126
125
124
124
125
125
127
129
125
121
121
125
125
125
124
122
121
124
127
128
126
124
126
129
128
123
121
122
126
128
127
126
126
129
128
124
122
118
118
128
136
130
118
117
127
132
130
123
120
120
127
134
129
119
117
123
127
125
123
126
129
128
123
124
127
127
125
123
123
127
129
125
120
121
128
130
125
119
118
124
131
130
122
124
130
132
129
122
119
121
123
123
125
124
124
126
127
128
126
128
128
124
123
124
127
130
124
120
123
129
129
125
124
124
124
124
125
126
125
123
122
122
121
124
127
126
122
123
128
129
124
122
128
132
128
122
123
126
128
126
125
124
123
125
126
125
152
90
115
125
125
125
130
132
129
125
122
121
124
129
129
125
123
126
126
126
123
124
126
126
125
126
127
127
125
125
126
126
123
124
127
128
127
112
80
133
121
127
133
135
131
128
128
93
125
125
125
125
125
126
126
126
125
125
125
125
125
125
125
125
125
126
126
125
125
125
125
125
126
125
125
125
125
125
125
125
125
125
125
125
125
125
125
125
125
126
125
125
125
125
125
125
125
125
125
126
125
125
125
125
125
125
125
125
125
125
125
125
125
125
125
125
125
125
126
125
125
125
125
125
125
125
125
125
125
125
125
125
125
125
125
125
125
125
125
125
125
125
125
125
125
125
125
125
125
125
125
125
125
125
126
125
125
125
125
125
125
125
125
125
125
125
125
125
125
125
125
125
125
125
125
125
125
125
125
125
125
125
125
125
125
125
125
125
125
125
125
125
125
125
125
125
125
125
125
125
125
125
125
125
125
125
125
125
125
125
125
125
125
125
125
125
125
126
125
125
125
125
125
125
125
125
125
125
125
125
125
125
125
125
125
125
125
125
125
125
125
125
125
125
125
125
125
126
126
125
125
125
125
125
125
125
125
125
125
125
125
125
125
125
125
125
125
125
125
125
125
125
125
125
125
125
125
125
125
125
125
125
125
125
125
125
125
125
125
125
125
125
125
125
125
125
125
125
125
125
125
125
126
125
125
125
125
125
125
125
125
125
125
125
125
125
125
125
125
125
125
126
125
126
126
126
125
125
125
125
125
125
125
125
125
125
125
125
125
125
125
125
125
125
125
125
125
125
125
125
125
125
125
125
125
125
125
125
125
125
125
125
125
125
125
125
125
125
125
125
125
125
125
125
125
125
125
125
125
125
125
125
125
125
125
125
125
125
125
125
125
125
125
125
125
125
125
125
125
125
125
121
