127
125
123
124
127
125
50
125
125
125
125
125
125
125
125
125
126
125
125
125
125
125
125
126
125
126
125
125
125
125
125
126
125
125
125
125
125
125
125
125
125
125
125
125
125
125
125
125
125
125
125
125
125
125
125
125
125
125
125
125
125
125
125
125
125
125
125
125
125
125
125
125
125
125
125
125
125
125
125
125
125
125
125
125
125
125
125
125
125
125
125
125
125
125
125
125
125
125
125
125
125
125
125
125
125
125
126
125
125
126
126
125
126
126
126
126
126
126
126
126
126
126
126
126
126
126
125
125
126
125
126
125
126
126
126
126
126
126
126
126
126
125
126
126
126
126
126
126
126
126
126
126
126
126
126
126
126
126
126
126
126
126
126
126
126
126
126
126
126
126
126
126
126
126
125
125
126
126
126
126
126
126
126
126
126
125
126
126
126
125
126
125
125
126
126
126
125
125
125
125
126
126
125
126
126
125
125
125
125
126
126
126
126
126
126
126
126
125
125
126
126
126
126
126
125
125
126
126
126
125
125
125
126
125
126
126
126
126
125
125
125
126
126
125
126
126
126
125
126
125
126
126
125
125
125
126
126
125
125
126
126
126
126
125
126
126
126
125
125
126
126
126
125
126
126
126
126
126
125
125
126
126
126
126
126
125
126
126
126
126
125
126
125
126
126
126
125
126
125
125
126
125
125
126
125
126
126
125
126
126
125
125
126
126
126
125
125
125
126
126
126
126
125
126
126
126
125
125
125
125
125
125
125
125
126
125
125
125
125
125
126
126
125
126
125
126
125
125
125
126
126
125
126
125
125
125
125
125
125
125
125
125
125
125
125
125
125
125
125
125
125
125
125
125
125
125
125
125
125
125
125
125
125
125
125
125
125
125
125
125
125
125
125
125
125
125
125
125
125
125
125
125
125
125
125
125
125
125
125
125
125
125
125
125
125
125
125
125
125
125
125
125
125
125
125
125
125
125
125
125
125
125
125
125
125
126
124
125
126
125
125
126
126
126
126
126
125
125
125
125
126
125
126
125
126
125
126
126
125
126
126
126
125
125
126
126
126
126
125
126
125
125
125
125
125
125
125
125
126
126
126
126
125
125
125
126
126
125
125
125
126
126
125
126
126
126
126
126
125
125
125
125
125
125
126
124
123
125
127
125
123
125
127
127
126
125
123
123
126
131
135
139
139
123
95
81
95
127
161
181
160
104
89
126
125
96
138
199
130
9
88
212
170
85
134
145
116
112
175
74
96
140
157
94
122
144
126
108
121
140
151
107
111
136
127
96
132
181
130
68
110
165
142
104
104
114
128
147
147
125
114
117
130
136
122
105
119
143
143
126
113
109
118
138
148
133
113
106
118
130
128
122
127
142
146
124
102
107
130
139
128
121
125
129
126
124
127
128
123
118
123
132
130
120
116
126
136
132
122
117
122
129
131
129
125
123
123
125
127
126
125
126
127
128
127
125
123
122
124
125
126
126
125
124
123
125
127
127
126
126
126
125
123
122
124
126
127
128
128
128
129
128
124
120
121
125
126
123
123
126
127
127
125
124
124
123
122
124
129
130
127
123
124
128
129
127
125
122
122
125
129
130
127
123
124
128
129
124
119
119
125
131
128
121
118
119
119
120
128
140
146
136
120
112
117
122
122
125
133
134
126
118
118
124
133
136
127
116
119
128
126
119
121
129
131
125
123
127
130
128
122
120
128
131
123
118
126
136
134
119
111
122
134
131
123
121
123
122
123
129
131
127
120
120
129
134
126
117
119
128
133
125
118
123
129
127
126
129
127
121
122
131
131
121
117
124
126
122
124
136
138
118
109
114
133
144
133
113
111
125
136
136
127
117
118
129
132
119
113
126
140
138
122
111
120
132
130
124
125
126
127
133
132
119
115
123
129
130
129
124
120
122
125
126
129
131
125
118
124
133
132
128
127
125
123
122
123
125
126
128
125
122
125
129
128
124
122
124
126
129
127
124
123
125
127
128
127
125
125
128
128
125
124
126
128
126
123
123
126
127
126
124
124
126
126
126
125
125
126
126
125
124
125
125
125
125
126
127
126
125
126
126
126
126
126
126
125
125
126
126
125
124
125
126
127
126
126
126
125
125
125
125
125
125
126
126
126
126
125
125
126
126
125
125
126
127
127
126
125
125
126
126
125
125
125
126
127
126
125
125
125
125
125
126
126
125
125
126
126
127
126
125
125
125
125
126
126
125
126
126
126
125
125
125
126
126
126
125
125
126
126
126
125
125
125
126
125
125
125
125
126
126
126
125
125
126
126
125
125
126
126
126
126
126
126
126
126
127
128
126
125
125
125
124
125
125
125
125
126
126
126
125
125
125
125
125
126
126
126
125
125
125
125
128
126
125
125
125
124
124
126
126
126
125
124
124
125
126
126
126
125
125
125
125
125
126
126
125
124
126
127
125
125
126
126
125
125
125
125
126
126
125
125
125
124
125
126
126
126
124
124
126
126
125
125
126
125
125
126
126
125
125
126
126
124
123
125
127
127
125
124
124
125
126
125
125
125
126
126
124
124
125
127
127
124
122
125
128
127
129
117
124
126
127
125
125
126
127
127
125
124
125
126
126
125
124
125
126
127
126
125
124
119
125
127
126
126
128
128
128
126
126
126
126
126
125
126
125
125
126
126
126
125
125
125
126
127
127
126
125
125
126
126
126
125
125
125
126
126
125
125
126
126
126
125
125
126
122
126
125
125
127
128
127
127
126
126
126
127
127
125
125
125
126
126
125
125
125
126
126
126
125
124
125
125
125
125
125
126
125
125
125
126
126
126
126
126
126
125
125
125
125
126
125
126
126
125
126
126
126
126
125
125
125
125
126
126
125
125
125
126
126
126
126
125
125
125
126
125
125
125
126
126
126
125
125
125
125
125
125
126
126
125
125
126
125
126
126
125
125
125
126
126
126
125
125
126
126
125
125
125
126
126
126
126
126
125
126
126
125
126
126
125
125
125
126
126
126
125
125
125
126
126
126
126
126
126
126
125
125
125
126
126
126
126
126
125
125
126
127
126
126
126
125
125
125
128
129
126
125
125
124
124
125
125
125
125
126
126
125
125
125
125
125
126
126
126
126
126
126
125
126
130
127
126
125
125
124
123
124
125
125
126
126
125
125
125
125
125
124
125
125
126
126
126
126
125
125
126
126
126
125
124
125
125
125
125
126
125
125
126
126
126
125
125
126
125
125
126
126
126
126
125
125
125
126
126
125
125
125
125
125
126
126
126
124
122
123
127
130
128
122
122
126
128
128
125
122
123
124
126
127
124
122
123
126
128
127
125
125
124
126
129
127
124
125
126
127
125
122
121
123
127
127
125
125
127
126
124
124
126
128
126
125
124
125
127
128
126
125
124
125
127
126
136
122
97
130
124
125
127
127
127
127
127
126
126
125
125
126
125
125
127
128
125
124
123
126
126
125
114
78
136
124
128
129
134
134
131
129
127
128
130
128
124
123
128
132
131
125
122
128
133
131
123
121
125
130
130
126
124
126
127
126
126
126
126
126
126
125
126
127
116
122
125
128
127
127
127
130
129
128
127
128
128
125
124
124
125
125
127
127
126
126
127
130
125
124
119
121
124
129
129
125
124
126
128
128
126
124
124
125
127
126
124
124
125
127
127
124
123
125
127
127
126
123
125
126
128
126
124
124
126
127
126
122
122
125
127
126
126
127
127
127
124
124
125
127
127
125
125
126
127
127
125
125
126
126
125
125
124
126
126
124
124
125
127
127
125
125
126
126
127
127
124
123
125
127
128
127
125
123
125
127
127
125
125
125
125
126
126
125
126
126
127
126
125
124
124
123
125
125
126
126
126
126
49
125
125
125
125
125
125
125
125
125
125
125
125
126
125
125
125
125
125
125
125
125
125
125
125
125
125
125
125
125
125
125
125
125
125
125
125
125
125
125
125
125
125
125
125
125
125
125
125
125
125
125
125
125
125
125
125
125
125
125
125
125
125
125
125
125
125
125
125
125
125
125
125
125
125
125
125
125
125
125
125
125
125
125
125
125
125
125
125
125
125
125
125
125
125
125
125
125
125
125
125
125
125
125
125
125
125
125
125
125
125
125
125
125
125
125
125
125
125
125
125
125
125
125
125
125
125
125
125
125
125
125
125
125
125
125
125
125
125
125
125
125
125
125
125
125
125
125
125
125
125
125
125
125
125
125
125
125
125
125
125
125
125
125
125
125
125
125
125
125
125
125
125
125
125
125
125
125
125
125
125
125
125
125
125
125
125
125
126
125
125
125
125
125
126
126
126
126
125
125
125
126
126
125
125
125
125
126
125
126
125
125
125
125
125
125
125
125
125
125
126
126
126
126
126
126
126
125
125
125
125
125
125
125
126
125
125
126
126
125
125
125
125
125
125
125
125
125
125
125
126
125
125
125
126
125
126
125
125
125
126
125
125
125
125
125
125
125
125
125
125
125
125
125
125
125
125
125
125
125
125
125
125
125
125
125
125
125
125
125
125
125
125
125
125
125
125
125
125
125
125
125
125
125
125
125
125
125
125
125
125
125
125
125
125
125
125
125
125
125
125
125
125
125
125
125
125
125
125
126
125
125
125
125
125
125
125
125
125
125
125
125
125
125
125
125
125
126
125
125
125
125
125
125
124
