128
123
119
122
127
132
78
125
125
125
125
125
125
126
125
125
125
125
125
125
126
125
125
125
125
125
125
125
125
125
125
125
125
125
125
126
125
125
125
125
125
125
125
125
125
125
125
125
125
125
125
125
125
125
125
125
125
125
125
125
125
125
125
125
125
125
125
125
125
125
125
125
125
125
125
125
125
125
125
125
125
125
125
125
125
125
125
125
126
125
125
125
125
125
126
125
125
125
125
125
125
125
125
125
125
125
125
125
125
125
125
125
125
125
125
125
125
125
125
125
125
125
125
125
125
125
125
125
125
125
125
125
125
125
125
125
125
125
125
125
125
125
125
125
125
125
125
125
125
125
125
125
125
125
125
125
125
125
125
125
125
125
125
125
125
125
125
125
125
125
125
125
125
125
125
125
126
124
126
125
126
126
126
126
126
126
125
126
125
126
125
126
126
126
126
126
126
126
126
126
125
126
125
125
125
126
126
126
126
126
126
126
126
126
126
126
126
126
126
126
126
126
126
125
126
126
126
126
126
126
126
126
126
126
126
126
126
126
126
125
125
126
126
125
126
126
125
126
126
126
126
125
126
126
126
125
126
126
125
125
125
126
126
126
126
126
126
126
126
126
126
125
125
126
125
125
126
126
125
125
126
126
126
126
126
125
126
125
126
126
126
126
125
126
126
125
125
125
125
126
125
125
126
125
126
126
126
126
126
126
126
125
126
126
125
125
126
126
125
126
126
126
126
126
125
126
126
126
126
125
126
125
126
126
125
126
126
125
126
125
126
126
126
126
125
125
126
126
126
126
126
126
126
126
126
125
125
125
125
126
126
126
126
126
125
126
126
125
126
126
125
126
125
126
126
126
125
126
126
125
126
126
126
125
125
125
125
125
126
125
126
126
126
126
125
125
125
125
125
125
125
125
125
125
125
125
125
125
125
125
125
125
125
126
125
125
125
125
125
125
125
125
125
126
125
125
126
126
125
125
125
125
125
125
125
125
125
125
125
125
125
125
125
125
125
125
125
125
126
125
125
125
125
125
125
125
125
125
125
125
125
125
125
126
125
125
125
125
125
124
125
125
125
126
126
126
125
126
126
125
125
125
125
125
125
125
125
125
125
125
125
125
125
125
126
125
125
125
125
125
125
125
125
125
125
125
125
125
125
126
125
125
125
125
125
125
125
125
125
125
125
125
125
125
125
125
125
125
125
125
125
125
125
125
126
125
125
125
125
125
125
125
125
125
125
125
126
125
125
125
125
125
125
125
125
125
125
125
125
125
125
125
125
125
125
125
125
125
125
125
125
125
125
125
125
125
125
125
125
126
125
125
125
125
125
125
125
125
125
125
126
126
127
127
127
125
123
122
125
128
128
122
114
116
131
141
131
118
126
141
135
108
83
107
182
199
100
31
117
193
143
80
105
144
142
130
119
118
131
137
113
104
134
166
142
102
80
92
141
188
163
89
69
139
166
114
107
146
144
102
82
108
160
211
194
48
56
82
255
255
40
89
86
255
228
51
32
137
169
118
136
156
103
80
123
141
131
137
127
102
107
132
131
119
131
141
126
106
109
124
133
137
139
127
112
111
128
139
126
110
116
134
136
124
123
133
132
113
96
107
145
173
152
93
72
127
185
149
56
53
168
241
168
44
20
114
200
186
127
100
100
108
136
164
137
91
92
129
143
131
131
135
132
122
122
127
122
118
125
133
127
118
123
132
128
119
120
129
136
134
127
120
121
126
129
127
123
122
125
130
131
127
122
121
125
127
126
123
123
127
130
130
129
128
125
123
123
124
124
124
123
125
129
129
125
124
129
133
130
124
125
128
124
118
123
134
132
119
121
131
127
116
119
129
132
128
124
124
127
130
129
126
125
126
126
124
123
125
126
126
126
126
125
125
126
127
127
125
124
125
126
127
126
125
123
123
124
127
128
127
126
127
128
126
123
122
123
125
127
127
126
125
125
126
127
129
128
125
124
127
129
127
125
125
125
126
124
122
123
127
128
124
122
125
127
125
124
127
129
128
124
126
128
127
124
123
125
126
126
124
123
126
130
128
125
124
125
127
127
126
124
124
126
126
125
123
122
124
127
129
127
124
124
126
127
126
128
128
126
122
124
127
128
126
125
123
122
124
126
128
129
126
123
124
126
124
124
128
130
124
122
126
129
127
126
126
126
125
126
126
124
124
125
125
124
123
123
125
126
125
125
126
127
124
122
124
128
128
125
123
125
128
129
127
124
122
125
126
125
125
126
126
125
125
127
129
126
124
124
124
123
123
125
125
126
127
126
122
127
128
125
124
128
128
124
121
121
122
128
135
130
120
120
129
129
123
122
125
127
127
125
124
124
126
126
127
128
126
124
124
126
126
124
124
126
125
125
126
126
125
126
126
125
124
126
126
125
125
127
126
125
125
128
127
124
122
125
126
126
126
125
124
125
125
125
125
125
126
125
126
126
126
126
126
125
125
125
124
124
126
127
126
126
125
125
125
125
125
125
126
125
126
126
126
125
125
126
125
125
125
126
126
124
125
126
126
126
125
125
125
125
125
125
125
125
126
126
126
125
124
125
127
126
125
124
125
126
126
126
126
124
124
124
126
125
124
124
125
125
126
127
127
126
125
125
126
127
126
124
124
125
127
127
125
124
125
125
125
125
125
125
126
126
126
125
125
125
126
126
125
125
125
126
125
125
124
125
126
126
125
125
125
124
125
126
126
125
125
126
126
126
126
125
124
125
125
126
126
126
125
125
125
126
126
126
125
125
125
125
125
124
125
125
126
125
125
126
126
127
125
128
127
127
126
125
123
124
124
124
125
125
125
125
125
125
125
126
127
126
123
124
126
127
126
123
124
125
126
127
127
125
124
125
127
126
120
125
126
127
126
125
125
126
127
126
125
124
125
125
126
126
125
125
125
125
126
125
125
125
125
126
126
126
125
125
125
125
126
125
125
126
127
126
126
125
125
125
125
125
126
126
127
126
125
124
125
126
126
125
125
125
126
125
124
125
126
126
126
125
125
126
126
125
125
125
126
127
125
124
124
125
126
124
124
124
124
126
128
127
126
126
127
126
126
125
124
125
127
126
124
125
126
127
126
125
125
125
125
126
126
125
124
125
126
126
124
124
124
125
126
126
126
126
126
126
126
126
124
123
123
125
126
126
126
126
127
127
126
126
127
127
126
125
124
125
126
126
125
124
125
127
127
126
126
123
122
124
129
127
123
124
127
126
123
124
127
126
124
125
128
127
124
124
124
125
127
127
126
123
123
127
126
125
127
127
125
124
126
125
122
123
126
126
126
127
127
126
125
126
126
126
126
125
125
125
124
125
126
124
124
126
126
124
124
125
127
128
126
124
125
127
126
124
123
123
125
127
126
130
127
126
126
125
123
123
125
125
123
123
124
126
126
124
125
125
125
126
125
125
126
128
129
126
124
124
126
128
125
127
123
128
126
127
126
124
125
125
125
120
120
122
125
126
129
128
126
126
125
125
127
127
126
126
135
123
89
130
126
134
129
127
123
123
127
127
127
127
125
127
129
129
128
125
123
124
125
126
127
128
128
127
125
122
120
124
129
129
128
127
130
133
129
119
116
121
128
129
127
126
127
127
127
125
124
125
128
126
126
126
125
126
125
126
126
125
124
122
125
126
127
122
120
128
128
128
127
127
126
127
129
126
125
124
126
129
128
125
125
126
127
128
127
125
125
125
126
124
123
124
124
125
125
125
126
126
126
126
126
126
126
124
125
126
126
125
125
123
123
124
125
126
125
126
125
125
127
127
127
128
127
125
126
125
125
125
126
127
126
125
126
127
126
125
123
125
125
126
126
126
126
128
127
125
125
123
124
79
125
125
125
126
125
125
125
125
125
125
126
125
125
125
125
125
125
125
125
125
125
125
125
125
125
125
125
125
125
125
125
125
125
125
125
125
125
125
125
125
125
125
125
125
125
125
125
125
125
125
125
125
125
125
125
125
125
125
125
125
125
125
125
125
125
125
125
125
125
125
125
125
125
125
125
125
125
125
125
125
125
125
125
125
125
125
125
125
125
125
125
125
125
125
125
125
125
125
125
125
125
125
125
125
125
125
125
125
125
125
125
125
125
125
125
125
125
125
126
125
125
125
125
125
125
125
125
125
125
125
126
126
125
125
125
125
125
125
125
125
125
125
125
125
125
125
125
125
125
125
125
125
125
125
126
125
125
125
125
125
125
126
126
125
125
126
125
125
125
125
125
125
125
125
125
125
125
125
125
125
125
125
125
125
125
125
125
125
125
125
125
125
125
125
125
125
125
125
125
125
125
125
125
125
125
125
125
125
125
125
125
125
125
125
125
125
125
125
125
125
125
125
125
125
125
125
125
125
125
125
125
125
125
125
125
125
125
125
125
126
125
125
125
126
125
125
125
125
125
125
125
125
125
125
125
125
125
125
125
125
125
125
125
125
125
125
125
125
125
125
125
125
125
125
125
125
125
125
125
125
125
125
125
125
125
125
125
125
125
125
125
125
125
125
125
125
125
125
125
125
125
125
125
125
125
125
125
125
125
125
125
125
125
125
125
125
125
125
125
125
125
125
125
125
125
125
125
125
125
125
125
125
125
125
125
125
125
125
125
125
125
125
125
125
125
125
125
125
125
125
125
125
125
129
