126
131
130
125
122
128
84
126
126
126
126
126
126
126
126
125
126
126
126
126
126
126
126
126
126
126
126
126
126
126
126
126
126
126
126
125
126
126
125
126
126
125
126
126
126
126
126
126
126
126
126
126
126
126
126
125
125
125
125
126
125
126
126
126
125
125
125
125
125
125
125
125
125
125
126
125
125
125
125
125
125
125
125
126
125
125
125
125
125
125
126
125
126
125
126
125
125
125
126
125
125
125
125
126
126
125
125
125
125
125
125
125
125
126
125
125
126
125
125
126
126
126
125
125
126
125
125
125
125
125
125
125
125
125
125
125
125
126
126
125
125
125
125
125
125
125
125
125
126
125
125
125
125
125
125
125
125
125
126
125
125
125
125
125
125
125
125
125
125
126
125
125
125
125
126
126
126
126
125
126
125
125
125
125
125
125
125
125
125
125
125
125
125
125
125
125
125
125
125
125
125
125
125
125
125
126
126
125
125
125
125
125
125
125
125
125
125
125
125
125
125
125
125
125
125
125
125
125
125
125
125
125
125
125
125
125
125
125
125
125
125
125
125
125
125
125
125
125
125
125
125
125
125
125
125
125
125
125
125
126
125
125
125
125
125
125
125
125
125
125
125
125
125
125
125
125
125
125
125
125
125
125
125
125
125
125
125
125
125
125
125
125
125
125
125
125
125
125
125
125
125
125
125
125
125
125
125
125
125
125
125
125
125
125
125
125
125
125
125
125
125
125
125
125
125
125
125
125
125
125
125
125
125
125
125
125
125
125
125
125
125
125
125
125
125
125
125
125
125
125
125
125
125
126
124
125
125
125
126
126
126
125
126
126
125
125
125
126
126
126
125
126
126
125
125
125
126
126
125
126
126
125
126
126
125
126
126
125
125
126
125
125
125
126
125
126
126
126
126
125
125
125
125
125
126
125
125
125
125
126
125
126
126
126
125
125
125
126
126
126
125
125
126
126
125
126
126
126
126
126
125
125
125
126
125
125
125
125
125
125
125
125
125
125
125
125
125
125
126
126
125
125
125
125
125
125
125
125
125
126
125
125
125
125
125
125
125
125
125
125
125
125
125
125
125
125
125
125
126
126
125
125
125
125
125
125
125
125
125
125
126
125
125
125
125
125
126
125
125
125
125
125
125
126
125
125
125
125
125
125
125
125
125
125
126
125
125
125
125
125
125
125
125
125
125
125
125
125
125
125
125
125
125
125
125
125
125
125
125
125
125
125
126
125
125
125
125
125
125
125
125
125
125
125
125
125
125
125
125
125
125
125
125
125
126
125
125
125
125
125
126
126
125
125
125
125
125
125
125
125
125
125
125
125
125
125
125
125
125
126
125
125
125
125
125
125
125
125
125
125
125
125
126
125
125
126
125
125
125
126
125
125
126
126
125
124
125
126
125
125
125
125
126
126
125
124
126
126
126
125
125
126
126
125
125
126
126
126
125
126
126
125
125
125
126
125
125
125
126
125
124
124
126
126
125
124
125
126
126
126
125
124
125
126
126
125
124
125
126
126
126
125
125
125
125
126
125
125
125
125
125
125
125
125
125
126
125
125
125
125
125
125
125
125
126
126
125
125
125
125
125
125
125
125
125
125
125
125
126
126
126
125
125
125
125
125
125
125
125
125
126
126
125
125
126
125
125
126
125
125
126
126
125
125
126
125
125
126
125
124
126
126
125
125
126
126
125
125
126
125
125
126
125
125
125
126
124
125
126
126
125
126
126
126
125
126
126
125
126
126
125
125
126
126
125
126
126
125
125
126
126
125
126
127
126
125
126
126
125
126
126
125
126
126
126
125
126
126
126
125
126
126
125
125
126
126
125
126
126
125
125
126
126
126
126
126
126
126
126
126
125
125
125
124
125
125
126
126
126
126
126
126
125
125
126
126
125
125
126
126
125
126
126
125
125
126
125
125
125
125
125
126
125
125
125
126
126
125
125
125
125
125
125
125
126
126
126
125
125
126
126
125
125
125
126
126
125
125
125
125
126
126
125
125
125
126
126
125
126
125
125
125
126
126
126
125
125
125
125
126
125
125
125
125
126
125
125
126
126
125
125
125
126
126
125
125
125
126
126
126
126
126
125
125
125
125
126
125
125
125
126
126
126
125
125
125
126
126
126
125
125
126
126
126
125
125
126
126
126
125
125
125
125
125
126
125
125
126
125
126
126
125
125
125
126
125
125
126
126
125
125
126
127
127
125
125
125
125
125
125
125
125
125
126
125
125
125
125
125
126
125
125
125
125
125
125
125
125
125
125
125
125
125
125
125
125
125
125
125
125
125
125
125
125
125
125
125
125
125
125
125
125
125
125
125
125
125
125
125
125
125
125
126
125
125
125
125
125
126
125
125
125
125
126
125
125
125
125
125
125
125
125
125
126
125
125
125
125
125
125
125
125
125
125
125
125
125
125
125
125
125
125
125
125
125
126
125
125
125
125
125
125
126
125
125
125
126
125
125
125
125
125
125
125
125
125
125
125
125
125
125
125
125
126
125
125
125
125
125
125
125
125
125
125
125
125
125
125
126
125
129
123
123
125
127
126
126
125
124
124
126
126
126
125
124
125
126
126
126
125
125
124
124
126
127
125
130
134
121
120
119
122
124
126
127
128
131
130
125
122
125
126
127
125
124
126
128
127
123
122
123
125
125
125
123
123
128
131
128
125
124
125
126
126
125
125
126
127
122
123
124
124
125
128
129
126
123
127
130
126
123
126
130
123
118
123
130
125
120
126
131
131
132
132
128
125
121
114
109
113
117
120
125
133
139
144
142
137
136
133
125
115
110
111
111
109
110
115
122
130
136
138
141
142
142
138
131
125
120
116
115
114
113
115
118
119
121
123
127
131
133
136
136
134
134
133
129
124
123
122
118
116
118
120
120
122
124
127
129
129
129
129
129
129
130
127
125
124
122
120
121
122
122
122
124
126
127
128
128
128
125
122
123
127
129
128
128
128
128
127
126
127
129
128
125
124
126
127
124
120
118
118
120
125
127
123
122
129
131
125
124
130
129
124
126
129
127
129
136
123
110
116
127
126
127
128
120
120
134
137
125
125
129
119
114
128
129
117
125
133
115
111
135
139
120
133
147
116
105
145
145
100
115
154
111
74
136
172
111
97
161
152
75
98
176
147
83
118
163
108
70
138
184
124
93
147
149
81
92
168
160
97
110
154
126
77
103
151
142
117
148
178
141
78
84
129
137
127
137
125
89
88
142
178
145
91
89
133
161
156
127
108
106
111
120
131
141
139
112
97
133
160
128
98
116
136
129
133
149
143
94
62
123
133
146
144
123
105
110
131
140
135
132
127
118
118
127
138
140
129
123
119
114
116
126
133
132
126
125
127
125
128
133
129
118
116
124
129
126
126
132
135
132
125
123
126
123
119
124
129
127
125
124
125
126
125
127
129
130
128
123
122
123
122
121
125
129
102
107
125
123
131
137
135
131
129
128
126
129
134
132
124
119
120
124
129
129
124
122
122
121
123
130
131
128
127
128
128
126
123
124
127
128
129
126
123
124
127
130
127
125
123
124
126
129
127
123
119
121
125
127
126
127
126
121
123
126
127
126
125
125
126
126
128
126
123
124
128
128
126
124
124
125
125
126
125
124
127
128
127
126
127
126
124
123
125
125
123
122
127
129
127
123
124
126
125
125
129
130
127
122
123
127
126
124
121
123
125
125
126
129
130
128
127
125
124
125
125
123
121
120
124
130
133
128
120
118
126
136
133
121
115
123
129
127
122
124
134
134
120
112
120
133
133
125
122
129
136
120
119
132
134
124
115
118
127
129
125
121
122
125
125
125
129
130
127
124
124
122
121
127
131
129
125
125
129
85
125
125
125
125
125
125
125
125
125
125
125
125
125
125
125
125
125
125
125
125
125
125
125
125
125
125
125
125
125
125
125
125
125
125
125
125
125
125
125
125
125
125
125
125
125
125
125
125
125
125
125
125
125
125
125
125
125
125
125
125
125
125
125
125
125
125
125
125
125
125
125
125
125
125
125
125
125
125
125
125
125
125
125
125
125
125
125
125
125
125
125
125
125
125
125
125
125
125
125
125
125
125
125
125
125
125
125
125
125
125
125
125
125
125
125
125
125
125
125
125
125
125
125
125
125
125
125
125
125
125
125
125
125
125
125
125
125
125
125
125
125
125
125
125
125
125
125
125
125
125
125
125
125
125
125
125
125
125
125
125
125
125
125
125
125
125
125
125
125
125
125
125
125
125
125
125
125
125
125
125
125
125
125
125
125
125
125
125
125
125
125
125
125
125
125
125
125
125
125
125
125
125
125
125
125
125
125
125
125
125
125
125
125
125
125
125
125
125
125
125
125
125
125
125
125
125
125
125
125
125
125
125
125
125
125
125
125
125
125
125
125
125
125
125
125
125
125
125
125
125
125
125
125
125
125
125
125
125
125
125
125
125
125
125
125
125
125
125
125
125
125
125
125
125
125
125
125
125
125
125
125
125
125
125
125
125
125
125
125
125
125
125
125
125
125
125
125
125
125
125
125
125
125
125
125
125
125
125
125
125
125
125
125
125
125
125
125
125
125
125
125
125
125
125
125
125
125
125
125
125
125
125
125
125
125
125
125
125
125
125
125
125
125
125
125
125
125
125
125
125
125
125
125
121
