126
126
125
125
125
124
40
125
125
126
126
126
126
126
125
126
125
126
125
125
126
125
125
125
125
125
125
126
126
126
126
126
125
126
125
126
125
125
125
125
125
125
125
125
125
125
125
126
126
125
125
125
125
125
125
125
125
125
125
125
125
125
125
125
125
125
125
125
125
125
125
125
125
125
125
125
125
125
125
125
125
125
125
126
125
125
125
125
126
125
125
125
125
125
126
125
125
125
126
125
125
125
125
125
125
125
125
125
125
125
125
125
125
125
125
125
125
125
125
126
125
126
126
125
125
125
125
125
125
125
125
125
125
125
126
125
125
125
125
125
125
125
125
125
125
125
125
125
125
125
125
125
126
125
125
125
125
126
125
125
125
125
125
125
125
125
125
125
125
125
125
125
125
125
125
125
125
125
125
125
125
125
125
125
125
125
125
125
125
125
125
125
125
125
125
125
125
125
125
125
125
125
125
125
125
125
125
125
125
125
125
125
125
125
125
125
125
125
125
125
125
125
125
125
125
125
125
125
125
125
125
125
125
125
125
125
126
125
125
125
125
125
125
125
125
125
125
125
125
125
125
125
125
125
125
125
125
125
125
125
125
125
125
125
125
125
125
126
125
125
125
125
125
125
125
125
125
125
125
125
125
125
125
125
125
125
125
125
125
125
125
125
125
125
125
125
125
125
125
125
125
125
125
126
126
125
125
125
125
125
125
125
125
125
125
125
125
125
125
125
125
125
125
125
125
126
125
125
125
125
125
125
125
125
125
125
125
125
125
125
125
125
125
125
125
125
125
125
125
125
125
125
125
125
125
125
125
125
125
125
125
125
125
125
125
125
125
125
125
125
125
125
125
125
125
125
125
125
125
125
125
125
125
125
125
125
125
125
125
125
125
125
125
125
125
125
125
125
125
125
125
125
125
125
125
125
126
124
125
125
125
125
125
125
125
125
125
125
125
125
125
125
125
125
125
125
125
125
125
125
125
125
125
125
125
125
125
125
125
125
125
125
125
125
125
125
125
125
125
125
125
125
125
125
125
126
125
126
126
126
126
126
126
125
125
125
126
125
126
125
125
126
125
125
125
125
125
125
126
126
126
126
125
125
125
125
125
126
125
125
125
125
126
125
125
125
125
125
125
125
125
125
125
125
125
125
125
125
125
125
125
126
125
125
125
125
125
125
125
125
125
125
125
126
126
125
125
126
126
125
125
125
125
125
125
125
125
126
125
125
126
126
126
125
125
125
125
125
125
125
125
125
125
126
126
126
126
126
126
126
125
125
125
126
125
125
125
125
125
126
127
129
130
128
119
108
107
127
159
174
161
120
59
42
72
138
174
224
240
89
44
41
255
255
87
103
255
255
44
62
179
250
88
65
139
124
108
143
126
81
115
182
158
97
114
127
89
105
171
160
82
58
118
180
185
138
89
76
106
146
150
132
129
129
108
94
117
150
153
131
117
117
120
127
131
121
110
118
133
133
127
132
136
124
114
124
139
135
118
112
120
128
127
122
125
133
133
127
122
121
123
129
136
134
123
116
117
124
127
126
125
128
131
131
127
124
121
121
122
124
127
130
130
128
126
125
125
125
126
127
126
124
121
121
122
126
129
130
128
126
126
127
127
126
122
121
122
124
126
126
126
127
127
127
127
126
125
124
123
125
126
125
125
126
126
126
126
126
126
126
126
126
125
125
125
124
124
126
128
128
127
126
125
124
124
124
125
124
125
126
127
127
127
126
126
126
125
125
125
125
125
125
126
126
126
126
126
126
125
125
124
124
125
126
126
126
126
126
126
126
126
125
125
126
125
124
125
126
126
126
126
125
125
125
126
126
125
125
125
126
126
125
125
125
125
125
125
126
126
126
125
125
125
125
125
124
125
125
125
125
126
126
126
126
125
125
125
126
125
124
124
124
125
125
125
125
126
126
126
126
126
125
125
125
126
126
125
125
126
126
126
125
125
125
125
125
125
125
125
125
125
125
125
125
126
126
126
125
125
126
126
126
125
125
125
125
125
125
124
124
125
126
127
126
125
125
125
124
125
126
126
126
125
125
125
125
126
126
126
126
125
125
125
126
126
126
125
125
124
125
125
125
125
126
125
125
125
125
125
125
126
126
126
126
125
124
124
125
126
126
125
125
127
127
126
125
126
125
124
125
125
125
125
125
126
126
125
124
125
126
125
124
125
126
126
125
125
126
126
126
125
125
125
125
126
125
125
124
125
126
125
125
126
126
125
125
125
125
125
125
125
125
124
125
125
125
124
125
126
126
126
126
125
125
126
126
126
124
124
125
126
126
125
125
125
126
126
126
125
125
125
125
125
125
125
125
126
125
125
125
126
126
126
126
125
125
125
125
125
125
125
125
125
125
125
125
125
126
126
125
126
125
125
126
125
125
125
125
125
125
125
125
125
125
125
125
125
125
125
125
125
126
125
125
125
125
125
128
123
125
125
126
125
126
126
125
125
125
125
125
125
125
125
125
125
125
125
125
125
125
125
125
125
126
126
126
126
126
126
125
126
125
125
125
125
125
125
125
125
125
126
125
125
125
125
126
125
126
126
125
125
126
125
126
125
125
126
126
126
126
126
126
126
126
123
124
124
125
125
126
126
126
126
126
125
126
125
125
125
125
125
125
125
125
125
125
126
125
125
125
126
126
125
125
125
125
125
125
125
125
125
125
125
125
125
125
125
125
125
125
125
125
125
125
125
125
125
125
125
125
125
126
126
125
126
126
126
126
125
125
125
124
127
126
125
125
125
125
125
125
125
126
125
125
125
125
126
125
125
125
125
125
125
125
125
126
126
126
125
125
125
125
124
126
125
125
125
126
126
125
125
125
126
126
126
125
125
126
126
125
125
125
125
125
125
125
125
125
126
125
125
125
125
125
125
125
125
125
125
125
125
126
126
125
125
125
125
125
125
126
125
125
126
125
125
125
125
125
125
125
125
125
125
125
125
125
125
125
125
125
125
125
125
125
125
125
125
125
125
125
125
125
125
126
125
125
125
126
125
126
125
125
126
125
125
125
125
125
126
125
125
125
131
126
125
125
124
124
124
125
125
125
125
125
125
125
125
125
125
125
125
125
125
125
125
125
125
125
125
119
125
126
127
126
126
126
126
126
126
125
126
125
126
126
126
125
125
125
126
126
125
125
125
125
125
125
125
125
126
126
125
125
125
125
126
126
125
125
125
125
125
125
126
126
125
125
125
125
125
125
125
126
125
125
125
125
125
125
126
126
125
125
126
126
125
125
125
125
126
125
126
125
125
126
125
125
125
125
126
124
125
125
124
126
126
126
125
125
126
126
125
125
125
125
126
127
125
124
125
126
126
127
135
68
132
124
128
127
128
129
129
129
128
126
126
126
126
126
126
128
128
127
126
125
125
127
128
127
126
124
127
129
128
126
126
127
128
126
125
125
126
126
127
125
125
127
127
127
125
125
126
127
127
126
125
126
125
126
128
127
126
125
125
126
126
125
126
126
124
125
126
126
126
125
126
121
119
123
125
125
128
128
128
129
127
127
127
127
126
125
126
126
125
125
126
125
126
125
124
124
126
126
125
125
125
126
126
125
125
123
124
125
125
125
125
126
126
126
126
133
128
125
124
125
124
124
124
124
124
124
125
124
124
125
125
126
126
125
125
126
126
126
126
126
125
126
121
120
125
127
126
129
128
127
127
127
126
126
126
126
126
126
125
126
125
126
126
126
126
125
125
125
126
125
126
125
125
125
125
125
125
125
125
126
125
126
125
125
125
125
125
126
126
125
125
126
126
125
126
126
125
125
125
126
126
126
126
125
125
125
125
125
126
126
125
125
125
126
126
125
125
124
126
126
126
127
39
125
125
125
125
125
125
125
125
125
125
125
125
125
125
125
126
125
125
125
125
125
125
125
125
125
125
125
125
125
125
125
125
125
125
125
125
125
125
125
125
126
125
125
125
125
125
125
125
125
125
125
125
125
125
126
125
125
125
125
126
125
126
126
126
126
126
126
126
126
126
125
126
126
126
126
126
126
126
126
125
126
126
126
125
126
126
125
126
126
126
126
125
125
126
126
126
126
126
126
126
126
126
126
126
126
126
126
126
125
125
125
126
125
126
126
126
125
126
126
125
126
125
125
125
125
125
125
125
126
126
126
126
125
125
125
125
125
125
125
125
125
125
125
125
126
126
125
126
126
126
125
125
125
126
126
125
126
126
125
126
126
126
126
126
126
125
125
125
125
126
125
126
125
125
125
125
125
125
125
125
125
126
126
125
126
126
125
125
126
125
125
125
126
125
126
126
126
126
125
126
125
125
125
125
125
125
126
125
125
125
126
126
126
126
126
125
126
125
126
125
125
125
125
126
125
125
126
126
125
126
126
125
125
126
126
126
125
125
126
126
125
126
125
125
126
126
125
125
125
126
126
126
126
125
125
125
126
125
126
126
126
126
126
125
125
125
125
125
125
126
126
125
125
125
125
125
125
126
126
125
126
125
125
125
125
125
125
125
125
125
125
125
125
125
125
125
125
125
125
125
125
125
125
125
125
125
125
125
125
125
125
125
125
125
125
125
125
125
125
125
125
125
125
125
125
125
125
125
125
125
125
125
125
125
125
125
125
125
125
125
125
125
125
125
125
125
125
125
125
125
125
125
125
125
