128
128
125
125
128
129
91
125
125
126
125
126
125
125
125
126
126
125
125
125
126
126
126
126
126
125
125
125
125
125
125
125
125
126
125
125
125
125
125
125
125
125
125
125
125
125
125
125
125
125
125
125
125
125
125
125
125
126
125
125
125
125
125
125
125
125
125
125
125
126
125
125
125
125
125
125
125
125
125
125
125
125
125
125
125
125
125
125
125
125
125
125
125
125
125
125
125
125
125
125
125
125
125
125
125
125
125
125
125
125
125
125
125
125
125
125
126
124
125
125
126
125
126
126
126
126
125
125
126
126
125
125
126
126
126
125
125
125
126
125
125
125
126
125
126
126
126
126
126
126
126
126
126
126
126
126
126
126
126
126
126
126
126
126
125
126
126
126
126
125
126
126
126
126
126
126
126
126
126
126
126
125
126
125
126
126
126
125
126
126
126
126
126
125
125
126
125
125
125
126
125
126
125
126
126
125
126
125
125
125
126
125
125
125
125
126
125
125
126
125
125
125
125
125
126
126
126
126
126
125
126
125
126
126
125
125
125
126
125
125
125
126
126
126
125
125
126
125
125
126
125
125
125
125
126
126
125
126
126
126
126
126
126
125
126
126
126
126
125
125
125
126
126
126
126
126
126
125
126
126
125
125
126
125
125
126
125
125
125
126
126
126
125
126
126
126
126
126
126
125
125
126
126
125
126
126
126
126
126
126
126
126
126
125
125
125
126
125
125
126
126
125
125
126
126
126
126
126
125
126
126
126
126
125
126
125
125
125
125
125
125
125
125
126
125
125
125
125
125
125
125
125
125
126
125
126
125
126
125
125
125
126
125
125
126
125
126
126
126
125
125
125
125
125
125
125
125
125
125
125
125
125
125
125
125
126
125
125
125
125
125
125
125
125
125
125
125
125
125
125
125
125
125
125
125
125
125
125
125
126
124
125
125
125
126
126
126
126
125
125
125
125
125
126
126
125
125
126
126
126
126
125
125
125
126
126
125
126
126
125
126
125
124
125
126
125
126
126
126
126
126
126
126
126
126
126
126
126
126
126
126
126
126
126
126
126
126
126
126
126
126
126
126
126
126
125
125
125
126
126
125
126
126
126
126
126
125
126
125
125
125
125
126
126
126
126
126
126
126
126
126
125
125
125
125
126
126
125
125
125
126
126
126
126
125
125
126
126
125
125
125
125
125
125
126
125
125
125
126
126
126
126
126
125
126
126
126
125
125
125
125
126
126
126
126
126
126
126
126
125
126
125
125
126
125
125
125
125
125
126
126
126
125
126
126
126
126
126
125
125
125
125
125
126
125
126
126
126
126
125
125
126
126
126
126
125
125
125
126
126
126
126
126
126
125
126
126
126
126
125
126
125
126
126
126
126
126
126
125
126
126
126
126
126
126
125
126
126
126
125
126
126
126
126
127
126
126
126
125
125
125
125
125
126
126
125
125
125
125
126
125
125
125
125
126
126
125
125
125
125
125
126
126
125
126
126
125
125
125
126
126
125
125
125
126
126
126
125
125
125
125
125
125
125
125
125
125
126
125
125
125
125
125
125
125
125
126
125
125
125
125
125
125
125
125
126
125
125
125
125
125
125
125
125
125
125
125
126
125
126
125
126
125
125
126
125
125
125
125
125
125
125
125
125
125
125
125
125
125
125
125
126
126
125
125
125
126
127
125
124
125
125
125
126
126
126
125
125
126
126
126
126
126
126
126
126
126
125
125
125
125
125
125
125
125
125
126
126
126
126
126
126
126
126
125
124
125
125
126
126
127
126
127
126
126
126
126
126
126
126
126
125
125
126
126
125
126
126
126
126
126
126
126
126
125
124
125
126
126
126
126
126
126
126
126
126
125
126
126
126
125
126
126
125
125
126
126
126
126
126
126
126
125
125
125
125
126
126
125
125
126
126
126
126
126
125
126
126
126
125
125
126
126
125
125
126
125
126
126
126
125
126
126
126
125
126
125
125
125
126
125
125
126
126
125
125
126
126
126
126
126
125
125
126
126
125
126
126
126
125
126
126
125
125
126
126
125
126
126
126
125
126
126
125
125
126
126
125
126
127
126
125
126
126
126
125
126
126
126
125
125
126
125
125
126
126
126
125
126
126
125
126
126
126
125
126
126
125
125
126
126
126
125
125
126
125
125
126
126
126
125
125
127
127
126
126
125
124
124
126
126
125
125
126
126
126
125
126
125
125
126
126
126
126
126
127
127
126
125
125
126
125
125
126
126
124
124
126
127
126
126
125
126
125
125
125
125
127
126
125
125
125
124
124
125
125
126
126
126
126
125
126
126
125
125
125
125
125
125
125
126
126
126
126
126
126
125
125
125
125
125
125
125
125
125
126
126
125
125
126
125
125
125
125
125
125
125
126
125
125
125
125
125
125
125
126
126
125
125
125
126
125
125
125
125
125
126
126
125
125
125
125
125
125
125
125
125
125
125
125
125
125
126
125
125
125
125
125
125
125
125
125
125
126
125
125
125
125
125
125
125
125
125
125
125
125
125
125
126
125
125
125
125
125
125
125
125
126
126
126
125
125
125
125
125
125
125
125
126
126
125
124
125
125
125
125
126
127
128
127
124
123
125
127
128
125
124
123
124
125
125
124
123
124
126
127
125
124
125
127
127
126
125
125
126
127
127
125
124
125
126
126
124
123
124
125
127
128
127
125
126
127
125
122
123
126
126
125
125
124
125
126
127
126
124
124
125
126
127
126
126
126
125
125
125
125
124
124
124
126
126
125
125
125
125
126
125
125
125
125
125
126
127
127
125
125
126
127
126
125
124
124
124
124
124
124
123
123
122
122
124
126
128
129
129
127
125
125
129
128
117
125
125
124
125
125
125
125
125
124
124
126
128
129
127
127
127
128
127
126
125
124
123
123
125
125
113
119
124
126
127
131
131
130
129
128
127
127
124
121
124
129
128
124
123
126
127
127
126
122
120
120
125
133
132
126
125
131
134
134
133
130
126
119
117
120
121
122
118
120
130
132
126
122
125
132
133
126
118
123
133
132
124
121
120
118
121
131
139
130
123
133
141
118
95
116
147
136
113
117
130
130
128
128
123
120
126
128
124
124
126
122
120
127
135
134
125
112
114
136
141
126
118
126
132
124
113
117
132
138
130
121
120
123
126
128
126
124
123
124
126
126
123
124
132
136
126
113
119
133
134
125
123
125
128
130
126
117
117
128
135
131
123
123
128
129
126
127
132
128
117
118
126
126
119
111
104
117
146
146
119
116
137
138
122
116
122
136
145
141
129
130
139
125
84
82
136
160
127
106
117
128
132
137
132
110
106
130
145
134
125
132
139
131
124
117
122
125
122
115
116
124
130
131
126
119
121
128
132
125
117
118
125
130
131
129
127
127
129
129
124
122
126
127
126
126
127
126
126
133
128
125
125
125
123
121
120
124
126
125
124
123
122
124
129
131
128
125
125
126
126
123
121
123
125
129
128
123
120
123
127
127
124
125
127
126
125
126
125
123
126
129
128
126
126
127
125
126
128
128
127
125
122
121
123
124
123
122
123
126
127
128
125
124
124
125
127
129
127
124
125
125
123
124
127
128
124
127
142
93
125
125
128
128
128
130
129
127
125
125
123
122
122
126
130
128
122
121
124
127
127
125
123
125
128
131
127
123
124
124
127
129
128
126
119
69
126
129
127
127
131
133
132
129
128
128
130
129
125
124
129
130
127
125
126
128
132
130
125
123
127
129
129
130
124
113
120
125
129
132
131
126
126
125
125
130
132
131
127
123
122
125
127
128
125
124
125
126
127
127
125
123
126
127
128
124
122
125
128
125
123
123
125
126
122
125
128
126
122
125
131
131
126
125
127
127
90
126
126
126
126
126
126
126
126
126
126
126
126
126
126
126
126
126
126
126
126
125
125
126
126
126
126
126
125
125
126
125
125
125
125
125
125
125
125
125
125
125
126
125
125
126
126
126
126
126
126
126
125
126
125
126
125
125
125
125
126
125
125
125
126
126
126
126
126
126
126
125
125
125
126
125
125
125
126
125
126
126
125
125
126
125
126
126
126
125
125
125
125
125
125
125
125
125
125
125
125
126
125
125
125
125
125
125
125
125
125
125
125
125
125
125
126
125
126
125
125
125
125
125
125
125
125
125
125
125
125
125
125
125
125
125
125
125
125
125
125
125
126
125
126
126
126
126
126
126
126
126
126
126
126
126
126
126
126
126
126
126
126
126
126
126
126
126
126
126
126
126
125
125
126
126
125
125
125
126
126
125
126
126
125
126
126
126
126
126
126
126
126
126
126
126
125
126
126
126
126
126
126
126
126
125
126
126
126
126
125
126
126
125
125
126
125
126
125
126
126
125
125
125
125
125
126
126
126
125
125
126
125
125
126
125
125
125
125
125
125
125
126
126
125
125
126
125
125
125
125
125
125
125
125
126
125
125
125
126
126
125
125
125
126
125
125
125
125
126
125
125
125
126
126
125
125
125
125
125
125
125
125
125
125
125
126
125
126
125
126
125
126
125
126
126
125
125
125
125
125
125
125
126
125
126
125
126
126
125
126
125
125
125
125
125
125
125
125
125
126
126
125
126
125
125
125
125
125
125
125
125
125
125
125
125
125
125
126
126
126
126
126
126
126
125
125
125
125
125
125
125
126
125
125
