125
130
127
125
140
139
84
125
125
125
125
125
125
125
125
125
125
125
125
125
125
125
125
125
125
125
125
125
125
125
125
125
125
125
125
125
125
125
125
125
125
125
125
125
125
125
125
125
125
125
125
125
125
125
125
125
125
125
125
125
125
125
125
125
125
125
125
125
125
125
125
125
125
125
125
125
125
125
125
125
125
125
125
125
125
125
125
125
125
125
125
125
125
125
125
125
125
125
125
125
125
125
125
125
125
125
125
125
125
125
125
125
125
125
125
125
125
125
125
125
125
125
125
125
125
125
125
125
125
125
125
125
125
125
125
125
125
125
125
126
125
125
125
126
126
125
126
126
125
126
126
126
126
125
126
126
126
126
126
126
126
125
125
125
126
125
126
125
126
125
125
125
126
126
125
126
126
125
126
126
126
125
126
126
125
125
125
125
126
126
125
125
126
125
125
126
125
126
125
126
126
125
125
126
125
126
125
125
125
125
125
125
125
126
125
125
125
126
125
125
125
125
125
125
125
125
125
125
125
125
125
125
125
125
125
125
125
125
125
126
126
125
125
125
125
125
125
125
125
125
125
125
125
125
125
125
125
125
125
125
125
125
125
125
125
125
125
126
125
125
126
125
125
125
125
125
125
125
125
126
125
125
125
125
125
125
125
125
125
125
125
125
125
125
125
125
125
125
125
125
125
125
125
125
125
125
125
125
125
125
125
126
125
125
125
125
125
125
125
126
125
125
125
125
125
125
125
125
125
125
125
125
125
125
125
125
125
125
125
125
125
125
125
125
125
125
125
125
125
125
125
125
125
125
125
125
125
126
126
125
125
125
125
125
125
125
125
125
125
125
125
125
125
125
125
125
125
125
125
125
125
125
125
125
125
125
125
125
125
125
125
125
125
125
125
125
125
125
125
125
125
125
125
125
125
125
125
125
125
125
125
125
125
125
125
125
125
125
125
125
125
125
125
125
125
125
125
125
125
125
125
125
125
125
125
125
125
125
125
125
125
125
125
125
125
125
125
125
125
125
125
125
125
125
125
125
125
125
125
125
125
125
125
125
125
125
125
125
125
125
125
125
125
125
125
125
125
125
125
125
125
125
125
125
125
125
125
125
125
125
125
125
125
125
125
125
125
125
125
125
125
125
125
125
125
125
125
125
125
125
125
125
125
125
125
125
125
125
125
125
125
125
125
125
125
125
125
125
125
125
125
125
125
125
125
125
125
125
125
125
125
125
125
125
125
125
125
125
125
125
125
125
125
125
125
125
125
125
125
125
125
125
125
125
125
125
125
125
125
125
125
125
125
125
125
125
125
125
125
125
125
125
125
125
125
125
125
125
125
125
125
125
125
125
125
125
125
125
125
125
125
125
125
125
125
125
126
125
125
125
125
125
125
126
126
124
124
125
126
126
125
125
125
126
126
125
125
126
127
126
125
125
126
126
125
125
126
126
126
126
126
126
125
126
126
126
125
125
126
126
126
124
125
126
126
125
125
126
126
126
126
125
125
126
127
126
125
125
126
126
127
126
126
126
126
126
126
126
125
126
126
125
125
125
125
126
126
125
126
126
126
126
126
126
126
125
126
125
125
125
126
126
125
125
125
125
126
125
125
125
126
126
125
125
126
126
125
125
125
125
125
126
126
125
126
126
125
125
126
126
125
126
126
125
125
126
125
125
126
125
125
126
126
125
125
126
126
125
125
125
125
125
126
125
125
126
126
125
126
126
125
125
126
126
125
125
126
126
125
125
125
125
125
125
125
125
125
126
125
125
125
125
125
125
126
125
125
126
126
126
125
125
125
126
126
125
125
126
126
125
125
126
126
125
125
126
125
125
125
125
125
125
125
126
125
125
126
126
125
126
126
125
125
126
126
125
125
126
126
126
126
126
127
126
125
126
125
125
125
125
125
125
125
125
125
125
125
125
125
125
125
125
126
126
125
125
125
125
125
125
125
125
125
125
125
125
125
125
125
125
125
125
125
125
125
125
126
125
125
125
125
125
125
125
125
125
125
126
126
125
125
125
125
126
125
125
125
125
125
125
125
125
125
125
125
125
125
125
125
126
125
125
125
126
126
125
125
125
125
125
125
125
125
125
125
125
125
126
125
125
125
125
125
126
125
125
125
125
125
125
125
125
125
125
125
125
125
125
125
125
125
125
125
125
125
126
125
125
125
125
125
125
125
125
125
125
126
125
126
125
125
125
125
125
125
125
125
125
125
125
126
124
123
126
125
125
126
126
126
126
126
126
125
126
126
125
125
125
126
126
126
125
126
126
126
126
126
125
126
126
126
126
126
126
126
125
125
126
126
126
126
126
126
126
126
126
126
126
126
126
125
126
125
125
126
126
126
126
126
126
126
126
126
126
126
126
125
125
123
125
125
125
126
127
126
126
126
126
126
125
125
125
125
126
125
125
125
126
126
125
126
125
125
125
125
125
125
126
126
125
125
125
126
125
125
125
126
126
125
125
125
125
125
125
125
125
125
125
125
126
125
125
126
126
126
126
125
125
125
125
125
125
125
125
125
125
125
126
126
126
125
124
124
125
127
126
126
126
125
124
126
126
126
125
123
123
126
129
128
124
125
125
123
124
126
127
126
123
123
125
127
127
127
127
125
122
124
127
126
123
123
126
129
129
125
123
125
127
125
122
122
125
128
128
127
123
124
126
127
123
121
124
127
129
129
127
125
124
124
124
125
125
123
125
129
128
124
124
132
128
123
122
126
126
120
117
123
129
124
121
127
132
135
134
131
126
122
118
114
112
115
118
119
122
129
137
144
143
141
141
138
128
119
112
108
104
101
103
108
117
128
137
143
147
149
147
142
135
127
118
110
108
110
112
114
118
124
125
126
132
136
135
133
131
128
123
120
127
130
126
120
120
124
124
124
124
121
119
125
129
128
125
126
127
127
131
136
131
122
118
120
123
121
116
116
120
125
129
131
129
127
129
133
132
124
122
123
124
125
125
124
124
124
123
123
126
131
132
125
117
121
134
136
124
117
121
124
126
128
122
117
123
128
124
125
133
131
128
129
122
114
121
131
124
121
128
125
118
132
141
124
118
131
121
105
127
145
119
116
150
139
97
115
149
119
101
145
144
90
111
173
136
86
139
166
85
72
164
165
84
103
177
149
55
113
187
132
82
135
159
95
78
149
174
116
108
154
133
79
112
168
144
96
116
144
117
85
107
145
151
141
154
164
121
67
84
136
153
139
125
105
92
109
157
179
138
79
85
140
169
149
112
102
115
130
135
130
129
129
113
103
132
151
125
100
117
138
137
135
142
122
111
106
116
127
142
143
124
104
108
128
142
140
131
122
118
121
127
133
135
130
124
120
117
118
125
129
126
124
123
123
123
126
131
131
125
120
125
132
133
125
120
122
126
125
124
123
120
122
126
132
133
128
124
123
124
125
124
124
128
130
126
121
121
126
128
126
122
122
124
127
127
127
127
124
126
130
129
127
124
124
127
128
125
121
120
124
128
127
126
124
121
123
127
130
126
121
121
125
130
130
127
124
124
125
124
123
126
130
134
131
125
122
123
127
130
126
122
119
122
125
124
124
127
127
126
124
122
121
122
126
130
129
127
124
122
125
131
130
124
121
123
125
126
127
123
120
125
131
135
134
125
124
127
124
123
125
123
118
119
127
135
133
123
117
120
127
129
126
123
121
124
131
133
127
120
118
124
129
127
124
123
124
128
131
133
129
122
121
123
120
120
123
130
135
132
122
117
122
130
130
126
122
120
122
127
132
130
119
113
123
136
133
124
118
119
123
129
132
131
121
117
123
131
132
128
124
119
117
123
131
130
125
127
129
128
124
121
119
120
127
130
126
122
126
133
85
125
125
125
126
125
125
125
125
125
125
125
125
125
125
125
125
125
125
125
125
125
125
125
125
125
125
125
125
125
125
125
125
125
125
125
125
125
125
125
125
125
125
125
125
125
125
125
125
125
125
125
125
125
125
125
125
125
125
125
125
125
125
125
125
125
125
125
125
125
125
125
125
125
124
125
125
125
125
125
125
125
125
125
125
125
125
125
125
125
125
125
125
125
125
125
125
125
125
125
125
125
125
125
125
125
125
125
125
125
125
125
125
125
125
125
125
125
125
125
125
125
125
125
125
125
125
125
125
125
125
125
125
125
125
125
125
125
125
125
125
125
125
125
125
125
125
125
125
125
125
125
125
125
125
125
125
125
125
125
125
125
125
125
125
125
125
125
125
125
125
125
125
125
125
125
125
125
125
125
125
125
125
125
125
125
125
125
125
125
125
125
125
125
125
125
125
125
125
125
125
125
125
125
125
125
125
125
125
125
125
125
125
125
125
125
125
125
125
125
125
125
125
125
125
125
125
125
125
125
125
125
125
125
125
125
125
125
125
125
125
125
125
125
125
125
125
125
125
125
125
125
125
125
125
125
125
125
125
125
125
125
125
125
125
125
125
125
125
125
125
125
125
125
125
125
125
125
125
125
125
125
125
125
125
125
125
125
125
126
125
125
125
125
125
125
126
126
125
125
125
125
125
125
125
125
125
125
125
125
125
125
125
125
125
125
125
125
125
125
125
125
125
125
125
125
125
125
125
125
125
125
125
125
125
125
125
125
125
125
125
125
125
125
125
125
125
125
125
125
125
125
125
125
112
