128
123
119
124
130
130
89
125
125
125
125
125
125
125
125
125
125
126
125
125
125
125
125
125
125
125
125
125
125
125
125
125
125
125
125
125
125
125
125
125
125
125
125
125
125
125
125
125
125
125
125
125
125
125
125
125
125
125
125
125
125
125
125
126
126
125
125
125
125
125
125
126
125
125
125
125
125
125
125
125
125
125
125
125
125
125
125
125
125
125
125
125
125
125
125
125
125
125
125
125
125
126
126
125
125
125
125
125
125
125
125
125
125
125
125
125
125
125
125
125
125
125
125
125
125
125
125
125
125
125
125
125
125
125
125
125
125
125
125
125
125
125
125
125
125
125
125
125
125
125
125
125
125
125
125
126
125
125
125
125
125
125
125
125
125
125
125
125
125
125
125
125
125
125
125
125
125
125
125
125
125
125
125
125
125
125
125
125
125
125
125
125
125
125
125
125
125
125
125
125
125
125
125
125
125
125
125
125
125
125
125
125
125
125
125
126
125
125
125
125
125
125
125
125
125
125
125
125
125
125
125
125
125
125
125
125
125
125
125
125
125
125
125
125
125
125
125
125
125
125
125
125
125
125
125
125
125
125
125
125
125
125
125
125
125
125
125
125
125
125
125
125
125
125
125
125
125
125
125
125
126
124
125
126
126
126
126
126
126
126
126
125
126
126
126
126
126
126
126
126
126
126
126
126
126
126
126
126
126
126
126
126
126
126
126
126
126
126
126
126
125
126
126
126
126
126
126
126
126
126
126
126
126
126
126
125
126
126
126
126
126
126
126
126
126
126
126
125
125
125
126
125
126
126
125
126
126
126
125
125
125
125
126
126
125
125
126
125
126
125
126
125
126
125
125
125
125
125
125
126
125
126
126
125
125
125
126
125
125
125
125
125
125
125
125
125
125
125
125
125
125
125
126
125
125
125
125
125
125
125
125
126
125
125
125
125
125
125
126
125
125
125
125
125
126
126
125
126
125
125
125
126
126
125
125
125
125
125
125
125
125
125
125
126
125
125
125
125
125
125
125
125
125
125
125
125
125
125
125
125
125
125
125
125
124
125
125
126
126
126
126
126
126
125
126
125
125
126
126
125
125
125
126
126
125
125
125
125
125
125
126
125
125
125
125
126
126
125
125
125
125
125
125
125
125
125
125
125
125
125
125
125
125
125
125
125
125
125
125
125
125
125
125
125
125
125
125
125
126
126
125
125
125
125
125
125
125
125
125
125
125
125
125
125
125
125
125
125
125
125
125
125
125
125
125
125
126
125
125
125
125
125
125
125
125
125
125
125
125
125
125
125
125
125
125
125
125
125
125
125
125
125
125
125
125
125
125
125
125
126
126
125
126
125
125
125
125
125
125
125
125
125
125
125
125
125
125
125
126
126
126
125
125
125
125
126
125
125
125
125
126
126
125
125
126
125
126
126
126
125
125
125
125
125
125
125
125
125
125
126
125
125
126
126
125
125
125
125
125
125
125
125
126
125
125
125
125
126
126
125
125
125
125
125
125
125
125
125
125
125
125
125
125
125
125
125
126
125
125
125
125
126
126
125
125
125
125
127
126
124
125
126
125
125
125
125
125
125
125
125
125
125
125
125
125
125
125
125
125
125
125
125
125
125
125
125
125
125
125
126
125
125
125
125
125
125
125
125
125
126
126
125
125
125
125
125
125
125
126
125
126
125
125
125
125
125
125
125
125
125
126
125
125
125
126
125
126
126
125
125
125
126
127
125
125
125
125
125
125
125
125
125
125
125
125
125
125
125
125
125
125
125
125
125
125
125
125
125
125
125
125
125
125
125
125
126
125
125
125
125
125
125
125
127
123
125
125
126
126
126
126
126
126
126
126
125
125
125
125
125
126
126
125
125
125
125
125
125
126
125
125
126
126
126
126
126
126
125
125
126
125
125
126
125
125
125
126
126
126
126
126
126
125
125
126
125
125
126
126
125
125
126
126
126
125
126
125
125
126
126
124
125
125
126
125
126
126
126
126
126
126
125
125
126
126
125
125
125
125
125
126
126
125
126
126
125
125
125
125
125
125
126
125
124
125
126
125
125
126
126
124
125
126
126
125
125
126
125
125
125
125
125
125
126
126
125
125
126
126
125
125
126
126
125
125
126
126
124
125
126
126
125
125
126
126
125
125
126
126
125
125
125
125
125
125
125
125
125
126
126
126
125
125
126
126
126
126
126
125
125
125
126
125
125
126
126
125
125
125
126
126
124
125
126
125
125
125
126
126
125
125
125
125
125
125
126
126
125
125
126
126
125
125
125
126
125
126
125
125
125
125
126
127
125
125
125
126
126
126
126
125
126
125
124
124
124
125
125
125
125
125
125
125
125
126
125
125
126
126
125
125
125
125
125
125
125
126
126
125
125
125
126
125
125
125
125
125
125
125
125
125
125
125
125
125
125
125
125
125
126
126
126
126
125
125
125
125
125
125
124
125
125
125
125
125
125
126
126
126
125
125
125
125
125
125
125
125
125
125
125
125
125
125
125
128
119
123
124
126
126
127
127
126
126
125
125
125
124
126
126
125
125
126
126
126
125
125
126
126
126
125
125
125
126
126
125
126
127
128
129
126
123
122
126
129
128
125
123
124
126
126
124
123
123
125
127
126
125
126
127
127
126
125
126
127
127
126
125
125
127
126
122
121
122
126
126
128
128
127
128
128
125
122
124
126
126
124
124
124
125
127
127
125
124
124
126
127
127
126
126
126
126
125
125
125
124
124
124
125
126
125
124
125
125
125
125
124
125
125
127
127
126
126
126
126
126
126
125
125
125
125
125
124
124
125
125
125
125
125
124
125
126
128
129
127
126
124
124
125
126
126
125
123
123
125
126
126
125
125
126
126
126
124
124
125
126
125
127
129
127
124
123
125
127
126
124
124
124
127
128
125
120
121
127
130
127
122
121
125
126
124
123
126
129
131
129
124
123
126
128
127
125
124
123
121
123
128
127
125
123
122
122
125
130
128
122
122
128
131
132
130
125
124
123
122
124
122
119
120
124
127
127
127
128
127
125
124
125
125
123
121
125
134
135
124
109
112
140
151
122
95
115
142
141
128
121
122
126
126
120
120
126
125
121
124
132
132
125
121
123
127
128
124
123
126
126
123
124
125
127
134
133
116
110
127
137
128
123
125
100
127
124
122
124
130
137
137
128
117
118
128
128
122
124
130
127
119
122
130
133
129
125
125
130
132
127
122
121
97
118
122
129
133
122
105
104
127
152
147
128
123
129
124
125
141
144
127
114
121
136
143
130
102
86
107
149
155
120
102
125
147
141
125
121
122
120
124
123
121
126
133
131
126
125
132
137
127
109
110
130
143
133
117
113
121
132
132
125
122
125
122
119
127
134
132
128
124
117
114
126
139
134
124
120
121
125
131
133
127
119
120
125
128
129
129
124
117
116
122
130
130
124
123
126
130
129
124
123
125
126
125
124
125
130
129
123
121
126
129
127
123
126
128
123
119
122
129
130
125
119
114
117
128
136
138
130
120
121
133
137
127
120
123
125
122
121
124
124
126
127
124
120
127
138
139
129
119
118
119
123
126
126
125
125
127
131
129
126
126
126
126
124
121
121
123
122
121
123
128
130
129
125
122
122
128
133
129
122
122
126
129
128
124
132
126
128
129
126
120
121
124
126
125
125
123
122
124
126
126
123
124
128
128
125
124
126
128
129
129
125
122
121
125
128
137
110
91
133
129
129
131
138
131
127
128
123
119
121
124
126
127
125
125
126
127
126
122
122
128
131
128
124
124
126
128
126
124
124
126
126
124
125
128
128
126
125
128
129
128
126
125
126
126
125
127
129
126
122
123
126
126
125
123
125
127
127
90
125
125
125
125
125
125
125
125
125
125
125
125
125
125
125
125
125
125
125
125
125
125
125
125
125
125
125
125
125
125
125
125
125
125
125
125
125
125
125
125
125
125
125
125
125
125
125
125
125
125
125
125
125
125
125
125
125
125
125
125
125
125
125
125
125
125
125
125
125
125
125
125
125
125
125
125
125
125
125
125
125
125
125
125
125
125
125
125
125
125
125
125
125
125
125
125
125
125
125
125
125
125
125
125
125
125
125
125
125
125
125
125
125
125
125
125
125
125
125
125
125
125
125
125
125
125
125
125
125
125
125
125
125
125
125
125
125
125
125
125
125
125
125
125
125
125
125
125
125
125
125
125
125
125
125
125
125
125
125
125
125
125
125
125
125
125
125
125
125
125
125
125
125
125
125
125
125
125
125
125
125
125
125
125
125
125
125
125
125
125
125
125
125
125
125
125
125
125
125
125
125
125
125
125
125
125
125
125
125
125
125
125
125
125
125
125
125
125
125
125
125
125
125
125
125
125
125
125
125
125
125
125
125
125
125
125
125
125
125
125
125
125
125
125
125
125
125
125
125
125
125
125
125
125
125
125
125
125
125
125
125
125
125
125
125
125
125
125
125
125
125
125
125
125
125
125
125
125
125
125
125
125
125
125
125
125
125
125
125
125
125
125
125
125
125
125
125
125
125
125
125
125
125
125
125
125
125
125
125
125
125
125
125
125
125
125
125
125
125
125
125
125
125
125
125
125
125
125
125
125
125
125
125
125
125
125
125
125
125
125
125
125
125
125
125
125
125
125
125
125
125
125
125
125
