126
125
123
122
123
123
36
125
125
125
125
125
125
125
125
125
125
125
125
125
125
125
125
125
125
125
125
125
125
125
125
125
125
125
125
125
125
125
125
125
125
125
125
125
125
125
125
125
125
125
125
125
125
125
125
125
125
125
125
125
125
125
125
125
125
125
125
125
125
125
125
125
125
125
125
125
125
125
125
125
125
125
125
125
125
125
125
125
125
125
125
125
125
125
125
125
125
125
125
125
125
125
125
125
125
125
125
125
125
125
125
125
125
125
125
125
125
125
125
125
125
125
125
125
125
125
125
125
125
125
125
125
125
125
125
125
125
125
125
125
125
125
125
125
125
125
125
125
125
125
125
125
125
125
125
125
125
125
125
125
125
125
125
125
125
125
125
125
125
125
125
125
125
125
125
125
125
125
125
125
125
125
125
125
125
125
125
125
125
125
125
125
125
126
125
125
125
125
125
125
126
125
126
125
126
126
125
126
125
125
125
125
125
126
125
126
125
125
125
125
125
125
125
125
125
125
125
125
125
125
125
126
125
126
125
125
125
125
125
125
125
125
125
125
125
126
125
126
125
125
125
125
125
126
125
125
125
125
125
126
125
125
126
125
125
125
125
125
125
125
125
125
125
125
125
125
125
125
125
125
125
125
125
125
125
125
126
125
125
125
125
125
125
125
125
125
125
125
125
125
125
125
125
125
125
125
125
125
125
125
125
125
125
125
125
125
125
125
125
125
125
125
125
125
125
125
125
125
125
125
125
125
125
125
125
125
125
125
125
125
125
125
125
125
125
125
125
125
125
125
125
125
125
125
125
125
125
125
125
125
125
125
125
125
125
125
125
125
125
125
125
125
125
125
125
125
125
125
126
125
125
125
125
125
125
126
125
125
125
125
125
125
125
125
125
125
125
125
125
125
125
125
125
125
126
126
125
125
125
125
125
125
125
125
125
125
125
125
125
125
125
125
125
125
125
125
125
125
125
125
125
125
125
125
125
126
126
125
125
125
125
125
125
125
125
126
126
125
125
125
126
125
125
125
125
125
125
125
125
125
125
125
125
125
125
125
125
125
125
125
126
125
125
125
125
125
125
125
124
125
125
126
126
125
125
125
125
125
125
125
125
125
125
125
125
125
125
125
125
125
125
125
125
125
125
125
126
126
125
125
125
125
125
126
125
125
125
125
125
125
125
125
125
125
125
125
125
125
125
125
125
125
125
125
125
125
125
125
125
125
125
125
125
126
125
125
125
125
125
125
125
124
125
126
126
126
127
127
126
124
125
125
122
120
120
122
122
125
131
137
134
127
127
127
120
118
127
134
124
91
71
120
215
220
98
22
92
179
180
120
83
83
60
70
221
255
137
63
132
255
21
14
255
255
156
252
251
255
255
140
155
77
255
255
153
55
6
214
255
90
24
108
146
102
99
150
162
125
113
134
138
112
89
97
128
145
131
109
109
132
146
137
118
109
114
127
134
127
113
115
133
143
129
111
110
127
141
129
107
111
136
145
126
110
116
130
135
132
127
123
121
123
122
119
119
124
131
136
134
126
118
120
128
132
127
121
124
126
122
120
124
126
123
123
129
131
129
128
129
126
120
120
125
127
125
124
126
127
127
126
126
128
127
123
121
122
123
125
128
130
129
127
125
123
124
125
125
124
125
126
126
125
125
126
127
128
124
123
124
127
128
127
125
124
125
127
128
127
126
124
123
123
124
125
126
125
125
125
126
127
126
124
125
127
127
127
127
125
124
125
126
126
126
126
126
126
125
125
125
125
124
124
125
125
126
127
128
128
127
126
125
125
124
124
124
125
126
127
127
127
126
126
124
125
125
125
125
126
126
125
126
126
125
125
125
125
125
125
126
126
126
126
125
125
125
125
125
125
125
125
125
125
125
125
125
126
126
125
125
125
125
125
125
125
125
125
126
126
125
125
125
125
125
125
125
125
125
126
126
125
125
125
125
125
125
125
125
126
126
125
125
126
126
125
125
125
125
125
125
125
125
125
125
125
125
125
126
126
126
125
124
124
125
126
126
126
125
125
126
126
125
126
126
125
125
126
126
125
125
125
126
126
126
125
124
125
126
126
125
125
125
125
125
125
125
126
125
124
125
126
126
125
125
126
126
126
125
125
125
126
125
125
125
125
125
125
125
125
125
125
125
126
128
127
125
125
126
125
125
125
124
125
126
126
125
125
125
125
125
126
125
124
125
126
126
126
125
125
125
125
125
125
125
125
125
125
125
125
125
125
125
125
125
125
125
125
124
125
125
126
125
125
125
125
125
126
126
125
125
125
125
125
125
125
125
125
125
125
125
124
125
125
126
125
125
125
125
125
125
125
125
125
125
125
125
125
126
126
125
125
125
125
125
126
125
125
125
125
125
125
125
125
125
125
125
125
125
125
125
125
125
125
125
125
125
125
125
125
125
125
125
125
125
125
125
125
125
125
125
125
125
125
125
125
125
125
125
125
125
125
125
125
125
125
125
125
125
125
125
125
125
124
125
125
124
125
125
126
126
126
126
125
125
125
125
125
125
125
125
125
125
125
125
125
125
125
125
125
125
125
125
125
125
125
125
125
125
125
125
125
125
125
125
125
125
125
125
125
125
126
125
125
125
125
125
125
125
126
124
125
125
125
125
125
125
125
125
125
125
125
125
125
125
125
125
125
125
125
125
125
125
125
125
125
125
125
125
125
125
125
125
125
125
125
125
125
125
125
125
125
125
125
125
125
126
125
125
125
125
125
125
125
125
125
125
125
125
125
125
125
125
125
125
125
125
125
126
125
125
125
125
125
125
125
125
125
125
125
125
125
125
125
125
125
125
125
125
125
125
125
125
125
125
125
125
125
125
125
125
125
125
125
125
125
125
125
125
125
125
125
125
125
125
125
125
125
125
125
125
125
125
125
125
136
122
122
126
125
125
126
126
126
126
125
125
125
125
125
125
125
126
125
125
125
126
125
125
125
125
126
126
126
124
125
127
128
126
123
123
126
127
126
126
125
125
126
126
126
124
124
126
127
125
125
124
125
126
127
126
126
126
127
126
125
125
125
125
126
125
125
125
118
123
124
125
127
128
127
128
127
127
127
127
127
126
125
125
125
126
126
125
124
124
125
126
125
125
125
125
126
126
125
125
124
125
126
125
124
124
125
126
126
126
125
127
127
126
125
124
125
125
125
124
124
125
126
125
124
125
125
126
126
126
126
126
126
125
124
125
126
125
125
124
125
126
126
125
125
125
126
126
126
125
125
124
125
126
126
125
125
126
125
125
125
126
126
126
126
125
125
124
126
126
126
125
124
125
126
125
124
124
125
126
126
126
126
126
125
126
126
126
126
126
125
125
125
125
125
125
125
125
126
126
126
125
126
125
125
125
126
126
125
124
125
126
126
125
126
126
125
128
131
126
125
125
124
123
124
124
124
125
125
125
125
125
125
125
126
126
126
126
126
126
126
125
124
125
125
125
125
125
126
125
125
126
126
125
125
125
125
126
126
126
125
124
125
125
125
124
124
126
125
125
126
125
125
125
126
126
125
125
124
125
124
125
124
125
126
125
126
125
125
126
126
125
125
125
126
125
124
125
125
125
125
125
126
125
125
125
126
125
126
126
126
126
126
125
126
126
126
125
124
125
124
124
125
125
125
125
125
125
126
125
125
125
125
126
125
125
126
124
125
125
125
125
125
126
126
125
125
125
126
126
126
125
126
125
125
125
125
125
125
125
125
125
124
125
126
125
126
126
126
126
125
124
125
133
126
122
119
122
123
124
126
126
127
126
127
126
125
124
125
124
124
125
124
126
125
125
126
126
125
126
126
126
161
92
118
124
125
125
128
128
127
127
126
37
125
125
125
125
125
125
125
125
125
125
125
125
125
126
125
125
125
125
125
125
125
125
125
125
125
125
125
125
125
125
125
125
125
125
125
125
125
125
125
125
125
125
125
125
125
125
125
125
125
125
125
125
125
125
125
125
125
125
125
125
125
125
125
125
125
125
125
125
125
126
125
125
125
125
125
125
125
125
125
125
125
125
125
125
125
125
125
126
125
125
125
125
125
126
125
125
125
125
125
125
125
125
125
125
125
126
125
125
125
125
125
125
125
125
125
125
125
126
126
125
125
125
125
125
125
125
125
125
125
125
125
125
125
125
125
125
125
125
125
125
125
125
125
125
125
125
125
125
125
125
125
125
125
125
125
125
125
125
125
125
125
125
125
125
125
125
125
125
125
125
125
125
125
125
125
125
125
125
125
125
125
125
125
125
125
125
125
125
125
125
125
126
126
126
126
125
125
125
125
125
125
125
125
125
125
125
125
125
125
125
125
125
125
125
125
125
125
125
125
125
125
125
125
125
125
125
125
125
125
125
125
125
125
125
125
125
125
125
125
125
125
125
125
125
125
125
125
125
125
125
125
125
125
125
125
125
125
125
125
125
125
125
125
125
125
126
125
125
125
125
125
125
125
125
125
125
125
125
125
125
126
125
125
125
125
125
125
125
125
126
125
125
125
126
125
125
125
125
125
125
125
125
125
125
125
125
125
125
125
125
125
125
125
125
125
125
125
126
125
125
125
125
125
125
125
125
125
125
125
125
125
125
125
125
125
125
125
125
125
125
125
125
125
125
125
125
125
125
125
125
125
125
125
126
