127
125
125
124
124
124
53
125
126
125
125
125
125
125
125
125
125
126
125
125
126
126
126
126
126
126
126
126
126
126
126
126
126
126
126
126
126
125
126
126
125
126
126
126
126
125
126
126
126
125
126
126
126
126
125
126
126
125
126
126
126
126
126
125
125
125
126
125
126
126
126
125
126
126
125
125
125
125
125
125
125
125
125
125
125
125
126
125
125
125
126
126
125
126
126
126
125
125
126
126
125
125
125
126
125
125
125
126
126
125
125
125
125
125
125
125
126
125
125
125
126
126
126
126
125
125
126
126
126
125
125
125
125
125
125
125
125
125
125
125
125
126
126
126
126
125
126
125
125
126
125
125
126
125
125
125
126
126
126
126
125
125
125
125
125
125
125
125
125
126
125
125
125
125
126
125
126
126
126
125
125
125
125
125
125
125
125
125
125
125
126
126
126
125
125
125
125
125
126
125
125
125
125
125
125
125
126
125
126
125
125
125
125
126
126
126
125
125
125
125
125
125
125
125
125
125
125
125
125
125
125
125
125
125
125
126
126
125
125
125
125
125
125
125
125
125
125
125
125
125
125
125
125
125
125
125
125
125
125
125
125
126
125
125
125
125
125
125
125
125
125
125
125
125
125
125
125
125
125
126
125
125
125
125
125
125
125
125
125
125
125
125
125
125
125
125
125
125
125
125
125
125
125
125
125
125
125
125
125
125
125
125
125
125
125
125
125
125
125
125
125
125
125
125
125
125
125
125
125
125
125
125
125
125
125
125
125
125
125
125
125
125
125
125
125
125
125
125
125
125
125
125
125
125
125
125
125
125
125
125
125
125
125
125
125
125
125
125
125
125
125
125
125
125
125
125
125
125
125
125
125
125
125
125
125
125
125
125
125
125
125
125
125
125
125
125
125
126
124
125
125
126
125
125
126
125
125
125
125
125
125
125
125
125
126
126
125
125
125
125
125
125
125
125
125
125
125
125
125
125
125
125
125
125
125
126
125
125
125
125
125
125
125
125
125
125
125
125
126
125
125
125
125
125
125
125
125
125
125
125
125
125
125
125
125
124
125
125
125
126
125
125
125
126
125
125
125
125
125
125
125
125
125
125
125
125
125
125
125
125
125
125
125
125
125
125
125
125
125
125
125
125
125
125
125
125
125
125
125
125
126
127
126
124
124
126
127
125
120
123
134
133
111
110
141
142
108
107
144
144
123
115
106
134
147
108
117
175
122
44
122
230
157
11
39
163
224
167
114
111
126
131
119
93
74
68
157
218
149
84
127
136
98
127
199
129
22
25
229
255
134
56
95
134
164
163
93
55
125
188
140
65
73
128
149
139
125
118
130
145
133
118
129
135
111
90
107
146
161
137
107
103
120
135
137
134
129
125
123
120
113
111
125
143
143
128
116
118
126
126
118
115
122
134
139
132
121
116
119
125
129
130
129
128
125
122
121
123
124
126
126
129
129
126
121
119
123
127
129
130
128
125
124
125
125
122
123
127
128
124
122
123
127
129
127
124
123
126
128
125
122
124
128
130
128
123
121
124
127
127
125
123
125
127
127
125
124
125
126
126
127
126
126
125
125
124
123
123
123
124
126
127
127
127
127
127
126
126
125
125
125
124
124
125
125
126
126
126
124
124
125
126
126
126
126
125
126
123
123
125
126
126
127
126
126
126
127
126
125
126
126
126
124
125
125
125
122
124
127
127
126
124
125
127
128
125
123
127
128
126
124
125
125
125
125
126
126
127
127
126
125
125
126
126
125
125
126
126
126
126
126
126
125
125
125
125
126
126
125
125
126
125
125
126
124
124
125
125
126
126
126
125
126
126
127
127
126
126
126
126
126
126
126
126
126
125
125
125
124
124
124
124
125
126
125
126
126
125
126
127
127
126
126
126
126
125
125
125
125
125
125
125
126
126
126
126
126
125
125
126
126
125
125
126
127
125
124
126
127
125
125
125
125
125
125
125
125
126
126
125
125
125
125
126
125
125
126
125
125
126
126
126
126
125
125
126
126
126
126
126
125
126
126
126
126
125
125
125
125
126
126
125
125
125
126
126
125
125
126
126
125
125
126
126
125
125
125
126
126
126
126
125
125
126
125
125
126
125
125
126
125
125
125
126
126
126
126
126
125
126
126
125
125
125
128
125
125
125
125
125
125
125
125
125
125
125
126
126
126
126
127
126
126
125
126
126
128
127
125
125
125
124
124
124
125
126
126
125
125
125
125
126
125
125
124
125
126
126
125
126
125
125
125
125
126
126
126
126
126
125
125
125
125
126
126
125
125
125
126
125
125
124
125
125
125
125
125
126
125
125
125
125
126
126
125
125
126
126
126
126
125
125
125
125
126
126
126
125
124
125
125
126
126
125
125
125
125
125
126
125
125
124
125
126
126
124
125
125
126
126
125
126
127
126
125
125
125
124
124
125
125
125
126
125
125
125
125
126
126
125
125
126
125
126
126
125
125
125
125
125
125
126
125
124
126
126
125
126
125
126
125
126
126
125
126
125
125
125
126
126
125
126
126
125
125
125
125
125
125
125
125
125
125
125
125
125
125
125
125
125
125
125
125
125
125
125
125
126
125
125
124
125
125
126
126
126
126
126
126
126
126
126
126
125
125
126
125
125
125
124
123
124
125
126
126
127
126
126
126
126
125
126
125
125
125
126
126
126
125
126
126
126
126
125
126
126
126
125
125
125
125
125
125
125
125
125
125
125
125
126
125
125
125
125
126
125
125
126
125
125
125
126
125
125
125
125
125
125
126
126
125
125
125
125
125
125
125
125
125
125
126
125
126
125
126
125
126
126
125
125
125
125
125
126
125
125
125
125
125
125
125
125
125
125
125
125
125
125
126
126
125
125
124
125
126
127
126
124
124
126
126
126
126
125
125
125
126
125
125
124
124
125
125
125
125
124
125
125
126
127
126
126
126
126
126
126
125
125
124
124
125
125
125
125
126
126
126
126
126
129
126
126
124
124
123
124
124
124
124
125
125
125
126
125
125
126
125
125
125
125
125
125
125
125
125
126
126
126
125
125
125
126
126
126
125
125
125
126
126
125
126
125
125
126
125
126
125
124
126
125
125
125
125
125
126
126
125
125
125
125
125
125
125
125
125
125
125
126
125
125
126
125
125
125
126
125
126
126
125
125
125
126
125
125
125
125
125
125
124
125
125
125
125
125
125
125
125
125
126
125
125
125
125
125
125
126
125
124
125
126
125
125
125
125
125
125
125
126
125
126
126
125
125
126
126
124
124
124
125
125
125
126
125
126
125
125
126
125
125
125
125
125
125
125
125
126
125
125
125
126
126
125
125
126
126
125
125
126
125
123
124
125
125
125
125
124
126
126
125
125
125
125
125
125
126
125
125
126
126
126
124
125
126
125
120
96
133
122
127
128
130
129
127
127
127
126
127
126
124
124
124
126
126
108
87
132
126
130
133
134
132
131
131
130
128
127
127
126
125
126
127
127
126
127
127
128
128
128
127
126
126
126
127
125
125
125
125
126
126
126
127
126
126
127
126
126
127
126
126
126
125
120
120
126
124
126
126
129
128
127
128
127
127
124
126
126
125
125
126
126
126
126
125
126
126
126
125
125
125
125
124
125
125
125
125
126
125
125
126
125
125
125
125
126
125
125
126
125
125
125
126
125
124
125
125
125
125
125
125
125
124
125
126
125
125
125
125
125
125
125
125
125
126
126
126
125
126
126
125
125
125
126
125
125
126
126
127
126
126
126
126
125
126
126
126
126
126
125
126
126
126
126
125
125
125
125
125
125
125
126
125
126
125
125
124
125
125
125
125
125
126
126
126
125
124
126
125
125
126
126
126
126
126
127
124
123
54
125
125
125
125
125
125
125
125
125
125
125
125
125
125
125
126
125
125
125
125
125
125
125
125
125
125
125
125
125
126
125
126
125
125
125
125
125
126
125
126
126
126
126
126
125
126
126
125
126
125
126
126
126
126
125
125
125
126
126
126
126
126
126
126
125
125
126
126
125
126
126
125
126
125
126
125
126
126
126
126
125
125
126
126
126
126
126
126
125
125
126
126
126
125
125
125
126
125
126
126
125
126
126
126
126
126
125
125
125
126
126
125
125
125
126
125
126
125
126
126
126
125
126
125
126
125
126
126
125
125
125
126
126
125
125
125
126
125
126
126
126
126
126
125
125
126
126
126
126
125
125
126
126
125
126
126
126
126
126
125
126
126
126
126
126
126
126
126
126
125
125
126
125
126
125
126
126
126
126
126
125
125
126
125
125
126
126
125
125
125
125
126
126
125
126
125
126
126
126
125
125
125
126
126
125
125
126
126
125
126
126
125
126
126
125
126
126
125
125
125
125
125
126
125
125
126
126
126
125
125
126
126
125
126
126
126
125
126
126
126
126
125
125
126
126
125
125
125
126
125
126
126
126
126
126
126
125
126
126
126
125
125
125
125
125
125
125
126
125
125
125
125
125
125
125
125
125
125
125
126
125
125
125
125
125
125
125
125
125
125
125
125
125
125
125
125
125
125
125
125
125
125
125
125
126
125
125
125
126
125
125
125
125
125
125
125
125
125
125
125
126
125
125
125
125
125
125
125
125
125
125
125
125
125
125
125
125
125
125
125
125
125
125
125
125
126
125
125
125
125
125
125
125
127
