127
126
127
128
127
121
72
126
126
126
126
126
125
126
126
126
125
125
126
125
126
125
125
126
125
125
125
125
126
125
126
125
125
125
125
125
125
126
126
126
125
126
126
126
126
125
126
126
126
125
126
125
126
125
125
126
126
125
126
125
125
126
126
126
125
126
126
125
125
126
126
126
126
126
126
125
125
125
125
126
125
125
126
126
126
126
126
126
126
126
125
126
126
126
125
125
125
126
126
126
125
125
125
125
126
125
125
126
125
125
125
126
125
126
126
125
126
126
125
126
125
125
125
125
125
125
125
126
125
125
125
125
125
125
125
125
125
126
125
125
125
125
125
125
125
125
125
126
126
125
125
125
125
125
125
125
125
125
125
126
126
126
125
125
125
125
125
125
125
125
125
125
125
125
125
125
125
125
125
125
125
125
125
125
125
125
125
125
125
125
125
125
125
125
125
125
125
125
125
125
125
125
125
125
125
125
125
125
125
125
125
125
125
125
125
125
125
125
125
125
125
125
125
125
125
125
125
125
125
125
125
125
125
125
125
125
125
125
125
125
125
125
125
125
125
125
125
125
125
125
125
125
125
125
125
125
125
125
125
125
125
125
125
125
125
125
125
125
125
125
125
125
125
125
125
125
125
125
125
125
125
125
125
125
125
125
125
125
125
125
125
125
125
125
125
125
125
125
125
125
125
125
125
125
125
125
125
125
125
125
125
125
125
125
125
125
125
125
125
125
125
125
125
125
125
125
125
125
125
125
125
125
125
125
125
125
125
125
125
125
125
125
125
125
125
125
125
125
125
125
125
125
125
125
125
125
125
125
125
125
125
125
125
125
125
125
126
125
125
125
126
125
125
125
125
125
125
125
125
125
125
125
125
125
125
125
125
125
125
125
125
125
125
125
125
126
125
125
125
125
125
125
125
125
125
125
125
125
125
125
125
125
125
125
124
125
126
125
126
126
126
126
126
126
125
126
125
125
125
125
126
126
125
125
125
125
125
125
126
126
126
125
126
126
126
126
125
125
125
125
126
125
125
125
125
126
125
125
126
125
125
125
125
125
125
125
125
126
126
126
125
125
125
125
125
125
125
125
125
125
125
125
125
126
126
126
125
125
125
125
125
125
125
125
125
125
125
125
125
125
125
125
126
125
125
125
125
125
125
125
125
125
125
125
125
126
125
125
125
126
126
126
125
125
125
126
126
125
125
125
126
125
126
126
125
125
125
125
126
126
125
125
125
126
126
125
125
125
125
125
126
125
126
125
125
125
125
125
125
125
126
125
125
126
125
125
125
125
125
126
125
125
125
126
126
126
125
125
126
126
126
126
126
126
124
127
128
124
124
123
124
125
126
126
126
126
126
126
126
125
125
125
125
125
126
126
125
125
125
126
126
126
126
125
125
125
125
125
125
125
126
126
125
125
125
126
126
126
124
126
126
125
125
126
126
126
126
126
126
126
126
125
125
125
125
125
126
126
125
125
125
126
126
126
125
125
126
126
126
125
125
125
126
126
125
125
126
126
126
126
126
125
125
125
126
126
126
125
125
126
126
126
125
125
126
125
125
126
125
125
126
126
125
125
124
126
126
126
125
125
126
126
126
125
125
125
125
125
125
125
125
126
126
125
125
126
126
126
124
124
126
127
125
125
125
125
125
127
127
124
123
125
125
126
126
125
124
124
125
125
126
127
126
124
124
126
127
127
125
123
123
125
127
126
125
125
125
126
126
126
126
125
125
125
125
126
126
125
124
124
125
126
126
126
126
125
125
125
126
125
126
126
127
127
125
124
125
126
126
125
124
123
125
126
126
125
127
130
130
124
120
123
126
125
129
131
124
120
125
128
126
124
120
117
123
131
132
127
126
126
127
129
128
120
116
120
128
131
129
126
125
126
127
126
123
122
123
125
128
129
127
123
119
114
114
127
154
174
155
93
44
70
154
198
148
83
87
131
151
143
128
118
118
129
129
124
121
120
127
137
141
127
102
98
126
155
155
131
110
100
95
108
154
168
120
87
109
139
157
156
112
66
91
161
188
139
80
95
145
168
148
87
51
121
183
122
64
183
255
211
84
165
47
255
255
149
102
11
208
255
156
37
29
92
159
191
151
83
63
125
196
174
88
49
90
151
173
156
117
77
86
144
174
136
85
92
136
153
138
129
124
107
107
132
141
124
113
125
132
128
125
125
128
131
119
106
123
156
150
107
195
137
78
94
134
142
135
124
120
128
130
117
115
132
143
136
122
118
117
113
124
143
137
116
110
120
131
137
131
123
124
125
121
120
124
129
132
129
119
116
123
130
130
129
128
130
123
125
124
119
119
126
130
125
121
125
130
132
131
125
119
119
126
135
136
125
115
119
129
129
122
123
129
130
123
120
123
124
129
134
127
120
124
130
134
131
124
117
119
128
129
118
118
135
143
133
124
126
123
115
114
122
131
135
133
126
119
120
126
130
130
129
129
128
123
120
122
126
125
121
121
124
128
128
128
130
132
128
123
127
130
124
114
119
133
138
129
122
121
117
112
119
130
142
148
129
110
115
127
131
130
121
111
115
136
142
119
99
144
165
107
95
144
146
111
108
118
122
137
141
125
114
117
125
132
131
120
112
129
152
149
120
102
107
123
137
142
135
120
110
115
128
137
133
125
120
120
124
131
131
122
120
128
130
123
118
123
131
132
126
122
127
132
127
120
119
121
124
129
128
134
151
125
53
68
206
255
87
41
108
255
183
10
53
248
175
1
53
248
255
53
103
144
255
152
37
52
220
237
119
49
85
136
165
163
106
71
117
158
136
122
147
149
110
83
105
143
147
130
136
131
99
97
143
169
143
106
97
117
137
133
119
116
122
129
133
133
126
122
126
124
116
117
130
137
133
123
118
124
131
127
118
114
120
132
147
145
98
68
134
212
147
33
86
202
157
89
115
135
124
134
116
91
131
190
127
54
88
216
170
60
83
157
154
109
105
122
146
156
130
93
103
136
137
124
122
124
119
120
133
143
131
116
120
132
129
122
121
118
116
124
134
134
131
127
121
121
129
126
118
119
129
131
126
122
123
130
133
127
121
125
129
125
118
119
125
127
126
124
127
133
132
128
126
122
120
123
125
126
125
124
122
123
126
126
126
124
123
125
126
126
125
127
130
129
126
123
121
121
122
125
125
123
124
130
131
127
125
127
127
125
125
129
128
122
119
121
126
130
130
128
124
121
122
127
129
126
125
127
127
123
121
124
128
128
124
122
127
130
128
123
124
125
126
125
125
126
125
123
121
125
130
129
124
122
123
126
128
127
122
120
125
130
128
125
123
123
125
127
128
128
128
125
122
122
123
125
125
127
128
128
127
123
122
125
127
127
126
125
123
124
126
127
125
124
127
129
126
122
121
124
125
127
129
128
125
124
123
124
126
126
123
123
126
128
128
127
124
121
125
128
127
126
126
125
123
124
126
126
124
123
128
131
130
124
119
123
129
128
122
119
123
127
127
126
125
126
128
126
123
122
124
128
129
126
123
122
125
128
127
126
125
125
129
130
127
123
122
123
126
125
124
123
124
127
129
128
126
124
125
127
125
124
125
124
125
126
128
123
124
125
127
125
124
126
127
124
125
129
129
124
123
126
126
124
126
128
127
124
122
125
127
126
124
122
125
129
128
124
126
132
128
125
125
123
123
125
124
122
123
127
128
128
125
122
123
126
128
125
122
125
128
128
127
124
124
126
125
122
123
125
127
125
124
121
120
127
127
126
131
130
126
125
126
125
124
124
125
125
126
127
127
124
125
125
123
124
125
125
126
125
125
125
125
126
125
125
125
127
128
126
122
124
127
124
124
125
129
129
126
125
127
127
127
123
119
71
125
126
125
125
125
125
125
125
125
125
125
125
125
125
125
125
125
125
125
125
125
125
125
125
125
125
125
125
125
125
125
126
125
125
125
125
125
125
126
125
125
125
125
125
125
125
125
125
125
125
125
125
125
126
125
126
125
125
125
125
125
125
125
125
125
126
126
126
125
125
125
125
125
125
125
125
125
125
125
125
125
125
125
126
125
125
126
125
125
125
126
125
125
126
125
125
126
125
125
125
125
125
125
125
126
126
125
125
125
125
125
125
126
125
125
125
125
125
125
125
125
126
125
125
125
125
125
125
125
125
125
125
125
125
125
125
125
125
125
125
125
125
125
125
125
125
125
125
125
125
125
125
125
125
125
125
125
125
125
125
125
125
125
125
125
125
125
125
125
124
125
126
126
126
126
126
126
126
126
126
126
126
126
126
125
126
126
125
126
125
126
125
125
125
126
126
125
125
125
126
125
125
126
126
126
125
125
125
126
125
125
126
125
126
125
125
126
126
126
126
125
125
126
125
125
125
125
125
125
125
126
126
126
125
125
126
126
125
125
125
125
125
125
126
126
126
126
126
126
126
125
126
126
125
125
126
125
126
126
125
125
125
125
125
126
126
126
126
126
125
126
126
126
125
126
126
126
125
125
126
126
126
126
126
126
126
125
126
125
126
126
126
126
125
125
126
126
126
126
126
126
126
125
126
126
125
126
126
125
126
125
126
126
126
126
126
126
125
126
126
126
126
126
125
126
126
125
125
125
126
126
125
126
126
126
126
125
126
126
126
126
126
126
126
126
126
126
126
126
126
126
126
126
127
