125
125
125
123
125
126
31
126
126
126
126
126
125
126
126
126
126
126
126
125
126
126
126
125
126
125
125
125
126
125
125
125
125
125
125
125
125
125
125
126
125
126
125
126
126
125
125
125
125
125
126
125
125
126
125
125
125
125
125
125
125
125
125
125
126
125
125
125
126
125
126
125
125
125
125
125
125
125
125
125
125
125
126
125
125
125
125
125
125
125
125
125
125
125
125
126
126
125
125
125
126
125
125
125
125
125
125
125
126
125
125
125
125
125
125
126
125
125
125
126
125
125
125
126
125
125
125
125
125
125
125
125
126
125
125
126
125
125
125
125
125
125
125
125
125
125
125
125
125
125
125
125
125
125
125
126
125
125
125
125
125
125
126
126
125
125
125
125
125
125
125
126
125
125
125
125
125
125
125
126
125
125
125
125
125
125
125
125
126
125
125
125
125
125
125
125
125
125
125
125
125
125
125
125
125
126
125
125
125
125
125
125
125
125
125
125
125
125
125
125
125
125
125
125
125
125
125
125
125
125
125
125
125
125
125
126
126
126
126
126
125
125
125
124
124
123
123
124
127
128
128
127
127
128
125
122
124
126
126
126
125
124
125
124
123
123
126
127
127
128
128
126
125
126
125
121
120
124
130
130
126
123
124
126
128
127
124
123
124
126
126
125
125
125
126
126
124
123
125
128
126
125
125
125
125
126
126
124
124
127
126
123
123
126
125
125
129
129
125
123
125
124
124
125
126
126
125
124
126
126
125
128
127
120
121
130
129
124
127
126
119
124
129
124
122
127
127
126
130
126
122
124
123
121
129
132
121
119
129
128
121
125
128
123
126
132
126
120
122
125
124
126
126
125
125
128
126
121
125
129
123
123
131
128
118
120
129
129
124
123
126
128
126
123
125
128
126
124
124
123
125
128
127
125
126
128
124
120
125
128
126
124
125
126
126
124
124
125
127
125
127
127
125
124
125
126
125
126
127
126
126
127
126
124
124
125
126
125
126
127
126
125
126
126
125
125
126
125
125
126
126
126
126
127
126
125
124
124
126
127
127
126
126
126
126
125
125
125
125
125
125
126
126
127
127
126
125
125
125
125
125
125
126
126
126
127
126
125
125
125
126
125
125
126
126
126
126
125
125
126
125
125
126
126
126
126
126
126
125
125
125
125
125
125
125
126
126
126
126
126
125
125
125
125
125
125
126
126
126
126
125
125
125
125
125
125
125
125
125
125
125
126
126
126
126
126
126
125
125
125
126
125
126
126
126
125
125
125
125
125
126
126
126
126
126
126
126
125
125
125
125
125
125
126
126
125
126
126
126
125
124
125
127
128
126
124
124
125
126
126
125
124
126
130
132
126
119
121
129
131
125
118
117
117
118
130
152
156
121
96
119
149
142
118
108
107
102
103
118
144
162
159
143
126
110
101
112
131
131
116
115
132
145
136
118
117
127
132
127
118
115
123
131
133
135
133
115
98
115
148
156
130
109
109
116
126
139
142
118
95
111
148
157
138
118
108
111
125
138
133
119
114
123
132
133
124
118
125
132
129
122
120
124
129
131
127
121
119
123
127
130
128
126
125
127
127
126
124
122
122
127
130
128
122
120
122
126
128
128
127
127
127
125
123
123
126
128
127
123
123
125
126
126
126
126
126
126
125
124
125
126
125
124
124
125
124
128
135
129
113
115
139
149
118
78
101
174
183
106
70
114
164
157
116
90
101
139
159
132
101
110
140
144
125
114
119
126
129
130
126
124
123
125
127
127
123
120
122
127
131
129
125
123
123
126
127
128
126
122
119
123
129
131
127
123
122
126
129
128
125
125
125
126
125
123
124
126
127
126
124
124
125
127
126
124
124
126
127
126
125
124
124
125
126
128
126
125
125
125
126
126
125
125
125
125
125
126
126
125
126
126
126
125
125
125
125
125
125
125
125
125
126
127
126
125
125
125
126
127
126
125
124
126
126
125
125
126
126
125
125
125
126
125
125
125
126
126
126
126
126
126
126
126
125
125
125
125
124
124
125
125
125
125
126
126
126
126
125
126
126
125
125
125
125
125
125
125
125
126
126
126
127
126
125
125
125
125
125
125
125
125
125
125
126
125
125
125
125
125
125
125
126
126
126
125
124
125
126
126
125
125
125
125
125
125
126
126
124
124
126
126
125
126
127
127
126
124
123
125
129
126
121
123
128
128
125
124
124
126
127
126
123
123
127
127
125
123
125
128
127
123
123
126
127
127
124
124
126
127
125
123
124
126
126
125
126
126
126
125
125
126
126
125
124
125
127
128
126
123
123
126
128
127
123
123
126
127
126
124
124
126
127
126
124
124
125
125
126
126
127
126
125
125
126
127
125
124
124
125
130
124
125
125
125
125
126
127
128
126
124
124
126
127
127
125
124
125
127
126
125
125
126
126
126
126
125
125
126
126
126
126
126
126
126
126
126
126
126
126
126
126
126
125
126
126
126
126
126
126
126
125
125
126
126
126
126
126
125
125
126
126
126
125
125
126
126
126
126
126
126
126
126
124
123
124
125
126
126
127
126
126
126
126
126
126
125
126
126
126
126
126
126
126
126
126
125
126
126
125
126
126
126
125
126
126
126
126
126
126
126
126
125
125
125
126
125
125
125
125
125
126
125
126
126
126
126
126
127
129
126
125
125
124
124
125
125
125
125
126
125
126
126
126
126
126
125
125
126
126
126
126
125
125
126
125
126
125
126
126
126
125
125
125
125
126
126
126
126
126
126
126
125
121
125
126
126
126
127
125
125
128
130
126
123
124
127
126
125
127
128
125
123
124
126
126
126
127
126
126
126
126
126
126
125
125
126
125
125
125
125
125
125
125
126
126
126
126
126
126
126
126
126
126
130
126
125
125
125
124
124
124
124
125
126
125
125
125
125
125
125
126
126
125
126
126
125
125
125
125
126
126
125
125
125
126
125
126
126
126
125
126
125
125
126
125
125
126
125
125
125
125
125
126
126
126
126
123
125
125
126
126
125
126
126
126
126
125
126
126
125
125
126
126
125
126
125
125
125
125
125
125
126
126
126
126
125
126
126
125
126
126
125
125
125
125
126
126
126
125
124
125
126
127
126
125
124
124
125
125
126
126
125
126
126
126
125
123
125
126
127
128
127
124
122
122
124
126
128
129
126
124
122
125
126
128
128
126
125
126
127
123
122
124
126
125
125
125
126
126
125
126
127
126
125
123
125
126
127
126
124
123
125
126
127
125
123
124
126
126
126
126
125
130
128
126
125
123
123
124
125
125
124
125
126
125
124
124
124
126
127
126
126
124
124
125
125
126
125
125
125
125
125
125
125
125
125
126
125
125
125
125
123
124
124
125
125
127
126
125
125
126
126
126
125
124
125
125
126
125
125
125
126
126
124
125
126
127
124
123
125
128
127
123
122
124
128
130
126
121
122
125
128
131
127
122
119
123
128
129
128
126
122
122
127
129
127
125
122
123
127
128
124
122
123
125
125
126
125
122
122
124
127
128
126
126
127
128
128
127
126
125
124
124
125
130
125
125
125
123
123
125
127
128
126
124
122
123
129
127
125
123
123
123
123
124
125
125
127
126
124
124
125
126
126
125
124
125
126
126
125
125
125
125
124
126
126
125
124
125
127
126
125
126
126
125
126
126
125
126
125
124
125
125
125
125
125
126
127
125
125
125
125
125
125
125
124
124
125
125
125
125
125
125
125
124
125
125
125
125
125
124
125
125
126
125
124
125
126
125
125
125
126
125
125
125
125
125
125
125
124
125
125
124
125
126
125
125
125
125
126
126
125
125
125
126
125
125
126
126
125
125
125
125
125
125
126
125
125
126
125
125
125
125
125
126
126
32
125
125
126
125
125
125
126
125
125
125
125
125
125
125
125
125
125
125
125
125
125
125
125
125
125
126
125
126
125
125
125
125
125
125
125
125
125
125
125
125
125
125
125
125
125
125
125
125
125
126
126
125
126
125
125
125
125
125
125
125
125
125
125
125
125
125
125
125
125
125
125
125
125
125
125
125
125
125
125
125
125
126
125
125
125
126
125
125
125
125
125
125
125
125
125
125
125
126
125
125
125
125
125
125
125
125
125
125
125
125
125
125
125
125
125
125
125
125
125
125
125
125
125
125
125
125
125
125
125
125
125
125
125
125
125
125
125
125
125
125
125
125
125
125
125
125
125
125
125
125
125
125
125
126
125
125
125
125
125
125
126
125
125
125
125
125
125
125
125
125
125
125
125
125
125
125
125
125
125
125
125
125
125
125
125
125
125
125
125
125
125
125
126
126
125
125
125
125
125
125
125
125
125
125
125
125
125
125
125
125
125
125
125
125
125
125
125
125
125
125
125
125
125
125
125
125
125
125
125
126
125
125
125
125
125
125
125
125
125
125
126
125
125
125
125
125
127
126
125
124
125
126
126
125
125
124
124
125
125
125
125
125
125
126
126
125
125
125
125
125
125
125
125
126
126
126
126
125
125
125
125
125
125
125
125
125
125
125
126
125
125
125
125
126
125
125
125
125
125
125
125
125
125
125
125
125
126
126
125
126
125
125
125
125
125
125
125
125
125
125
125
125
125
126
126
125
125
125
125
126
126
126
125
124
125
125
125
126
126
126
125
125
125
125
125
125
125
125
125
125
124
125
125
125
