126
128
128
122
117
124
81
125
125
125
125
125
125
125
125
125
125
125
125
125
125
125
125
125
125
125
125
125
125
125
125
125
125
125
125
125
125
125
125
125
125
125
125
125
125
125
125
125
125
125
125
125
125
125
125
125
125
125
125
125
125
125
125
125
125
125
125
125
125
125
125
125
125
125
125
125
125
125
125
125
125
125
125
125
125
125
125
125
125
125
125
125
125
125
125
125
125
125
125
125
125
125
125
125
125
125
125
125
125
125
125
125
125
125
125
125
125
125
125
125
125
125
125
125
125
125
125
125
125
125
125
125
125
125
125
125
125
125
125
125
125
125
125
125
125
125
125
125
125
125
125
125
125
125
125
125
125
125
125
125
125
125
125
125
125
125
125
125
125
125
125
125
125
125
125
125
125
125
125
125
125
125
125
125
125
125
125
125
125
125
125
125
125
125
125
125
125
125
125
125
125
125
125
125
125
125
125
125
125
125
125
125
125
125
125
125
125
125
125
125
125
125
125
125
125
125
125
125
125
125
125
125
125
125
125
125
125
125
125
125
125
125
125
125
125
125
125
125
125
125
125
125
125
125
125
125
125
125
125
125
125
125
125
125
125
125
125
125
125
125
125
125
125
125
125
125
125
125
125
125
125
125
125
125
125
125
125
125
125
125
125
125
125
125
125
125
125
125
125
125
125
125
125
125
125
125
125
125
125
125
125
125
125
125
125
125
125
125
125
125
125
125
125
125
125
125
125
125
125
125
125
125
125
125
125
125
125
125
125
125
125
125
125
125
125
125
125
125
125
125
125
125
125
125
125
125
125
125
125
125
125
125
125
125
125
125
125
125
125
125
125
125
125
125
125
125
125
125
125
125
125
125
125
125
125
125
125
125
125
125
125
125
124
125
125
125
125
125
125
125
125
125
125
125
125
125
125
125
125
125
125
125
125
125
125
125
125
125
125
125
125
125
125
125
125
125
125
125
125
125
125
125
125
125
125
125
125
125
125
125
125
125
125
125
125
125
125
125
125
125
125
125
125
125
125
125
125
125
125
125
125
125
125
125
125
125
125
125
125
125
125
125
125
125
125
125
125
125
125
125
125
125
125
125
125
125
125
125
125
125
125
125
125
125
125
125
125
125
125
125
125
125
125
125
125
125
125
125
125
125
125
125
125
125
125
125
125
125
125
125
125
125
125
125
125
125
125
125
125
125
125
125
125
125
125
125
125
125
125
125
125
125
125
125
125
125
125
125
125
125
125
125
125
125
125
125
125
125
125
125
125
125
125
125
125
125
125
125
125
125
125
125
125
125
125
125
125
125
125
125
125
125
125
125
125
125
125
125
125
125
125
126
125
125
125
125
125
125
124
124
124
125
125
125
126
126
126
126
126
126
125
125
125
126
125
124
124
126
125
124
124
125
127
127
124
120
124
130
128
122
123
128
127
124
125
123
121
124
128
128
127
126
125
125
125
125
123
122
124
126
126
125
125
125
125
126
125
124
125
126
127
125
124
123
124
125
125
125
126
127
127
126
125
124
125
126
126
125
124
124
124
125
125
125
125
125
125
125
126
126
125
125
125
126
125
125
125
125
125
125
126
125
125
125
125
125
125
125
125
125
126
125
125
125
125
125
125
125
125
125
125
125
125
125
125
126
126
125
125
125
125
125
125
124
125
125
125
125
125
126
126
125
125
125
126
126
125
124
124
125
125
125
125
125
125
125
125
125
126
126
126
125
125
125
125
125
125
124
124
125
125
125
125
125
124
125
125
126
125
125
125
126
125
125
125
125
125
125
125
125
125
125
125
125
125
125
125
126
125
125
125
125
125
125
125
125
125
125
125
125
125
125
125
125
125
125
125
125
125
125
125
125
125
125
125
125
125
126
125
125
125
125
125
126
125
125
125
125
125
125
125
125
125
125
125
125
125
125
125
125
125
125
126
125
125
125
126
125
125
125
125
125
125
125
125
125
125
125
126
126
126
126
125
125
125
125
125
125
125
125
125
125
124
125
126
125
125
125
125
125
125
125
125
125
125
125
125
126
125
125
125
126
125
125
125
125
125
125
125
125
125
125
125
125
125
125
125
125
125
124
125
125
125
125
124
125
126
126
125
124
125
126
126
125
124
124
125
126
126
125
124
124
125
126
125
125
125
125
125
126
125
125
125
125
126
125
125
125
125
125
125
125
125
125
125
125
125
125
125
125
125
125
125
125
125
125
125
125
125
125
125
125
125
125
125
125
125
125
125
125
125
125
125
125
125
125
125
125
125
125
125
125
125
125
125
125
125
125
125
125
125
125
125
125
125
125
125
125
125
125
125
125
125
125
125
125
125
125
125
125
125
125
125
125
125
125
125
125
125
125
125
125
124
125
125
125
125
124
125
125
125
124
125
125
125
125
125
125
125
125
125
125
125
125
125
125
125
125
124
125
125
126
125
125
125
124
125
127
126
123
124
126
126
124
124
126
126
124
124
126
127
125
123
124
126
127
126
123
122
125
127
127
124
123
126
126
124
124
125
125
125
126
126
124
123
122
125
127
127
122
125
129
127
121
122
127
125
122
125
128
125
123
126
124
123
129
128
123
125
127
124
124
126
123
122
128
130
122
120
123
127
122
124
126
127
125
125
128
126
122
121
127
129
126
125
128
129
127
125
122
119
120
122
126
128
129
129
127
126
126
124
123
123
121
121
126
130
127
124
128
130
124
121
123
123
122
125
128
129
127
125
125
125
124
121
119
120
124
126
129
132
132
131
128
124
122
122
120
117
116
117
118
123
130
135
137
137
134
132
131
129
123
116
113
114
115
116
117
121
128
132
132
130
131
132
130
127
127
128
124
120
118
119
120
121
121
123
126
128
129
130
130
129
129
127
124
123
123
123
125
127
128
127
126
124
122
119
119
119
121
124
125
127
133
131
125
130
134
121
114
127
127
117
128
128
105
115
150
134
109
134
142
103
114
154
126
102
144
142
88
111
167
129
96
153
151
72
97
187
149
79
126
148
72
93
191
155
75
130
161
78
81
184
175
87
110
168
119
71
123
167
130
106
130
128
101
113
152
149
116
117
135
122
102
116
136
132
129
137
123
102
108
138
147
133
119
125
127
117
118
135
144
133
118
116
112
103
120
149
147
118
107
123
130
120
122
132
132
125
120
116
115
127
142
137
124
121
120
117
122
132
130
124
127
129
119
112
117
130
143
148
146
123
92
95
124
136
131
129
124
118
120
125
132
136
129
111
110
134
148
135
119
116
118
116
115
120
136
144
134
118
113
124
136
136
124
113
110
118
133
139
131
118
117
127
135
127
115
114
125
132
130
125
124
126
127
125
124
126
126
126
127
127
122
117
122
128
128
126
125
125
125
124
125
123
121
123
125
130
133
131
126
123
124
124
123
122
122
122
127
131
129
123
122
124
126
127
124
123
122
122
125
129
131
129
124
122
122
122
124
126
128
131
129
123
119
119
124
129
130
130
125
117
117
125
133
132
122
115
118
127
133
129
121
118
123
131
132
126
122
124
125
123
125
128
128
127
129
128
116
112
128
145
138
121
110
113
123
128
128
126
124
122
122
128
131
129
121
119
129
136
126
116
119
126
126
126
132
134
122
107
110
126
136
134
124
117
120
133
141
132
115
112
122
128
127
126
129
127
125
127
128
121
119
124
129
128
122
122
125
126
123
122
125
132
131
124
119
121
126
125
123
124
127
126
126
129
128
124
119
118
120
126
131
132
129
123
119
121
127
131
134
124
118
116
124
128
127
122
119
125
132
131
127
126
125
122
119
119
120
124
129
131
132
134
133
124
112
108
117
128
133
130
122
124
131
130
123
120
121
126
128
127
121
122
130
80
125
125
126
125
125
125
125
125
126
126
126
126
125
125
125
126
125
125
125
125
125
125
125
125
125
125
125
126
125
125
125
125
125
125
125
125
125
125
125
125
125
125
126
125
125
125
125
125
125
125
125
125
125
125
125
125
125
126
126
125
126
126
125
125
125
125
125
125
125
125
125
125
125
125
125
125
125
125
125
125
125
125
125
125
125
125
125
125
125
125
125
125
125
125
125
125
125
125
125
125
125
125
125
125
125
125
125
125
125
125
125
125
125
125
125
125
125
125
125
125
125
125
125
125
125
125
125
125
125
125
125
125
125
125
125
125
125
125
124
125
125
125
125
126
125
125
125
125
125
125
125
125
125
125
125
125
125
125
125
125
125
125
125
125
125
125
125
125
125
125
125
125
125
125
125
126
125
125
125
125
125
125
125
125
125
125
125
125
125
125
125
125
125
125
125
125
125
125
125
125
125
125
125
125
125
125
125
125
125
125
125
125
125
125
125
125
125
125
125
125
125
125
125
125
125
125
125
125
125
125
125
125
125
125
125
125
125
125
126
125
125
125
125
125
125
126
125
125
125
125
125
125
125
125
125
125
125
125
125
125
125
125
125
125
125
125
125
125
125
125
125
125
125
125
125
125
125
125
125
125
125
126
125
126
125
125
125
125
125
125
125
125
125
125
125
125
125
125
125
125
125
125
125
125
125
125
125
125
125
125
125
125
125
125
125
125
125
125
125
125
125
125
125
125
125
125
125
125
125
125
125
125
125
125
125
125
125
125
125
125
125
125
125
125
125
125
125
125
125
125
125
125
125
125
