131
129
131
130
127
125
90
126
126
126
126
126
126
126
126
126
126
126
126
126
126
126
126
126
125
126
126
126
126
126
126
126
126
126
125
126
126
126
126
126
126
125
126
125
125
126
126
126
126
126
125
125
125
126
126
125
125
125
126
125
126
126
125
125
125
125
125
126
126
125
125
125
125
125
126
126
125
126
125
126
126
126
125
125
125
126
126
126
125
125
125
125
125
125
125
125
125
125
125
125
125
125
125
125
125
125
125
126
125
125
125
125
125
125
125
125
125
125
125
125
125
125
125
125
125
125
125
125
125
125
125
125
125
125
125
125
125
125
125
125
125
125
125
125
125
125
125
125
125
125
125
125
125
125
125
125
125
125
125
125
125
125
125
125
125
125
125
125
125
125
125
125
125
125
125
125
125
125
125
125
125
125
125
126
125
125
126
126
126
126
126
126
125
126
126
125
125
125
126
126
126
126
126
125
125
125
126
126
126
126
125
126
126
126
125
125
125
126
125
125
126
125
125
125
125
126
126
125
126
125
125
126
126
126
126
124
125
126
126
126
126
126
126
126
126
126
126
126
126
126
125
125
126
126
126
126
126
126
126
126
126
125
126
126
126
126
125
126
126
125
126
126
126
125
125
126
126
126
125
125
126
125
125
125
125
126
126
126
126
126
126
126
126
126
126
126
126
126
126
125
126
125
126
126
126
125
126
126
126
125
126
125
126
125
126
125
126
126
126
125
125
125
126
126
126
125
126
126
126
126
125
126
126
126
125
125
126
125
126
126
126
126
125
126
126
126
126
126
126
126
126
126
126
126
126
126
125
126
126
126
125
125
126
126
126
126
126
126
125
125
126
125
126
126
126
125
126
126
126
125
125
125
126
126
126
126
125
126
126
126
125
125
126
125
126
125
126
126
126
126
125
125
125
125
125
125
125
125
125
125
125
125
125
125
126
125
125
126
125
125
125
125
126
126
125
125
125
125
125
126
126
126
126
125
125
125
125
125
125
125
125
125
125
125
125
125
125
125
126
125
125
125
125
125
125
125
126
126
126
125
126
126
126
125
125
125
126
125
125
126
126
125
126
126
126
126
126
125
126
125
126
126
126
126
125
125
125
125
126
125
125
126
126
126
126
126
125
126
125
126
126
126
125
125
125
125
126
125
126
125
125
126
126
125
125
125
125
126
125
126
126
125
126
125
124
125
125
125
126
126
126
126
126
126
125
125
126
125
125
125
125
125
125
125
125
125
125
125
125
125
125
125
125
125
125
125
125
125
125
125
125
125
125
125
125
125
125
125
125
125
125
125
125
125
125
125
125
125
126
125
125
125
125
125
125
125
125
125
125
125
125
125
125
125
125
125
126
125
125
125
125
125
126
125
125
126
125
125
125
125
126
125
125
125
125
125
126
125
125
125
126
126
125
125
126
125
125
125
126
126
125
125
126
126
125
125
125
125
126
126
125
125
125
126
126
126
125
125
126
126
125
125
126
126
125
126
126
125
125
126
126
125
125
125
125
125
126
125
125
125
125
126
127
126
125
125
125
125
125
125
125
125
125
125
125
125
125
125
126
125
125
125
125
125
125
125
125
125
125
125
125
125
125
125
125
125
125
125
126
126
126
125
125
126
126
125
125
125
125
125
125
126
125
125
125
125
125
125
125
125
125
125
125
125
125
125
126
126
126
125
125
125
125
125
125
125
125
125
125
125
125
125
125
125
125
125
125
125
125
125
125
125
125
125
125
125
125
125
125
125
125
125
125
125
125
125
125
125
125
125
125
125
125
125
125
125
125
125
125
125
125
125
125
125
125
125
125
125
125
125
125
125
125
125
125
125
125
125
125
125
125
125
125
125
126
125
125
125
125
125
125
126
125
125
125
125
125
125
125
126
125
125
125
125
125
126
126
125
125
125
125
125
125
126
125
125
125
125
125
125
125
125
125
125
125
127
124
124
126
126
125
126
126
126
126
125
125
125
125
126
125
125
126
126
125
125
125
126
125
126
126
125
122
125
126
126
126
127
126
126
127
127
126
126
126
126
125
126
126
126
126
126
126
125
125
126
126
125
126
126
125
125
126
126
125
126
126
126
125
125
126
126
125
124
126
126
124
126
127
126
125
126
127
126
125
126
126
125
125
126
126
125
125
126
126
125
125
126
126
125
125
126
125
125
125
126
125
125
125
126
126
125
125
126
126
125
126
126
125
125
125
126
126
125
126
126
126
125
126
126
126
125
125
126
126
125
126
127
126
126
126
126
126
125
125
126
126
125
125
126
126
125
125
126
126
125
126
126
126
125
125
126
126
125
125
126
126
126
125
125
126
126
126
126
125
126
125
126
126
126
125
125
126
126
126
125
126
126
125
126
125
126
126
125
125
126
126
126
126
125
125
125
125
126
126
126
126
125
125
126
126
126
125
125
126
125
126
126
126
126
126
129
126
125
125
125
125
125
125
125
125
126
126
125
125
125
126
126
125
125
125
126
126
125
126
125
125
125
125
125
126
125
125
125
125
129
126
126
126
126
125
124
124
125
125
125
125
125
125
125
125
125
125
125
126
125
125
125
125
126
125
124
125
125
125
125
125
126
128
129
126
123
122
125
129
128
124
122
128
118
124
124
124
124
126
128
126
125
126
127
127
125
125
126
127
127
127
126
125
126
126
125
122
123
125
127
128
127
127
128
126
123
123
126
121
122
124
124
126
129
130
128
126
126
126
127
127
127
127
127
126
126
126
125
125
125
125
125
125
125
125
125
125
125
125
122
124
125
126
127
128
128
128
128
127
127
127
126
126
126
125
125
125
124
124
124
125
126
125
125
124
125
127
128
128
126
125
125
125
126
127
126
125
125
125
125
123
122
122
126
128
126
125
126
126
125
124
127
130
128
125
125
128
128
127
125
123
124
126
126
125
124
124
124
125
126
127
127
125
124
125
127
126
125
125
124
122
123
125
123
119
119
129
141
137
124
120
129
135
130
125
123
124
125
123
122
122
126
124
121
121
128
133
130
124
123
125
127
125
123
122
122
123
126
128
126
126
126
127
126
126
125
125
127
130
127
124
126
127
126
127
124
118
123
137
135
120
116
124
128
123
119
121
139
147
125
102
114
137
137
121
114
120
132
138
125
112
122
136
132
124
125
127
124
121
122
125
124
125
127
129
127
124
124
123
126
131
130
125
124
126
125
124
124
126
125
119
125
130
136
132
124
121
127
129
124
124
133
133
118
109
124
141
129
102
97
114
127
137
150
141
112
104
123
139
141
137
126
118
126
136
131
126
130
108
96
134
157
124
101
113
125
125
129
91
112
129
128
127
134
131
116
116
112
132
119
130
139
132
124
128
125
118
123
127
119
118
129
132
124
123
126
121
118
129
138
129
121
128
130
119
121
132
133
125
123
130
135
135
127
121
121
117
110
118
131
133
128
127
128
125
122
124
127
127
124
121
124
130
132
128
120
118
127
131
126
123
128
130
115
118
124
130
128
122
119
124
131
131
129
125
123
124
124
125
128
129
126
125
130
131
124
120
125
128
127
130
128
120
119
126
129
125
122
124
124
123
125
129
129
124
121
123
126
126
125
124
119
120
125
123
124
129
128
124
127
135
130
118
120
129
130
126
118
115
126
137
131
124
129
126
113
118
131
129
125
125
128
127
123
119
124
134
132
122
117
124
129
125
125
128
127
124
122
123
126
126
122
122
127
128
125
127
126
126
127
129
125
123
123
122
125
126
122
123
128
128
126
124
121
118
125
137
134
119
116
129
137
132
122
117
116
124
134
133
120
117
126
132
130
124
121
121
123
127
130
127
133
124
121
125
131
129
124
115
115
124
132
129
120
116
121
128
130
131
127
89
126
126
126
126
126
126
126
126
126
126
126
126
126
126
126
126
126
126
125
126
126
126
126
126
126
125
125
126
126
125
126
126
126
126
126
126
125
126
126
125
126
125
125
126
126
125
125
126
125
125
126
126
125
125
126
126
126
126
126
126
125
126
126
125
125
126
126
125
126
125
125
126
125
126
126
125
125
126
125
126
126
126
126
126
126
125
125
125
126
125
125
126
126
126
125
126
126
126
126
126
125
126
125
125
126
126
125
125
126
126
126
126
126
125
126
126
126
125
125
125
125
125
125
126
125
125
125
125
126
126
126
126
126
126
126
125
125
126
125
125
125
125
125
126
126
126
126
126
125
125
125
125
126
126
125
125
126
125
126
125
126
126
125
126
126
125
126
126
126
126
125
125
125
125
126
126
126
125
125
126
125
125
125
125
125
125
125
125
125
125
125
125
125
125
125
125
125
125
125
125
126
126
126
125
125
125
125
125
125
125
125
125
125
125
125
125
125
125
125
125
125
125
125
125
125
125
125
125
125
125
125
125
125
125
125
125
125
125
125
125
125
125
125
125
125
125
125
125
126
125
125
125
125
125
125
125
125
125
125
125
125
125
125
125
125
125
125
125
125
125
125
125
125
125
125
125
125
125
125
125
125
125
125
125
125
125
125
125
125
125
125
125
125
125
125
125
125
125
125
125
125
125
125
125
125
125
125
125
125
125
125
125
125
125
125
125
125
125
125
125
125
125
125
126
125
125
126
126
126
126
126
125
125
125
125
126
125
125
125
126
126
126
125
126
125
125
126
126
125
125
125
125
125
133
