120
123
133
135
128
123
79
126
126
126
126
126
126
125
126
126
126
126
126
126
126
126
126
125
126
126
126
126
126
126
126
126
126
126
126
126
126
126
126
126
126
126
126
126
125
126
126
126
125
126
126
125
126
126
125
126
126
126
126
126
126
126
126
126
125
126
125
125
126
126
125
126
126
126
126
125
126
125
125
125
125
125
125
126
126
126
126
125
125
125
125
125
125
125
125
125
125
125
125
125
125
125
125
125
125
125
125
125
125
125
125
125
125
125
125
125
125
125
126
125
125
125
125
125
125
125
125
125
125
125
125
125
125
126
125
125
125
125
125
125
125
125
125
125
125
125
125
125
125
125
125
125
125
125
125
125
125
125
125
125
125
125
125
125
125
125
125
125
125
125
125
125
125
125
125
125
125
125
125
125
125
125
125
125
125
125
125
125
125
125
125
125
125
125
125
125
125
125
125
125
125
125
125
125
125
125
125
125
125
125
125
125
125
125
125
125
125
126
125
125
125
126
125
125
125
125
125
125
125
125
125
125
125
125
125
125
125
125
125
125
125
125
125
125
125
125
125
125
125
125
125
125
125
125
125
125
125
125
125
125
125
125
125
125
125
125
125
125
125
125
125
125
125
125
125
125
125
125
125
125
125
125
125
125
125
125
125
125
125
125
125
125
125
125
125
125
125
125
125
125
125
125
125
125
125
125
125
125
125
125
125
125
125
125
125
125
125
125
125
125
125
125
125
125
125
125
125
125
125
125
125
125
125
125
125
126
126
125
125
125
125
125
125
125
125
125
125
125
125
125
125
125
125
125
125
126
125
125
125
125
125
125
125
125
125
125
124
125
125
125
125
126
125
125
125
125
125
125
125
125
126
125
125
125
125
125
125
125
125
125
125
125
125
125
125
125
125
125
125
125
125
125
125
125
125
125
125
125
125
125
125
125
125
125
125
125
125
125
125
125
125
125
125
125
125
125
125
125
125
125
125
125
125
125
125
125
125
125
125
125
125
125
125
125
125
125
125
125
125
125
125
125
125
125
125
125
125
125
125
125
125
125
125
125
125
125
125
125
125
125
125
125
125
125
125
125
125
125
125
125
125
125
125
125
125
125
125
125
125
125
125
125
125
125
125
125
125
125
125
125
125
125
125
125
126
125
125
126
125
125
125
126
125
125
125
126
125
125
125
125
125
125
125
125
125
125
125
125
125
125
125
125
125
125
125
125
125
125
125
125
125
125
125
125
125
125
125
125
125
125
125
125
125
125
125
126
125
124
125
126
125
126
126
126
126
126
126
126
126
126
126
126
126
126
125
126
126
126
126
126
126
126
126
126
126
125
127
126
126
126
126
126
126
126
126
124
126
128
128
126
125
122
116
116
125
136
137
131
133
129
113
112
131
136
118
129
132
121
123
137
139
80
84
181
220
81
16
146
224
116
37
164
213
86
36
142
186
139
98
102
95
141
190
158
88
64
120
168
147
106
110
125
130
133
134
117
111
130
138
126
122
126
126
126
124
117
116
124
134
136
132
128
123
118
119
127
131
132
130
123
114
114
125
135
136
129
119
115
121
133
137
129
120
120
126
130
126
121
122
126
129
129
127
124
123
124
126
126
126
125
125
126
128
127
125
125
126
126
126
125
125
125
126
128
127
125
124
126
127
129
128
125
123
123
125
126
125
124
124
128
130
127
123
125
128
128
125
124
124
125
126
126
124
124
125
126
128
127
126
126
126
126
126
126
126
126
125
125
125
125
126
125
125
124
125
126
126
126
126
127
127
126
126
126
126
125
124
124
124
125
125
125
125
126
126
126
126
126
127
126
126
126
125
125
125
126
125
124
125
127
125
124
126
126
125
125
125
126
126
126
125
126
127
125
124
125
126
126
125
125
125
127
126
126
126
126
125
125
125
125
125
125
126
125
125
125
126
126
126
125
125
126
127
126
125
124
124
125
126
126
123
123
124
126
126
127
126
125
126
126
127
127
126
125
126
126
125
124
125
125
125
124
124
126
126
125
124
125
127
126
125
124
125
126
126
125
125
125
126
126
125
125
126
126
126
125
125
126
126
125
125
125
125
125
125
125
125
125
125
125
125
126
127
126
125
124
126
127
126
125
125
125
126
126
126
125
124
124
126
126
126
125
124
125
126
126
125
125
125
125
125
126
127
126
124
124
126
127
126
125
125
125
126
127
126
125
125
125
126
126
125
125
125
125
125
125
125
125
125
125
125
125
126
126
125
126
126
125
125
125
126
125
125
126
125
126
125
125
126
126
126
125
125
125
125
125
126
126
125
125
125
127
127
125
124
126
126
126
126
125
125
125
125
125
125
125
124
125
126
126
125
125
125
126
126
125
125
125
125
125
125
125
125
125
125
126
126
125
125
125
127
126
125
125
125
126
126
126
125
125
126
125
125
126
126
126
125
125
125
125
126
126
126
124
124
125
126
126
126
126
126
127
125
125
126
125
125
124
123
125
125
126
126
125
125
125
126
126
125
124
125
126
126
125
124
126
126
124
124
125
127
126
122
124
125
125
125
126
126
127
128
128
126
123
123
125
126
126
126
126
125
124
125
126
126
126
126
124
124
125
126
126
126
125
125
124
125
125
125
126
126
126
125
125
126
127
126
125
125
124
124
125
126
126
126
127
127
126
123
121
121
124
125
125
127
129
128
126
124
126
128
126
122
121
124
126
127
127
128
126
124
123
122
123
125
127
128
126
126
126
126
125
125
125
124
123
123
125
126
128
128
126
125
125
126
127
125
123
124
122
120
122
127
130
128
126
126
127
130
129
128
128
126
122
119
120
123
121
118
121
128
134
130
122
124
133
136
127
119
120
125
122
119
125
131
125
119
123
128
129
125
122
125
129
130
131
126
120
126
134
124
117
125
129
122
124
126
118
123
135
126
117
131
134
117
123
139
124
109
127
135
119
124
141
127
104
115
138
135
122
124
127
121
122
132
135
127
122
124
121
116
125
142
139
115
104
123
143
135
122
128
129
116
121
96
127
125
139
138
122
110
120
137
135
126
127
131
128
122
121
122
125
127
122
121
128
131
126
125
127
127
125
128
133
129
114
117
128
133
123
120
125
130
127
127
134
134
126
125
130
126
118
121
130
131
121
118
125
132
131
128
123
119
122
132
131
118
111
124
135
133
128
126
126
127
128
124
119
120
122
127
128
125
124
128
133
129
123
125
129
132
132
132
127
111
109
126
134
125
122
128
126
122
127
129
122
121
131
133
123
122
128
129
125
125
124
118
116
125
132
129
127
129
128
125
125
127
127
122
115
114
127
139
133
122
120
127
134
129
117
115
128
139
132
116
115
129
137
133
118
107
111
131
144
142
131
121
117
120
122
123
124
129
129
125
120
118
127
135
133
127
123
122
123
131
132
124
121
126
124
117
118
127
135
132
122
119
126
130
128
123
122
127
129
127
123
123
125
124
123
127
132
132
126
121
123
128
128
126
124
123
122
121
126
131
130
128
125
124
125
123
121
123
127
127
125
122
132
129
129
125
130
129
121
112
116
128
133
135
138
129
116
110
113
125
135
140
139
128
113
116
129
110
89
131
180
152
100
106
143
156
125
74
78
139
167
142
119
123
126
122
119
115
120
137
135
116
122
138
130
120
125
125
121
126
129
120
113
119
131
132
126
124
128
133
128
123
122
123
126
128
126
127
127
127
123
121
125
129
130
127
120
120
125
127
126
126
128
129
129
122
118
121
124
123
128
134
132
124
120
120
121
130
139
132
117
113
123
128
130
132
122
109
117
132
134
128
121
117
122
132
135
130
124
119
115
120
130
134
136
132
121
114
108
112
132
156
148
116
99
108
125
140
141
129
124
80
125
125
125
125
125
125
125
125
125
125
125
125
125
125
125
125
125
125
125
125
125
125
125
125
125
125
125
125
125
125
125
125
125
125
125
125
125
125
125
125
125
125
125
125
125
125
125
125
125
125
125
125
125
125
125
125
125
125
125
125
125
125
125
125
125
125
125
126
125
125
125
125
125
126
126
126
125
125
126
126
126
125
125
125
125
125
125
125
125
125
125
125
125
125
125
125
125
125
125
125
125
125
125
125
125
125
125
125
125
125
125
125
125
125
125
125
125
125
125
125
125
125
125
125
125
125
125
125
125
125
125
125
125
125
125
125
125
125
125
125
125
125
125
125
125
125
125
125
125
125
125
125
125
125
125
125
125
125
125
125
125
125
125
125
125
125
125
125
125
125
125
125
126
125
126
126
126
126
126
126
126
126
125
126
126
125
126
126
126
126
126
126
126
126
126
125
126
126
126
126
126
125
126
126
126
125
126
126
126
126
126
126
126
126
126
126
126
126
126
126
126
126
126
126
126
126
126
126
126
126
126
126
126
126
126
126
126
126
126
125
126
126
125
126
126
126
125
126
125
126
125
125
126
125
125
126
125
125
125
125
126
125
125
125
125
126
125
126
125
125
125
126
125
126
126
126
126
125
126
125
126
125
126
125
125
126
125
125
125
125
126
125
126
126
125
125
126
125
125
125
125
126
126
125
126
126
126
126
125
126
125
125
126
125
126
125
125
125
126
126
126
125
125
125
125
126
125
125
125
125
125
125
126
125
125
125
126
126
126
126
126
126
126
126
126
125
125
125
125
125
125
126
126
121
