125
126
124
124
124
125
33
125
125
125
125
126
125
125
125
125
125
125
125
125
125
125
125
125
125
125
125
125
125
125
125
125
125
125
125
125
125
125
125
126
125
125
125
125
126
125
125
125
125
125
125
125
125
125
125
125
125
125
125
125
125
125
125
125
125
125
125
125
125
125
125
125
125
125
125
125
125
125
125
125
125
125
125
125
125
125
125
125
125
125
125
125
125
125
125
125
125
125
125
125
125
125
125
126
125
126
125
125
125
125
125
125
125
125
125
125
125
125
125
126
125
125
125
126
125
125
125
125
125
125
125
125
125
125
125
125
125
125
125
125
125
125
125
125
125
125
125
125
125
125
125
125
125
126
126
125
125
125
125
125
125
125
125
125
125
125
125
125
125
125
125
125
125
125
125
125
125
125
125
125
125
125
125
125
125
125
125
125
125
125
125
125
125
125
125
125
125
125
125
125
125
125
125
125
125
125
125
125
125
125
125
125
125
125
125
125
125
125
125
125
125
125
125
125
125
125
125
125
125
125
125
125
125
125
125
125
125
125
125
125
125
125
125
125
125
124
124
125
125
126
126
126
125
125
126
127
126
124
124
125
126
126
125
124
123
123
125
126
125
124
125
127
127
126
125
124
124
125
125
125
125
126
126
126
125
125
125
125
125
125
125
125
125
125
125
126
125
125
125
125
125
125
125
125
125
125
125
125
125
125
125
125
125
125
125
125
126
126
125
126
126
126
125
125
124
125
126
125
124
125
125
125
125
126
126
125
124
125
125
126
127
126
123
123
125
125
125
125
125
125
126
126
125
125
125
124
124
126
127
124
123
126
126
124
125
126
125
126
128
126
122
124
126
123
122
127
127
125
125
125
123
126
128
122
122
131
129
119
120
129
128
123
123
127
126
124
124
125
125
126
127
123
120
125
133
128
117
124
137
125
111
123
137
125
118
126
128
124
125
125
121
126
129
124
126
128
121
121
132
127
116
125
133
123
121
131
126
117
126
132
119
121
134
128
117
126
131
123
122
128
125
120
125
129
127
125
125
125
129
129
121
119
130
133
124
119
125
129
126
125
125
125
125
125
125
126
127
126
126
127
125
122
125
128
125
122
123
127
129
128
125
123
125
127
127
124
125
127
126
124
124
126
128
125
122
124
127
127
126
126
126
125
125
125
124
124
129
124
124
124
124
126
127
126
125
126
127
126
126
125
125
125
126
126
125
124
125
126
126
124
125
127
125
124
126
126
123
126
128
126
122
123
127
127
125
123
124
126
127
125
124
124
125
127
126
123
125
128
126
124
125
125
125
126
127
123
121
126
131
125
121
124
129
127
125
125
124
122
122
125
128
133
131
113
110
140
156
131
100
90
105
147
188
170
94
30
66
181
223
128
81
120
118
123
180
188
126
58
10
28
137
255
243
92
64
150
164
85
67
118
157
152
105
81
127
171
150
119
116
115
100
110
138
156
134
101
104
141
156
120
87
111
154
158
127
107
111
120
127
131
129
121
109
114
140
160
146
114
99
108
125
135
134
125
118
120
130
135
129
120
121
125
125
121
119
125
135
139
130
115
111
120
130
134
131
126
125
124
124
125
124
122
124
128
131
127
120
118
121
127
131
132
130
126
122
121
122
124
127
128
127
125
124
125
125
126
126
126
126
125
123
123
125
126
126
126
125
125
127
128
128
124
121
124
131
131
118
111
122
140
140
121
112
122
135
133
124
118
117
122
130
132
125
122
126
129
127
123
122
125
127
128
126
124
124
125
125
124
123
122
124
128
129
127
125
125
126
126
125
125
125
123
123
124
126
126
126
126
126
126
126
127
127
126
125
124
123
124
125
126
126
125
124
125
126
126
125
124
124
126
126
125
124
124
125
126
126
126
126
126
126
125
125
125
124
125
126
125
125
125
125
126
126
126
126
125
125
125
125
125
125
125
125
125
125
126
127
126
125
125
125
126
126
125
125
125
126
125
124
124
124
124
125
125
125
125
125
126
126
126
126
126
126
125
125
126
125
125
124
124
125
125
125
125
125
125
126
126
126
125
125
124
125
125
125
124
124
124
126
126
126
126
126
126
126
126
125
124
124
124
125
125
126
125
125
125
126
126
125
124
125
125
125
125
126
126
125
124
125
126
125
125
125
125
125
125
126
126
125
125
126
126
125
124
125
125
125
125
125
127
123
125
124
125
125
126
126
126
126
126
126
125
125
125
126
126
125
126
126
126
125
125
126
126
126
126
125
126
126
126
125
125
125
126
125
124
125
126
126
126
126
127
126
126
125
125
126
126
125
125
125
126
126
125
126
127
126
125
125
125
127
126
125
124
125
126
126
122
124
125
126
126
127
127
128
127
126
125
125
126
125
125
124
126
126
126
125
126
125
125
125
126
125
124
124
125
126
127
126
125
124
125
126
125
125
125
125
125
125
125
125
125
125
125
125
126
126
125
126
126
125
125
125
125
125
125
126
125
125
126
125
125
125
125
126
126
125
125
125
125
125
125
125
125
125
125
125
125
126
125
125
125
125
126
126
125
125
125
125
125
125
126
126
125
125
126
126
126
125
125
126
125
126
126
125
125
125
125
125
125
125
125
126
126
126
126
126
126
126
126
125
125
125
125
125
125
125
125
125
125
126
126
126
126
126
125
125
125
125
126
125
125
125
126
125
125
126
128
125
125
125
124
124
125
125
124
125
125
125
125
125
125
125
126
125
125
126
125
125
125
125
125
126
126
126
125
125
125
125
125
125
125
125
125
125
125
126
126
125
125
125
125
125
125
125
124
125
125
126
126
125
125
125
125
126
126
125
125
125
126
125
125
125
125
125
125
125
125
125
125
125
125
125
125
125
126
125
125
125
125
125
125
125
125
125
125
125
125
125
125
125
125
125
125
126
126
126
125
126
125
126
126
125
126
126
125
125
126
126
125
125
125
124
125
126
125
125
125
126
126
125
125
125
125
125
125
126
125
125
125
125
125
125
126
125
125
125
124
125
125
125
126
126
125
126
126
125
125
125
126
125
125
125
126
125
125
125
126
125
124
125
125
125
125
125
126
126
125
125
126
126
126
125
125
124
125
126
125
125
125
125
131
129
111
129
124
126
126
126
126
126
125
125
123
125
126
125
124
124
125
127
128
126
126
127
128
127
125
123
123
125
127
126
126
124
125
128
129
125
124
126
128
128
127
123
121
123
126
127
124
123
125
127
128
126
125
125
127
129
124
123
124
126
127
127
125
123
124
126
122
122
123
127
125
130
128
127
127
127
126
125
126
126
127
126
126
126
125
125
125
126
125
125
126
126
126
125
125
125
125
125
125
125
125
126
126
124
125
125
124
124
126
125
125
126
126
126
125
125
125
124
124
126
125
125
125
124
125
126
126
126
125
126
126
125
124
126
126
128
127
126
125
124
125
127
128
126
123
122
125
128
127
125
125
127
128
125
124
125
124
126
127
126
122
122
126
128
127
126
125
124
127
127
126
125
123
124
125
125
126
126
125
126
128
126
125
125
125
129
127
124
125
127
127
128
125
126
124
124
125
125
126
126
125
125
124
124
127
127
127
125
126
125
126
126
126
125
126
126
132
125
126
125
124
124
124
126
124
125
124
124
122
124
124
124
126
126
125
126
126
127
126
125
125
124
124
124
123
124
125
125
126
126
125
126
128
127
128
127
126
125
126
126
126
125
126
125
126
125
124
124
125
124
127
127
128
128
126
126
124
125
124
124
123
124
126
127
124
124
124
126
127
125
127
129
126
124
124
124
123
123
122
124
125
126
124
125
126
124
126
124
124
126
127
127
128
128
125
126
126
126
125
123
124
125
126
126
124
126
125
125
127
124
126
126
126
32
125
125
125
125
126
126
125
125
125
125
126
126
126
126
126
126
126
125
126
125
126
125
126
125
126
125
125
126
126
126
125
125
125
125
125
125
125
125
125
125
125
125
125
125
125
125
125
125
125
125
125
125
126
125
125
125
125
125
125
125
125
125
125
125
125
125
125
125
125
125
125
125
125
125
125
125
125
125
125
125
125
125
125
125
125
125
125
125
125
125
125
125
125
125
125
125
125
126
125
125
125
125
125
125
125
125
125
125
125
125
125
125
125
125
125
125
125
125
125
125
125
125
125
125
125
125
125
125
125
125
125
125
125
125
125
125
125
125
125
125
125
125
125
125
125
125
125
125
125
125
125
125
125
125
125
125
125
125
125
125
125
125
125
125
125
125
125
125
125
125
125
125
125
125
125
125
125
125
125
125
125
125
125
125
125
125
125
125
125
125
125
125
125
125
125
125
125
125
125
125
125
125
125
125
125
125
125
125
125
125
125
125
125
125
125
125
125
125
125
125
125
125
125
125
125
125
125
125
125
126
126
125
125
125
125
125
125
125
125
125
125
126
126
126
125
125
126
127
127
125
124
124
126
126
126
125
124
124
125
126
126
125
125
126
127
126
125
125
125
125
125
125
125
125
126
126
126
126
126
125
125
125
125
125
125
125
125
126
126
125
125
125
125
125
125
125
125
125
125
125
125
125
125
125
125
125
125
125
125
126
126
125
127
126
125
125
125
124
125
125
125
125
125
125
125
126
126
125
125
125
125
125
127
126
125
124
125
125
125
125
125
125
125
126
126
125
124
125
124
125
126
126
125
125
