135
127
119
118
124
126
69
125
125
125
125
125
125
125
125
125
125
125
125
125
125
125
125
125
125
125
125
125
125
125
125
125
125
125
125
125
125
125
125
125
125
125
125
125
125
125
125
125
125
125
125
125
125
125
125
125
125
125
125
125
125
125
125
125
125
125
125
125
125
125
125
125
125
125
125
125
125
125
125
125
125
125
125
125
125
126
125
125
126
125
125
125
126
126
125
125
125
125
125
125
125
125
125
125
125
126
125
125
125
125
125
125
126
125
125
125
125
125
125
125
125
125
125
125
125
125
125
126
125
125
125
125
126
125
125
125
125
125
125
125
125
125
125
126
125
125
125
125
125
125
125
125
126
125
125
125
125
125
125
125
125
125
125
125
125
125
125
125
125
125
125
125
125
125
125
125
125
125
125
125
125
125
125
125
125
125
125
125
125
125
125
125
125
125
125
125
125
125
125
125
125
125
125
125
125
125
125
125
125
125
125
125
125
125
125
125
125
125
125
125
125
125
125
125
125
125
125
125
125
125
125
125
125
125
125
125
125
125
125
125
125
125
125
125
125
125
125
125
125
125
125
125
125
125
125
125
125
125
125
125
125
125
125
125
125
125
125
125
125
125
125
125
125
125
126
125
125
125
125
125
125
125
125
125
125
125
125
125
125
125
125
125
125
125
126
126
125
125
125
125
125
125
125
125
125
125
125
125
125
125
125
125
125
125
125
125
125
125
125
125
125
125
125
125
125
125
125
125
125
125
125
125
125
125
125
125
125
125
125
125
125
125
125
125
125
125
125
125
125
125
125
125
125
125
125
125
125
125
125
125
125
125
125
125
125
125
125
125
125
125
125
125
125
125
125
125
125
125
125
125
125
125
125
125
125
125
125
125
125
125
125
125
125
125
125
125
125
125
125
125
125
125
125
125
125
125
126
124
125
125
125
125
125
125
125
126
126
125
125
125
125
125
125
125
125
125
125
125
125
126
126
126
126
126
126
126
125
125
125
125
126
126
126
125
126
126
125
126
126
125
125
125
125
126
126
126
125
125
125
125
126
126
125
125
125
126
125
125
125
126
125
125
125
125
125
125
126
125
126
126
126
126
125
125
125
125
125
125
126
125
125
125
126
126
125
125
125
125
126
126
125
125
125
125
125
125
125
126
125
125
125
126
126
125
125
126
125
126
125
125
126
125
126
125
125
126
125
125
125
126
125
126
125
125
126
126
126
125
125
125
126
126
125
125
125
125
126
125
125
125
125
126
125
125
126
126
126
125
125
125
125
125
125
126
126
126
125
125
125
125
126
125
125
125
125
126
126
126
126
125
125
125
125
125
125
126
125
125
125
125
125
126
126
125
126
125
126
126
125
125
125
125
125
125
126
126
125
125
125
126
126
126
125
125
125
126
126
126
125
125
126
126
126
126
126
125
126
126
125
125
125
125
125
125
125
126
126
126
126
125
125
125
125
125
125
126
127
126
126
126
125
125
125
126
126
125
125
125
125
125
125
126
125
125
125
125
125
125
125
126
126
125
125
126
126
125
125
125
126
126
125
124
125
125
125
125
125
125
125
126
127
126
125
125
126
127
127
126
125
124
124
124
125
126
125
125
125
125
126
126
125
125
125
125
126
126
125
125
125
125
126
126
126
126
126
126
125
125
125
126
125
124
124
125
125
125
125
126
126
126
125
125
126
126
126
125
125
126
126
125
125
124
123
122
124
127
130
128
125
126
128
126
122
121
125
127
124
123
124
126
126
127
124
125
125
125
125
126
126
126
125
125
126
126
125
125
125
126
126
125
125
125
125
125
126
126
125
125
126
126
126
126
126
126
126
125
126
126
125
124
125
127
126
124
125
126
126
125
125
127
127
125
124
126
127
126
124
123
124
124
125
128
129
128
126
124
123
123
127
127
122
118
124
131
130
125
125
127
126
125
123
118
121
139
160
154
97
31
53
186
255
171
20
18
187
255
237
1
43
92
209
188
90
62
175
235
140
39
25
104
210
191
73
45
162
227
122
25
87
182
166
92
103
158
145
94
102
141
156
137
128
110
99
101
128
157
145
98
102
162
174
118
82
82
100
136
168
154
122
121
124
115
121
136
133
112
108
128
129
113
129
155
143
113
103
113
131
135
127
122
125
118
115
134
152
141
111
97
114
144
146
121
105
114
131
145
149
124
92
99
131
143
137
134
132
127
123
116
107
117
142
143
118
110
125
133
127
121
125
127
123
121
125
127
129
134
133
127
125
120
112
121
136
132
119
120
126
128
127
125
123
121
119
125
134
133
128
133
131
113
102
112
127
137
141
132
120
121
132
132
122
114
117
122
126
126
129
132
130
123
118
120
127
134
136
131
122
117
117
122
125
126
129
128
122
120
128
127
120
124
134
132
120
115
124
135
134
124
118
123
131
127
115
118
130
132
129
128
124
117
115
124
134
140
139
124
108
109
123
129
127
128
132
132
130
127
122
114
116
126
131
126
121
122
124
129
133
131
124
120
122
126
123
119
127
138
131
118
125
139
117
85
99
159
186
130
75
106
142
127
133
154
109
58
139
212
126
16
124
235
119
47
139
184
123
94
106
117
137
145
121
114
133
132
119
120
119
107
115
158
184
141
78
72
118
153
151
126
107
114
132
135
129
128
126
118
116
124
130
131
127
123
123
130
123
116
115
125
138
139
128
119
119
124
128
130
126
119
118
126
127
130
156
122
36
57
249
255
12
87
199
255
96
79
144
255
80
57
153
255
183
108
19
255
251
19
8
139
247
203
72
24
99
179
190
131
72
88
150
165
126
103
135
160
123
76
97
146
153
132
126
111
93
115
162
168
127
100
106
128
140
131
114
116
127
128
129
131
126
121
125
126
122
121
128
135
132
123
116
122
129
127
121
119
123
129
138
133
107
96
136
179
143
67
88
174
158
100
109
136
128
123
110
106
142
168
115
85
110
180
148
80
95
151
155
114
105
125
144
143
125
103
113
135
131
118
122
128
122
118
132
148
137
115
113
127
132
126
121
117
117
125
132
131
129
129
128
123
122
122
120
122
126
127
127
125
124
129
134
130
123
122
123
124
124
124
125
125
122
119
124
128
130
129
130
129
128
128
128
124
119
118
122
127
128
127
124
122
122
125
128
129
128
126
127
125
125
124
123
124
130
131
121
117
126
133
131
124
122
124
123
122
127
131
129
125
121
118
121
128
131
128
124
130
127
129
127
122
120
125
128
125
121
123
126
127
126
125
126
128
126
124
124
126
124
123
126
129
130
126
123
124
128
126
121
118
122
128
132
130
123
120
122
126
128
127
125
125
125
125
126
125
126
126
125
124
125
124
124
126
128
128
126
123
123
124
126
127
127
124
124
128
129
125
122
124
127
128
124
122
124
125
125
126
130
130
126
121
122
125
123
121
124
127
128
126
127
128
125
124
126
127
124
123
126
126
122
121
126
128
126
125
127
129
126
124
122
124
127
126
123
123
125
124
124
124
126
128
134
108
127
119
126
127
130
128
124
122
125
128
129
128
123
124
125
126
126
126
127
126
124
124
125
124
126
128
129
127
125
123
124
126
129
128
126
124
123
125
126
126
128
129
127
124
121
121
123
126
129
131
127
123
123
126
126
126
124
125
126
126
123
123
124
129
128
126
113
122
125
125
127
131
128
126
126
126
126
127
127
127
126
126
125
125
125
124
123
125
128
126
123
123
126
128
125
124
127
126
123
121
123
128
126
123
123
126
127
127
124
125
128
127
125
122
122
126
128
128
124
121
122
125
127
128
127
126
123
124
127
127
125
125
130
127
124
121
125
128
127
126
126
124
121
123
125
127
124
122
124
127
129
129
126
124
122
121
68
125
125
125
125
125
126
125
125
125
125
125
125
125
125
125
125
125
125
125
125
125
125
125
125
125
125
125
125
125
125
125
125
125
125
125
125
125
125
125
125
125
125
125
125
125
125
125
125
125
125
125
125
125
125
125
125
125
125
125
125
125
125
125
125
125
125
125
125
125
125
125
125
125
125
125
125
125
125
125
125
125
125
125
125
125
125
125
125
125
125
125
125
125
125
125
125
125
125
125
125
125
125
125
125
125
125
125
125
125
125
125
125
125
125
125
125
125
125
125
125
125
125
125
125
125
125
125
125
125
125
125
125
125
125
125
125
125
125
125
125
125
125
125
125
125
125
125
125
125
125
125
125
125
125
125
125
125
125
125
125
125
125
125
125
125
125
125
125
125
125
125
125
125
125
125
125
125
125
125
125
126
125
125
125
125
125
126
125
125
126
125
125
126
125
126
125
125
125
125
125
125
125
125
125
125
126
125
125
125
125
125
125
125
126
125
126
126
126
126
126
126
126
126
126
126
126
126
126
126
126
126
126
126
126
126
126
125
126
125
126
125
126
126
126
126
125
125
125
125
126
126
126
126
126
126
126
125
126
126
125
126
125
125
125
125
125
125
125
125
126
125
126
126
125
125
125
126
125
126
125
126
125
125
126
125
125
125
126
125
126
125
125
126
125
126
125
126
125
125
126
125
125
125
126
125
126
125
125
125
125
125
126
126
125
125
126
126
125
126
125
125
125
126
126
126
125
125
126
126
126
125
126
125
125
125
126
126
126
125
125
125
126
126
126
125
125
126
126
126
126
125
125
126
171
