127
126
126
126
126
125
74
125
126
125
125
125
125
125
126
126
126
126
126
126
126
126
126
126
125
126
126
126
126
126
126
126
126
125
126
126
126
126
126
126
126
126
125
126
125
126
126
126
126
126
126
126
126
125
125
126
125
125
126
126
126
126
126
126
126
125
126
126
126
126
125
125
125
125
126
126
126
125
126
125
126
126
126
125
126
125
126
126
126
126
126
125
126
126
126
126
125
126
126
125
126
126
125
125
126
126
126
126
126
125
126
126
125
126
126
126
126
125
126
125
126
126
126
125
126
126
126
126
126
125
126
126
125
126
126
126
126
126
126
126
126
125
125
125
125
125
125
125
125
125
125
125
125
125
125
125
125
125
126
125
126
125
125
125
125
125
125
125
126
125
125
125
125
126
126
125
125
125
125
125
125
125
125
125
125
125
125
125
125
125
125
125
125
125
125
125
125
125
125
125
125
125
125
125
125
126
125
125
125
126
126
126
126
126
125
126
125
126
126
125
125
126
126
126
126
125
126
126
126
125
126
125
125
125
125
126
125
125
125
125
125
125
126
126
125
126
125
125
125
125
125
125
125
125
125
125
125
126
126
126
126
126
126
125
125
126
126
125
126
125
126
125
125
125
125
126
126
126
126
126
125
126
126
125
125
125
125
125
125
125
125
125
125
125
125
125
125
125
125
125
125
125
125
125
125
125
125
125
125
125
125
125
125
125
125
125
125
125
125
125
125
125
125
125
125
125
125
125
126
125
125
125
125
125
125
125
125
125
125
125
125
125
125
125
125
125
125
125
125
125
125
125
125
125
125
125
125
125
125
125
125
125
125
125
125
125
125
125
125
125
126
125
125
125
125
125
125
125
125
125
126
125
125
125
125
125
125
125
125
125
125
125
125
125
125
125
125
125
125
125
125
125
125
125
125
125
125
125
125
125
125
125
125
126
125
125
125
125
125
125
126
126
126
125
125
125
125
125
125
125
125
125
125
125
125
125
125
125
125
125
125
125
125
125
125
125
125
125
125
125
125
125
125
125
125
125
125
125
125
125
125
125
125
125
125
125
125
125
125
125
125
125
125
125
125
125
125
125
125
125
125
125
125
125
125
125
125
125
125
125
125
125
125
125
125
125
125
125
125
125
125
125
125
125
125
125
125
125
125
125
125
125
125
125
125
125
125
125
125
125
125
125
125
125
125
125
125
125
125
125
125
125
125
125
125
125
125
125
125
125
125
125
125
125
125
125
125
125
125
125
125
125
125
125
125
125
125
125
125
125
125
125
125
125
125
125
125
125
125
125
125
125
125
125
125
125
125
125
125
125
125
125
125
125
125
125
125
125
125
125
125
125
125
125
125
125
124
125
125
125
124
125
125
125
126
126
126
125
124
126
126
125
125
126
126
126
125
124
124
125
125
125
124
124
125
126
126
126
127
127
125
124
125
126
126
124
123
124
126
127
126
125
124
126
127
126
124
123
123
126
128
126
125
127
127
124
122
123
126
126
123
123
125
127
126
122
121
126
131
130
125
122
122
125
127
128
126
123
122
123
126
126
126
125
125
126
125
125
125
124
123
125
128
128
126
124
123
124
126
126
125
122
121
125
138
144
127
95
90
126
161
155
122
103
108
129
151
142
97
77
124
181
176
112
64
97
143
149
138
130
121
119
121
124
127
128
117
104
122
155
144
102
99
141
158
132
105
98
119
154
152
112
91
113
140
144
128
113
119
134
137
128
123
120
120
123
125
123
122
127
132
129
124
124
125
125
123
119
122
131
135
114
114
161
157
83
57
129
218
216
72
81
55
255
255
62
47
205
255
65
9
210
255
34
228
255
255
95
175
104
255
140
30
107
163
143
98
82
125
181
149
79
99
140
122
100
116
138
140
124
117
132
131
100
99
137
152
129
109
114
132
139
126
108
111
127
137
139
132
120
116
122
126
122
120
125
128
123
119
124
131
141
152
135
90
82
133
162
140
111
107
137
159
125
86
111
151
150
124
108
106
111
129
147
138
118
125
134
119
107
135
159
125
92
114
142
136
127
134
129
110
100
115
143
159
146
116
104
115
126
127
125
127
129
130
129
130
128
124
120
115
118
130
139
129
106
104
134
160
153
125
105
102
117
139
145
132
117
111
115
126
130
128
128
127
121
121
131
136
129
121
123
126
126
128
124
118
122
135
140
128
112
107
122
138
137
129
124
121
120
124
124
126
133
134
120
108
112
133
145
139
125
116
113
120
133
140
136
125
117
118
122
125
123
121
123
128
131
128
125
129
131
125
118
121
128
131
128
121
115
120
127
135
136
126
117
120
129
131
127
123
119
121
125
127
125
123
125
128
127
123
125
131
132
126
122
124
126
126
124
121
121
124
127
128
123
121
127
132
127
120
121
125
126
125
126
129
127
122
125
127
124
124
128
127
124
123
125
126
125
124
125
126
125
125
127
127
123
123
126
129
127
126
127
126
124
122
123
123
123
125
127
127
125
126
126
127
127
125
123
124
125
125
123
122
124
126
127
127
126
124
124
125
125
126
126
126
123
123
125
126
124
124
127
128
125
124
125
125
124
125
126
125
126
127
127
125
123
125
128
126
122
122
126
127
124
124
125
126
127
129
128
126
124
124
125
125
124
123
123
125
126
126
125
125
124
124
126
126
124
125
126
125
124
125
126
126
127
127
124
122
124
124
123
124
128
128
125
125
126
126
124
123
124
125
126
127
126
125
124
126
123
122
123
125
128
129
127
125
126
126
123
124
126
126
123
124
125
125
123
125
128
128
125
122
118
128
124
125
129
129
125
124
126
127
125
125
126
126
126
126
126
126
127
127
126
124
124
126
127
125
124
124
125
126
125
124
125
127
129
128
126
126
125
125
126
126
124
122
124
125
127
127
126
125
126
128
126
126
125
125
126
127
126
124
123
124
126
127
126
124
122
125
127
126
125
126
127
127
125
124
125
125
126
126
125
125
125
125
127
127
126
125
124
125
125
125
126
127
126
124
123
124
126
126
125
125
125
126
126
126
125
125
126
125
125
125
126
126
126
125
125
125
126
127
126
126
125
125
126
126
126
125
125
124
125
126
126
125
125
126
127
126
125
126
126
126
125
126
126
125
124
126
126
125
124
125
126
127
126
126
126
126
126
125
125
125
125
125
125
125
124
125
127
129
127
125
125
124
125
126
125
126
127
126
124
124
126
127
124
124
126
126
126
126
129
129
123
123
128
127
123
121
123
126
126
126
126
125
125
125
125
124
126
126
124
124
124
126
126
125
124
123
126
128
128
127
126
132
127
126
125
124
122
123
124
123
124
125
125
128
128
125
124
125
126
125
125
125
125
123
124
125
125
126
126
126
125
125
126
126
124
124
125
126
126
126
127
126
124
125
125
124
124
124
125
125
125
126
125
125
125
125
125
125
125
125
126
126
126
126
125
126
126
125
126
126
126
125
125
125
124
124
125
127
126
126
126
125
124
134
108
89
124
123
126
132
131
130
128
129
127
127
126
125
125
126
127
126
126
125
126
126
128
128
126
127
116
73
133
125
132
131
132
131
130
130
130
131
127
127
126
127
129
129
127
126
127
128
128
127
127
127
126
126
126
127
126
126
124
124
124
127
127
128
128
126
122
119
127
126
126
126
126
126
127
128
129
129
127
126
126
126
124
126
125
126
126
125
125
125
126
126
126
125
126
125
125
126
125
125
126
126
126
125
124
124
125
125
126
125
126
125
124
125
125
125
126
126
127
127
126
125
126
126
126
124
124
123
124
126
126
124
123
125
128
128
127
125
126
126
125
126
125
126
123
121
122
125
125
125
123
124
126
127
128
129
127
127
127
126
126
124
124
122
123
75
126
126
126
126
126
126
126
126
126
126
126
126
126
126
126
126
126
126
126
126
126
126
126
125
126
125
126
126
125
126
126
126
126
126
126
126
126
126
126
125
126
126
125
126
126
126
126
126
126
126
126
126
125
125
126
126
126
126
126
126
126
126
126
126
126
125
126
126
126
126
126
126
126
126
126
126
126
126
126
126
126
126
126
126
126
126
126
126
126
126
126
125
126
126
125
125
126
126
126
125
125
125
125
125
125
125
125
126
125
126
125
125
126
125
125
125
126
126
125
125
126
126
125
125
125
125
126
125
125
125
125
125
125
125
125
125
125
125
125
126
125
125
125
125
125
125
125
125
125
126
125
125
125
125
126
125
125
125
125
125
125
125
125
125
125
125
125
125
125
125
125
125
125
125
125
125
125
125
125
125
125
125
126
125
125
125
126
125
125
125
125
125
125
125
125
125
125
125
125
125
125
125
125
125
125
125
125
125
125
125
125
125
125
125
125
125
125
125
125
125
125
125
125
125
125
125
125
125
125
125
125
125
125
125
125
125
125
125
125
125
125
125
125
125
125
125
125
125
125
125
125
125
125
125
125
125
125
125
125
125
125
125
125
125
125
125
125
125
125
125
125
125
125
126
125
125
125
126
126
126
126
126
126
126
126
125
126
126
126
126
126
125
125
125
125
125
125
125
126
126
126
126
126
126
126
126
126
126
126
126
126
125
126
126
126
126
126
126
126
126
126
126
126
125
126
125
126
126
126
126
126
126
126
126
126
126
126
126
126
126
126
125
125
125
125
126
126
126
126
126
126
126
126
127
