128
128
122
121
127
131
83
125
125
125
125
125
125
125
125
125
125
125
125
125
125
125
125
125
125
125
125
125
125
125
125
125
125
125
125
125
125
125
125
125
125
125
125
125
125
125
125
125
125
125
125
125
125
125
125
125
125
125
125
125
125
125
125
125
125
125
125
125
125
125
125
125
125
125
125
125
125
125
125
125
125
125
125
125
125
125
125
125
125
125
125
125
125
125
125
125
125
125
125
125
125
125
125
125
125
124
125
126
125
125
125
125
126
125
125
125
125
125
125
126
125
125
126
125
126
125
125
125
125
126
126
126
126
126
126
126
126
126
126
125
125
125
126
126
126
125
126
126
126
126
126
126
126
126
126
126
125
126
126
126
126
126
126
126
126
126
126
126
126
126
125
125
125
126
125
126
126
126
126
126
126
126
126
126
126
125
126
125
125
125
126
126
126
125
125
125
125
125
125
125
126
125
125
125
125
125
125
125
125
125
126
125
125
126
126
126
125
125
125
125
125
125
125
126
125
125
125
126
126
125
125
125
126
125
125
125
125
125
125
126
126
125
126
125
126
126
126
125
125
125
126
126
126
125
125
125
126
126
126
126
126
126
126
125
126
125
125
125
125
125
125
125
125
125
126
125
126
126
126
125
125
126
125
125
125
125
126
126
126
125
126
126
126
126
126
126
125
125
125
125
125
125
126
126
126
125
126
126
126
126
126
126
126
125
126
126
126
126
125
126
125
126
126
125
125
125
125
125
125
125
125
125
125
125
125
125
125
125
125
125
125
125
125
125
125
125
126
126
126
125
125
125
125
125
125
125
125
125
125
125
125
125
125
125
125
125
125
125
125
125
125
125
125
125
125
125
125
125
125
125
125
125
125
125
125
125
125
125
125
125
125
125
125
125
125
125
125
125
125
125
125
125
125
125
125
125
125
125
125
125
125
125
125
125
125
125
125
125
125
125
125
125
125
125
125
125
125
125
125
125
125
125
125
125
125
125
125
125
125
125
125
125
125
125
125
125
125
125
125
125
125
125
125
125
125
125
125
125
125
125
125
125
125
125
125
125
125
125
125
126
125
124
125
126
125
126
126
126
125
125
125
125
125
125
125
125
125
126
126
126
126
125
124
125
125
126
125
126
126
126
126
125
125
125
125
126
126
126
126
126
126
126
125
126
126
125
125
126
125
125
126
126
126
126
126
126
126
126
126
125
125
125
125
125
126
126
125
125
125
125
126
126
126
126
126
126
126
126
125
125
125
125
125
125
125
125
125
126
126
125
125
125
125
126
125
125
125
125
125
125
125
125
125
125
125
125
125
125
125
125
125
125
125
125
126
125
125
126
125
125
125
126
126
126
125
125
125
125
125
125
125
125
125
126
126
127
126
125
126
127
127
125
125
126
126
125
125
126
125
125
125
126
126
126
124
123
126
129
127
123
124
126
128
126
124
123
123
125
128
129
127
126
125
125
126
126
125
124
125
125
125
126
126
126
125
126
126
126
125
126
126
126
124
124
125
125
126
126
126
127
127
126
126
125
125
126
126
126
125
125
125
125
126
126
125
125
126
128
127
126
125
125
125
126
126
125
125
125
125
126
126
125
125
125
126
126
126
125
125
126
126
126
126
126
126
125
125
125
125
125
125
126
125
125
125
126
126
126
125
125
126
126
125
125
125
125
125
125
126
126
125
125
126
126
126
126
125
124
125
125
125
125
125
125
125
126
126
125
126
126
126
126
125
125
125
125
125
125
125
125
125
125
125
125
125
125
126
126
125
125
126
125
125
125
126
125
125
126
125
125
125
125
125
125
126
126
125
125
125
126
125
125
125
125
125
125
125
125
125
125
125
125
125
125
125
125
125
125
125
125
123
130
128
123
122
122
124
125
126
127
126
127
126
126
125
124
125
125
125
124
125
125
125
125
126
125
125
125
125
125
125
125
125
125
125
125
126
125
125
125
125
125
125
126
126
125
125
125
125
125
126
127
124
124
125
126
125
125
125
126
126
125
125
125
125
126
125
125
126
126
126
125
126
126
126
125
125
123
125
125
125
127
127
127
126
126
126
126
126
125
125
126
126
126
126
125
125
125
126
126
126
125
125
126
126
126
126
126
126
126
125
125
126
126
126
125
126
126
126
124
125
125
125
125
126
126
126
126
125
125
126
127
126
125
125
126
126
126
126
125
125
125
126
126
126
124
125
125
126
126
126
126
126
126
126
125
125
125
125
125
125
125
126
126
126
126
126
126
126
126
125
126
125
125
125
126
126
125
125
126
126
125
125
125
126
126
126
125
125
126
126
126
125
125
125
125
126
126
125
126
126
126
126
125
126
126
125
125
126
126
126
126
125
126
125
125
126
125
125
126
126
126
126
126
125
126
126
126
126
126
126
125
126
126
125
125
126
126
126
126
125
126
125
126
126
126
125
125
125
125
126
126
126
126
126
125
125
126
127
126
124
125
127
126
125
125
126
125
125
129
127
125
124
124
124
126
125
125
123
125
127
127
124
125
127
126
125
125
126
124
125
128
127
124
122
124
128
130
127
123
125
128
125
121
123
126
124
123
127
128
125
126
126
121
122
129
127
123
126
128
126
125
125
124
125
130
126
119
120
126
128
126
126
128
129
125
124
126
125
120
121
127
128
125
126
129
129
127
124
121
120
122
124
125
127
127
128
127
125
122
122
126
127
125
124
130
129
121
122
129
128
121
121
125
124
124
126
128
127
126
125
126
128
127
121
117
120
124
125
129
134
135
133
129
123
119
118
117
118
119
120
121
124
129
135
139
138
135
133
132
128
121
116
115
115
111
110
115
121
126
128
131
137
140
139
139
136
132
126
119
114
112
111
111
112
116
122
128
133
136
137
137
136
134
130
124
120
119
120
120
121
123
125
129
120
113
127
123
125
127
129
130
128
128
129
129
125
124
124
120
120
128
128
121
122
123
111
122
139
126
124
133
128
122
134
136
122
124
128
113
115
140
136
123
140
140
101
110
158
143
101
125
136
85
104
177
146
83
133
160
81
87
185
161
76
125
186
102
58
149
179
97
99
164
130
67
123
193
139
84
134
158
98
87
148
149
101
123
164
127
80
114
159
139
110
128
141
112
103
138
148
129
123
132
121
96
104
139
155
131
106
112
130
130
127
132
131
121
123
124
115
113
134
149
134
118
118
119
123
134
131
113
119
140
137
108
96
118
146
155
153
143
114
87
104
135
139
131
127
113
105
120
140
145
133
108
103
130
156
144
114
106
122
135
129
111
109
132
149
140
119
108
118
142
143
122
105
109
127
142
142
131
118
118
138
150
116
103
126
124
115
143
156
116
94
126
144
119
121
154
140
93
102
140
133
114
124
137
126
120
129
128
114
123
142
127
102
122
146
130
108
122
143
138
118
114
121
125
128
135
137
128
117
116
120
120
121
128
130
124
122
129
133
126
120
122
128
133
133
125
114
114
127
133
128
121
126
132
127
122
124
129
126
121
121
126
126
122
121
123
123
122
123
124
128
133
131
123
120
126
131
133
128
123
121
126
131
128
121
121
124
125
126
127
126
124
126
128
125
123
125
125
122
123
124
126
126
128
128
124
122
124
125
127
129
127
123
122
121
128
126
126
125
125
126
127
126
125
125
127
129
129
125
121
119
114
112
126
131
131
129
125
127
129
128
125
123
122
122
125
128
128
126
125
123
125
124
101
83
132
125
129
136
143
140
131
125
123
126
129
126
121
122
132
136
129
124
125
124
123
131
135
128
119
119
126
133
132
124
120
125
130
128
125
124
125
126
123
124
129
130
123
114
118
134
128
123
125
129
131
128
125
126
131
130
125
123
125
128
126
122
123
125
131
127
121
84
126
126
126
126
126
126
125
126
126
126
126
126
125
126
126
126
126
126
125
126
126
126
126
126
126
126
125
125
125
125
125
126
125
126
125
125
125
126
125
125
126
126
126
125
126
125
126
125
126
126
125
126
125
125
126
126
125
125
126
126
126
126
126
125
125
125
125
125
125
125
126
126
126
126
126
126
125
125
125
126
126
125
126
125
126
125
125
125
126
125
125
125
125
125
126
125
125
126
125
126
126
125
125
125
125
126
126
125
126
126
126
126
125
126
126
126
125
125
126
126
126
126
125
126
125
125
125
125
126
125
125
126
126
126
126
126
125
125
125
126
126
126
126
125
125
126
126
126
125
125
125
126
126
126
126
125
125
125
125
125
125
125
125
125
126
126
126
126
126
126
126
125
125
125
125
125
125
125
125
126
126
126
126
126
125
125
125
125
126
125
125
125
125
126
125
126
125
125
125
126
126
126
125
125
125
125
125
125
125
125
125
125
125
125
125
125
125
125
125
125
125
125
125
125
125
125
125
125
125
125
125
125
125
125
125
125
125
125
125
125
125
125
125
125
125
125
125
125
125
125
125
125
125
125
125
125
125
125
125
125
125
126
126
125
125
125
125
125
125
126
125
125
125
125
126
125
125
125
125
125
125
125
125
125
125
125
125
125
125
125
125
125
125
125
126
125
125
125
125
125
125
125
125
125
125
125
125
125
125
125
125
125
125
125
125
125
125
125
125
125
125
125
125
125
125
125
125
125
125
125
125
125
125
125
125
125
125
125
125
125
125
125
125
125
125
125
125
125
125
125
125
125
125
121
