127
124
122
122
122
124
69
125
125
125
125
125
125
125
125
125
125
125
125
125
125
125
125
125
125
125
125
125
125
125
125
125
125
125
125
125
125
125
125
125
125
125
125
125
125
125
125
125
125
125
125
125
125
125
125
125
125
125
125
125
125
125
125
125
125
125
125
125
125
125
125
125
125
125
125
125
125
125
125
125
125
125
125
125
125
125
125
125
125
125
125
125
125
125
126
125
125
125
125
125
125
125
126
125
125
125
125
125
125
125
125
125
125
125
125
125
125
125
125
125
125
125
125
125
125
125
125
125
125
125
125
125
125
125
125
125
125
125
125
125
125
125
125
125
125
125
126
125
125
125
125
125
125
125
125
125
125
125
125
125
125
125
125
125
125
125
125
125
125
126
126
126
126
126
126
126
125
126
125
126
126
125
126
125
125
126
126
126
126
125
126
125
126
126
125
125
126
126
125
126
125
125
126
126
125
126
126
126
126
125
126
125
126
126
125
125
126
126
126
126
125
126
126
126
126
125
125
125
125
125
125
125
125
125
125
125
125
125
126
125
125
125
125
125
125
125
125
126
125
125
125
126
125
125
125
125
125
126
125
125
126
126
125
125
125
126
125
125
125
125
126
125
125
125
125
125
125
126
126
126
126
125
126
126
125
125
126
125
125
126
125
125
126
126
125
125
126
126
126
125
125
125
125
125
125
126
126
125
125
126
126
126
126
125
126
125
125
126
125
125
125
125
125
125
125
125
125
125
125
126
125
126
125
126
126
126
125
125
125
125
125
126
125
126
126
126
125
126
125
125
125
125
125
126
125
126
125
126
126
125
125
126
126
126
126
126
126
126
125
125
125
125
125
125
125
125
125
125
125
125
125
126
126
126
125
125
126
126
125
125
125
125
125
125
125
125
125
125
125
125
125
125
125
125
125
125
125
125
125
125
125
125
125
125
125
125
125
125
125
125
125
125
125
125
125
125
125
125
125
125
125
125
125
125
125
125
125
125
125
125
125
125
125
125
125
125
125
125
125
125
125
125
125
125
125
125
125
125
125
125
125
125
125
125
125
125
125
125
125
125
125
125
125
125
125
125
125
125
125
125
125
125
125
125
125
125
125
125
125
125
125
125
125
125
125
125
125
125
125
125
125
125
125
125
125
125
125
125
125
125
125
125
125
125
125
126
125
125
125
125
125
125
125
125
125
125
125
125
125
125
125
125
125
125
125
125
125
125
125
125
124
125
125
126
126
126
126
126
126
125
126
126
125
125
125
126
126
125
125
125
125
126
126
126
126
125
126
125
125
126
125
125
125
125
126
126
125
125
126
125
125
125
126
125
125
126
126
126
126
126
125
126
125
125
125
125
126
126
125
125
126
126
126
125
125
125
126
125
125
126
126
125
125
126
125
126
125
125
125
126
126
125
125
125
126
126
126
125
125
125
126
126
126
125
125
125
125
126
126
125
125
125
126
126
126
126
125
125
126
126
126
126
126
126
126
125
125
125
125
125
126
126
125
125
125
125
126
125
125
125
125
126
126
126
126
126
125
125
125
126
126
125
125
125
125
125
125
126
125
125
125
126
126
126
125
125
126
127
126
126
125
126
126
126
126
126
125
125
125
126
125
125
125
126
126
126
125
126
126
126
125
125
125
126
126
125
125
125
126
127
127
126
125
126
126
125
125
126
126
125
125
125
126
126
125
124
124
125
125
124
125
128
130
129
126
125
126
125
122
121
123
128
127
125
125
126
126
127
127
126
125
125
125
124
124
125
125
125
125
126
126
126
126
126
126
125
125
125
125
125
125
125
125
125
126
127
126
125
126
126
126
125
125
126
126
125
125
126
125
124
125
127
126
124
124
126
126
125
125
127
127
125
124
124
124
124
127
130
129
124
122
124
125
128
129
124
120
124
128
126
122
123
126
128
128
127
126
126
124
124
122
118
117
128
149
161
132
66
42
131
244
203
29
15
140
255
231
51
24
65
197
255
195
60
18
48
214
255
163
38
82
136
65
66
188
221
127
62
86
136
152
149
126
106
112
144
149
111
104
136
149
103
93
141
167
155
124
80
65
127
195
176
102
60
81
139
172
146
113
120
134
133
127
115
108
121
147
148
115
85
104
155
172
140
94
78
111
163
173
130
90
90
120
153
153
123
98
101
120
142
153
139
117
106
109
122
141
147
134
118
116
120
118
120
135
141
128
117
120
124
130
139
126
105
104
126
143
141
126
111
109
126
141
135
126
126
124
119
122
126
122
126
135
132
119
112
117
131
139
128
120
126
129
125
123
122
120
123
125
125
127
129
127
126
129
133
128
120
117
122
127
126
124
122
120
122
129
136
136
125
114
115
126
140
140
126
116
118
122
121
120
124
132
132
124
123
132
127
112
114
132
142
136
125
123
124
118
109
113
127
140
143
135
128
121
114
121
132
128
114
110
117
130
144
147
129
111
114
126
129
124
121
120
124
134
143
135
116
108
119
129
125
120
125
134
132
125
123
128
132
128
118
112
117
134
143
129
111
121
142
121
80
91
165
201
135
69
101
141
127
139
163
102
35
135
230
130
2
132
254
120
36
132
184
124
93
102
119
148
155
114
98
123
138
133
130
117
98
109
156
181
138
81
79
122
156
158
131
103
102
124
137
135
130
125
120
120
126
130
126
121
121
127
129
123
115
120
132
138
130
121
123
129
128
122
119
122
123
127
133
128
128
153
124
29
56
255
255
10
104
192
255
100
87
139
255
92
63
147
255
179
117
15
255
255
24
17
127
255
223
77
14
95
185
195
125
56
71
149
183
141
99
123
159
131
79
93
143
156
137
130
116
91
95
147
172
140
108
105
121
134
125
116
125
134
129
126
128
126
123
124
124
121
123
133
138
133
121
116
124
133
128
119
114
118
133
140
128
107
102
138
175
143
74
89
170
158
102
106
135
130
126
114
107
135
158
118
98
116
175
150
81
92
146
155
115
103
122
145
145
124
98
107
138
142
125
119
124
123
119
127
141
139
121
116
128
132
122
116
116
121
129
133
130
129
127
124
123
127
128
123
121
124
126
125
123
124
131
134
128
120
119
123
127
127
127
126
125
125
123
122
125
128
131
130
126
123
123
125
126
125
124
125
127
128
126
124
123
123
124
128
128
126
126
127
126
125
125
124
122
125
130
128
124
124
126
128
126
126
128
127
125
125
126
123
122
127
128
126
126
126
124
120
122
127
129
129
127
124
124
125
126
124
128
128
129
126
125
125
125
124
125
127
127
123
121
122
126
128
126
125
128
128
124
121
123
127
127
126
128
129
125
121
121
123
124
126
129
129
128
127
124
124
126
128
124
125
128
127
124
124
123
121
123
127
127
126
127
128
125
121
121
126
129
129
126
124
125
122
120
123
126
131
129
126
125
125
124
126
129
129
124
120
122
125
126
124
122
124
130
132
127
122
124
126
125
122
124
126
126
124
122
124
128
130
129
127
123
124
123
122
121
124
127
130
127
123
124
128
128
124
122
122
125
129
130
123
120
124
130
131
128
124
122
127
128
126
122
121
123
127
128
126
122
122
125
128
129
129
126
124
124
124
124
123
125
126
128
129
127
124
122
122
124
127
128
126
123
126
129
126
122
124
127
129
129
126
122
121
123
125
127
127
126
123
123
126
127
122
112
128
130
128
126
124
123
123
127
129
127
124
125
127
128
129
128
126
124
125
124
123
122
125
128
127
127
128
128
127
124
121
122
124
125
124
124
127
129
129
129
129
126
123
122
123
125
127
128
127
124
124
126
126
126
127
127
125
123
124
125
124
124
125
127
129
121
118
125
124
125
129
129
126
128
128
127
127
128
127
125
125
128
127
124
123
124
68
125
125
125
125
125
125
125
125
125
125
125
125
125
125
125
125
125
125
125
125
125
125
125
125
125
125
125
125
125
125
125
125
125
125
125
125
125
125
125
125
125
125
125
125
125
125
125
125
125
125
125
125
125
125
125
125
125
125
125
125
125
125
125
125
125
125
125
125
125
125
125
125
125
125
125
125
125
125
125
125
125
125
125
125
125
125
125
125
125
125
125
125
125
125
125
125
125
125
125
125
125
125
125
125
125
125
125
125
125
125
125
125
125
125
125
125
125
125
125
125
125
125
125
125
125
125
125
125
125
125
125
125
125
125
125
125
125
125
125
125
125
125
125
125
125
125
125
125
125
125
125
125
125
125
125
125
125
125
125
125
125
125
125
125
125
125
125
125
126
125
125
125
125
125
126
126
125
125
125
125
126
125
126
125
126
125
125
125
125
125
125
125
125
125
125
125
126
125
125
125
125
125
125
125
125
125
125
125
125
125
125
125
125
126
125
125
125
125
125
126
125
126
126
126
126
126
125
125
125
126
125
125
125
126
126
125
125
125
125
125
126
125
126
125
126
125
125
125
126
125
125
126
125
125
125
126
126
126
125
126
125
125
125
126
125
125
125
125
126
126
126
125
126
125
125
125
125
125
126
126
125
125
125
125
125
125
125
125
125
125
126
125
125
126
125
126
125
126
125
126
125
125
125
126
126
126
125
125
125
126
125
126
125
125
125
126
125
126
125
125
125
125
125
126
125
125
126
125
125
126
126
126
126
126
125
125
125
125
126
126
126
125
125
125
125
126
125
126
125
126
125
125
125
255
