130
136
138
125
122
129
83
126
126
126
126
125
125
126
126
126
126
126
125
126
126
126
126
126
126
126
126
126
126
125
125
125
126
126
126
125
125
126
126
126
126
126
126
126
126
126
125
125
125
126
126
126
126
126
126
126
126
126
126
125
125
126
126
126
126
125
125
126
126
126
126
126
126
126
126
125
126
126
126
126
125
126
126
126
126
126
126
126
125
126
126
126
126
126
125
126
126
126
125
126
126
125
126
126
126
126
126
126
126
126
126
126
126
125
126
126
126
126
125
126
125
126
125
126
126
126
126
126
126
126
125
126
125
125
125
125
125
125
125
125
125
125
126
125
125
125
125
125
125
125
125
125
126
126
125
125
126
125
125
125
125
125
125
125
125
125
125
125
125
125
125
125
125
125
125
125
125
125
125
125
125
125
125
125
125
125
125
125
125
125
125
125
125
125
125
125
125
125
125
125
125
125
125
125
125
125
125
125
125
125
125
125
125
125
125
125
125
125
125
125
125
125
125
125
125
125
125
125
125
125
125
125
125
125
125
125
125
125
126
124
125
125
125
125
126
126
126
126
126
126
126
126
126
125
125
126
126
126
125
125
126
126
126
126
126
126
126
126
126
125
125
125
125
126
126
125
125
126
126
126
126
126
126
126
126
126
126
126
126
126
126
126
126
126
126
126
126
126
126
126
126
126
126
126
126
126
125
125
126
126
126
126
126
126
126
126
126
125
125
126
125
126
125
126
125
126
125
126
126
126
126
125
126
125
125
125
125
126
126
126
125
126
125
125
125
125
126
125
125
126
125
126
125
126
126
126
126
126
126
125
126
126
125
126
126
126
126
125
126
126
126
126
126
126
126
126
126
126
126
126
126
125
126
125
126
126
126
126
126
126
126
125
126
125
125
126
126
126
126
126
125
126
126
125
126
126
126
126
126
126
126
125
126
126
125
126
126
125
126
126
126
125
125
126
126
126
126
126
125
126
126
126
126
126
125
125
126
126
126
126
126
126
126
126
126
126
126
126
126
126
125
126
126
125
125
125
127
126
126
126
125
125
125
125
125
125
125
125
125
125
125
126
125
126
125
126
125
126
126
126
126
125
125
125
126
126
125
125
126
126
126
125
125
125
125
125
127
126
125
125
125
126
126
125
125
125
125
125
125
125
125
125
125
125
125
125
125
125
125
125
125
126
126
126
125
125
126
125
125
125
125
125
125
125
126
126
125
125
125
125
125
125
125
125
125
125
125
125
125
125
125
125
125
125
125
125
126
125
125
125
125
126
125
125
125
125
125
126
125
125
125
125
125
125
125
125
125
125
125
125
125
125
125
125
125
125
125
125
125
125
125
126
126
126
125
125
125
125
125
124
125
125
125
125
126
127
126
125
126
126
126
126
125
125
125
124
125
126
126
124
124
125
126
126
125
122
124
129
129
124
122
126
128
126
124
123
123
124
127
129
128
124
125
125
126
126
125
124
124
126
126
125
126
126
125
126
127
126
125
126
127
126
124
124
124
125
126
126
126
127
127
127
126
125
125
126
126
126
125
125
125
125
126
126
125
125
125
126
126
126
126
125
126
126
126
126
125
125
125
126
126
126
125
125
126
126
126
125
124
125
126
126
125
126
126
126
126
126
126
125
125
125
125
125
126
126
126
126
126
126
126
126
125
125
124
125
125
125
125
125
125
126
126
126
126
126
126
125
125
125
125
125
125
125
125
126
126
125
125
126
127
126
126
126
126
126
126
126
125
125
125
125
125
126
125
125
126
126
126
125
126
126
125
125
126
125
125
125
125
125
126
126
126
125
125
126
126
126
125
125
126
126
125
125
125
125
126
126
126
126
125
126
126
125
125
125
125
125
125
125
125
126
126
126
125
125
126
126
125
125
126
126
126
126
126
125
125
126
126
125
125
125
125
125
125
125
125
125
125
126
125
125
126
126
125
125
126
126
127
125
125
125
125
125
125
125
125
125
125
125
126
126
126
125
125
126
125
125
125
126
125
125
125
125
126
126
125
125
126
126
126
125
125
126
126
126
125
125
125
126
126
126
125
125
125
126
125
125
126
126
125
125
125
125
125
125
125
125
125
125
125
125
125
125
125
125
126
126
124
125
126
126
126
125
125
125
125
126
126
125
124
125
126
126
125
124
125
125
126
126
125
125
125
125
126
126
126
125
125
125
125
125
125
125
126
126
125
125
126
126
126
125
125
125
125
124
125
126
126
125
124
125
126
125
125
125
125
125
126
126
125
125
125
125
125
125
125
125
125
125
126
126
126
126
126
126
126
124
125
125
124
125
125
126
126
126
126
126
126
126
126
126
125
125
125
126
125
125
121
124
125
126
126
127
127
127
127
126
126
126
125
126
126
126
126
125
125
126
126
126
126
125
126
126
126
126
125
126
126
126
125
126
126
126
126
126
126
126
125
125
126
126
126
124
124
125
125
126
128
127
126
126
127
126
125
125
127
126
124
125
127
126
124
124
125
127
128
126
124
124
126
127
125
124
126
127
125
124
126
125
124
127
128
125
123
123
126
128
127
123
122
128
129
124
124
128
126
122
123
128
126
126
128
125
122
127
129
124
124
128
127
124
124
123
123
129
132
125
121
124
128
125
124
124
127
126
125
129
130
125
121
125
129
125
123
125
126
127
128
126
125
123
124
124
125
125
126
127
127
126
125
126
127
126
123
126
128
122
118
125
130
126
124
127
128
126
127
129
129
126
123
121
122
125
123
121
123
126
128
130
132
133
131
128
125
122
123
123
120
116
115
117
119
128
133
138
140
141
139
138
134
125
115
111
110
107
104
106
115
126
132
135
140
145
145
141
136
131
128
121
114
111
112
115
118
121
125
129
130
131
131
130
130
129
128
125
123
121
121
121
122
124
126
127
127
128
127
124
122
121
122
125
127
129
132
131
126
128
127
119
117
125
125
120
124
123
118
131
142
128
122
132
122
109
129
139
120
122
133
113
108
144
144
113
133
151
100
87
155
161
97
109
151
97
79
169
176
85
110
175
102
57
159
190
91
90
180
139
57
113
186
130
89
141
149
85
92
167
163
99
110
153
125
85
120
151
123
113
148
139
94
95
143
154
127
118
135
129
108
120
143
142
104
85
132
108
102
128
160
156
121
107
124
131
122
125
134
129
122
124
120
114
127
146
113
119
121
123
122
131
140
132
124
134
137
121
105
112
134
147
149
150
135
98
87
119
137
133
131
127
113
114
134
149
145
122
101
111
144
156
132
107
109
122
128
123
114
124
143
137
124
112
116
131
137
130
122
118
124
137
142
131
115
113
126
135
125
111
113
129
141
137
124
116
120
130
133
126
125
127
125
122
126
126
118
113
120
126
130
132
131
127
123
124
126
127
125
124
125
128
130
128
122
123
124
124
123
122
124
128
131
130
124
121
124
127
129
128
126
124
123
121
122
124
127
129
128
124
121
123
129
131
129
125
120
118
123
131
134
128
123
125
126
123
123
125
125
125
124
125
123
123
127
128
128
128
129
126
119
116
125
133
129
122
122
127
132
132
129
124
120
123
130
131
125
120
120
123
130
130
130
122
118
121
129
132
128
122
119
125
134
133
120
116
125
131
128
126
130
133
121
119
124
121
120
126
132
129
123
125
128
125
121
122
124
124
126
130
135
130
121
117
124
131
138
127
122
122
124
125
122
120
119
122
129
131
127
122
121
125
127
126
125
128
129
128
124
123
126
127
124
118
124
128
130
126
122
120
126
133
132
128
124
121
121
123
126
125
120
119
124
131
131
127
125
125
127
126
124
122
122
125
127
125
126
127
130
133
124
112
112
127
136
132
125
125
123
122
121
122
127
131
133
130
126
124
84
126
125
125
125
126
125
125
125
125
125
125
125
125
125
125
125
125
125
125
126
126
125
125
126
125
125
125
125
125
125
125
125
126
125
126
126
125
126
125
126
125
125
125
126
125
125
126
125
125
126
125
125
126
125
125
125
125
125
125
125
125
125
126
125
125
125
125
125
125
125
126
125
125
125
125
125
125
125
126
126
125
125
125
125
125
125
125
125
125
125
125
125
125
125
125
125
125
125
125
125
125
125
125
125
125
125
125
125
125
125
125
125
125
125
125
125
125
125
125
125
125
125
125
125
125
125
125
125
125
125
125
125
125
125
125
125
125
125
125
125
125
125
125
125
125
125
125
125
125
125
125
125
125
125
125
125
125
125
125
125
125
125
125
125
125
125
125
125
125
125
125
125
125
125
125
125
125
125
125
125
125
125
125
125
125
125
125
125
125
125
125
125
125
125
125
125
125
125
125
125
125
125
125
125
125
125
125
125
125
125
125
125
125
125
125
125
126
125
125
125
125
125
126
125
125
125
125
126
125
125
125
125
125
126
125
126
126
125
125
126
125
125
125
125
125
125
126
125
125
125
125
126
126
125
125
125
125
126
125
125
125
125
125
125
125
125
125
126
126
126
126
126
126
126
126
126
126
125
126
126
126
125
125
125
126
126
126
126
126
126
126
126
125
126
125
126
125
125
125
125
125
126
126
125
125
126
125
125
125
125
125
125
126
125
125
125
125
125
125
125
126
126
126
125
125
125
126
125
125
125
125
125
126
125
126
125
125
126
126
125
126
126
126
126
125
125
125
126
126
126
125
126
126
120
