131
125
120
124
132
134
84
125
125
125
125
125
125
125
125
125
125
125
125
125
125
125
125
126
125
125
125
125
125
125
125
125
126
125
125
126
125
125
125
125
125
125
125
125
125
125
125
125
125
125
125
125
125
125
125
125
125
125
125
125
125
125
125
125
125
125
125
125
125
125
125
125
125
125
125
125
125
125
125
125
125
125
125
125
125
125
125
125
125
125
125
125
125
125
125
125
125
125
125
125
125
125
125
125
125
125
125
125
125
125
125
125
125
125
125
125
125
125
125
125
125
125
125
125
125
125
125
125
125
125
125
125
125
125
125
125
125
125
125
125
125
125
125
125
125
125
125
125
125
125
125
125
125
125
125
125
125
125
125
125
125
125
125
125
125
125
125
125
125
125
125
125
125
125
125
125
125
125
125
125
125
125
125
125
125
125
125
125
125
125
125
125
125
125
125
125
125
125
125
125
125
125
125
125
125
125
125
125
125
125
125
125
125
125
125
125
125
125
125
125
125
125
125
125
125
125
125
125
125
125
125
125
125
125
125
125
125
125
125
125
125
125
125
125
125
125
125
125
125
125
125
125
125
125
125
125
125
125
125
125
125
125
125
125
125
125
125
125
125
125
125
125
125
125
125
125
125
125
125
125
125
125
125
125
125
125
125
125
125
125
125
125
125
125
125
125
125
125
125
125
125
125
125
125
125
125
125
125
125
125
125
125
125
125
125
125
125
125
125
125
125
125
125
125
125
125
125
125
125
125
125
125
125
125
125
125
125
125
125
125
125
125
125
125
125
125
125
125
125
125
125
125
125
125
125
125
125
125
125
125
125
125
125
125
125
125
125
124
125
125
126
125
126
125
125
125
125
125
125
126
125
126
125
125
125
125
125
126
126
126
125
125
126
126
126
126
125
126
125
125
126
125
125
125
125
125
125
125
125
125
126
125
125
125
125
125
125
125
126
126
125
125
125
126
126
125
126
125
125
126
125
125
125
125
125
125
125
125
125
126
126
125
126
125
125
125
125
125
125
125
125
125
125
125
125
125
125
125
125
125
125
125
125
125
125
125
125
125
125
125
125
125
125
125
125
125
125
125
125
126
125
125
125
125
125
125
125
125
125
125
125
125
125
125
125
125
125
125
125
125
125
125
125
125
125
125
125
125
125
125
125
125
125
125
125
125
125
125
125
126
125
125
125
125
125
125
125
125
125
125
125
125
125
125
125
125
125
125
125
125
125
125
125
125
125
125
125
125
125
125
125
125
125
125
125
125
125
125
125
125
125
125
125
125
125
125
125
125
125
125
125
125
125
125
126
125
125
125
125
125
125
125
125
125
127
125
125
125
125
125
125
125
125
125
125
125
125
125
125
125
125
125
125
125
126
125
125
125
126
125
125
125
126
126
125
124
125
126
125
125
125
125
126
126
124
124
126
127
125
124
125
126
126
125
125
125
125
126
126
126
125
125
125
126
125
125
125
126
126
125
123
124
126
126
125
125
125
126
126
125
124
124
126
126
125
124
124
125
126
126
126
125
125
125
125
125
125
125
125
125
125
125
125
125
125
125
125
125
126
126
125
125
125
125
125
125
125
125
125
125
125
125
125
125
126
125
125
125
125
126
126
125
125
125
126
125
125
125
125
126
126
125
125
125
125
125
125
126
125
125
125
125
124
125
126
125
125
125
125
125
125
125
124
125
126
125
125
126
125
125
125
126
125
125
125
126
125
126
126
125
125
126
126
125
125
125
125
125
125
125
125
125
125
125
125
125
125
125
125
125
125
125
125
125
125
125
125
125
125
125
125
125
126
125
125
125
126
126
125
125
125
125
125
125
126
125
125
125
126
125
125
125
125
125
125
125
125
125
125
125
125
125
125
125
125
125
125
126
125
125
125
125
125
125
125
125
125
125
125
125
125
125
125
125
125
125
125
125
125
125
125
126
125
125
125
125
125
125
125
125
125
125
125
125
125
125
125
125
125
126
125
125
125
125
126
125
125
125
125
125
125
125
125
125
125
125
125
125
125
125
125
125
126
126
125
125
125
125
125
125
125
125
125
125
125
125
125
125
125
125
125
125
125
125
126
122
125
126
126
126
126
125
125
126
126
125
125
125
125
125
125
126
126
125
125
125
126
126
126
125
125
126
126
126
125
125
125
126
126
125
125
125
126
126
126
125
126
126
126
126
125
125
126
125
126
125
125
126
126
125
125
126
126
126
125
125
125
125
126
126
126
125
123
125
125
125
126
126
126
126
126
125
126
126
126
125
125
126
125
125
126
125
125
125
125
125
125
125
125
125
125
125
125
125
126
126
125
125
125
125
125
125
125
126
125
125
125
125
125
125
125
125
125
125
126
125
125
125
125
125
125
126
125
125
125
126
125
125
125
125
125
125
125
125
125
126
126
126
125
125
125
126
126
125
125
125
125
125
125
125
126
125
125
125
125
125
125
125
125
125
126
125
125
125
125
125
125
125
125
125
125
125
126
125
125
125
126
126
125
125
125
126
126
126
125
125
125
125
125
125
125
126
126
126
125
125
126
127
126
125
124
125
126
127
126
125
125
123
124
126
128
128
127
123
123
126
126
124
125
126
124
122
123
126
127
126
124
124
125
126
125
126
126
125
124
127
128
125
123
123
126
127
127
123
125
128
129
124
120
120
124
125
126
124
123
126
131
131
126
122
122
124
123
124
126
126
126
127
127
127
125
121
124
128
125
122
125
129
127
123
125
130
127
120
119
125
129
123
122
127
131
133
132
129
124
120
115
112
113
117
122
124
128
134
141
143
141
136
135
128
119
112
110
111
110
111
112
116
124
133
137
138
141
143
142
136
128
121
116
113
112
113
114
117
120
123
126
129
133
134
133
131
131
130
128
126
125
124
122
122
122
122
121
121
121
122
122
123
124
126
127
129
130
131
130
128
126
124
121
119
121
124
124
123
124
124
126
128
127
125
126
126
125
125
124
124
125
128
126
121
121
127
134
136
129
124
138
122
118
123
125
121
118
120
122
123
130
132
121
115
124
130
130
131
126
120
125
129
119
117
129
128
121
130
134
117
122
148
138
112
123
137
110
107
147
141
96
117
161
122
85
132
156
106
109
164
133
77
132
186
118
86
157
155
62
83
177
150
80
121
177
115
69
142
180
122
89
140
146
89
91
158
164
111
110
142
119
89
129
166
136
104
130
146
117
88
105
140
151
141
148
148
112
76
101
144
152
133
114
98
97
120
156
166
126
82
99
150
169
143
110
103
113
121
126
128
134
133
115
111
138
148
118
100
119
138
134
130
136
131
117
112
115
124
137
145
132
109
101
118
135
134
124
119
122
130
135
132
127
126
128
126
117
115
122
129
132
130
124
120
122
127
129
128
125
123
124
123
125
123
127
129
128
124
125
129
126
120
122
128
132
128
122
122
125
126
126
125
125
126
124
123
123
126
128
128
126
126
126
126
125
124
125
124
124
125
124
124
128
131
129
126
124
125
126
126
129
130
124
116
113
120
130
132
126
122
122
125
128
130
127
122
123
128
129
127
125
125
126
126
126
126
126
125
126
127
125
122
120
121
123
128
130
126
124
126
127
124
122
123
126
127
128
128
126
123
123
125
129
130
125
120
119
120
121
127
133
133
124
121
127
130
125
120
122
127
125
120
119
128
137
132
117
116
128
134
128
119
120
123
127
126
127
125
124
125
128
128
125
125
125
127
127
127
125
122
122
122
122
122
125
127
128
129
128
126
123
122
125
131
130
125
124
124
124
125
126
125
120
121
127
130
126
119
122
130
129
121
117
123
131
134
132
129
125
118
114
119
127
130
126
124
126
127
132
129
119
117
120
127
132
133
130
124
125
122
83
126
126
126
125
125
126
126
126
126
126
125
125
126
126
126
126
126
126
126
125
125
126
125
126
126
126
126
125
126
126
125
126
125
125
125
126
125
125
125
125
125
125
125
125
125
125
125
125
125
125
125
125
125
125
125
125
125
125
125
126
125
125
125
125
125
125
125
125
125
125
125
125
126
125
125
125
126
126
125
125
125
125
125
126
126
125
125
125
126
126
126
125
125
125
125
126
126
125
125
125
125
125
125
125
125
125
125
125
126
126
126
126
126
126
126
125
125
125
125
125
125
125
125
125
125
126
125
125
125
125
125
125
125
125
125
125
125
126
126
126
125
125
125
126
125
125
125
125
125
125
125
125
125
125
125
125
125
125
125
125
125
125
125
125
125
125
125
125
125
125
126
125
125
125
125
125
126
125
125
125
125
126
126
126
125
125
125
125
125
125
125
125
125
125
125
125
125
125
125
125
125
125
125
125
125
125
125
125
125
125
125
125
125
125
125
125
125
125
125
125
125
125
125
125
125
125
125
125
125
125
125
125
125
125
125
125
125
125
125
125
125
125
125
125
125
125
125
125
125
125
125
125
125
125
125
125
125
125
125
125
125
125
125
125
125
125
125
125
125
125
125
125
125
125
125
125
125
125
125
125
125
125
125
125
125
125
125
125
125
125
125
125
125
125
125
126
124
125
125
126
126
126
126
126
126
126
126
126
126
125
125
126
126
125
126
126
126
126
126
126
126
125
125
125
126
126
126
125
125
126
126
126
124
125
126
126
126
126
126
126
126
126
126
126
126
125
125
126
126
126
126
126
126
128
