126
125
125
126
126
126
35
125
125
125
125
125
125
125
125
125
125
125
125
125
125
125
125
125
125
125
125
125
125
125
125
125
125
125
125
125
125
125
125
125
125
125
125
125
125
125
125
125
125
125
125
125
125
125
125
125
125
125
125
125
125
125
125
126
125
126
126
126
125
126
126
126
126
126
126
126
126
126
125
126
125
125
125
126
126
126
126
126
126
126
126
126
126
125
125
126
126
125
125
126
126
126
126
126
126
126
126
126
126
126
126
126
126
126
126
126
126
126
126
126
125
126
126
126
126
126
126
125
125
126
126
126
126
126
125
126
126
126
126
126
125
126
126
125
125
125
126
125
126
125
125
125
125
126
126
126
125
125
126
126
126
125
125
125
125
126
126
126
125
125
126
126
126
126
126
125
126
126
126
125
125
125
125
125
125
125
125
125
125
126
126
126
126
126
126
126
125
126
125
125
125
126
126
125
125
125
125
126
126
125
126
125
126
126
126
126
125
126
126
126
125
125
126
126
126
125
126
125
126
126
125
126
126
126
125
125
125
126
125
125
125
125
125
125
125
125
126
126
126
126
126
125
126
126
126
126
125
125
125
125
126
126
125
125
125
125
126
126
126
126
126
126
125
125
126
126
125
126
126
126
126
126
125
126
125
125
125
126
126
125
125
125
126
126
125
125
125
126
126
126
125
125
125
125
126
126
125
125
126
126
125
125
125
125
126
125
125
126
126
125
125
125
125
125
125
125
125
125
125
125
125
125
125
125
125
125
125
125
125
125
125
125
125
125
125
126
125
125
125
125
125
125
125
125
126
125
125
125
125
125
125
125
125
125
125
125
125
125
125
125
125
125
125
125
125
125
125
125
125
125
125
125
125
125
125
125
126
125
125
125
125
125
126
125
125
126
125
126
126
126
125
125
126
126
126
126
126
126
126
126
126
126
125
125
125
125
125
126
126
125
125
126
126
126
126
126
126
125
126
126
125
125
126
126
125
125
125
125
126
126
126
125
125
125
125
125
126
126
126
125
125
125
126
126
125
125
126
125
125
125
125
126
126
126
126
126
125
125
125
126
126
124
124
125
126
126
126
126
125
125
125
125
125
126
126
125
124
125
126
125
125
125
125
125
125
125
126
126
126
125
125
126
126
125
125
126
125
125
125
125
125
126
126
125
125
126
126
124
124
128
127
124
123
126
126
125
125
126
125
124
127
128
125
122
125
127
126
125
126
125
124
125
128
125
123
125
127
124
122
126
130
124
119
126
132
125
118
125
131
124
119
128
133
122
115
127
137
126
113
121
137
133
118
119
134
133
113
114
139
142
115
102
122
134
118
133
162
142
81
69
136
189
151
75
81
145
171
156
104
52
130
242
168
20
38
119
162
218
235
64
55
96
255
253
42
21
35
150
255
255
79
215
118
255
255
186
56
120
84
19
110
176
144
160
157
81
59
121
140
128
144
143
99
77
123
168
143
93
91
134
158
145
126
113
104
110
132
147
138
118
108
112
123
128
129
130
130
126
121
122
125
129
131
125
119
121
127
127
125
126
131
132
128
122
121
125
128
126
121
120
125
130
132
131
126
121
120
124
128
130
128
123
119
121
128
133
131
124
118
119
127
132
131
126
123
123
124
126
124
124
125
125
125
128
131
130
127
123
122
124
126
127
126
125
126
127
128
128
126
125
122
124
125
126
126
128
128
128
127
125
123
124
126
129
129
127
125
124
124
124
123
123
124
126
129
130
129
127
126
126
126
126
125
125
125
125
128
126
125
125
125
125
125
126
127
125
125
125
126
126
126
127
127
126
127
127
127
126
125
125
125
124
125
126
126
125
125
125
126
126
126
126
126
126
126
126
126
125
125
125
125
125
125
125
125
125
125
126
126
126
126
125
125
125
125
126
126
125
125
125
125
125
125
126
126
126
126
126
125
126
126
126
126
126
126
126
126
125
125
125
125
125
126
126
126
125
126
126
126
126
125
125
125
125
125
125
125
125
125
126
126
126
125
126
126
126
126
126
126
126
126
126
126
126
126
125
125
125
125
126
126
126
126
126
126
125
125
125
125
125
125
126
126
125
125
125
126
126
126
126
126
126
126
126
126
125
125
125
126
125
125
126
126
126
126
128
126
125
125
125
125
125
125
125
125
125
126
126
126
126
125
125
125
125
125
126
126
126
126
126
127
126
125
125
125
125
125
125
125
125
125
126
126
125
125
125
125
125
125
126
126
126
125
125
126
125
126
126
126
125
125
125
125
125
125
125
125
125
125
125
125
125
125
126
125
125
125
125
126
126
125
125
125
125
126
126
126
125
125
125
126
126
125
125
125
125
125
125
125
125
125
125
125
125
126
126
126
126
125
125
125
125
125
126
126
126
126
127
122
125
125
126
126
126
126
126
126
125
125
125
125
125
125
126
126
126
126
126
126
124
121
126
126
126
127
126
126
126
126
125
125
126
126
126
126
126
126
127
126
126
125
125
125
125
127
126
125
125
126
127
127
126
125
125
126
126
126
125
125
125
125
125
126
126
123
123
125
126
127
127
129
127
127
126
126
126
125
125
125
126
126
126
125
125
126
126
126
126
126
125
125
126
125
125
125
125
125
126
126
125
125
125
125
126
126
126
125
126
125
125
125
125
125
126
126
125
126
126
126
126
126
126
126
126
126
126
126
126
126
126
126
125
126
126
125
125
125
125
125
125
125
125
125
125
125
126
126
125
125
125
125
126
125
125
126
126
126
126
126
125
126
126
126
126
125
126
126
126
126
126
126
126
125
125
125
125
126
126
125
126
126
125
125
125
126
126
125
126
126
126
125
125
126
126
125
126
126
126
126
126
126
126
126
126
126
126
126
126
125
125
126
126
125
125
129
127
126
125
125
124
124
125
125
125
125
125
125
125
126
125
126
125
125
125
126
126
126
126
126
127
129
125
124
125
124
125
125
125
125
125
125
126
126
126
125
125
125
125
125
125
125
124
125
126
126
126
126
127
127
127
125
124
125
125
125
126
126
125
123
125
127
127
125
125
125
125
125
126
126
125
123
124
124
125
125
124
124
125
126
127
127
127
126
125
125
127
126
124
124
124
126
126
126
125
126
125
126
126
126
125
125
127
127
123
121
129
136
120
125
124
125
126
127
126
125
124
124
126
128
125
121
122
124
127
126
125
125
126
126
126
125
125
126
125
126
126
126
126
126
125
128
127
126
125
125
126
125
124
125
125
125
125
125
126
126
126
126
126
126
125
126
125
126
126
125
126
126
126
126
125
125
125
126
122
121
124
126
125
127
127
127
128
126
125
126
126
126
126
125
125
125
126
126
126
125
125
125
125
125
124
125
125
125
126
126
125
125
125
125
125
125
126
125
125
126
126
124
125
126
127
126
123
124
126
127
125
124
126
128
126
123
124
128
128
126
122
124
128
128
124
122
127
130
124
120
125
130
128
123
122
125
128
129
125
120
124
132
130
120
119
129
132
124
118
125
133
128
117
120
135
136
122
114
121
131
133
125
117
121
130
134
127
120
122
127
127
125
126
126
124
121
124
128
128
126
123
123
126
128
127
124
123
124
125
123
125
125
124
124
126
125
128
129
127
126
127
127
125
124
124
124
125
125
133
128
126
125
125
123
125
126
124
123
124
126
126
125
122
124
125
125
126
123
124
127
126
127
126
125
126
125
125
126
125
124
124
125
126
126
125
126
126
125
126
125
125
126
125
125
126
126
126
125
125
125
126
126
126
125
125
126
125
126
125
125
126
125
125
126
125
125
125
124
126
126
125
126
125
126
126
126
126
125
125
126
126
126
125
125
125
125
125
126
126
124
125
124
124
125
124
125
124
124
125
126
125
34
125
125
126
125
125
125
126
126
125
125
126
125
126
125
125
125
125
125
125
126
125
126
126
125
125
125
125
125
125
125
125
125
125
125
125
125
125
125
125
125
125
125
125
125
125
125
125
125
125
125
125
125
125
125
125
125
125
125
125
125
125
125
125
125
125
125
125
125
125
125
125
125
125
125
125
125
125
125
125
125
125
125
125
125
125
125
125
125
125
125
125
125
125
125
125
125
125
125
125
125
125
125
125
125
125
125
125
125
125
125
125
125
125
125
125
125
125
125
125
125
125
125
125
125
125
125
125
125
125
125
125
125
125
125
125
125
125
125
125
125
125
125
125
125
125
125
125
125
125
125
125
125
125
125
125
125
125
125
125
125
125
125
125
125
125
125
125
125
125
125
125
125
125
125
125
125
125
125
125
125
125
125
125
125
125
125
125
125
125
125
125
125
125
125
125
125
125
125
125
125
125
125
125
125
125
125
125
125
125
125
125
125
125
125
125
125
125
125
125
125
125
125
125
125
125
125
125
125
125
125
125
125
125
125
125
125
125
125
125
125
125
126
126
125
125
125
126
126
125
125
125
125
125
125
125
125
125
125
125
125
125
126
126
126
125
125
125
125
125
125
125
125
125
125
125
125
125
125
125
125
126
125
125
125
125
125
125
125
125
125
125
125
125
125
125
125
125
125
125
125
125
125
126
125
125
125
125
125
125
125
125
125
125
125
125
125
126
124
125
125
125
125
126
126
125
125
125
126
126
126
125
126
125
125
126
125
125
125
125
125
125
125
125
125
125
125
126
126
126
125
126
126
126
125
