125
126
124
125
125
71
30
125
125
125
125
125
125
125
126
125
125
125
125
125
125
125
125
125
125
125
125
125
125
125
125
125
125
125
125
125
126
125
125
125
125
125
125
125
125
125
125
125
125
125
125
125
125
125
125
125
125
125
125
125
125
125
125
125
125
125
125
125
125
125
125
125
125
125
125
125
125
125
125
125
125
126
125
126
125
126
126
126
126
126
126
126
126
126
126
126
126
126
126
126
126
126
126
126
126
126
126
126
126
126
126
126
126
126
126
126
126
126
126
126
126
126
126
126
125
126
126
126
126
126
126
126
126
126
126
126
126
126
126
126
126
126
126
126
126
126
126
126
125
125
126
126
126
126
126
126
126
126
126
126
125
125
125
125
125
125
125
125
125
125
126
125
126
125
125
125
125
125
126
126
126
126
125
126
126
125
125
125
125
126
126
126
125
125
125
125
126
125
126
125
126
126
125
126
125
125
125
126
125
125
125
126
125
125
125
125
125
125
125
125
125
125
125
125
125
126
125
125
125
125
125
126
125
126
126
126
125
126
126
126
126
125
125
125
126
125
125
125
125
126
126
126
125
126
126
126
126
125
125
125
125
126
126
125
126
126
126
125
125
126
126
125
125
126
126
126
126
126
125
126
126
126
125
126
125
125
125
125
126
126
126
125
125
126
126
125
126
126
126
125
125
125
125
125
125
125
125
125
125
125
125
125
125
125
125
126
126
125
125
125
125
125
126
125
125
125
125
125
126
125
125
125
125
125
125
125
125
125
126
126
125
125
125
125
125
125
125
125
125
125
125
125
126
126
126
125
126
126
125
125
126
126
125
125
125
126
127
126
124
123
125
126
126
125
126
127
126
125
124
122
120
121
125
131
136
135
129
121
118
120
122
123
124
124
124
125
127
129
129
127
124
121
120
127
137
136
125
118
117
113
113
134
151
131
107
125
144
119
93
118
148
144
140
119
80
104
166
152
110
155
152
38
65
192
209
101
68
113
150
156
132
106
106
122
133
121
118
135
133
117
120
139
138
115
101
113
138
146
132
119
122
125
121
119
128
135
129
115
109
119
136
140
131
122
122
124
123
121
122
128
133
132
125
117
116
122
130
132
129
126
126
126
125
122
120
120
125
129
128
125
126
130
130
126
120
119
121
126
129
128
125
125
125
125
125
125
125
125
124
124
125
127
128
127
126
125
123
122
123
125
127
128
127
125
124
124
126
127
127
125
123
124
125
127
126
125
124
124
126
126
125
125
126
127
127
126
125
124
123
124
125
126
126
126
126
126
125
125
125
126
126
126
126
126
125
124
124
124
125
125
125
126
126
125
125
126
125
125
125
126
126
126
126
125
125
125
125
125
125
125
125
125
125
126
126
126
125
125
125
125
125
125
125
125
126
126
126
125
125
125
125
126
126
126
126
125
125
126
126
125
126
125
125
126
125
125
125
125
125
125
125
125
126
126
125
126
125
126
126
125
125
125
126
125
125
125
125
125
125
125
125
125
125
125
125
125
125
125
126
126
126
126
125
125
125
125
125
125
125
125
125
126
125
125
125
126
125
125
125
125
125
125
125
125
125
126
125
125
126
125
125
125
126
126
125
125
125
125
125
125
126
125
126
125
125
125
126
126
125
125
125
125
125
125
125
125
125
125
126
126
125
126
125
125
125
125
125
125
125
125
125
125
125
125
125
125
125
126
126
125
125
125
126
125
125
125
125
125
125
125
125
126
125
125
125
125
125
125
125
125
125
125
125
125
126
125
125
125
126
125
125
126
126
126
125
125
125
125
126
126
125
125
125
125
125
125
125
125
125
125
125
125
125
125
125
126
126
126
125
126
126
125
125
125
125
125
125
125
125
125
125
125
125
125
125
125
125
125
125
125
125
125
125
125
126
126
126
125
125
126
125
125
125
125
125
125
125
125
125
125
125
125
125
125
126
126
126
128
126
125
125
125
125
125
125
125
125
125
125
125
125
125
125
125
125
125
125
125
125
125
125
125
125
125
125
125
125
125
125
125
125
125
125
125
124
124
125
125
125
126
126
126
126
126
126
125
125
125
125
125
125
125
125
125
125
125
125
125
125
125
125
125
125
125
125
125
125
125
125
125
125
126
127
126
126
125
124
124
125
126
125
125
125
126
125
125
125
126
126
125
125
127
126
126
124
124
125
125
125
125
126
125
125
126
126
126
126
126
125
122
123
126
128
125
123
124
127
127
126
125
124
125
126
127
126
124
125
126
126
125
124
125
125
125
125
125
125
126
125
125
125
125
125
125
125
125
126
125
125
126
125
125
125
125
126
125
125
125
126
125
125
126
126
125
125
125
125
125
125
125
125
125
125
125
125
125
125
125
125
125
125
125
125
125
125
125
125
125
125
125
126
126
126
125
125
125
125
125
125
125
125
125
125
125
125
125
125
125
125
125
125
125
125
125
125
125
127
125
123
126
126
126
126
126
126
126
125
125
125
125
126
125
125
126
126
125
126
125
125
125
126
126
125
126
126
126
126
126
126
126
125
125
126
126
126
126
126
129
127
126
125
125
125
125
125
124
125
125
125
126
125
125
126
126
126
126
126
126
126
126
126
126
122
123
123
125
126
127
127
127
127
128
127
126
126
126
126
126
126
126
126
125
126
126
124
126
126
126
125
125
126
126
125
126
125
125
125
125
125
125
126
125
126
125
125
125
126
126
125
125
125
126
126
126
125
125
125
125
125
125
125
125
126
125
125
125
126
126
125
126
125
125
125
125
125
126
125
125
126
126
126
126
126
125
125
125
126
125
126
125
125
125
126
126
126
125
126
125
125
125
125
126
126
126
125
126
126
125
125
125
126
126
125
126
125
126
126
125
125
126
126
126
125
126
126
125
125
125
125
126
126
126
125
125
126
126
126
125
125
125
126
126
125
124
125
126
126
125
125
126
125
127
130
126
123
125
124
125
124
125
126
126
126
126
124
124
124
126
125
125
126
126
126
126
126
126
126
125
125
126
126
125
125
125
126
126
125
125
125
125
125
125
125
125
125
125
125
125
126
125
125
126
125
125
126
125
126
126
125
125
125
126
126
125
125
125
125
125
125
125
125
125
125
125
126
131
126
125
125
125
123
124
124
124
125
125
125
125
125
125
125
125
125
126
125
125
126
125
126
125
125
125
125
126
126
125
125
125
125
125
125
125
126
126
126
126
126
126
125
125
125
125
125
122
121
125
126
125
127
128
126
126
126
126
125
125
126
125
126
126
125
125
126
125
125
125
125
125
125
125
125
126
126
126
125
125
125
125
126
125
125
125
125
125
126
125
126
126
125
126
126
125
125
125
126
125
125
125
125
125
125
125
125
125
125
126
126
126
126
126
125
125
125
125
126
125
125
125
126
125
126
126
126
125
126
125
125
126
125
124
125
126
125
125
125
125
126
125
126
125
125
125
126
125
125
125
125
125
125
125
126
125
126
126
125
125
125
126
126
125
125
126
125
126
125
125
125
126
125
125
125
125
125
125
126
126
126
126
125
125
126
126
125
126
126
126
126
126
126
125
125
126
125
125
126
125
125
125
125
125
125
125
126
126
125
125
125
125
125
125
125
126
126
126
129
126
125
125
126
124
124
125
125
124
125
127
126
126
125
126
125
125
126
125
125
125
125
125
125
125
126
125
125
125
125
126
126
125
126
126
125
126
125
126
126
125
125
125
125
125
125
125
125
126
125
125
134
128
126
125
125
122
122
124
124
124
125
125
125
125
125
125
126
125
126
125
125
126
126
125
126
125
126
126
125
126
126
125
125
125
126
125
125
125
126
125
126
126
125
125
126
125
125
125
126
125
125
126
126
114
122
124
126
126
129
128
31
126
126
126
126
125
126
126
126
126
126
126
126
126
126
126
126
126
126
125
126
126
126
126
126
126
126
126
126
126
126
126
126
125
126
126
126
126
126
126
126
126
126
126
126
126
125
125
126
125
126
126
125
126
126
126
126
125
125
125
125
125
125
125
125
125
126
126
125
125
125
126
125
125
125
125
125
125
125
126
125
125
126
125
125
125
126
125
125
125
125
125
125
125
125
125
125
125
125
125
125
125
125
126
125
125
125
125
125
125
125
125
125
125
125
125
125
125
125
126
125
125
125
125
125
125
125
125
125
125
125
125
126
125
125
125
125
126
126
125
125
125
125
125
125
125
125
125
125
125
125
125
125
125
126
125
126
125
125
125
125
125
125
125
125
125
125
125
125
125
125
125
125
125
125
125
125
125
125
125
125
125
125
125
125
125
125
125
125
125
125
125
125
125
125
125
126
125
125
125
125
125
125
125
125
125
125
125
125
125
125
125
125
125
125
125
125
125
125
125
125
125
125
125
125
125
125
125
125
125
125
125
125
126
125
125
125
125
125
125
125
125
125
125
125
125
125
125
125
125
125
125
125
125
125
125
125
125
126
125
125
125
125
125
125
125
125
125
125
125
126
125
125
125
125
125
125
125
125
125
125
125
125
126
125
125
125
126
125
125
125
125
126
126
125
125
125
125
126
125
125
125
125
125
125
126
126
126
125
125
125
125
126
125
125
125
126
126
125
125
125
126
126
125
125
125
125
125
126
125
124
124
126
126
126
126
127
127
126
124
123
121
124
128
129
126
122
123
127
130
128
127
123
117
126
