111
126
126
126
128
129
52
126
126
125
125
125
126
125
125
125
126
125
125
125
125
125
125
125
125
125
125
125
125
125
125
125
125
125
125
125
125
125
125
125
125
125
125
125
125
125
126
125
125
126
126
125
125
125
125
125
125
125
125
125
125
125
125
125
125
125
125
125
125
125
125
125
125
125
125
125
125
125
125
125
125
125
125
125
125
125
125
125
125
125
125
125
125
125
125
125
125
125
125
125
125
125
125
125
125
125
125
125
125
125
125
125
125
125
125
125
125
125
125
125
125
125
125
125
125
125
125
125
125
125
125
125
125
125
125
125
125
125
125
125
125
125
125
125
125
125
125
125
125
125
125
125
125
125
125
125
125
125
125
125
125
125
125
125
125
125
125
125
125
125
125
125
125
125
125
125
125
125
125
125
125
125
125
125
125
125
125
125
125
125
125
125
125
125
125
125
125
125
125
125
125
125
125
125
125
125
125
125
125
125
125
125
125
125
125
125
125
125
125
125
125
125
125
125
125
125
125
125
125
125
125
125
125
125
125
125
125
125
125
125
125
125
125
125
125
125
125
125
125
125
125
125
125
125
125
125
125
125
125
125
125
125
125
125
125
125
125
125
125
125
125
126
124
125
125
125
125
125
126
125
125
126
126
126
126
126
126
126
125
126
125
125
125
126
125
125
126
126
126
126
126
126
125
125
125
125
126
126
125
125
125
126
126
125
126
125
125
126
126
126
125
125
125
126
125
126
125
125
126
125
126
125
125
126
125
126
125
126
126
125
125
125
125
125
126
126
125
125
125
125
125
125
125
125
125
125
125
125
125
125
125
125
125
125
125
125
125
125
125
125
125
125
125
125
125
125
125
125
125
125
125
125
125
125
125
125
125
125
125
125
125
125
125
125
125
125
125
125
125
125
125
125
125
125
126
125
125
125
125
125
125
125
125
125
125
126
125
125
125
125
126
126
125
125
125
125
126
125
125
125
125
125
125
125
125
125
125
125
125
125
125
125
126
126
126
126
125
125
125
125
125
125
125
125
126
125
125
126
125
125
125
125
125
125
125
125
125
125
125
125
125
125
125
125
125
125
125
125
125
125
125
125
125
125
125
125
126
125
126
126
125
125
125
125
125
125
125
125
125
125
125
125
125
125
125
125
125
125
125
128
132
129
112
98
114
150
162
133
101
106
129
136
128
122
120
123
126
122
121
136
146
123
93
109
149
129
56
75
244
255
148
176
83
255
255
116
45
86
197
172
92
55
148
168
134
93
120
136
120
109
124
143
143
105
82
127
181
159
96
79
112
136
133
138
144
117
90
108
147
153
119
96
119
145
132
113
120
127
123
121
125
130
134
135
136
131
115
103
114
129
129
125
129
132
127
124
127
128
125
122
122
126
127
123
121
126
129
125
121
123
126
126
126
127
128
127
125
123
124
126
125
122
124
127
128
125
123
125
129
130
127
123
122
123
125
125
124
124
127
128
127
124
123
124
126
126
125
125
127
128
127
126
124
124
125
126
126
126
126
126
125
125
124
125
125
124
124
125
127
127
127
125
124
123
124
125
125
126
126
126
127
126
126
126
126
125
125
125
124
124
125
126
125
125
125
124
125
125
126
128
124
125
125
126
127
128
126
125
124
125
126
125
123
124
125
126
127
127
127
126
126
126
127
127
125
123
123
125
126
125
124
125
128
129
127
126
126
127
125
124
124
125
125
125
126
126
126
126
126
126
125
125
125
126
126
126
126
126
126
124
123
124
125
126
126
126
126
124
125
126
126
126
127
126
125
125
126
126
126
125
125
126
126
126
125
125
126
125
125
125
125
126
126
126
125
125
126
125
125
125
126
126
126
126
126
126
126
125
125
125
125
125
125
125
125
125
126
126
126
125
125
126
126
126
126
126
125
124
125
126
125
125
125
125
125
125
126
126
126
127
125
123
124
127
128
125
126
127
125
124
127
127
122
123
127
126
124
125
127
124
123
126
129
127
123
124
126
124
124
126
129
127
123
123
126
127
126
126
126
125
124
126
127
126
124
125
126
126
126
125
122
123
125
126
126
128
127
123
123
125
126
126
127
126
124
124
126
125
124
126
128
128
125
124
124
125
126
127
125
127
128
124
122
124
126
125
124
124
126
127
125
123
126
127
124
123
126
127
124
123
126
127
125
124
125
125
125
125
126
125
124
125
128
126
123
124
127
127
125
124
124
126
127
127
125
124
126
125
123
125
127
126
124
123
125
126
127
125
125
128
126
122
120
124
127
128
126
125
124
125
126
125
124
124
125
126
127
126
125
125
125
124
125
125
125
125
126
124
135
125
121
119
121
123
125
127
127
127
127
126
126
125
125
125
125
125
125
125
125
125
125
125
125
125
125
125
125
125
125
125
125
125
125
125
125
125
125
125
125
126
126
125
125
125
125
126
125
125
125
126
126
126
125
124
125
125
125
125
125
126
125
125
125
125
125
125
125
125
125
125
125
125
125
125
125
125
125
125
125
125
125
126
126
125
125
125
125
126
125
125
125
124
124
125
125
125
125
125
126
125
125
126
126
126
126
125
124
125
125
125
125
125
124
124
125
125
125
126
126
126
126
126
125
125
125
125
125
125
128
118
126
126
126
127
127
127
127
126
126
125
125
125
125
125
125
125
125
126
126
125
125
126
126
126
126
126
126
126
126
126
126
126
126
125
125
125
126
126
125
126
126
125
126
126
126
126
126
126
126
126
126
126
126
125
126
126
126
126
125
126
125
125
126
125
125
123
123
124
125
125
126
127
126
127
126
126
126
125
126
125
125
126
126
125
125
125
126
125
125
125
125
125
125
125
125
125
125
125
125
125
126
126
125
126
125
125
125
125
126
125
125
125
125
125
125
126
126
126
126
126
126
125
125
125
125
126
125
126
125
126
125
125
125
126
125
125
125
125
125
125
125
125
126
125
125
125
125
125
125
125
125
126
125
126
125
126
126
125
125
125
125
126
126
126
126
125
126
125
125
126
125
125
125
126
126
126
125
126
125
125
125
125
125
125
126
126
125
125
126
126
126
126
125
125
125
125
126
126
126
125
125
125
127
126
126
125
125
125
126
126
125
125
124
125
125
129
127
125
124
125
124
125
125
125
125
125
125
125
125
124
125
125
126
126
126
126
126
126
126
126
126
125
125
125
125
124
125
125
125
125
125
125
125
125
125
126
125
126
126
125
125
125
126
126
126
126
125
124
125
125
126
125
124
125
126
125
125
125
126
126
125
125
125
125
126
126
125
125
125
126
125
125
126
125
125
125
126
125
125
125
126
126
125
124
125
124
124
125
125
125
126
125
125
124
125
125
115
85
132
126
129
130
131
131
130
127
127
127
127
126
126
128
127
125
126
126
127
127
126
125
126
127
127
127
126
125
125
127
127
126
126
127
126
126
127
126
125
125
126
118
125
125
125
126
129
130
130
129
126
125
125
126
127
126
125
125
125
127
127
125
125
126
126
125
126
126
126
125
125
126
125
125
125
125
126
124
125
126
126
125
125
124
125
127
126
125
125
124
125
126
126
126
126
126
125
123
125
128
128
125
123
125
127
126
125
125
127
126
125
125
126
126
126
126
125
124
126
127
126
125
126
127
126
125
124
125
125
126
125
126
125
125
127
127
125
124
125
127
127
126
125
124
124
125
126
127
127
126
125
124
125
126
126
126
127
125
122
124
131
132
122
117
126
137
130
117
118
129
131
124
124
128
126
124
124
124
125
126
125
125
124
125
126
125
125
126
127
127
129
132
128
124
124
123
122
122
124
124
125
126
126
127
127
125
125
125
126
127
125
125
125
126
125
125
126
126
125
134
128
125
125
124
121
122
123
124
51
125
125
125
125
125
126
125
125
125
125
125
125
125
125
125
125
125
125
125
125
125
125
125
125
125
125
125
125
125
125
126
125
125
125
126
125
126
125
125
125
125
125
126
126
125
125
125
126
125
125
125
125
126
125
125
125
125
125
126
125
126
125
125
126
125
125
125
125
125
125
125
125
125
125
125
125
125
125
126
126
125
125
125
125
125
126
125
125
125
125
125
125
125
125
125
125
125
125
125
125
125
125
125
125
125
125
126
126
125
125
125
125
125
125
126
126
125
125
125
125
125
125
125
125
125
125
125
125
125
125
125
125
125
125
125
125
125
125
125
125
125
125
125
125
125
125
125
125
125
125
125
125
125
125
125
125
125
125
125
125
125
125
125
125
125
125
125
125
125
125
125
125
125
125
125
125
125
125
125
125
125
125
125
125
125
125
125
125
125
125
125
125
125
125
125
125
125
125
125
125
125
125
125
125
125
125
125
125
125
125
125
125
125
125
125
125
125
125
125
125
125
125
125
125
125
125
125
125
125
125
125
125
125
125
125
125
125
125
125
125
125
125
125
125
125
125
125
125
125
125
125
125
125
125
125
125
125
125
125
125
125
125
125
125
125
125
125
125
125
125
125
125
125
125
125
125
125
125
125
125
125
125
125
125
125
125
125
125
125
125
125
125
125
125
125
125
125
125
125
125
125
126
125
125
125
125
125
126
126
126
126
126
125
125
126
126
126
126
126
126
125
126
125
126
125
126
126
126
125
125
126
126
126
126
126
126
126
126
126
126
126
125
126
126
126
126
125
126
126
126
126
126
125
125
