126
128
128
125
125
127
73
125
125
125
125
125
125
125
125
125
125
126
125
126
125
125
126
125
125
126
125
125
125
125
125
125
125
125
125
125
125
125
126
125
125
125
125
125
126
125
125
125
126
125
125
125
126
125
125
125
125
126
125
125
125
125
125
125
126
125
125
125
125
125
125
125
125
125
125
125
125
125
126
126
125
125
125
125
125
125
125
125
125
125
125
125
125
125
125
125
125
125
125
125
125
125
125
125
125
125
125
125
125
125
125
125
125
125
125
125
125
125
125
125
125
125
125
125
125
125
125
125
125
125
125
125
125
125
125
125
125
125
125
125
125
125
125
125
125
125
125
125
125
125
125
125
125
125
125
125
125
125
125
125
125
125
125
125
125
125
125
125
125
125
125
125
125
125
125
125
125
125
125
125
125
125
125
125
125
126
125
125
125
125
125
125
125
125
125
125
125
125
125
125
125
125
125
125
125
125
125
125
125
125
125
125
125
125
125
125
125
125
125
125
125
125
125
125
125
125
125
125
125
125
125
125
125
125
125
125
125
125
125
125
125
125
125
125
125
125
125
125
125
125
125
125
125
125
125
125
125
125
125
125
125
125
125
125
125
125
125
125
125
125
125
125
125
125
125
125
125
125
125
125
125
125
125
125
125
125
125
125
125
125
125
125
125
125
125
125
125
125
125
125
125
125
125
125
125
125
125
125
125
125
125
125
125
125
125
125
125
125
125
125
125
125
125
125
125
125
125
125
125
125
125
125
125
125
125
125
125
125
125
125
125
125
125
125
125
125
125
125
125
125
125
125
125
125
125
125
125
125
125
125
125
125
125
125
125
125
125
125
125
125
125
125
125
125
126
124
124
125
125
125
126
126
126
125
125
125
125
125
125
125
125
125
126
126
125
125
125
126
125
125
125
125
126
125
125
125
125
125
126
126
125
125
125
125
125
125
125
125
125
125
126
125
125
125
126
126
125
125
125
125
125
126
126
125
126
126
125
126
125
126
125
125
125
126
125
125
125
125
126
125
125
125
125
126
126
125
125
125
125
126
125
125
125
125
125
125
125
125
125
125
125
125
125
125
125
125
125
125
125
125
125
125
125
125
125
125
125
125
125
125
125
125
125
125
125
125
125
125
125
125
125
125
125
125
125
125
125
125
125
125
125
125
125
125
125
125
125
125
125
125
125
125
125
125
125
125
125
125
125
125
126
125
125
125
125
125
125
125
125
125
125
125
125
125
125
125
125
125
125
125
125
125
125
125
125
125
125
125
125
125
125
125
125
125
125
125
125
125
125
125
125
125
125
125
125
125
125
125
125
125
125
125
125
125
125
125
125
125
126
125
126
125
125
125
125
125
125
125
125
125
125
124
125
125
126
126
125
125
125
125
126
126
125
125
125
125
125
125
125
126
125
124
124
126
126
125
124
125
126
127
126
125
124
125
125
125
125
125
125
125
126
125
125
125
125
125
125
125
125
125
125
126
126
125
126
126
125
125
125
125
125
125
125
124
125
126
127
127
124
123
125
128
128
125
123
124
126
127
126
125
124
125
125
126
126
125
125
125
125
125
125
125
125
125
125
126
126
126
125
124
125
126
126
126
126
125
124
122
123
124
126
128
129
126
124
124
126
126
122
120
126
133
131
122
117
124
132
129
119
119
129
134
129
122
118
118
124
131
129
125
124
123
124
126
128
130
128
125
123
124
126
126
125
124
122
124
126
129
130
127
124
124
127
128
126
123
122
123
125
127
128
128
127
126
125
125
125
125
125
125
124
125
132
138
128
107
107
135
154
141
110
89
97
137
175
151
102
95
125
143
140
128
118
113
108
114
144
162
141
112
98
102
119
138
149
140
103
83
131
190
161
86
87
139
139
109
114
135
137
129
127
130
128
118
110
118
132
133
128
126
128
125
119
114
112
118
138
169
175
123
49
47
141
218
160
47
47
188
238
74
26
169
255
161
110
3
245
255
127
9
62
194
194
114
82
84
122
184
185
88
20
123
203
121
59
159
235
103
16
108
255
140
24
125
179
101
88
156
180
149
101
35
47
181
255
184
69
53
91
119
138
128
142
173
158
87
72
136
178
145
86
64
102
169
197
133
70
93
165
168
107
85
120
156
144
110
108
138
141
106
98
125
134
121
130
146
129
110
119
140
143
124
102
101
126
150
149
134
119
112
119
131
128
118
121
125
124
128
130
122
122
132
131
124
117
111
115
128
136
135
129
117
116
131
138
130
126
126
120
119
132
140
126
106
107
123
131
127
125
131
137
135
126
115
115
126
131
123
118
120
123
125
129
135
137
133
123
110
108
124
138
134
121
115
122
133
130
123
125
128
122
120
129
135
133
127
118
112
117
123
125
132
134
127
125
126
122
123
129
127
122
120
123
127
124
117
123
143
142
119
112
124
125
124
131
125
116
123
130
129
126
124
125
126
125
122
124
127
128
127
125
125
126
127
127
128
127
122
122
125
125
123
123
125
130
131
125
119
123
131
131
124
120
123
131
134
125
117
117
124
131
132
128
124
126
129
128
122
119
122
126
129
129
126
124
125
127
125
124
124
125
125
128
131
127
122
122
123
126
128
127
125
124
122
122
127
130
128
122
121
127
133
132
127
123
124
126
128
125
118
119
127
132
128
121
120
123
126
127
127
125
123
126
129
125
123
127
129
124
121
123
127
129
126
125
127
129
126
117
114
124
136
135
126
122
125
126
124
122
123
126
125
124
126
127
125
126
126
124
124
127
128
126
126
126
125
124
128
128
121
119
126
129
127
126
128
124
121
124
130
129
124
122
122
123
126
127
127
128
128
125
120
120
128
134
130
123
122
126
127
124
122
123
122
121
123
128
130
130
128
123
121
126
129
127
123
124
126
127
126
125
123
125
128
126
124
123
122
124
129
134
127
124
125
124
122
125
128
127
123
120
122
126
124
124
128
130
126
121
121
126
128
127
127
126
125
125
126
128
129
126
122
122
125
125
125
125
125
127
129
126
120
120
125
128
128
125
124
125
126
127
127
125
124
124
124
126
128
128
123
117
119
126
131
130
127
124
122
124
129
130
125
120
119
124
129
128
124
124
126
126
126
127
127
127
127
125
121
123
126
127
126
124
124
124
126
128
128
125
123
123
122
122
122
127
131
130
125
125
123
119
121
127
130
128
126
126
127
125
125
125
124
121
122
128
131
127
123
123
124
127
127
125
122
128
128
123
121
123
125
128
130
126
119
121
127
128
126
127
130
128
124
122
126
126
125
120
121
126
128
125
126
128
128
125
122
122
125
129
128
124
123
123
123
126
124
125
127
128
127
126
126
127
126
125
124
123
124
125
126
126
127
127
125
125
126
126
125
125
126
126
125
124
124
125
126
127
127
127
125
126
126
125
124
123
124
126
126
126
126
125
124
123
125
128
128
126
126
126
128
128
126
124
124
125
126
126
127
127
126
126
125
126
127
127
126
126
125
125
124
125
125
125
123
125
125
126
127
127
126
126
126
133
125
124
124
125
123
124
122
123
125
127
126
124
124
126
127
126
124
123
125
126
127
127
126
126
126
125
125
125
125
126
127
127
127
125
132
126
126
125
123
121
122
123
125
126
126
124
126
126
126
126
125
126
126
126
126
125
125
125
125
124
124
123
125
127
126
125
124
125
126
126
125
125
124
123
125
124
124
124
125
127
126
126
125
125
126
127
127
124
123
125
127
126
125
124
124
125
126
126
127
125
126
125
125
124
126
125
124
124
124
126
127
126
124
124
125
126
124
124
125
125
125
123
124
127
127
125
126
125
126
126
126
125
123
124
125
125
127
126
126
125
157
81
130
120
130
124
129
128
129
127
125
122
124
74
125
126
126
125
125
125
125
126
125
126
125
125
125
125
125
125
125
126
126
126
125
125
125
125
125
125
125
125
125
125
125
125
125
125
125
125
125
125
125
125
125
125
126
125
125
125
125
125
125
125
125
125
125
125
125
125
125
126
125
125
125
125
125
125
125
125
125
125
125
125
125
126
125
125
126
125
126
125
125
126
126
126
126
125
126
126
126
126
125
125
125
125
126
125
125
125
125
126
126
126
125
125
126
125
125
125
125
125
125
125
126
126
126
126
126
126
126
126
125
125
125
125
125
125
125
125
125
126
126
126
125
126
125
126
126
126
126
125
125
126
126
125
125
125
125
125
125
125
125
125
125
125
125
125
125
125
125
125
125
125
125
125
125
125
125
125
125
125
125
125
125
125
125
125
125
125
125
125
125
125
125
125
125
125
125
125
125
125
125
125
125
125
125
125
125
125
125
125
125
125
125
125
125
125
125
125
125
125
125
125
125
125
125
125
125
125
125
125
126
126
126
126
126
125
126
126
126
126
126
126
126
126
125
126
126
126
125
126
125
125
125
126
126
126
126
126
126
126
126
126
126
126
126
126
126
126
126
126
126
126
126
126
126
126
126
126
126
126
126
126
126
126
126
126
126
126
126
126
126
126
125
126
125
125
125
126
126
126
126
126
126
126
126
126
126
126
125
125
125
125
125
125
125
126
126
125
125
125
126
125
126
125
126
126
126
126
126
125
126
125
126
126
125
125
125
126
126
126
126
126
125
126
126
126
125
125
125
125
125
125
125
125
125
126
126
126
126
125
126
126
126
126
126
125
