122
120
123
125
123
125
95
125
125
125
125
125
125
125
125
125
125
125
125
125
125
125
125
125
125
125
125
125
125
125
125
125
125
125
125
125
125
125
125
125
125
125
125
125
125
125
125
125
125
125
125
125
125
125
125
125
125
125
125
125
125
125
125
125
125
125
125
125
125
125
125
125
125
125
125
125
125
125
125
125
125
126
125
125
125
125
125
125
125
125
125
125
125
125
125
125
125
125
125
125
125
125
125
125
125
125
125
125
125
125
125
125
125
125
125
125
125
125
125
125
125
125
125
125
125
125
125
125
125
125
125
125
125
125
125
125
125
125
125
125
125
125
125
125
125
125
125
125
125
125
125
125
125
125
125
125
125
125
125
125
125
125
125
125
125
125
125
125
125
125
125
125
125
125
125
125
125
125
125
125
125
125
125
125
125
125
125
125
125
125
125
125
125
125
125
125
125
125
125
125
125
125
125
125
125
125
125
125
125
125
125
125
125
125
125
125
125
125
125
125
125
125
125
125
125
125
125
125
125
125
125
125
125
125
125
125
125
125
125
125
125
125
125
125
125
125
125
125
125
125
125
125
125
125
125
125
125
125
125
125
125
125
125
125
125
125
125
125
125
125
125
125
125
125
125
125
125
125
125
125
125
125
125
125
125
125
125
125
125
125
125
125
125
125
125
125
125
125
125
125
125
125
125
125
125
125
125
125
125
125
125
125
125
125
125
125
125
125
125
125
125
125
125
125
125
125
125
125
125
125
125
125
125
125
125
125
125
125
125
125
125
125
125
125
125
125
125
125
125
125
125
125
125
125
125
125
125
125
125
125
125
125
125
125
125
125
125
125
125
125
125
125
125
125
125
125
125
125
125
125
125
125
125
125
125
125
125
125
125
125
125
125
125
125
125
125
125
125
125
125
125
125
125
125
125
125
125
125
125
125
125
125
125
125
125
125
125
125
125
125
125
125
125
125
125
125
125
125
125
125
125
125
125
125
125
125
125
125
125
125
125
125
125
125
125
125
125
125
125
125
125
125
125
125
125
125
125
125
125
125
125
125
125
125
125
125
125
125
125
125
125
125
125
125
125
125
125
125
125
125
125
125
125
125
125
125
125
125
125
125
125
125
125
125
125
125
125
125
125
125
125
125
125
125
125
125
125
125
125
125
125
125
125
125
125
125
125
125
125
125
125
125
125
125
125
125
125
125
125
125
125
125
125
125
125
125
125
125
125
125
125
125
125
125
125
125
125
125
125
125
125
125
125
125
126
125
125
125
125
125
125
125
125
125
125
125
125
125
125
125
125
125
125
125
125
125
125
125
125
125
125
125
125
125
125
125
125
125
125
125
125
125
125
125
125
125
125
125
125
125
125
125
125
125
125
125
125
125
125
125
125
125
125
125
125
125
125
125
125
125
125
125
125
125
125
125
125
125
125
125
125
125
125
125
125
125
126
125
125
125
125
125
125
125
125
125
125
125
125
125
125
125
125
125
125
125
125
125
125
125
125
125
125
125
125
125
125
125
125
125
125
125
125
125
125
125
125
125
125
125
125
125
125
125
125
125
125
125
125
125
125
125
125
125
125
125
125
125
125
125
125
125
125
125
125
125
125
125
125
125
125
125
125
125
125
125
125
125
125
125
125
125
125
125
125
125
125
125
125
125
125
125
125
125
125
125
125
125
125
125
125
125
125
125
125
125
125
125
125
125
125
125
125
125
125
125
125
125
125
125
125
125
125
125
125
125
125
125
125
125
125
125
125
125
125
125
125
125
125
125
125
125
125
126
125
125
125
125
125
125
125
125
125
125
125
125
125
125
125
125
125
125
125
125
125
125
125
125
125
125
125
125
125
125
125
125
125
125
125
125
125
125
125
124
125
125
125
125
125
125
125
125
125
125
125
125
125
125
125
125
125
125
125
125
125
125
125
125
125
125
125
125
125
125
125
125
125
125
125
125
125
125
125
125
125
125
125
125
125
125
125
125
125
125
125
125
125
125
125
125
125
125
125
125
125
125
125
125
125
125
125
125
125
125
125
125
125
125
125
125
125
125
125
125
125
125
125
125
125
125
125
125
125
125
125
125
125
125
125
125
125
125
125
125
125
125
125
125
125
125
125
125
125
125
125
125
125
125
125
125
125
125
125
125
125
125
125
125
125
125
125
125
125
125
125
125
125
126
125
125
125
125
125
125
125
125
125
125
125
125
125
125
125
125
126
125
125
125
125
125
125
125
126
125
125
125
126
126
125
125
125
125
125
125
125
125
125
125
126
125
125
125
125
125
125
125
126
125
125
126
125
125
125
126
125
125
125
126
125
125
125
125
125
125
125
125
125
125
125
125
125
124
125
125
125
126
123
125
125
125
126
127
125
125
125
125
126
126
126
125
125
125
126
126
125
125
125
125
124
125
126
126
125
125
126
125
125
125
126
125
125
125
125
125
125
125
125
125
125
126
126
126
124
124
125
126
126
126
125
125
124
125
126
126
125
124
126
126
125
125
125
125
125
125
126
126
125
124
128
126
124
125
126
126
126
125
126
126
126
124
124
125
125
125
125
126
126
126
125
126
127
126
124
125
127
125
124
124
125
124
123
124
126
130
133
133
132
127
122
122
127
129
126
121
118
118
121
120
118
119
122
126
132
137
133
128
136
144
132
117
118
124
127
131
132
123
115
117
124
125
122
119
115
123
128
129
126
126
125
126
129
133
133
129
125
126
127
126
126
126
124
122
123
125
126
126
125
123
122
122
123
125
125
125
125
125
126
127
127
126
125
125
126
128
128
126
125
125
126
127
126
126
125
125
125
125
125
125
125
124
124
124
125
125
125
125
126
126
126
125
125
125
125
125
126
126
131
125
125
126
125
124
124
125
126
126
126
125
125
125
125
125
125
125
125
125
125
126
126
126
125
125
125
126
126
126
125
125
125
125
125
125
125
125
125
125
125
125
125
126
125
125
125
124
124
126
128
129
127
125
125
127
128
127
125
125
126
126
126
125
126
125
125
125
124
124
123
124
120
120
122
124
132
129
127
125
126
126
126
125
125
126
126
126
127
126
126
126
126
125
125
124
125
125
123
124
125
126
126
125
124
124
125
125
125
125
125
125
125
126
125
125
126
126
127
126
126
127
126
125
125
125
126
125
124
125
125
124
125
125
126
124
124
125
124
125
125
126
127
126
126
126
128
128
125
119
115
119
130
136
127
116
118
133
140
134
130
133
122
100
106
131
134
118
110
113
120
139
152
136
110
111
133
146
133
107
107
128
135
134
136
125
113
134
174
163
92
54
95
141
142
127
120
120
110
116
129
132
129
125
123
124
127
129
130
126
122
125
132
131
125
123
128
129
124
119
118
120
125
130
131
128
126
127
128
125
122
122
124
125
124
124
125
126
125
125
126
128
126
124
124
128
128
126
124
123
125
127
125
123
123
125
126
126
128
127
126
127
128
126
122
120
122
126
125
123
124
129
132
129
129
132
122
118
127
135
125
116
120
126
124
121
120
122
126
128
128
130
133
133
130
129
127
121
116
121
125
128
127
126
134
140
128
108
100
105
130
159
152
115
99
123
136
122
121
126
130
124
127
114
110
136
160
145
114
112
119
118
121
122
119
128
132
116
111
137
157
150
132
122
123
123
112
103
119
135
129
114
113
122
132
133
124
115
123
159
185
145
83
92
130
100
27
97
255
245
56
32
139
165
121
115
121
116
128
149
143
119
107
103
108
126
132
130
137
137
135
138
125
100
111
143
138
117
119
126
120
123
126
122
126
129
122
118
126
137
139
132
126
122
118
116
121
124
127
133
131
119
116
128
135
128
125
124
122
117
117
127
139
134
120
118
127
124
115
125
96
126
125
126
126
125
125
126
126
126
126
126
126
126
126
126
126
126
126
126
126
126
126
126
126
126
126
126
126
126
126
126
126
126
126
126
126
126
125
125
125
126
126
125
126
125
126
125
126
125
126
125
125
125
126
125
125
125
125
125
125
125
125
125
126
125
125
125
125
125
125
125
126
125
126
125
126
125
125
125
125
125
125
125
125
126
125
125
126
125
125
125
125
125
125
125
126
126
125
125
126
126
125
125
125
126
125
125
125
125
125
125
125
126
125
125
125
125
125
126
125
125
125
125
125
125
126
125
125
125
125
125
125
125
125
125
126
125
125
125
126
126
125
125
125
126
125
126
125
126
125
125
126
125
125
125
125
125
125
125
125
125
125
125
125
125
126
125
125
125
125
125
126
125
126
125
125
125
126
125
125
125
125
125
126
125
125
126
126
125
125
125
125
125
125
125
125
125
125
125
125
125
125
125
125
125
125
125
125
125
125
125
125
125
125
125
125
125
125
125
125
125
125
125
125
126
125
125
125
125
125
125
125
125
125
125
125
125
125
125
125
125
125
125
125
125
125
125
125
125
125
125
125
125
125
125
125
125
125
125
125
125
125
125
125
125
125
125
125
125
125
125
125
125
125
125
125
125
125
125
125
125
125
125
125
125
125
126
125
125
125
125
125
125
125
125
125
125
125
125
125
125
125
125
125
125
125
125
125
125
125
125
125
125
125
125
125
125
125
125
125
125
125
125
125
125
125
125
125
125
125
125
125
125
125
125
125
125
125
125
125
125
125
125
125
125
125
125
125
125
125
125
125
125
130
