130
130
129
126
126
126
50
125
125
125
125
125
125
125
125
125
125
125
125
125
125
125
125
125
125
125
125
125
125
125
125
125
125
125
125
125
125
125
125
125
125
125
125
125
125
125
125
125
125
125
125
125
125
125
125
125
125
125
125
125
125
125
125
125
125
125
125
125
125
125
125
125
125
125
125
125
125
125
125
125
125
125
125
125
125
125
125
125
125
125
125
125
125
125
125
125
125
125
125
125
125
125
125
125
125
125
125
125
125
125
125
125
125
125
125
125
125
125
125
125
125
125
125
125
125
125
125
125
125
125
125
125
125
125
125
125
125
125
125
125
125
125
125
125
125
125
125
125
125
125
125
125
125
125
125
125
125
125
125
125
125
125
125
125
125
125
125
125
125
125
125
125
125
125
125
125
125
125
125
125
125
125
125
125
125
125
125
125
125
125
125
125
125
125
125
125
125
125
125
125
125
125
125
125
125
125
125
125
125
125
125
125
125
125
125
125
125
125
125
125
125
125
125
125
125
125
125
125
125
125
125
125
125
125
125
125
125
125
125
125
125
125
125
125
125
125
125
125
125
125
125
125
125
125
125
125
125
125
125
125
125
125
125
125
125
125
125
125
125
125
125
125
125
125
125
125
125
125
125
125
125
125
125
125
125
125
125
125
125
125
125
125
125
125
125
125
125
125
125
125
125
125
125
125
125
125
125
125
125
125
125
125
125
125
125
125
125
125
125
125
125
125
125
125
125
125
125
125
125
125
125
125
125
125
125
125
125
125
125
125
125
125
125
125
125
125
125
125
125
125
125
125
125
125
125
125
125
125
125
125
125
125
125
125
125
125
125
125
125
125
125
125
125
125
125
125
125
125
125
125
125
125
125
125
125
125
125
125
125
125
125
125
125
125
125
125
125
125
125
125
125
125
125
125
125
125
125
125
125
125
125
125
125
125
125
125
125
125
125
125
125
125
125
125
125
125
125
125
125
125
125
125
125
125
125
125
125
125
125
125
125
125
125
125
125
125
125
125
125
125
125
125
125
125
125
125
125
125
125
125
125
125
125
125
125
125
125
125
125
125
125
125
125
125
125
125
125
125
125
125
125
125
125
125
125
125
125
125
125
125
125
125
125
125
125
125
125
125
125
125
125
125
125
125
125
126
126
125
125
125
125
125
124
125
125
124
124
125
126
126
125
124
125
126
126
126
125
125
125
126
127
123
120
122
124
122
124
131
134
129
125
129
128
120
116
115
116
125
140
141
125
111
112
121
127
129
133
133
126
121
123
129
127
119
114
118
131
139
135
125
124
123
123
120
118
123
126
130
129
126
120
115
122
130
133
132
122
114
116
128
137
134
121
112
122
134
136
125
119
123
125
122
119
127
133
124
116
124
134
133
121
119
125
128
126
125
123
119
121
127
128
129
126
121
124
131
129
120
118
125
130
132
132
125
117
117
126
129
121
116
121
129
132
134
134
127
121
122
122
120
122
126
126
123
126
131
129
119
115
121
132
136
129
120
117
122
130
133
127
120
121
125
126
126
125
123
122
125
124
121
126
131
127
123
133
131
111
114
131
133
127
126
122
122
135
127
112
122
124
130
138
126
112
113
118
133
147
141
127
101
62
104
248
235
14
62
210
255
118
59
97
255
206
69
8
67
190
232
135
42
81
156
137
106
159
162
76
62
154
190
125
71
101
160
160
107
75
102
149
165
142
113
114
126
124
111
119
143
142
112
100
119
137
134
133
129
115
110
128
146
142
123
105
103
119
135
134
130
131
131
124
120
124
133
135
126
114
109
118
130
134
128
122
123
129
135
133
125
119
120
125
127
124
121
121
124
130
135
133
127
120
118
121
128
132
129
124
124
125
124
123
123
125
125
125
127
130
128
123
122
123
127
127
126
125
124
124
126
126
125
124
125
128
128
127
126
125
125
123
125
129
128
125
122
123
125
124
124
125
126
127
125
124
125
126
126
126
126
126
127
127
125
123
122
123
125
127
127
125
124
125
127
128
125
121
120
124
129
129
125
122
122
124
127
129
128
125
124
126
127
125
122
122
125
127
128
126
124
124
125
127
127
125
124
125
126
126
126
125
124
122
125
127
126
123
124
126
127
125
124
126
127
126
125
125
126
125
124
124
125
126
126
125
125
126
126
125
124
123
124
125
126
126
126
125
125
125
125
126
126
125
124
125
126
126
126
125
124
125
126
127
126
125
125
125
125
125
125
125
125
127
125
125
126
125
125
124
125
125
125
125
125
124
125
125
126
125
124
125
126
125
125
125
125
126
125
125
125
125
125
125
125
125
125
125
124
125
125
126
125
126
126
125
125
125
125
125
125
125
125
125
125
125
125
125
126
125
125
125
124
124
125
125
124
125
125
125
125
125
126
126
126
124
124
126
127
125
124
124
125
125
125
127
126
125
124
125
125
126
127
125
123
125
127
126
124
125
126
125
124
126
126
124
124
125
125
125
124
125
126
126
125
125
124
125
125
125
126
124
122
123
126
126
125
124
125
125
125
126
126
125
125
126
126
125
125
125
125
126
125
125
125
125
124
125
125
125
124
124
125
126
126
125
124
124
125
126
126
125
126
125
126
125
125
124
125
125
125
126
126
125
124
124
124
125
126
126
125
124
124
126
126
125
125
125
125
125
125
126
126
125
125
125
125
125
125
125
125
126
125
125
125
125
125
125
125
125
125
125
125
124
125
125
126
126
125
125
125
125
125
126
125
125
125
125
125
125
125
125
125
125
125
125
125
125
125
125
125
124
125
125
125
125
125
125
125
125
125
125
125
125
125
125
126
125
125
127
124
108
126
126
125
126
127
127
127
127
126
125
125
125
126
126
126
126
125
126
126
127
125
127
125
126
125
125
126
126
126
125
125
126
125
124
125
126
126
126
126
126
126
125
126
126
125
126
125
126
126
126
125
125
126
126
126
125
125
125
125
126
125
126
125
125
125
123
122
124
125
125
127
126
126
127
127
126
125
125
126
125
125
125
125
125
125
125
125
125
125
125
125
125
126
125
125
125
125
126
126
126
125
126
125
126
125
125
125
125
125
125
125
125
125
125
125
125
125
125
125
124
125
125
125
125
125
125
125
125
125
125
125
126
125
126
125
126
125
125
125
125
126
125
125
125
125
125
126
126
126
125
125
125
126
125
125
125
124
123
124
125
125
126
126
126
126
125
126
125
125
125
125
125
126
126
126
126
125
125
124
124
126
125
125
125
125
125
125
126
126
125
124
125
125
126
125
125
125
126
125
126
125
125
126
125
125
126
126
125
125
124
125
125
126
126
124
125
125
126
126
126
125
125
125
125
126
125
125
124
125
126
126
126
125
125
125
127
126
125
124
125
127
127
125
124
125
125
125
125
125
125
125
125
125
125
125
125
125
125
125
126
125
124
126
127
125
124
124
125
126
126
126
126
125
126
126
128
94
123
125
129
124
127
129
128
128
128
126
127
126
125
125
125
126
126
122
78
124
128
131
131
133
131
130
130
129
128
128
127
126
127
127
128
128
126
126
124
126
127
127
127
128
128
131
129
126
125
126
127
128
125
124
125
127
127
126
125
126
126
126
126
125
125
127
116
123
124
125
126
129
129
129
128
127
127
129
128
126
124
124
125
127
128
125
124
125
126
126
125
124
127
126
124
124
124
125
126
125
124
123
123
126
125
124
125
127
129
128
128
127
128
126
125
124
124
125
124
124
125
125
126
128
127
126
126
126
125
125
125
125
124
124
124
123
125
126
126
126
125
126
126
127
126
125
124
125
126
126
125
124
125
125
125
126
127
126
126
126
126
126
126
126
126
125
126
126
125
125
125
126
126
126
126
126
126
125
126
125
49
125
125
126
125
126
126
126
126
126
126
125
125
125
125
125
125
125
125
125
125
125
125
125
125
125
126
125
125
125
125
125
125
126
125
125
125
125
125
125
125
125
125
125
126
125
125
125
125
125
126
125
125
125
125
125
125
125
125
125
125
125
125
125
125
125
125
125
125
125
125
125
125
125
125
125
125
125
125
125
125
125
125
125
125
125
125
125
125
126
125
125
125
125
125
125
125
125
125
125
125
125
126
125
125
125
125
125
125
125
125
125
125
125
125
125
125
126
125
125
125
125
125
125
125
125
125
125
125
125
126
125
125
125
125
125
125
125
125
125
125
125
125
125
125
125
125
125
125
126
126
125
125
125
125
125
125
125
125
125
125
125
125
125
125
125
125
125
125
125
125
125
125
125
125
125
125
126
125
126
125
126
125
126
125
126
125
126
125
125
126
125
125
125
125
125
126
125
124
125
125
126
126
126
126
126
126
126
126
126
126
126
125
126
125
126
125
126
125
126
126
126
126
126
126
125
126
125
126
126
126
126
125
126
126
126
126
126
125
125
126
125
126
126
126
126
126
125
125
125
126
125
125
125
125
125
125
125
125
125
125
126
126
126
125
125
126
126
126
125
125
125
125
126
126
125
126
125
125
125
125
125
125
126
125
125
126
125
126
125
126
125
125
126
125
125
126
126
126
126
126
125
126
126
125
126
125
126
125
126
126
126
125
126
125
125
126
126
125
126
125
126
125
126
126
126
125
125
126
126
125
126
125
125
126
126
126
125
126
126
126
126
126
125
126
125
126
126
126
126
125
126
125
126
128
