125
124
125
125
126
125
99
126
126
125
126
125
126
125
125
125
125
126
125
125
126
125
125
126
125
125
126
126
126
126
126
126
126
126
126
126
126
126
126
126
126
126
126
126
125
125
126
126
126
126
126
126
126
126
126
125
125
125
126
126
126
126
126
126
125
125
125
126
126
126
126
125
125
125
125
125
126
125
125
125
125
125
125
125
125
125
125
125
125
126
125
126
126
125
125
126
125
125
125
126
125
125
126
125
125
126
126
125
126
126
125
125
125
125
126
125
125
125
125
125
126
125
125
126
126
126
125
126
125
125
126
125
125
125
125
125
125
125
125
125
125
126
125
125
125
125
126
126
125
126
125
126
126
125
125
125
125
125
125
125
125
125
125
125
125
126
125
126
126
125
125
126
126
126
126
125
125
125
126
125
125
126
125
126
125
126
126
125
125
126
126
126
125
125
125
126
125
125
126
125
125
125
125
125
126
126
125
126
126
125
126
126
125
125
126
126
125
125
125
125
125
125
125
125
125
125
125
125
125
125
125
125
125
125
125
125
125
125
125
125
125
125
126
126
125
126
126
125
125
125
125
125
125
125
125
125
125
125
125
125
125
125
125
125
125
125
125
125
125
125
125
125
125
125
125
125
125
125
125
125
125
125
125
125
125
125
125
125
125
125
125
125
125
125
125
125
125
125
125
125
125
125
125
125
125
125
125
125
125
125
125
125
125
125
125
125
125
125
125
125
125
125
125
125
125
125
125
125
125
125
125
125
125
125
125
125
125
125
125
125
125
125
125
125
125
125
125
125
125
125
125
125
125
125
125
125
125
125
125
125
125
125
125
125
125
125
125
125
125
125
125
125
125
125
125
125
125
125
125
125
125
125
125
125
125
125
125
125
125
125
125
125
125
125
125
125
125
125
125
125
125
125
125
125
125
125
125
125
125
125
125
125
125
125
125
126
125
125
125
125
125
125
125
125
125
125
125
125
125
125
125
125
125
125
125
125
125
125
125
125
125
125
125
125
125
125
125
125
125
125
125
125
125
125
125
125
125
125
125
125
125
125
125
125
125
125
125
125
125
125
125
125
125
125
125
125
125
125
125
125
125
125
125
125
125
125
125
125
125
125
125
125
125
125
125
125
125
125
125
125
125
125
125
125
125
125
125
125
125
125
125
125
125
125
125
125
125
125
125
125
125
125
125
125
125
125
125
125
125
125
125
125
125
125
125
125
125
125
125
125
125
125
125
125
125
125
125
125
125
125
125
125
125
125
125
125
125
125
125
125
125
125
125
125
125
125
125
125
125
125
125
125
125
125
125
125
125
125
125
125
125
126
124
125
125
125
125
126
125
126
125
125
125
125
125
125
125
125
125
126
125
125
125
125
125
125
125
124
125
125
126
126
126
126
126
126
126
125
125
126
126
125
126
126
126
126
125
125
125
125
126
126
126
125
125
126
126
126
126
126
126
125
126
126
126
126
126
125
125
124
125
125
125
125
126
126
126
126
126
126
125
125
126
126
125
125
126
125
125
125
126
126
125
126
125
125
126
125
125
125
126
125
125
125
125
126
125
125
125
125
125
125
125
125
125
126
126
125
126
125
125
125
125
126
126
125
126
125
125
126
126
126
126
125
126
126
126
125
125
125
125
125
125
125
125
125
126
125
125
126
125
125
126
125
125
125
125
125
126
126
126
125
126
125
125
125
126
125
125
125
126
125
125
125
125
125
126
125
125
125
125
125
125
126
126
125
125
125
125
126
126
126
125
126
126
126
126
126
126
125
125
125
126
125
125
126
125
125
125
126
126
126
126
126
126
125
125
126
126
127
126
126
126
125
125
125
125
125
125
126
125
125
125
125
125
125
125
126
126
126
126
125
125
125
125
125
126
126
126
125
125
125
125
125
125
125
125
125
125
125
125
125
125
125
125
125
125
125
125
125
125
125
125
125
125
125
125
125
125
125
125
125
126
126
125
125
125
125
125
125
125
125
125
125
125
125
125
125
125
125
125
125
125
125
125
125
125
126
125
125
125
125
125
125
125
125
125
125
125
125
125
125
125
125
125
125
125
125
125
125
125
125
125
125
125
125
125
125
125
125
125
125
125
125
125
125
125
125
125
125
125
125
125
125
125
125
125
125
125
125
125
125
125
125
125
125
125
125
125
125
125
125
125
125
125
125
125
125
125
125
125
125
125
125
125
125
125
125
125
125
125
125
125
125
125
125
125
125
125
125
125
125
125
125
125
125
125
125
125
125
125
125
125
125
125
125
125
125
125
125
125
125
125
125
125
125
125
125
125
125
125
125
125
125
125
125
125
125
125
125
125
125
125
125
125
125
125
125
125
125
125
125
125
125
125
125
125
125
125
125
125
125
125
125
125
125
125
125
125
125
125
125
125
125
125
125
125
125
125
125
125
125
125
125
125
125
125
125
125
125
125
125
125
125
125
124
125
125
125
125
126
125
125
125
125
125
125
125
125
125
125
126
125
124
125
126
126
125
125
125
125
125
126
126
124
124
125
126
126
125
125
125
125
125
125
125
125
125
125
125
125
126
126
125
125
125
125
125
125
126
126
124
124
126
125
126
125
125
125
124
122
122
123
129
135
136
133
130
129
126
114
103
114
136
134
110
103
116
130
133
132
126
123
135
150
142
123
121
130
129
122
121
122
123
128
128
122
119
122
126
123
119
123
128
127
124
125
126
125
127
130
129
128
129
127
127
129
125
124
122
123
124
125
124
125
125
125
124
126
127
127
125
124
125
124
124
126
126
124
124
128
131
128
125
126
128
127
123
121
125
128
127
123
124
127
127
124
124
126
125
123
125
128
127
122
121
126
130
128
122
121
126
128
125
123
125
129
127
124
126
128
127
124
125
127
127
123
122
125
128
126
123
124
128
127
125
124
126
127
125
122
124
128
127
124
124
128
128
124
124
127
128
125
123
124
127
125
124
125
126
126
124
124
126
127
127
125
125
127
128
125
124
126
127
126
126
126
126
127
126
125
125
126
126
125
124
123
125
125
123
123
125
127
127
124
124
126
127
126
126
127
127
126
125
126
128
127
130
125
125
127
124
120
122
125
125
124
124
125
127
125
123
124
126
127
125
124
126
127
126
125
125
127
127
126
131
127
126
125
123
122
125
126
125
124
125
126
124
124
124
124
126
125
126
126
127
127
126
125
127
128
123
114
113
125
134
128
119
129
160
163
105
61
97
155
163
121
88
106
145
157
132
99
104
146
155
115
102
126
136
133
133
126
109
107
121
134
144
146
125
98
106
146
154
118
101
119
133
127
121
125
127
123
125
130
128
123
125
130
129
123
118
121
123
123
124
127
127
125
125
130
133
129
123
122
124
127
125
121
121
124
126
126
125
125
126
127
128
126
124
124
125
126
125
124
126
127
126
125
125
126
128
125
124
124
125
125
125
125
126
125
124
125
126
127
126
125
125
125
125
124
124
125
125
125
124
124
124
126
127
126
125
124
126
126
125
124
123
122
122
125
126
126
125
126
126
127
128
130
126
123
125
128
129
126
124
124
122
121
123
125
123
124
126
127
126
124
123
125
127
128
125
124
126
127
127
124
124
126
125
123
125
125
127
126
124
125
127
125
126
125
125
127
123
127
122
123
124
124
121
121
126
130
127
133
126
89
141
126
127
123
128
136
134
128
120
118
124
127
123
115
114
121
129
139
140
121
115
132
139
126
113
118
91
110
128
119
126
137
137
134
130
127
131
133
132
126
125
128
131
128
120
122
129
131
127
123
124
127
128
124
122
124
127
126
125
129
131
131
127
126
128
118
117
120
125
125
126
128
131
131
128
127
131
131
128
127
126
123
124
126
125
124
126
126
123
98
125
126
125
125
125
125
126
125
125
126
125
126
126
126
125
126
125
126
126
125
125
125
125
125
125
125
125
125
125
125
125
125
125
125
125
125
125
125
125
125
126
125
125
125
125
125
125
126
126
125
125
125
125
125
125
125
126
125
125
125
125
125
126
125
125
125
125
125
125
125
125
125
125
125
125
125
125
125
125
125
125
125
125
125
125
125
125
125
125
125
125
125
125
125
125
125
125
125
125
125
125
125
125
125
125
125
125
125
125
125
125
125
125
125
125
125
125
125
125
125
125
125
125
125
125
125
125
125
125
125
125
125
125
125
125
125
125
125
125
125
125
125
125
125
125
125
125
125
125
125
125
125
125
125
125
125
125
125
125
125
125
125
125
125
125
125
125
125
125
125
125
125
125
125
125
125
125
125
125
125
125
125
125
125
125
125
125
125
125
125
125
125
125
125
125
125
125
125
125
125
125
125
125
125
125
125
125
125
125
125
125
125
125
125
125
125
125
125
125
125
125
125
125
125
125
125
125
125
125
125
125
125
125
125
125
125
125
125
125
125
125
125
125
125
125
125
125
126
125
125
125
125
125
125
125
125
125
125
125
125
125
125
125
125
125
125
125
125
125
125
125
125
125
125
125
125
125
125
125
125
125
125
125
125
125
125
125
125
125
125
125
125
125
125
125
125
125
125
125
125
125
125
125
125
125
125
125
125
125
125
125
125
125
125
125
125
125
125
125
125
125
125
125
125
125
125
125
125
125
125
125
125
125
125
125
125
125
125
125
125
125
125
125
125
125
125
125
125
125
126
124
125
125
122
