123
125
127
125
124
125
87
125
125
125
125
125
125
125
125
126
125
125
125
125
125
125
125
125
125
125
125
125
125
125
125
125
125
125
125
125
125
125
125
125
125
125
125
125
125
125
125
125
125
125
125
125
125
125
125
125
125
125
125
125
125
125
125
125
125
125
125
125
125
125
125
126
126
125
125
125
125
125
125
125
125
125
125
125
125
125
125
125
125
125
125
125
125
125
125
125
125
125
125
125
125
125
125
125
125
125
125
125
125
125
125
125
125
125
125
125
125
125
125
125
125
125
125
125
125
125
125
125
125
125
125
125
125
125
125
125
125
125
125
125
125
125
125
125
125
125
125
125
125
125
125
125
125
125
125
125
125
125
125
125
125
125
125
125
125
125
125
125
125
125
125
125
125
125
125
125
125
125
125
125
125
125
125
125
125
125
125
125
125
125
125
125
125
125
125
125
125
125
125
125
125
125
125
125
125
125
125
125
125
125
125
125
125
125
125
125
125
125
125
125
125
125
125
125
125
125
125
125
125
125
125
125
125
125
125
125
125
125
125
125
125
125
125
125
125
125
125
125
125
125
125
125
125
125
125
125
125
125
125
125
125
125
125
125
125
125
125
125
125
125
125
125
125
125
125
125
125
125
125
125
125
126
125
125
125
125
125
125
125
125
125
125
125
125
125
125
125
125
125
125
125
125
125
125
125
125
125
125
125
125
125
125
125
125
125
125
125
125
125
125
125
125
125
125
125
125
125
125
125
125
125
125
125
125
125
125
125
125
125
125
125
125
125
125
125
125
125
125
125
125
125
125
125
125
125
125
125
125
125
125
126
125
125
125
126
125
125
125
125
125
125
125
125
125
125
125
125
125
125
125
125
125
125
125
125
125
125
125
125
125
125
125
125
125
125
125
125
125
125
125
125
125
125
125
125
125
125
125
125
125
125
125
125
125
125
125
125
125
125
125
125
125
125
125
125
125
125
125
125
125
125
125
125
125
124
125
125
125
125
126
125
125
125
125
125
125
125
125
125
125
125
125
125
125
125
125
125
125
125
125
125
125
125
125
125
125
125
125
125
125
125
125
125
125
125
125
125
125
125
125
125
125
125
125
125
125
125
125
125
125
125
125
125
125
125
125
125
125
125
125
125
125
125
125
125
125
125
125
125
125
125
125
125
125
125
125
125
125
125
125
125
125
125
125
125
125
125
125
125
125
125
125
125
125
125
125
125
125
125
125
125
125
125
125
125
125
125
125
125
125
125
125
125
125
125
125
125
125
125
125
125
125
125
125
125
125
125
125
125
125
125
125
125
125
125
125
125
125
125
125
125
125
125
125
125
125
125
125
125
125
125
125
125
125
125
125
125
125
125
125
125
125
125
125
125
125
125
125
125
125
125
125
125
125
126
125
125
125
125
125
125
125
125
125
125
125
125
126
126
125
125
125
126
126
125
125
125
126
126
125
125
125
126
125
125
125
126
125
125
125
125
125
126
124
125
125
126
126
126
126
126
125
125
125
125
125
126
126
126
126
126
126
125
126
125
126
126
126
125
126
126
125
124
125
126
126
126
126
126
126
126
126
126
126
126
126
126
126
126
125
125
125
126
125
126
126
125
125
126
126
126
126
125
125
126
126
126
126
126
125
125
126
126
126
126
126
126
126
126
126
126
126
126
125
125
125
125
126
126
125
125
125
126
125
125
126
126
125
125
125
125
125
126
126
125
125
126
125
126
126
125
125
125
126
126
125
125
125
125
125
125
125
125
126
125
125
126
126
126
125
125
125
125
126
126
125
126
126
125
125
125
126
125
126
126
126
125
126
126
125
125
126
125
125
125
126
126
126
125
125
125
126
126
126
125
125
126
126
125
125
125
125
125
125
126
125
125
125
126
125
125
125
126
125
126
126
126
125
125
125
125
125
126
126
125
125
126
126
125
125
126
125
125
126
126
125
125
126
126
125
125
126
125
125
126
126
126
125
127
126
126
125
125
125
125
125
125
126
125
125
126
126
125
125
125
126
126
125
126
125
125
126
126
125
124
125
126
126
125
126
126
125
125
126
127
126
125
126
126
125
125
125
125
125
125
125
125
125
126
126
125
124
125
125
126
125
125
125
125
125
125
125
126
125
125
125
126
125
125
125
126
125
125
126
126
125
125
126
126
125
125
125
125
125
125
125
125
125
125
125
126
126
125
125
125
125
125
125
125
125
125
126
126
125
125
125
126
125
125
126
125
125
125
125
126
126
125
125
125
125
123
124
125
125
125
126
126
126
126
125
125
125
125
125
125
125
126
125
125
125
125
125
125
125
125
125
125
125
126
125
125
125
125
125
125
125
125
125
125
125
125
125
125
125
125
125
125
125
125
126
126
125
125
125
125
125
125
125
125
125
125
125
125
125
125
125
125
125
125
125
125
125
126
126
126
125
125
125
125
125
125
125
125
125
125
125
125
125
125
125
125
126
125
125
125
125
125
125
125
125
125
125
125
125
125
126
125
125
125
126
125
125
125
125
125
125
125
125
125
125
125
125
125
125
125
125
125
125
125
125
125
125
125
125
125
125
125
125
125
125
125
125
125
126
126
126
125
124
125
127
127
126
125
125
125
125
126
125
124
124
125
125
125
125
125
126
125
125
125
126
126
126
125
125
126
126
126
126
126
125
124
124
125
124
125
126
126
125
124
125
125
126
126
125
124
125
126
126
126
126
124
124
125
126
126
125
125
125
126
126
126
125
124
125
125
125
125
126
126
126
126
126
126
128
124
125
124
123
122
123
124
124
125
126
127
128
128
129
131
133
133
127
122
118
114
113
113
118
125
130
133
132
130
124
120
127
139
146
142
124
101
109
144
145
94
66
112
180
165
90
92
165
175
95
78
156
168
94
89
171
168
67
38
119
174
174
163
135
90
85
126
149
116
88
115
180
201
134
53
45
103
182
200
132
72
93
140
144
126
112
110
124
145
128
112
133
151
140
118
108
117
131
130
121
120
122
125
132
134
126
118
123
132
128
121
127
132
127
120
118
120
124
122
118
121
129
132
126
122
127
129
126
124
124
129
133
129
123
123
125
122
117
120
128
133
133
127
124
126
124
118
121
133
132
122
112
122
135
134
124
116
119
132
135
127
119
120
130
133
124
111
104
115
137
150
144
131
116
102
109
130
137
132
133
128
118
123
140
138
117
105
110
124
132
135
131
123
119
119
122
128
131
129
129
129
132
147
144
102
80
115
146
128
98
101
132
155
154
134
112
113
128
130
118
114
129
139
136
130
120
114
125
129
117
110
119
140
153
140
112
92
109
151
155
112
91
120
145
141
130
122
112
116
134
135
122
122
129
127
126
131
126
119
121
120
120
127
128
121
118
124
130
134
129
118
118
128
133
127
123
125
129
131
127
116
114
126
144
136
121
121
132
130
114
111
124
131
128
126
126
125
126
126
121
120
123
124
124
126
129
131
127
120
121
128
132
128
124
124
124
121
122
130
132
130
126
120
118
120
122
124
125
126
125
125
125
125
125
129
135
131
122
117
121
127
133
133
125
117
119
128
136
134
121
113
119
128
131
126
122
124
129
128
117
118
128
133
128
128
127
121
118
122
124
121
131
136
124
125
132
126
115
118
126
132
135
121
115
126
128
122
119
126
122
132
127
116
113
129
137
136
132
123
115
124
135
133
123
117
117
124
135
132
120
117
125
130
123
123
124
129
125
122
126
130
126
120
123
131
131
122
118
121
126
130
130
128
124
118
120
127
130
130
125
118
121
129
129
121
119
125
130
129
128
128
123
118
122
129
127
123
124
126
124
124
126
129
129
123
119
125
133
129
120
119
125
131
130
128
119
117
124
131
130
125
122
86
125
125
125
125
125
125
125
125
125
125
125
125
125
125
125
125
125
125
125
126
125
125
125
125
125
125
125
125
125
125
125
125
125
125
125
125
125
125
125
125
125
125
125
125
125
125
125
125
125
125
125
125
125
125
125
125
125
125
125
125
125
125
125
125
125
125
125
125
125
125
125
125
125
125
125
125
125
125
125
125
125
125
125
125
125
125
125
125
125
125
125
125
125
125
125
125
125
125
125
125
125
125
125
125
125
125
125
125
125
125
125
125
125
125
125
125
125
125
125
125
125
125
125
125
125
125
125
125
125
125
125
125
125
125
125
125
125
125
125
125
125
125
125
125
125
125
125
125
125
125
125
125
125
125
125
125
125
125
125
125
125
125
125
125
125
125
125
125
125
125
125
125
125
125
125
125
125
125
125
125
125
125
125
125
125
126
126
125
125
125
125
125
125
125
125
125
125
125
125
125
125
125
125
125
125
125
125
125
125
125
125
125
125
125
125
125
125
125
125
125
125
125
125
125
125
125
125
125
125
125
125
125
125
125
125
125
125
125
125
125
125
125
125
125
125
125
125
125
125
125
125
125
125
125
125
125
125
126
125
125
125
125
125
126
125
125
125
125
125
125
125
125
125
125
125
125
125
125
125
125
125
125
125
125
125
125
125
125
125
125
125
125
125
125
125
125
125
125
125
125
125
125
125
125
125
125
125
125
125
125
125
125
125
125
125
125
125
125
125
125
125
125
125
125
125
125
125
125
125
125
125
125
125
125
125
125
125
125
125
125
125
125
125
125
125
125
125
125
125
125
125
125
125
88
