126
120
120
123
131
136
80
125
125
125
125
125
125
125
126
125
126
125
125
125
125
125
125
125
125
125
125
125
125
125
125
125
125
125
125
125
125
125
125
125
125
125
125
125
125
125
125
125
125
125
125
125
125
125
125
125
125
125
125
125
125
125
125
125
125
125
125
125
125
125
125
125
125
125
125
125
125
125
125
125
125
125
125
125
125
125
125
125
125
125
125
125
125
125
125
125
125
125
125
125
125
125
125
125
125
125
125
125
125
125
125
125
125
125
125
125
125
125
125
125
125
125
125
125
125
125
125
125
125
125
125
125
125
125
125
125
125
125
125
125
125
125
125
125
125
125
125
125
125
125
125
125
125
125
125
125
125
125
125
126
125
125
125
125
125
125
125
125
125
125
125
125
125
125
125
125
125
125
125
125
125
125
125
125
125
125
125
125
125
125
125
125
125
125
125
125
125
125
125
125
125
125
125
125
125
125
125
125
125
125
125
125
125
125
125
125
125
125
125
125
125
125
125
125
125
125
125
125
125
125
125
125
125
125
125
125
125
125
125
125
126
125
125
125
125
125
125
125
125
125
125
125
126
125
125
125
125
125
125
126
125
125
125
126
125
125
125
125
125
125
125
125
125
125
125
125
125
125
125
125
125
125
125
125
125
125
125
125
125
125
125
125
125
125
125
125
125
125
126
125
125
126
124
125
125
125
125
125
126
126
125
125
125
125
125
125
125
125
125
125
125
125
125
125
125
125
125
125
125
125
125
125
125
125
125
125
125
125
125
125
125
125
125
125
125
125
125
125
125
125
125
125
125
125
125
125
125
125
125
125
125
125
125
125
125
125
125
125
125
125
125
125
125
125
125
125
125
125
125
125
125
125
125
125
125
125
125
125
125
125
125
125
125
125
125
125
125
125
125
125
125
125
125
125
125
125
125
125
125
125
125
125
125
125
125
125
125
125
125
125
125
125
125
125
125
125
125
125
125
125
125
125
125
125
125
125
125
125
125
125
125
125
125
125
125
125
125
125
125
125
125
125
126
125
125
125
125
125
125
125
125
125
125
125
125
125
125
125
125
125
125
125
125
125
125
125
125
125
125
125
125
125
125
125
125
125
125
125
125
125
125
125
125
125
125
125
125
125
125
125
125
125
125
125
125
125
125
125
125
125
125
125
125
125
125
125
125
125
125
125
125
125
125
125
125
125
125
125
125
125
125
125
125
125
125
125
125
125
125
125
125
125
125
125
125
125
125
125
125
125
125
125
125
125
125
125
125
125
125
125
125
125
125
125
125
125
125
125
125
125
125
125
125
125
125
125
125
125
125
125
125
125
125
125
125
125
125
125
125
125
126
126
126
126
125
122
124
130
129
124
121
122
113
105
135
154
132
118
142
127
95
111
136
127
153
155
59
102
165
190
66
35
164
245
141
8
91
186
171
85
108
176
147
70
92
149
149
137
117
75
100
196
184
102
63
103
154
154
117
113
131
128
118
126
131
121
125
131
123
125
134
129
118
116
121
124
122
123
134
139
133
124
118
117
122
129
135
136
126
114
110
119
133
140
134
121
113
117
129
137
133
124
119
123
129
126
121
122
126
128
127
127
127
125
124
123
123
125
128
127
125
125
126
127
126
126
125
125
125
125
125
126
127
126
124
125
128
128
128
127
126
124
123
123
124
124
122
124
129
129
126
125
127
127
126
125
124
124
125
126
125
124
125
126
126
126
127
126
126
127
126
126
126
126
126
125
124
125
125
125
125
125
124
125
125
126
126
126
126
126
126
126
126
126
126
125
124
124
125
126
126
126
126
126
126
126
127
127
127
126
125
125
125
125
126
125
124
125
127
126
124
125
126
126
125
126
127
128
125
126
127
125
124
125
126
125
125
125
126
125
125
126
126
126
126
126
125
125
126
126
126
125
124
124
125
126
127
127
126
125
126
126
126
125
124
124
124
125
126
125
124
124
125
127
127
125
125
126
126
127
127
126
125
125
126
125
124
124
125
125
125
125
125
124
124
125
126
126
126
125
125
126
126
126
125
124
125
126
126
125
124
125
126
126
125
125
126
126
125
125
125
125
126
125
125
125
125
124
125
126
125
125
125
126
126
125
125
125
125
126
124
126
126
125
124
124
126
127
126
125
125
125
125
125
125
125
125
125
126
126
126
125
126
127
126
126
126
126
125
126
126
126
125
124
125
126
125
125
125
125
125
125
125
125
125
126
126
125
125
125
125
125
126
126
125
126
126
126
125
126
126
125
125
125
125
126
124
124
125
125
125
126
126
125
126
126
126
125
125
126
126
125
125
125
125
125
125
126
126
126
126
125
125
125
126
126
124
124
125
126
126
125
124
126
126
126
125
125
125
125
126
126
125
125
126
126
124
124
126
126
125
125
125
126
125
125
125
126
126
125
125
125
126
126
125
125
125
125
125
125
125
125
125
125
125
125
125
126
126
125
125
125
126
126
126
125
125
125
125
125
125
125
125
125
125
125
125
125
125
125
126
125
125
125
126
125
124
124
125
126
126
126
125
124
125
125
125
126
126
126
126
125
124
124
125
126
126
126
126
125
125
125
126
126
125
125
125
125
125
126
126
125
125
125
125
125
127
126
125
125
126
124
124
125
125
125
125
125
123
124
125
126
127
127
126
126
125
122
121
123
125
125
125
126
128
127
125
125
126
128
127
122
122
126
128
127
125
127
126
123
121
123
125
126
127
126
125
125
127
127
125
124
125
125
125
125
124
125
126
128
128
126
124
124
126
127
125
122
122
121
122
126
129
129
125
124
125
128
129
129
126
125
123
121
121
124
126
123
120
122
127
129
127
124
126
133
134
127
118
120
125
123
119
123
129
124
118
124
132
129
122
123
128
131
131
126
120
124
130
127
121
122
125
126
123
120
122
127
128
124
124
128
128
126
126
126
124
124
123
122
123
127
130
126
119
117
124
131
128
126
125
126
125
128
131
129
124
119
120
125
127
127
125
127
134
133
123
119
125
130
129
122
114
112
125
139
135
119
114
122
130
131
130
128
120
116
132
144
129
102
104
134
150
137
116
113
123
129
126
124
129
128
125
125
125
123
123
126
127
119
104
127
121
125
136
136
126
118
121
128
130
134
138
131
119
116
123
126
124
125
128
128
126
126
125
121
122
127
131
127
122
124
128
129
125
124
124
125
124
125
128
128
127
125
124
125
125
125
126
129
132
132
127
116
112
125
134
128
122
124
124
122
125
129
124
121
129
134
127
121
126
129
125
123
124
123
121
122
127
127
127
132
133
129
123
122
123
122
121
123
128
132
129
121
119
124
129
129
125
119
122
136
144
127
106
108
124
135
137
130
118
113
122
135
138
135
125
115
117
127
129
124
122
124
123
121
124
131
133
129
124
122
124
128
129
126
122
123
122
121
124
128
128
129
129
127
123
121
122
128
131
133
124
124
126
128
123
121
122
125
127
127
126
125
124
125
124
123
124
128
127
125
123
124
128
128
124
123
126
126
122
121
128
130
126
124
126
126
125
126
121
91
128
118
125
130
143
143
131
122
119
120
123
122
120
128
143
148
134
110
97
110
138
144
130
123
123
127
143
149
121
80
107
160
149
111
117
132
124
122
127
120
116
129
138
126
119
127
128
125
132
131
118
118
131
131
120
118
127
131
129
127
125
125
124
124
123
117
117
126
128
128
130
126
122
125
130
130
127
126
125
127
128
126
124
122
124
130
131
125
118
121
123
122
124
132
134
128
121
120
121
127
136
130
116
116
126
130
128
128
122
114
119
132
133
123
120
123
128
129
126
126
126
126
126
124
122
128
132
130
116
115
119
119
123
139
151
135
101
96
126
148
139
121
119
123
81
125
126
126
126
126
126
125
126
126
125
126
126
126
126
125
126
125
126
126
125
125
125
126
125
126
125
126
126
125
126
126
126
126
126
125
126
125
126
126
126
126
126
126
126
126
126
126
125
125
126
126
126
126
125
125
126
125
126
125
125
125
126
126
125
126
126
126
126
125
125
126
125
125
126
125
126
126
125
126
126
126
126
126
126
126
126
126
125
125
125
125
125
125
125
125
125
125
125
126
125
126
125
125
126
125
125
125
125
125
125
125
126
125
125
125
126
125
125
125
125
125
125
125
126
125
125
125
126
126
125
125
125
125
125
125
125
125
125
125
125
125
125
125
125
125
125
125
125
125
125
125
125
125
125
125
125
125
125
125
125
126
123
127
126
125
125
125
125
125
126
126
126
126
126
125
125
125
125
125
125
125
125
126
125
125
126
126
125
125
125
125
126
125
125
126
125
126
125
125
126
126
126
125
126
126
125
125
125
125
125
126
125
125
126
125
125
125
125
125
126
125
125
125
125
125
125
125
125
125
125
125
125
125
125
125
125
125
125
125
126
125
125
125
125
125
125
125
125
125
125
126
126
125
125
125
125
125
125
126
125
125
125
125
125
125
125
125
125
125
125
126
125
125
125
125
125
125
125
125
125
125
125
125
125
125
126
126
126
125
125
125
125
125
125
125
125
125
125
125
125
125
125
125
125
125
126
125
125
125
125
125
125
125
125
125
125
125
125
125
125
125
125
125
125
125
125
125
125
125
125
125
125
125
125
125
125
126
125
125
125
125
125
125
125
126
125
125
125
125
125
125
125
125
132
