126
125
124
123
124
126
41
125
126
126
125
126
126
125
126
126
126
126
126
126
126
126
126
125
125
126
125
126
126
126
125
126
126
125
125
126
125
126
125
125
125
125
125
125
125
125
125
125
125
125
125
125
125
125
125
125
126
125
125
125
125
125
125
125
125
125
125
125
125
125
125
125
125
125
125
125
125
125
126
125
125
125
125
126
125
125
125
125
125
125
125
125
125
125
125
125
125
125
125
125
125
125
125
125
125
125
125
125
125
125
125
125
125
125
125
125
125
125
125
125
125
125
125
125
125
125
125
125
125
125
125
125
125
125
125
125
125
125
125
125
125
125
125
125
125
125
125
125
125
125
125
125
125
125
125
125
125
125
125
125
125
125
125
125
125
125
125
125
125
126
125
125
125
125
125
125
125
125
125
125
125
125
126
126
125
125
125
125
125
125
125
125
125
125
125
125
125
125
125
125
125
125
125
125
125
125
125
125
125
125
125
125
125
125
125
125
125
125
125
125
125
125
125
125
125
125
125
125
125
125
125
125
125
125
125
125
125
125
125
125
125
125
125
125
125
125
125
125
125
125
125
125
125
125
125
125
125
125
125
125
125
125
125
125
125
125
125
125
125
125
125
125
125
125
125
125
125
125
125
125
125
125
125
125
125
125
125
125
125
125
125
125
125
125
125
125
125
125
125
125
125
125
125
125
125
125
125
125
125
125
125
125
125
125
125
125
125
125
125
125
125
125
125
125
125
125
125
125
125
125
125
125
125
125
125
125
125
125
125
125
125
125
125
125
125
125
125
125
125
125
125
125
125
125
125
125
125
125
125
125
125
125
125
125
125
125
125
125
125
125
125
125
125
125
125
125
125
125
125
125
125
125
125
125
125
125
125
125
125
125
125
125
125
125
125
125
125
125
125
125
125
125
125
125
125
125
125
125
125
125
125
125
125
125
125
125
125
125
125
125
125
125
125
125
125
125
125
125
125
125
125
125
125
126
124
125
125
125
126
126
126
126
126
125
125
125
125
126
125
126
126
126
125
125
125
126
125
125
125
126
125
126
126
125
126
125
125
125
125
125
125
125
125
126
125
125
126
125
125
126
125
126
125
126
126
125
125
125
126
125
125
126
126
125
125
125
125
124
124
125
124
126
127
127
125
124
125
125
125
126
126
126
126
127
125
121
121
126
129
128
127
129
128
122
115
118
126
130
128
125
124
123
123
125
129
132
133
129
124
122
124
123
118
112
112
119
131
141
143
135
119
109
117
135
141
136
134
129
107
87
102
146
166
133
92
119
168
133
60
77
168
206
153
85
56
93
157
189
163
87
58
139
186
102
62
158
194
92
64
179
191
116
59
44
118
215
205
107
41
81
169
208
135
56
79
151
169
126
98
119
149
147
102
82
132
175
148
102
95
107
123
144
153
140
120
107
111
128
138
132
120
113
112
123
139
137
123
122
131
133
124
116
115
126
136
133
122
114
115
124
136
137
128
120
118
121
127
133
135
126
119
121
125
123
120
123
128
130
128
124
123
125
127
126
125
127
128
125
122
123
125
125
126
127
127
126
122
120
122
127
129
128
125
125
125
126
126
125
125
124
125
125
126
127
126
124
123
124
126
128
129
126
124
123
123
124
125
125
126
126
126
126
126
125
123
124
126
128
128
126
124
123
124
125
126
126
127
126
125
124
125
126
126
126
125
124
124
123
124
125
126
126
126
126
126
126
126
126
126
125
125
124
124
125
125
126
125
126
126
125
125
125
126
126
125
124
124
125
125
126
126
126
126
126
125
125
125
125
125
126
126
125
125
125
125
125
125
125
125
125
125
126
126
126
125
125
125
126
126
126
125
125
125
125
124
124
125
125
126
126
126
126
126
125
125
125
125
125
125
125
126
125
125
125
125
125
125
126
125
125
125
125
125
125
127
122
124
125
126
127
126
126
126
126
126
125
125
125
125
125
126
126
125
126
126
126
126
125
125
125
125
126
126
126
125
126
126
125
125
125
125
126
126
125
125
126
127
126
126
125
125
126
126
125
125
126
126
126
125
126
126
126
126
125
123
123
125
126
125
124
125
125
128
127
125
125
127
127
126
125
124
125
126
126
124
124
125
126
126
125
125
125
125
125
125
125
125
125
126
125
125
126
126
126
125
126
126
125
125
125
125
125
125
125
126
126
126
126
126
126
126
126
125
125
125
125
126
125
125
125
125
125
125
125
125
125
126
126
126
125
125
126
126
126
126
124
124
125
126
127
126
124
124
124
125
126
126
127
126
126
125
125
125
125
125
126
127
126
124
124
125
126
127
126
124
123
124
125
126
125
125
125
125
125
125
126
126
126
125
125
125
126
126
125
125
125
125
125
126
126
125
125
125
125
126
126
126
125
125
125
126
126
125
125
124
125
125
125
125
127
127
127
126
125
124
124
124
124
125
125
125
125
125
125
125
125
125
126
126
125
125
125
125
126
125
125
125
125
125
126
125
125
125
125
125
125
125
125
125
125
125
125
125
125
125
125
125
125
125
125
125
125
125
125
125
125
125
125
125
125
125
125
125
126
125
125
126
126
125
125
125
125
125
126
126
125
125
125
125
125
125
125
125
125
125
125
125
125
126
125
125
125
125
125
125
125
125
125
125
125
125
125
125
125
125
125
125
125
125
126
126
126
125
125
125
125
125
125
125
125
125
125
125
125
125
125
125
125
125
125
125
125
125
125
125
125
126
125
125
125
125
125
125
125
125
125
125
125
125
125
125
125
125
125
125
125
125
125
126
125
125
126
125
125
125
125
125
124
125
125
125
125
125
125
125
125
125
125
125
126
126
126
125
125
125
125
125
125
125
125
125
125
126
126
125
125
126
125
125
126
125
125
125
125
125
125
125
125
125
125
125
125
125
125
125
125
126
126
125
126
125
126
125
125
125
125
125
125
125
125
125
125
126
125
125
125
125
125
125
125
125
125
125
125
125
126
126
125
125
125
125
126
125
126
125
125
125
125
125
125
125
125
125
126
125
124
124
125
125
125
125
125
125
125
126
126
126
125
125
125
125
126
125
125
125
125
126
126
125
125
125
125
125
125
125
127
125
125
125
125
125
124
125
125
125
129
136
112
125
125
126
127
127
126
126
126
125
124
124
124
125
126
125
125
125
126
125
125
125
125
125
126
126
126
126
126
115
123
125
127
127
128
128
128
128
127
126
126
127
126
126
126
125
126
126
126
126
125
125
125
126
126
126
125
126
125
126
126
126
126
126
125
125
119
125
126
125
127
128
127
127
127
127
127
126
126
126
125
125
126
126
126
125
125
126
126
126
125
125
125
125
124
124
125
125
125
125
126
126
126
126
125
125
126
126
125
125
126
127
127
125
125
125
125
125
125
126
126
125
125
126
125
126
126
125
125
124
125
126
126
125
124
124
125
125
125
125
125
125
127
127
126
127
126
127
126
126
125
124
125
125
125
126
126
126
126
126
126
126
126
126
125
125
125
126
125
126
125
126
126
125
125
126
125
126
126
126
126
126
125
125
126
125
125
125
126
126
126
126
126
125
125
125
125
126
125
125
126
125
126
126
126
126
125
125
126
125
126
126
126
125
134
127
126
125
124
123
123
123
125
124
125
125
125
126
125
126
126
125
127
126
125
126
150
76
121
115
132
127
133
131
130
127
126
125
125
125
126
130
132
127
125
126
124
123
124
124
125
126
127
127
126
127
126
126
127
126
126
126
126
126
126
126
126
126
126
127
126
126
126
126
126
126
126
126
126
126
126
126
126
126
126
125
126
125
126
126
125
126
126
111
125
124
126
126
129
128
129
128
129
129
128
126
125
125
126
124
125
126
126
127
126
126
125
125
124
42
125
125
125
126
125
125
125
125
125
125
125
125
125
125
125
125
125
125
125
125
125
125
125
125
125
125
125
125
125
125
125
125
125
125
125
125
125
125
125
125
125
125
125
125
125
125
126
125
125
126
126
125
126
126
126
126
126
126
125
126
125
126
126
126
126
126
126
126
126
126
126
126
125
126
126
125
125
125
126
126
126
126
125
126
126
125
126
126
126
126
126
125
125
125
126
126
126
126
126
125
126
126
126
126
126
125
125
126
126
126
126
126
126
126
125
126
126
125
125
126
126
126
125
125
125
125
125
126
126
125
125
125
125
125
125
126
125
125
125
125
125
126
126
126
125
125
125
126
126
125
125
126
126
126
125
125
125
125
125
125
126
126
125
125
126
126
125
125
126
126
126
126
126
126
125
125
125
125
125
126
126
125
125
126
126
126
126
125
126
126
126
125
126
125
126
125
126
126
125
126
125
126
125
125
126
126
126
125
125
125
125
125
125
126
125
126
126
126
125
125
126
126
125
125
126
126
126
125
125
125
126
126
126
125
125
125
125
126
126
126
126
126
125
125
125
126
126
125
125
125
125
125
125
126
126
126
125
126
126
126
126
126
126
126
126
126
126
125
125
125
125
126
125
125
125
125
125
125
125
125
125
125
126
125
125
125
125
125
125
126
126
126
125
126
126
126
125
125
125
125
125
125
125
125
125
125
126
126
125
125
125
125
125
125
125
125
125
125
126
125
125
125
125
126
125
126
126
125
125
125
125
125
125
125
125
125
125
125
125
125
125
125
125
125
125
125
125
125
125
125
125
125
125
125
