128
133
129
119
119
128
83
126
125
126
126
125
126
125
126
126
126
126
126
126
126
126
126
126
126
125
125
125
126
126
125
126
126
125
125
125
125
126
126
126
126
126
126
126
126
125
125
125
126
125
125
125
126
125
125
125
126
125
125
125
126
125
125
125
125
125
125
125
125
125
126
125
126
125
126
125
125
125
125
125
125
125
125
125
125
126
125
126
125
125
125
126
125
125
125
125
125
125
125
125
125
125
125
125
125
126
125
126
125
126
125
125
125
125
125
125
125
125
125
125
125
125
125
125
126
125
125
125
125
125
125
125
125
125
126
126
125
125
125
125
125
126
126
125
125
125
125
125
126
125
125
125
125
125
125
125
126
125
125
125
125
125
125
125
125
125
125
125
125
125
125
125
125
125
125
125
125
125
126
125
125
125
125
126
125
125
125
125
125
125
125
125
125
125
125
125
125
125
125
125
126
126
125
125
125
125
125
125
125
125
125
125
125
125
125
125
125
125
125
125
125
125
125
125
125
125
125
125
125
125
125
125
125
125
125
125
125
125
125
125
125
125
125
125
125
125
125
125
125
125
125
125
125
125
125
125
125
125
125
125
125
125
125
125
125
125
125
125
125
125
125
125
125
125
125
125
125
125
126
125
125
125
125
125
125
125
125
125
125
125
125
125
125
125
125
125
125
125
125
125
125
125
125
125
125
125
125
125
125
125
125
125
125
125
125
125
125
125
125
125
125
125
125
125
125
125
125
125
125
125
125
125
125
125
125
125
125
125
125
125
125
125
125
125
125
125
125
125
125
126
125
125
125
125
125
125
125
125
125
125
125
125
125
125
125
125
125
125
125
125
125
125
125
125
125
125
125
125
125
125
125
125
125
125
125
125
124
125
126
125
125
125
126
125
125
125
125
125
125
126
126
125
125
125
125
125
125
125
125
125
125
126
126
126
126
126
126
126
126
126
126
126
126
126
126
126
126
126
126
126
126
126
126
125
126
126
125
126
126
126
126
125
126
125
126
126
126
126
126
126
126
126
125
125
125
126
125
126
126
126
125
126
126
125
126
125
125
126
125
125
126
125
125
125
126
125
126
126
126
125
125
125
125
125
125
125
125
125
126
126
126
125
125
125
125
125
126
125
125
125
125
126
125
126
125
125
125
125
125
125
125
125
125
125
125
125
125
125
125
125
125
125
125
125
126
126
125
125
126
125
125
125
126
126
126
126
125
125
125
125
125
125
125
126
125
125
125
126
125
126
126
125
125
125
125
126
125
125
125
126
125
126
125
126
126
125
125
125
125
125
125
125
125
126
125
125
125
125
125
125
125
125
126
125
125
125
125
125
126
126
126
126
126
126
126
125
125
125
125
125
125
125
126
125
126
127
126
125
125
126
126
126
125
125
126
125
125
125
125
125
125
126
126
126
125
123
124
128
130
125
122
125
127
126
125
123
122
124
126
128
128
126
125
125
125
126
126
124
124
125
125
125
126
126
125
125
126
126
125
125
126
126
125
124
124
125
125
125
126
126
127
126
126
125
125
125
126
126
125
125
124
125
125
126
125
125
125
125
126
126
125
125
125
126
126
125
125
125
125
126
126
125
125
125
125
126
125
125
125
125
126
126
125
125
125
125
126
126
126
125
125
125
125
125
125
125
126
126
126
125
125
126
125
125
125
125
125
125
125
125
125
125
125
125
126
126
125
125
125
125
127
123
124
125
125
126
126
126
126
126
127
126
125
125
125
125
126
125
125
125
125
125
125
124
125
125
126
127
126
126
127
127
125
125
126
126
126
126
126
126
126
126
126
126
126
126
126
126
126
126
126
126
125
125
125
126
126
126
126
126
126
126
125
126
126
125
126
125
124
125
125
126
126
126
126
126
126
126
126
125
126
126
126
126
126
125
125
126
126
125
125
126
125
125
125
126
126
126
125
126
126
125
126
126
125
125
126
126
125
125
126
126
125
125
126
126
125
125
126
126
126
126
126
125
125
126
126
126
125
125
126
125
125
125
125
126
125
125
126
126
126
125
125
126
126
125
125
126
126
126
125
126
126
126
125
126
125
126
126
126
125
125
126
126
125
125
125
125
125
126
126
125
125
126
126
126
126
126
126
126
125
125
126
126
126
125
125
126
126
126
126
125
125
125
126
126
126
125
125
125
126
127
126
125
125
125
126
126
125
125
125
126
126
126
126
125
125
127
127
126
125
125
125
125
125
125
125
125
126
125
125
125
125
126
126
126
125
125
126
126
126
126
126
128
126
126
125
125
124
124
125
125
125
125
125
125
125
125
125
125
125
126
125
125
125
125
125
125
125
126
125
125
125
125
125
125
125
125
125
126
125
125
125
125
125
125
125
125
126
125
125
125
126
125
125
126
125
126
126
126
125
125
125
126
126
125
125
125
125
125
125
125
125
125
125
125
125
126
125
125
125
126
125
125
125
125
125
125
126
126
125
124
126
126
125
124
126
126
124
125
126
126
124
124
125
126
127
126
123
123
126
127
125
124
125
127
125
124
125
125
124
127
128
126
122
123
128
125
127
124
122
127
129
125
123
126
127
123
123
128
127
125
127
124
120
125
130
125
121
122
127
125
125
127
126
130
133
125
120
122
128
127
125
126
128
128
124
125
128
124
121
123
129
128
125
127
128
128
127
124
121
121
122
124
126
128
128
129
128
126
124
125
127
123
119
124
130
125
121
127
133
127
122
125
125
123
124
128
129
128
126
125
126
127
125
120
120
123
125
127
130
134
134
130
126
121
118
118
118
118
119
121
122
126
132
137
140
138
134
133
130
124
117
114
115
115
112
114
119
126
129
131
134
138
138
137
133
131
127
123
118
116
115
115
115
117
121
125
129
131
132
132
133
134
133
129
125
122
122
121
122
124
126
125
123
123
124
124
125
125
126
128
129
128
128
127
125
122
122
121
118
123
128
126
126
129
124
125
139
137
123
122
124
114
121
138
128
117
127
125
112
128
143
126
128
147
121
93
134
163
118
102
140
115
75
134
176
105
90
162
131
64
133
205
122
83
166
159
59
85
181
149
83
128
162
91
73
161
183
104
97
156
138
81
110
159
128
101
146
160
100
84
138
158
124
114
139
131
101
115
146
140
122
125
130
110
95
121
152
150
119
105
119
129
125
129
135
126
120
125
122
112
121
144
143
123
116
118
120
128
135
124
116
131
143
126
99
99
125
149
154
152
137
101
85
116
139
134
129
120
103
108
137
154
143
113
93
109
149
163
134
106
111
131
134
118
105
116
141
150
134
109
104
123
140
136
124
116
118
129
139
135
120
112
119
128
123
115
122
135
134
125
122
124
126
127
124
121
125
131
129
126
129
128
121
117
122
125
128
131
128
121
120
126
129
123
118
121
127
133
132
128
123
124
126
127
124
119
120
127
129
127
124
126
128
127
125
125
127
127
123
121
122
127
130
129
124
119
118
121
128
134
133
130
124
120
121
125
130
130
126
122
118
116
124
132
132
122
117
120
126
131
131
124
117
120
129
132
127
122
123
128
128
126
150
113
120
120
123
129
133
126
122
124
129
128
125
121
120
123
125
124
122
124
125
127
131
131
123
122
73
120
126
121
128
137
138
132
131
131
126
123
123
127
130
128
127
128
131
131
128
124
124
123
123
126
128
127
128
126
126
125
126
130
132
127
122
120
122
128
131
129
113
120
122
130
132
130
126
126
127
127
129
131
128
128
129
128
127
123
117
119
123
128
128
127
125
122
123
128
132
133
131
123
118
119
124
128
126
121
123
128
131
128
125
124
123
122
123
121
121
128
131
125
125
133
139
129
111
104
119
140
139
123
116
126
133
128
122
118
121
128
133
129
124
123
84
125
126
126
125
125
125
125
125
125
125
125
125
125
125
125
125
125
125
125
125
125
125
125
125
125
125
125
125
125
125
125
125
125
125
125
125
125
125
125
125
125
125
125
125
125
125
125
125
125
125
125
125
125
125
125
125
125
125
125
125
125
125
126
125
125
125
125
125
125
125
125
125
125
125
125
125
125
125
125
125
125
125
125
125
125
125
125
125
125
125
125
125
125
125
125
125
125
125
125
125
125
125
125
125
125
125
125
125
125
125
125
125
125
125
125
125
125
125
125
125
125
125
125
125
125
125
125
125
125
125
125
125
125
125
125
125
125
125
125
125
126
125
126
126
125
125
125
125
125
125
125
125
125
125
125
125
125
125
125
125
125
125
125
125
125
125
125
125
125
125
125
125
125
125
125
125
125
125
125
125
125
125
125
125
125
125
125
125
125
125
125
125
125
125
125
125
125
125
125
125
125
125
125
125
125
125
125
125
125
125
125
125
125
125
125
125
125
125
125
125
125
125
125
125
125
125
125
125
125
125
125
125
125
125
125
125
125
125
125
125
125
125
125
125
125
125
126
124
125
125
125
125
125
125
125
125
125
125
125
125
125
125
125
125
125
125
125
125
125
125
124
125
125
126
126
126
126
126
126
126
125
126
125
126
126
126
126
126
125
126
125
126
125
125
126
125
126
125
125
125
125
126
126
125
126
126
125
126
125
125
125
126
125
124
125
126
125
125
126
126
126
125
125
125
125
126
125
125
125
125
125
125
126
125
125
125
126
125
125
126
126
125
125
125
125
125
125
125
125
126
126
125
125
120
