118
117
125
129
136
129
77
125
125
125
125
125
125
126
125
125
125
125
125
125
125
125
125
125
125
125
125
125
125
125
125
125
125
125
125
125
125
125
125
125
125
125
125
125
125
125
125
125
126
125
125
125
125
125
125
125
125
125
125
125
126
125
125
125
125
125
125
125
125
125
125
125
125
125
125
125
125
125
125
125
125
125
125
125
125
125
125
125
125
125
125
125
125
125
126
126
125
125
125
125
125
125
125
125
125
125
125
125
125
125
125
125
125
125
125
125
125
125
125
125
125
125
125
125
125
125
125
125
125
125
125
125
125
125
125
125
125
125
125
125
125
125
125
125
125
125
125
125
125
125
125
125
125
125
125
125
125
125
125
125
125
125
125
125
125
125
125
125
125
125
125
125
125
125
125
125
125
125
125
125
125
125
125
125
125
125
126
125
125
125
125
125
126
125
125
125
125
125
125
126
125
125
125
125
125
125
125
125
125
125
125
125
125
125
125
125
125
125
125
125
125
125
126
126
126
126
126
125
126
126
126
126
125
125
125
126
126
125
126
125
126
126
125
125
125
125
125
126
126
125
125
126
125
125
125
126
125
126
126
126
125
126
125
125
125
125
125
125
126
125
125
125
126
125
126
125
125
125
126
125
126
126
126
126
126
126
125
126
125
125
126
126
126
125
126
125
125
125
126
125
125
125
125
125
126
126
125
125
126
125
126
125
125
126
126
125
126
126
125
125
125
125
126
125
126
125
125
125
125
125
125
125
125
125
125
126
125
125
126
125
126
125
126
125
125
125
125
125
126
125
125
126
126
125
126
125
125
126
126
125
125
126
125
125
126
126
125
126
125
126
125
126
126
125
126
126
126
126
125
126
126
125
125
126
126
125
126
125
125
126
126
125
125
125
125
125
125
125
125
126
126
126
126
126
125
126
125
125
125
125
125
125
125
126
125
126
125
125
125
125
125
125
125
126
125
125
125
126
126
125
125
126
126
126
125
125
125
125
125
126
126
126
125
125
126
125
125
125
125
125
125
125
125
125
125
125
125
125
126
125
126
125
125
125
125
126
125
125
125
125
125
125
125
125
125
125
125
125
125
125
125
125
125
125
125
125
125
125
125
125
125
125
125
125
125
125
125
125
125
125
125
125
125
125
125
125
125
125
125
125
125
126
126
126
126
126
125
125
125
125
125
125
125
125
125
125
125
125
125
126
125
125
125
125
125
125
125
125
125
125
125
125
125
125
125
125
125
125
125
125
125
125
125
125
125
125
125
125
125
125
125
125
125
125
125
125
125
125
125
125
125
125
125
125
125
125
125
125
125
125
125
125
125
125
125
125
125
125
125
125
125
126
127
127
127
125
124
122
124
128
128
122
114
115
130
141
132
118
125
141
136
110
83
103
179
202
106
31
111
193
147
81
103
143
142
131
119
117
130
137
114
103
133
166
143
103
81
90
138
188
166
91
67
136
167
116
105
144
144
103
82
110
161
207
193
55
53
76
255
255
39
90
87
255
225
50
37
137
164
118
138
155
101
79
123
141
130
137
128
103
107
131
131
119
131
141
126
107
109
123
132
137
137
127
111
111
128
139
127
110
116
135
136
124
123
132
131
113
97
108
144
171
151
95
76
129
182
143
55
60
173
237
158
41
26
122
197
180
128
103
100
106
135
163
137
91
91
128
143
132
129
136
131
122
123
126
120
117
125
133
126
118
123
132
128
118
119
129
136
133
126
120
121
125
129
127
123
121
124
129
130
126
122
121
124
127
126
123
123
127
129
129
129
127
124
123
125
122
123
123
122
124
129
129
125
124
128
132
129
123
124
127
124
118
122
133
131
121
122
131
126
117
119
128
131
128
124
123
126
129
129
125
124
126
126
124
123
125
126
125
126
126
125
125
126
127
127
125
124
125
126
126
126
124
123
123
124
127
128
127
126
127
127
124
123
122
123
125
127
127
125
125
124
126
128
129
127
124
124
127
128
126
124
124
126
126
124
121
122
126
128
124
121
124
126
126
125
126
128
126
124
126
129
127
123
123
125
126
126
124
123
125
128
128
125
124
124
126
127
126
125
124
126
126
123
122
124
126
127
127
125
124
125
125
125
127
129
128
124
122
124
128
128
126
123
122
124
125
125
127
128
126
123
124
125
125
126
127
125
122
124
127
128
127
127
125
124
126
127
126
124
125
127
127
124
122
123
126
127
125
124
126
126
125
123
125
127
126
123
123
126
128
127
125
124
125
126
125
124
125
128
128
124
123
126
127
125
125
125
123
122
127
126
124
126
128
126
124
125
126
126
128
127
121
118
121
125
129
131
128
123
125
128
125
122
124
127
127
124
122
123
125
128
129
126
123
124
127
126
125
125
125
125
125
126
125
124
125
129
123
123
123
124
127
127
125
125
125
125
125
126
126
127
127
125
123
125
127
126
124
124
125
125
125
125
125
125
125
126
126
126
125
124
127
127
125
123
123
125
126
127
127
126
125
121
122
125
127
126
126
126
126
128
127
126
125
125
125
125
125
126
126
125
125
125
122
125
125
126
126
126
126
127
127
126
125
126
128
126
125
125
125
126
126
126
126
125
125
125
125
126
126
126
125
124
124
126
127
126
126
125
125
125
125
126
127
125
125
126
126
126
126
126
125
125
125
125
124
124
125
126
127
126
126
126
125
126
126
126
125
125
126
126
125
125
125
126
126
127
126
125
124
125
126
127
126
125
125
125
126
126
126
126
124
124
125
127
127
126
126
126
125
125
126
126
126
124
125
126
126
125
125
126
127
126
125
126
125
126
126
126
126
127
126
126
125
125
125
125
125
126
126
126
126
125
126
127
127
126
125
124
126
126
126
123
123
125
127
127
127
126
125
125
130
128
126
124
125
125
125
123
124
124
126
125
125
124
125
126
126
126
126
125
125
126
126
125
125
125
126
126
126
126
126
125
124
125
126
126
125
126
126
127
127
126
125
129
121
122
124
126
127
128
126
125
125
127
132
125
125
125
125
123
123
124
125
125
125
124
124
125
126
126
126
126
127
127
126
125
125
125
125
126
125
125
124
126
127
127
126
126
127
126
126
125
125
125
126
125
125
125
126
126
126
126
126
125
125
126
127
126
125
125
122
121
125
126
126
127
127
127
127
126
126
125
125
125
125
124
123
124
126
126
126
125
125
125
125
125
127
127
125
126
125
125
126
126
125
124
124
126
126
126
126
124
121
123
128
128
124
123
127
127
124
123
126
127
125
125
127
127
124
123
124
126
127
128
127
123
122
125
128
126
126
127
125
123
125
125
123
122
124
126
126
123
134
129
117
116
126
134
132
123
117
120
129
137
134
120
109
108
121
139
149
142
124
110
114
126
123
122
131
134
124
115
115
123
132
137
131
124
121
122
125
128
124
123
127
128
119
114
121
132
136
129
120
119
124
129
128
125
125
126
127
127
125
122
124
124
124
125
130
132
128
123
122
125
130
127
127
126
121
119
124
128
127
127
124
120
120
123
123
124
129
129
123
121
128
131
125
123
125
129
132
126
113
111
126
143
145
137
124
100
94
121
146
143
126
131
150
134
76
56
131
183
156
103
99
133
157
149
112
72
88
166
189
117
86
127
147
128
114
110
114
126
133
136
134
123
119
128
130
125
121
119
120
129
130
119
122
133
134
124
121
121
120
123
130
135
131
118
115
125
136
132
121
116
120
128
133
127
118
120
129
131
125
123
129
133
127
118
116
119
124
130
133
126
122
124
128
126
126
134
133
118
108
118
137
138
121
113
125
134
123
121
132
133
117
115
128
136
133
120
113
119
133
137
133
125
121
115
113
118
128
136
133
128
125
121
113
114
133
149
139
115
108
78
126
126
125
125
125
126
125
126
126
126
126
125
125
126
126
126
126
126
125
125
125
125
125
125
125
125
125
126
125
125
126
125
125
125
125
125
125
125
125
125
125
126
126
125
126
125
125
125
126
125
126
125
125
125
125
125
125
126
125
125
125
125
126
125
125
125
125
126
126
125
126
125
126
125
125
126
125
125
125
125
125
126
125
125
125
126
126
126
126
125
125
125
125
125
126
126
125
125
126
126
126
126
125
125
125
126
125
125
125
125
125
125
125
126
125
125
125
125
125
125
126
125
125
126
126
125
125
125
125
125
125
126
125
126
126
126
126
126
125
125
125
126
126
125
125
125
125
125
125
125
125
125
125
125
125
125
125
125
125
125
125
125
125
125
125
125
125
125
125
125
125
125
125
125
125
125
125
126
125
125
125
126
125
125
125
125
125
125
125
125
125
125
125
125
125
125
125
125
125
125
125
125
125
125
125
125
125
125
125
125
125
125
125
125
125
125
125
125
125
125
125
125
125
125
125
126
125
125
125
125
125
125
125
125
125
125
125
125
125
125
125
125
125
125
125
125
125
125
125
125
125
125
125
125
125
125
125
125
125
125
125
125
125
125
125
125
125
125
125
125
125
125
125
125
125
125
125
125
125
125
125
125
125
125
125
125
125
125
125
125
125
126
125
125
125
125
125
125
126
126
125
125
125
126
126
126
125
125
125
125
125
125
125
125
125
125
125
125
125
125
125
125
125
126
125
125
125
125
125
125
125
125
125
125
125
125
125
125
125
125
126
126
125
125
125
125
125
125
125
125
125
125
125
122
