121
125
131
130
122
119
86
125
125
125
126
125
125
125
125
125
125
125
125
125
126
126
126
125
125
126
125
125
125
125
125
125
125
125
125
125
125
125
125
125
125
125
125
125
125
125
125
125
125
125
125
125
125
125
125
125
125
125
125
125
125
125
125
125
125
125
125
125
125
125
125
125
125
125
125
125
125
125
125
125
125
125
125
125
125
125
125
125
125
125
125
125
126
125
125
125
126
125
126
125
125
126
126
126
126
126
126
126
126
126
126
126
126
126
126
126
126
126
126
126
126
126
126
126
126
126
126
126
126
126
126
126
126
126
126
126
126
126
126
126
126
126
126
126
126
126
126
125
126
126
126
126
126
126
126
126
126
126
126
126
126
126
126
126
126
126
126
126
126
126
126
125
125
126
125
126
126
126
126
125
126
126
126
125
125
125
125
125
125
126
126
126
126
126
126
126
126
125
126
125
126
126
125
125
126
126
126
125
125
125
126
126
125
126
125
125
125
126
125
125
126
126
126
125
125
126
125
125
125
126
125
125
125
125
126
126
125
126
125
125
125
126
125
126
125
125
125
125
125
125
126
126
126
126
125
126
126
125
126
126
125
126
126
126
125
126
125
125
125
126
126
126
126
126
126
126
126
126
125
125
125
125
125
125
126
125
126
125
125
125
126
125
126
125
125
126
125
126
126
125
126
125
126
126
126
125
126
126
126
126
126
126
126
126
126
125
126
126
126
126
126
126
126
125
125
125
125
125
125
125
125
125
125
125
125
125
125
125
125
125
125
125
125
125
125
125
125
125
125
125
125
125
125
125
125
125
125
125
125
125
125
125
126
125
125
125
125
126
125
125
125
125
125
125
125
125
125
125
125
125
125
125
125
125
125
125
125
125
125
125
125
125
125
125
125
125
125
125
125
125
125
125
125
125
125
125
125
125
125
125
125
125
125
125
125
125
125
125
125
125
126
125
125
125
125
125
125
125
125
125
125
125
125
125
125
125
126
125
125
125
125
125
125
125
125
125
125
125
125
126
125
125
125
125
125
125
125
125
125
125
125
125
125
125
125
125
125
125
125
125
125
125
125
125
125
125
125
125
125
125
125
125
125
125
125
125
125
125
125
125
125
125
125
125
125
125
125
125
126
125
125
125
125
125
125
125
125
125
125
125
125
125
125
125
125
125
125
125
125
125
125
125
125
125
125
126
126
125
125
125
125
125
125
125
125
125
125
125
125
125
125
125
125
125
125
125
125
125
125
126
125
125
125
125
125
125
125
125
125
125
125
125
125
125
125
125
125
125
124
125
125
125
125
126
125
125
125
125
125
125
125
125
125
125
125
125
125
125
125
125
125
125
125
125
125
125
125
125
125
125
125
125
125
125
126
126
125
125
125
126
126
125
125
125
125
125
125
125
125
126
126
125
125
126
125
125
125
126
126
125
124
125
126
126
125
124
125
126
126
126
125
125
126
126
125
125
126
125
125
125
125
125
126
125
125
125
125
125
126
126
126
125
125
125
126
126
125
125
125
126
126
126
126
125
125
126
126
126
125
125
125
126
125
125
126
125
125
125
126
125
125
125
125
125
126
126
125
125
125
126
125
126
125
125
126
125
125
125
125
126
125
126
126
125
125
126
126
125
125
126
126
125
125
125
125
125
126
125
125
125
126
125
125
125
126
125
125
126
126
125
125
125
125
125
126
125
125
126
126
125
125
126
125
125
126
125
125
125
126
125
125
126
126
125
125
126
125
125
126
126
125
125
126
125
125
125
126
125
125
126
125
125
126
126
125
125
126
126
126
126
126
125
125
125
125
124
125
126
125
125
126
125
125
125
126
126
125
126
125
125
125
125
125
125
125
125
125
125
126
126
125
125
126
125
124
125
126
125
125
126
125
125
125
126
125
125
126
126
124
124
126
126
125
126
126
126
125
126
126
126
125
126
125
125
125
126
126
125
125
125
125
125
125
126
126
125
125
125
125
125
125
125
125
125
126
125
125
125
125
126
126
125
125
125
126
125
125
125
126
125
125
125
125
125
125
125
125
125
125
125
126
126
125
125
125
125
125
125
125
125
126
125
125
125
125
125
125
125
125
126
125
125
125
126
126
125
125
125
125
125
125
125
126
125
125
125
125
126
125
125
125
125
125
125
126
125
125
125
125
125
125
125
125
125
125
125
125
125
125
125
125
125
125
125
125
125
126
125
125
125
126
125
125
125
127
125
123
125
126
125
126
126
126
126
126
125
125
126
125
126
126
125
125
125
125
125
126
126
126
126
126
126
126
126
126
126
126
126
126
126
126
126
126
126
126
126
126
126
126
126
126
125
126
126
126
126
126
125
126
126
126
126
126
125
126
125
126
126
126
126
126
125
126
126
126
126
126
125
122
125
125
125
126
127
127
126
126
126
126
129
127
126
125
125
125
125
125
125
125
125
125
125
126
125
125
125
125
125
126
125
126
125
126
125
125
126
123
124
125
125
126
127
126
126
126
126
126
126
126
125
126
125
126
125
125
125
125
125
126
126
125
126
126
125
125
126
126
125
125
126
126
125
125
125
126
126
126
126
125
125
125
126
126
126
125
125
126
126
126
125
125
125
125
126
127
125
125
126
126
125
125
126
126
125
125
126
126
126
125
124
124
126
127
126
126
127
126
125
125
125
124
124
125
126
125
124
126
129
129
125
124
126
126
124
123
124
127
127
126
124
125
126
125
126
127
125
124
128
133
125
121
125
129
122
119
125
129
123
121
128
131
129
130
128
126
126
123
115
113
115
116
118
126
135
141
145
143
137
134
133
125
112
106
107
109
110
113
118
124
130
137
141
142
142
142
137
127
121
118
119
116
110
111
116
122
126
130
130
124
125
133
137
132
127
126
125
124
126
128
127
122
116
120
128
129
119
116
121
127
129
129
129
128
130
131
128
127
125
122
122
123
124
123
121
120
122
127
131
130
122
116
120
130
134
129
123
124
130
132
129
124
126
131
132
127
122
120
120
123
127
127
123
119
115
113
119
129
134
133
131
129
123
121
123
123
126
129
130
128
124
117
110
118
129
141
146
134
114
113
129
134
129
128
127
118
117
127
130
123
124
127
119
116
127
132
124
125
131
128
129
137
133
122
125
123
108
114
133
124
114
133
141
113
113
147
141
106
121
149
116
88
130
163
119
97
142
148
89
97
165
154
96
119
165
120
70
117
159
112
100
175
197
121
69
105
137
114
126
156
116
61
100
183
173
98
87
133
155
150
140
112
87
99
135
153
137
119
106
103
134
170
145
92
88
124
135
135
151
149
108
89
123
150
133
122
130
119
101
113
132
132
132
135
126
107
113
140
146
131
126
123
111
112
128
134
126
119
124
133
129
119
118
126
132
132
129
120
117
124
132
132
123
120
125
130
127
121
120
128
131
128
130
131
121
113
119
129
132
127
121
123
127
128
125
123
124
127
131
129
122
118
123
130
131
124
121
122
126
131
131
126
121
119
122
126
128
129
126
123
124
122
119
121
127
132
129
125
126
126
125
126
127
125
125
126
126
126
127
127
126
124
132
130
127
126
127
123
120
120
124
125
123
124
126
123
122
125
126
123
124
126
125
123
128
130
128
125
124
124
126
127
127
123
122
122
122
126
131
132
127
121
122
129
125
121
117
115
121
136
139
131
121
119
126
134
134
122
117
125
131
123
118
124
130
128
125
125
121
122
126
130
127
123
127
129
127
123
120
120
122
125
127
124
130
134
126
113
118
133
138
131
122
119
119
122
126
129
127
121
121
125
129
126
121
124
131
131
119
115
124
132
131
128
127
129
125
121
119
123
128
128
125
125
125
124
126
127
127
127
127
124
122
123
125
131
129
87
125
125
125
125
125
125
125
125
125
125
126
125
125
125
125
125
125
125
125
125
125
125
125
126
125
126
126
125
125
125
125
125
125
125
125
125
125
125
125
125
125
125
125
125
125
125
125
125
125
125
125
125
125
125
125
125
125
125
125
125
125
125
125
125
125
125
125
125
125
125
125
125
125
125
125
125
125
125
125
125
125
125
125
125
125
125
125
125
125
125
125
125
125
125
125
125
125
125
125
125
125
125
125
125
125
125
125
125
125
125
125
125
125
125
125
125
125
125
125
125
125
125
125
125
125
126
126
125
125
125
125
125
125
126
126
125
125
125
125
125
125
125
125
126
126
126
126
126
126
126
126
126
125
125
125
126
126
126
125
126
126
126
126
126
126
126
126
126
126
126
126
126
126
125
126
125
125
126
125
126
125
126
126
126
126
126
126
126
125
125
125
125
126
125
125
125
126
126
125
126
126
125
125
125
126
125
125
126
125
125
125
125
125
125
125
125
126
126
125
125
125
125
126
126
126
125
125
125
125
126
126
125
125
125
125
126
126
125
126
126
126
125
126
126
126
126
126
126
125
126
126
125
126
125
125
125
125
126
125
126
126
126
126
126
126
126
126
126
125
126
126
126
125
125
125
125
126
125
125
125
126
126
126
126
126
126
125
125
125
125
126
125
126
126
126
125
126
125
126
126
125
125
126
125
125
125
125
125
125
126
125
125
126
126
126
125
126
126
125
126
125
125
126
125
125
125
126
125
126
125
125
126
126
126
125
125
126
126
126
126
127
126
126
125
126
125
125
125
125
126
126
126
125
123
