121
138
141
129
125
127
79
125
125
125
125
125
125
125
125
125
125
125
125
125
125
125
125
125
125
125
125
125
125
125
125
125
125
125
125
125
125
125
125
125
125
125
125
125
125
125
125
125
125
125
126
125
125
125
125
125
125
125
125
125
125
125
125
125
125
125
125
125
125
125
125
125
125
125
125
125
125
125
125
125
125
125
125
125
125
125
125
125
125
125
125
125
125
125
125
125
125
125
125
125
126
125
125
125
125
125
125
126
125
125
125
125
125
125
125
125
125
125
125
125
125
125
125
125
125
125
125
125
125
125
125
125
125
125
125
125
125
125
125
125
125
125
125
125
125
125
125
125
125
125
125
125
125
125
125
125
125
125
125
125
125
125
125
125
125
125
125
125
125
125
125
125
125
125
125
125
125
125
125
125
125
126
126
125
125
125
125
125
125
125
125
125
125
125
125
125
125
125
125
125
125
125
125
125
125
125
125
125
125
125
125
125
125
125
125
125
125
125
125
125
125
125
125
125
125
125
125
126
125
125
125
125
125
125
125
125
125
125
125
125
125
125
125
125
125
125
125
125
125
125
125
125
125
125
125
125
125
125
125
125
125
125
125
125
126
125
125
125
125
125
125
125
125
125
125
125
125
125
125
125
125
125
125
125
125
125
125
125
125
125
125
125
125
125
125
125
125
125
125
125
126
125
125
125
125
125
125
125
125
125
125
125
125
125
126
126
125
125
125
125
125
125
125
125
125
125
125
125
125
125
125
125
125
125
125
125
125
125
125
125
125
125
125
125
125
125
125
125
125
125
125
125
125
125
125
125
125
125
126
125
126
125
125
125
125
125
125
125
125
125
125
125
125
125
125
125
125
125
125
125
125
125
125
125
125
125
125
125
125
125
125
125
125
125
125
125
125
125
125
125
125
125
125
125
125
125
125
125
125
125
125
125
125
125
125
125
125
125
125
125
125
125
125
125
125
125
125
125
125
125
125
125
125
125
125
125
125
125
125
125
125
125
125
125
125
125
125
125
125
125
125
125
125
125
125
125
125
125
125
125
125
125
125
125
125
125
125
125
125
125
125
125
125
125
125
125
125
125
125
125
125
125
125
125
125
125
125
125
125
125
125
125
125
125
125
125
125
125
125
125
125
125
125
125
125
125
125
125
125
125
125
125
125
125
125
125
125
125
125
125
125
125
125
125
125
125
125
125
125
125
125
125
125
125
125
125
125
125
125
125
125
125
125
125
125
125
125
125
125
125
125
125
125
125
125
125
125
125
125
125
125
125
125
125
125
125
125
125
125
125
125
125
125
125
126
125
125
125
125
125
125
125
125
125
125
125
125
125
125
125
126
126
126
125
125
126
126
126
126
123
119
118
121
126
130
133
132
128
124
123
125
124
124
123
123
130
134
126
118
119
112
114
152
170
103
57
132
189
120
65
157
191
88
57
145
175
129
96
106
115
143
168
144
97
89
125
148
138
118
112
119
132
138
129
115
114
127
136
132
122
119
125
130
124
117
117
124
132
134
131
127
122
119
121
127
130
130
128
122
116
118
126
132
131
127
121
118
122
130
133
128
122
121
125
128
127
123
121
125
129
129
126
123
123
125
127
126
124
124
125
127
127
125
124
125
127
126
125
124
124
125
126
127
125
124
125
127
127
127
127
125
124
123
124
125
125
124
124
127
128
127
125
124
126
128
127
123
123
124
126
126
125
123
123
125
127
127
126
125
126
126
126
126
126
125
125
125
125
125
125
125
124
125
125
125
125
125
126
126
126
126
126
126
126
125
125
125
125
125
125
125
125
126
126
125
126
126
126
126
126
126
125
125
125
125
125
125
125
126
125
125
125
125
125
125
125
125
126
126
125
125
126
127
125
124
125
126
125
124
124
125
125
126
125
126
125
125
125
125
125
125
125
125
125
125
125
125
125
125
125
126
126
126
125
125
125
126
123
124
125
125
125
126
126
126
126
125
125
126
126
126
126
126
126
125
125
125
125
125
125
124
124
125
126
125
125
125
125
126
126
125
125
125
127
123
125
126
125
125
126
126
126
126
126
125
126
126
126
126
125
125
125
126
126
125
125
125
126
126
126
126
126
126
126
125
126
127
126
125
125
125
126
126
126
126
125
125
126
126
126
125
125
125
126
126
126
125
125
126
126
127
127
126
125
125
126
127
126
126
125
125
126
127
126
126
125
124
124
125
125
125
126
126
126
126
126
126
126
126
126
126
126
125
125
126
126
126
125
126
126
126
125
126
126
125
125
126
126
126
125
125
125
125
126
125
125
125
125
125
126
126
126
125
126
126
126
125
126
125
125
125
126
126
126
125
125
125
126
127
126
124
125
126
126
125
125
125
126
126
126
126
126
125
126
126
126
125
124
125
126
126
126
125
124
125
127
127
125
125
126
126
125
125
126
126
126
125
124
125
127
127
126
125
123
125
128
128
128
125
126
126
126
125
124
125
126
124
123
125
126
126
125
125
124
125
126
126
125
123
125
128
127
124
124
122
126
125
124
126
128
127
126
126
128
126
124
124
128
127
129
128
125
121
121
124
125
127
126
126
125
125
124
124
126
127
127
124
123
125
126
126
126
126
124
124
125
126
126
125
125
125
125
125
127
128
126
124
125
124
124
125
126
126
127
128
128
126
124
121
120
122
125
126
128
129
129
127
125
124
126
126
125
122
122
127
129
128
127
126
125
123
122
122
125
127
128
126
126
126
126
125
125
125
122
122
123
125
127
129
129
126
124
125
127
126
124
123
123
120
119
122
126
129
130
128
127
128
130
129
129
128
125
121
118
119
121
120
118
123
130
132
128
124
127
135
134
124
122
125
123
117
120
128
127
119
120
124
124
128
131
124
126
132
130
130
133
121
117
130
129
114
122
132
120
120
131
115
112
142
135
103
127
153
113
104
155
140
87
118
159
112
99
157
145
79
105
167
139
100
132
145
106
106
150
144
107
119
142
120
97
126
159
142
109
109
126
131
129
135
133
116
107
119
126
125
127
143
142
116
96
113
138
135
121
125
134
130
121
121
122
125
127
126
121
119
124
132
134
128
122
125
130
129
120
116
125
133
128
119
119
118
119
123
135
140
128
122
128
131
122
119
128
134
129
117
113
120
132
133
128
124
122
123
125
123
119
122
127
131
127
124
125
127
129
132
130
121
116
122
129
126
122
125
129
129
125
123
123
124
127
133
140
134
113
103
117
131
128
126
128
124
120
126
132
124
119
127
133
129
125
127
129
127
126
123
115
113
123
131
129
128
129
125
122
128
135
131
115
108
117
133
139
130
119
124
126
128
129
124
117
124
133
126
117
127
142
136
118
108
112
125
139
142
133
120
115
123
131
125
117
123
131
133
127
119
113
120
136
137
125
122
127
128
126
125
125
128
128
120
113
118
133
137
128
119
123
131
133
124
119
123
128
130
129
123
122
124
126
124
123
128
132
130
126
124
124
123
123
126
128
124
120
122
127
130
130
127
122
119
124
127
124
124
129
129
123
122
126
128
126
127
127
119
115
125
138
132
125
130
135
128
117
112
117
127
134
136
130
123
120
123
114
99
118
157
152
118
111
131
144
132
102
90
120
153
146
123
119
126
127
122
117
117
124
132
130
125
129
130
124
121
121
121
124
131
129
120
119
127
131
129
126
126
125
122
121
124
127
127
128
129
125
124
124
123
123
125
128
131
127
122
119
124
130
131
128
125
126
126
122
117
119
126
129
131
131
125
122
123
126
127
126
127
126
123
121
123
127
128
122
122
124
123
123
126
127
124
123
124
128
129
128
126
123
121
123
129
131
127
126
126
117
107
116
141
155
138
114
106
106
116
139
146
132
123
127
80
125
125
125
125
125
125
125
125
125
125
125
125
125
125
125
125
125
125
125
125
125
125
125
125
125
125
125
125
125
125
125
125
125
125
125
125
125
125
125
125
125
126
125
125
126
125
125
125
125
125
125
125
125
125
125
125
125
125
125
125
125
125
125
125
125
125
125
125
125
125
125
125
125
125
125
125
125
125
125
125
125
125
125
125
125
125
125
125
125
125
125
125
125
125
125
125
125
125
125
125
125
125
125
125
125
125
125
125
125
125
125
125
125
125
125
125
125
125
125
125
125
125
125
125
125
125
125
125
125
125
125
125
125
125
125
125
125
125
125
125
125
125
125
125
125
125
125
125
125
125
125
125
125
125
125
125
125
125
125
125
125
125
125
125
125
125
125
125
125
125
125
125
125
125
125
125
125
125
125
125
125
125
125
125
125
125
125
125
125
125
125
125
125
125
125
125
125
125
125
125
125
125
125
125
125
125
125
125
125
125
125
125
125
125
125
125
125
125
125
125
125
125
125
125
125
125
125
125
125
125
125
125
125
125
125
125
125
125
125
125
125
125
125
125
125
125
125
125
125
125
125
125
125
125
125
125
125
125
125
125
125
125
125
125
125
125
125
125
125
125
125
125
125
125
125
125
125
125
125
125
125
125
125
125
125
125
125
125
125
125
125
125
125
125
125
125
125
124
125
125
125
125
125
125
125
125
125
125
125
125
125
125
125
125
125
125
125
125
125
125
125
125
125
125
125
125
125
125
125
125
125
125
125
125
125
125
125
125
125
125
125
125
125
125
125
125
125
125
125
125
125
125
125
112
