127
128
126
127
128
126
72
125
125
125
125
125
125
125
125
125
125
125
125
125
125
125
125
125
125
125
125
125
125
125
125
125
125
125
125
125
125
125
125
125
125
125
125
125
126
126
125
125
125
125
125
125
125
125
125
125
125
125
125
125
125
125
125
125
125
125
125
125
125
125
125
125
126
125
125
125
125
125
125
125
125
125
125
125
125
125
125
125
125
125
125
125
125
125
125
125
125
125
125
125
125
125
125
125
125
125
125
125
125
125
125
125
125
125
125
125
125
125
125
125
125
125
125
125
125
125
125
125
125
125
125
125
125
125
125
125
125
125
125
125
125
125
125
125
125
125
125
125
125
125
125
125
125
125
125
125
125
125
125
125
126
125
125
125
125
125
125
125
126
125
125
125
125
125
125
125
125
125
125
125
125
125
125
125
126
126
126
126
125
125
126
126
126
126
126
125
125
126
126
125
125
125
125
125
125
125
125
125
126
126
126
125
125
126
126
125
125
125
125
125
126
125
125
125
126
125
126
126
126
125
125
125
126
126
125
126
126
125
125
125
125
125
125
125
125
125
125
125
125
126
125
125
125
125
126
126
125
125
125
125
125
125
125
125
125
125
125
125
125
126
126
125
126
125
125
125
126
125
125
125
126
126
125
125
126
125
126
126
125
125
125
125
125
126
125
126
125
125
125
125
125
125
125
125
125
126
125
125
125
126
126
126
125
126
126
125
126
125
126
126
125
125
125
125
125
125
125
126
126
126
125
125
126
125
126
125
125
125
125
125
126
126
126
125
125
126
125
125
125
126
125
125
126
125
125
125
125
125
125
125
126
126
125
126
126
125
125
125
126
126
126
125
125
126
125
125
125
125
125
125
125
125
125
125
125
125
126
125
125
125
125
125
125
125
125
125
125
125
125
126
125
125
126
126
126
126
125
125
125
125
125
125
125
125
125
125
125
125
125
125
125
125
125
125
125
125
125
125
125
125
125
125
125
125
125
125
125
125
125
125
125
125
125
125
125
125
125
125
125
125
125
125
125
125
125
125
125
125
125
125
125
125
125
125
125
125
125
126
125
125
125
125
125
126
126
125
125
125
125
125
125
125
125
125
125
125
125
125
125
125
125
125
125
125
125
125
125
125
125
125
125
125
125
125
125
125
125
125
125
125
125
125
125
125
125
125
125
125
126
125
125
125
125
125
125
125
125
125
126
125
125
125
125
125
125
125
125
125
125
126
126
125
125
125
125
125
125
125
125
125
125
125
125
125
125
125
125
125
125
125
125
126
125
125
125
125
125
125
125
125
125
125
125
125
125
125
125
125
125
125
125
125
125
125
125
125
125
125
125
125
125
125
126
125
126
125
125
125
125
125
125
125
125
125
126
126
125
125
125
125
126
126
125
125
125
125
125
125
125
125
125
126
125
125
125
125
125
125
126
126
126
125
125
125
126
126
125
125
125
125
125
126
126
125
125
125
126
126
126
125
125
125
126
126
125
125
125
125
126
125
125
125
125
125
125
125
125
125
126
126
126
126
126
125
125
126
125
125
125
125
125
125
126
127
126
125
125
125
125
125
125
125
125
125
125
125
126
126
125
125
125
126
126
126
125
124
125
125
126
125
125
125
126
126
125
126
126
126
125
124
126
127
126
124
124
125
125
127
127
124
124
125
126
125
126
126
124
124
125
125
126
127
126
125
124
125
127
127
125
124
124
125
126
126
125
125
125
125
126
126
126
125
125
124
125
126
126
126
124
124
126
126
126
125
125
125
125
125
125
125
126
125
126
127
126
124
124
126
127
125
123
122
125
126
127
125
126
129
131
126
120
122
125
125
127
131
127
121
123
128
127
125
122
118
120
129
132
129
126
125
126
128
129
124
117
118
124
130
130
127
126
126
127
127
124
123
123
125
127
129
129
125
120
115
114
123
146
171
164
112
55
58
129
192
170
100
81
119
146
143
134
124
117
123
129
127
122
119
124
137
144
133
107
97
122
154
155
133
115
104
96
98
135
172
143
93
92
126
157
165
129
73
78
140
185
165
101
77
111
156
174
137
63
75
156
152
71
117
255
255
39
195
75
255
255
255
53
65
139
255
183
83
51
76
121
165
169
126
70
81
165
200
129
53
67
139
181
159
112
82
97
142
159
124
93
104
134
141
133
131
133
123
104
111
138
146
132
123
118
112
123
138
129
121
122
118
120
141
155
125
93
100
130
152
151
123
89
88
128
165
163
123
90
104
143
153
133
125
125
113
107
132
146
119
90
115
163
156
114
97
118
143
148
128
111
106
130
152
134
93
88
127
166
158
115
107
128
136
122
111
127
136
123
106
118
142
140
120
112
124
136
138
127
125
132
127
115
111
113
127
141
139
119
111
137
143
107
100
146
148
110
119
139
128
114
114
128
136
132
134
139
120
98
107
127
130
135
134
128
129
139
142
117
86
105
145
147
126
121
117
125
140
122
107
133
160
137
90
84
133
162
134
102
111
134
148
145
124
99
108
138
140
119
121
137
131
121
118
106
105
140
165
141
108
102
101
123
157
158
122
101
111
127
131
125
129
136
134
117
109
129
140
129
114
118
123
124
124
131
140
131
117
113
110
116
138
146
130
118
125
124
120
125
134
130
121
121
123
118
126
137
131
119
115
122
135
134
122
118
123
124
131
132
118
115
124
124
126
144
147
121
101
111
123
126
137
143
130
118
121
123
121
122
118
119
134
140
132
131
124
103
107
141
146
113
102
128
144
134
120
120
127
128
131
135
124
111
109
118
131
138
127
120
130
134
123
120
134
132
111
112
132
133
121
126
132
121
113
125
132
130
125
126
126
128
126
121
122
131
131
117
119
129
124
120
131
135
118
110
126
140
127
122
140
140
117
107
118
133
131
122
118
117
122
130
130
125
128
132
126
121
126
128
120
119
126
133
130
124
116
117
127
132
123
118
122
129
133
133
131
129
121
114
113
121
136
143
128
115
123
133
128
116
115
121
131
134
127
120
125
129
126
125
130
132
124
114
114
121
126
130
135
136
127
116
111
124
142
136
117
113
124
129
128
130
127
116
116
132
142
128
110
115
128
129
126
132
137
126
109
114
131
135
129
130
129
115
106
123
144
136
113
115
141
144
121
108
114
120
130
137
129
117
126
137
128
112
112
129
139
129
119
123
126
120
121
135
138
118
109
124
138
132
118
117
128
133
130
122
123
108
112
128
139
133
120
122
133
130
121
122
125
120
121
131
136
132
122
117
122
130
129
124
121
123
128
126
124
127
129
122
113
121
141
141
120
112
124
135
131
124
118
115
124
136
132
123
127
132
125
116
120
134
132
115
112
131
140
127
118
119
121
127
137
136
119
107
114
127
122
122
138
150
134
112
110
126
137
131
121
119
125
131
132
125
117
118
130
139
131
121
123
124
119
124
133
123
110
120
141
137
121
124
128
117
116
133
134
119
115
126
128
125
133
135
122
116
122
127
120
118
130
139
129
114
116
133
134
120
118
127
132
130
129
127
122
117
116
120
125
132
137
130
119
118
128
136
129
119
120
127
126
120
116
122
130
136
135
129
121
116
120
128
130
126
126
125
122
125
131
130
121
118
126
132
126
120
122
125
125
123
123
126
130
131
128
123
120
119
121
129
133
129
122
117
122
131
129
124
129
135
127
116
117
123
125
126
127
130
132
126
119
122
131
135
130
116
118
126
125
125
129
127
119
120
132
133
119
111
123
134
132
123
118
122
128
130
129
129
129
122
116
126
135
130
119
116
125
133
132
121
110
117
133
142
137
122
109
109
125
139
135
120
113
123
132
132
129
123
117
119
126
128
132
133
128
125
123
124
123
125
125
122
123
126
125
73
125
126
125
126
126
126
126
126
125
126
125
125
125
125
125
126
126
126
126
125
125
126
126
125
125
125
125
126
126
126
125
125
125
126
126
126
126
125
125
126
126
126
125
126
125
125
126
126
125
125
125
126
126
125
126
125
125
126
126
126
125
125
125
126
125
126
126
125
126
125
126
126
126
126
126
126
126
125
126
126
126
126
126
126
126
126
126
126
126
126
126
126
126
126
125
126
126
126
126
126
125
126
125
126
125
125
126
126
126
126
126
126
126
126
125
125
125
125
125
125
125
125
125
125
125
125
125
125
125
125
125
125
126
125
125
126
125
125
125
125
125
125
125
125
125
125
125
125
125
125
125
125
125
125
125
125
125
125
125
125
125
125
125
125
125
125
125
125
125
125
125
125
125
125
125
125
125
125
125
125
125
125
125
125
125
125
125
125
125
125
125
125
125
125
125
125
125
125
125
125
125
125
125
125
125
125
125
125
125
125
125
125
125
125
125
125
125
125
125
125
125
125
125
125
125
125
125
125
125
126
126
125
125
125
125
125
125
125
125
126
126
126
125
126
125
125
126
125
125
126
126
125
126
125
125
125
125
126
125
125
125
126
125
125
126
126
126
126
125
125
125
125
125
125
125
125
126
125
125
125
126
126
126
126
126
126
125
125
125
125
125
125
125
125
125
125
126
126
125
126
125
125
125
125
126
125
125
125
125
125
125
125
125
125
125
125
125
125
125
125
125
125
125
125
125
125
125
125
125
125
125
125
125
125
125
125
125
125
125
125
125
125
125
125
125
125
125
125
125
125
125
125
125
125
