140
133
124
121
120
118
95
125
125
125
125
125
125
125
125
125
125
125
125
125
125
125
125
125
125
125
125
125
125
125
125
125
125
125
125
125
125
125
125
125
125
125
125
125
125
125
125
125
125
125
125
125
125
125
125
125
125
125
125
125
125
125
125
125
125
125
125
125
125
125
125
125
125
125
125
125
125
125
125
125
125
125
125
125
125
125
125
125
125
125
125
125
125
125
125
125
125
125
125
125
125
125
125
125
125
125
125
125
125
125
125
125
125
125
125
125
125
125
125
125
125
125
125
125
125
125
125
125
125
125
125
125
125
125
125
125
125
125
125
125
125
125
125
125
125
125
125
125
125
125
125
125
125
125
125
125
125
125
125
125
125
125
125
125
125
125
125
125
125
125
125
125
125
125
125
125
125
125
125
125
125
125
125
125
125
125
125
125
125
125
125
125
125
125
125
125
125
125
125
125
125
125
125
125
125
125
125
125
125
125
125
125
125
125
125
125
125
125
125
125
125
125
125
125
125
125
125
125
125
125
125
125
125
125
125
125
125
125
125
125
125
125
125
125
125
125
125
125
125
125
125
125
125
125
125
125
125
125
125
125
125
125
125
125
125
125
125
125
125
125
125
125
125
125
125
125
125
125
125
125
125
125
125
125
125
125
125
125
125
125
125
125
125
125
125
125
125
125
125
125
125
125
125
125
125
125
125
125
125
125
125
125
125
125
125
125
125
125
125
125
125
125
125
125
125
125
125
125
125
125
125
125
125
125
125
125
125
125
125
125
125
125
125
125
125
125
124
125
125
125
126
125
125
125
125
125
125
125
125
125
125
125
125
125
125
125
125
125
125
125
125
125
125
125
125
125
125
125
125
125
125
125
125
125
125
125
125
125
125
125
125
125
125
125
125
125
125
125
125
125
125
125
125
125
125
125
125
125
125
125
125
125
125
125
125
125
125
125
125
125
125
125
125
125
125
125
125
125
125
125
125
125
125
125
125
125
125
125
125
125
125
125
125
125
125
125
125
125
126
125
125
125
125
125
126
124
125
125
125
125
126
126
126
126
126
125
125
125
126
126
125
125
126
126
125
125
125
125
126
126
126
126
126
125
126
126
125
125
125
125
125
126
125
125
125
125
126
126
126
126
126
126
125
126
125
126
126
125
125
125
126
125
125
125
126
126
125
125
126
126
125
125
126
126
126
126
126
125
124
125
125
125
125
126
126
126
125
126
125
125
125
125
125
125
125
125
125
125
125
125
125
125
125
125
125
125
125
125
125
125
125
125
125
125
125
125
126
125
125
125
125
125
125
125
125
125
125
125
125
125
125
125
125
125
125
125
125
125
125
125
125
125
125
125
126
125
125
125
125
126
125
125
126
125
126
126
126
125
126
125
125
125
125
125
125
125
126
126
125
126
125
125
126
125
125
125
125
125
125
125
125
125
126
125
126
126
125
125
124
125
126
125
126
126
126
125
126
126
125
125
125
126
126
125
125
125
125
125
125
125
125
125
126
126
126
126
126
125
125
125
125
126
125
125
125
125
126
126
127
126
125
125
125
125
125
125
125
125
125
125
125
125
125
125
126
125
126
126
126
125
125
125
125
125
125
125
125
125
125
125
125
125
126
126
125
125
125
125
125
125
125
125
125
125
125
125
125
125
125
125
125
125
125
125
125
125
125
125
125
125
125
125
125
125
125
125
125
125
125
125
125
125
125
125
125
125
125
125
125
125
125
125
125
125
126
125
125
125
125
126
125
125
125
125
125
125
125
125
125
125
125
125
125
125
125
125
125
125
125
125
125
125
126
125
125
125
125
125
126
125
125
124
125
125
126
125
125
125
125
125
125
125
125
125
125
125
125
125
125
125
125
125
126
126
126
125
126
126
125
125
125
125
125
125
125
125
125
125
125
125
126
125
125
125
125
125
125
125
125
125
125
125
125
125
125
125
126
126
128
126
125
125
125
125
125
125
125
125
125
125
125
125
125
125
125
125
125
125
125
125
125
125
125
125
125
126
126
126
125
125
125
125
125
125
125
125
125
125
125
125
125
125
125
125
126
126
126
125
125
125
125
125
125
125
125
125
125
125
125
126
125
125
125
125
125
125
125
125
125
125
125
125
125
125
125
125
125
126
125
125
126
125
125
125
125
125
125
125
126
125
125
125
125
125
125
125
125
126
125
125
125
125
125
126
125
125
125
125
125
126
125
125
125
126
125
125
125
125
125
125
125
126
125
124
125
126
126
125
125
125
125
125
126
126
125
125
125
125
125
125
125
125
125
125
126
126
125
125
126
126
125
124
125
125
125
125
126
126
125
125
126
126
125
126
125
125
125
125
125
125
125
125
125
126
126
126
126
125
125
125
125
125
125
125
125
125
126
126
124
124
125
126
126
125
125
126
125
125
125
126
125
125
125
125
125
125
125
126
126
125
125
125
125
125
125
125
125
125
125
126
126
125
123
124
125
126
126
125
125
125
125
126
126
125
125
125
126
126
125
124
125
125
126
126
126
125
125
125
126
126
126
125
125
125
125
124
125
125
124
124
125
126
125
124
125
127
127
126
125
126
126
125
124
125
126
125
123
123
125
125
123
124
128
132
133
130
126
122
122
126
128
126
120
117
119
122
120
118
118
119
123
130
137
135
127
127
141
145
127
113
117
125
128
132
129
118
113
119
125
124
120
119
121
126
130
129
125
123
123
126
130
132
130
126
125
126
127
126
125
125
124
122
123
125
126
126
124
123
122
122
124
125
125
124
125
126
127
127
126
125
125
126
127
128
127
125
125
125
126
126
126
125
125
125
125
125
125
124
124
123
124
125
126
125
124
126
126
126
125
125
125
125
124
125
127
126
125
125
126
127
126
126
125
125
126
126
125
125
124
124
124
125
125
124
124
125
126
126
126
126
125
126
126
126
125
124
124
125
125
125
125
125
126
126
125
125
125
127
128
126
123
122
124
125
126
125
125
125
127
126
126
127
126
126
126
126
125
124
125
125
125
123
123
125
125
126
126
124
124
124
123
124
124
125
125
124
126
126
128
128
127
126
126
126
127
126
125
124
124
124
125
125
124
124
124
125
126
126
125
125
125
126
125
125
124
124
124
125
125
125
125
126
126
126
126
126
126
126
125
125
125
124
124
125
125
125
125
124
125
124
125
125
125
125
126
126
126
126
126
127
127
127
126
124
120
118
123
131
132
124
120
123
131
136
131
130
134
125
99
97
127
143
125
105
108
126
148
150
122
107
119
136
143
129
112
115
126
125
128
141
136
111
117
160
168
109
56
80
150
172
128
93
110
140
143
128
120
125
131
132
120
109
116
133
136
125
117
122
134
139
133
122
113
114
124
133
132
121
116
122
128
127
125
126
128
127
126
126
124
122
124
128
128
125
123
125
127
127
127
126
125
123
124
127
127
124
120
118
122
133
134
123
119
128
135
131
121
114
116
114
126
139
138
130
115
120
138
140
117
108
127
136
122
118
124
122
127
138
128
108
114
136
139
124
119
125
129
126
123
118
111
108
119
138
142
130
127
140
144
127
114
122
133
125
110
119
130
124
112
111
124
132
130
124
126
145
158
136
102
90
92
110
132
146
148
150
142
108
72
91
135
150
166
187
121
35
111
199
144
62
83
155
179
144
110
112
119
104
102
119
145
149
121
100
117
159
173
128
92
98
107
110
118
125
124
145
169
138
103
121
150
129
94
107
138
136
119
122
126
115
110
120
122
133
166
175
126
71
62
92
138
170
167
138
120
116
115
121
131
129
124
121
122
119
122
124
121
121
131
136
127
118
120
125
129
133
133
123
112
113
125
133
130
124
123
128
130
120
121
131
137
131
124
121
122
124
96
125
125
125
125
125
125
125
125
125
125
125
125
125
125
125
125
125
125
125
125
125
125
125
125
125
125
126
125
125
125
125
125
125
125
125
125
125
125
125
125
125
125
125
125
125
125
125
125
125
125
125
125
125
125
125
125
125
125
125
125
125
125
125
125
125
125
125
125
125
125
125
125
125
125
125
125
125
125
125
125
125
125
125
125
125
125
125
125
125
125
125
125
125
125
125
125
125
125
125
125
125
125
125
125
125
125
125
125
125
125
125
125
125
125
125
125
125
125
125
125
125
125
125
125
125
125
125
125
125
125
125
125
125
125
125
125
125
125
125
125
125
125
125
125
125
125
125
125
125
125
125
125
125
125
125
125
125
126
124
125
125
125
126
126
126
126
126
126
125
126
125
126
126
126
125
126
126
125
126
126
125
126
126
126
126
126
126
125
125
126
126
126
125
125
125
125
126
126
126
126
126
126
126
126
126
125
125
125
126
126
125
125
126
126
125
125
126
126
125
126
126
126
125
125
125
125
125
125
125
125
125
125
125
126
126
125
125
126
125
125
125
125
125
125
125
125
125
125
125
125
126
125
125
125
125
125
125
125
125
125
125
125
125
126
125
125
126
125
126
126
125
125
125
126
125
125
125
125
125
126
125
125
125
125
125
125
125
125
125
125
125
125
125
126
125
125
125
125
125
125
126
125
125
125
125
125
125
125
125
125
125
125
125
125
125
125
125
125
125
125
125
125
125
125
125
125
125
125
125
125
125
125
125
125
125
125
125
125
125
125
125
125
126
125
125
125
125
125
126
125
125
125
125
133
