124
127
128
121
120
124
69
126
126
126
126
126
126
126
126
125
126
125
126
125
126
126
125
126
125
126
126
126
126
126
125
125
126
126
126
125
125
125
126
126
126
125
125
125
126
126
126
125
125
125
125
125
125
125
125
125
126
125
126
126
126
126
126
126
125
125
125
125
126
125
125
126
126
125
126
126
126
125
125
126
125
125
126
125
125
126
126
126
125
126
125
125
125
126
126
126
126
126
125
125
126
125
126
126
126
126
126
126
126
126
125
126
125
125
125
125
126
125
126
126
125
126
125
126
125
125
125
125
125
125
126
125
125
126
125
125
126
125
125
125
125
126
125
125
126
125
126
126
125
125
126
125
126
126
125
126
126
126
126
125
125
125
125
126
126
125
126
126
126
126
126
125
126
125
125
126
126
125
125
126
126
126
126
126
125
125
125
125
126
125
125
125
125
125
126
126
125
125
125
125
125
125
126
125
125
125
125
125
125
125
125
125
125
125
125
125
126
125
125
125
125
125
125
125
125
125
125
125
125
125
125
125
125
125
125
125
125
125
125
125
125
125
125
125
125
125
125
125
125
125
125
125
125
125
125
125
125
125
125
125
125
125
125
125
125
125
125
125
125
125
125
125
125
125
125
125
125
125
125
125
125
125
125
125
125
125
125
125
125
125
125
125
125
125
125
125
125
125
125
125
125
125
125
125
125
125
125
125
125
125
125
125
125
125
125
125
125
125
125
125
126
124
125
125
125
125
125
125
125
125
126
125
125
125
125
125
125
125
125
125
125
126
126
125
125
125
125
125
125
125
125
125
125
125
125
125
125
125
125
126
125
125
126
126
126
126
126
125
125
126
126
126
126
125
125
126
125
125
125
125
125
125
125
125
125
125
126
126
124
125
125
126
125
126
125
126
126
126
125
126
125
125
125
125
125
125
126
125
125
125
125
125
125
126
125
126
125
125
125
125
125
125
125
125
126
125
126
125
125
125
125
125
125
125
125
125
125
125
125
125
125
125
125
125
125
125
125
125
125
125
125
125
125
125
126
125
125
125
125
125
125
125
125
125
125
125
126
125
125
126
125
126
125
125
125
125
125
125
125
125
125
125
125
125
126
125
125
125
126
126
126
126
125
125
125
125
125
126
126
125
125
125
126
126
126
125
125
125
125
125
125
125
125
125
125
125
125
125
125
125
126
126
126
126
126
126
126
126
125
125
125
125
125
125
125
126
126
126
126
126
125
125
125
125
125
125
125
125
125
125
125
126
126
125
125
126
126
125
125
125
125
125
125
125
125
125
125
125
125
125
125
125
125
125
125
125
126
125
126
125
125
125
125
125
125
125
125
125
125
125
125
125
125
125
125
125
125
125
125
125
125
125
125
125
125
125
125
125
125
125
125
125
125
125
125
125
125
125
125
125
125
125
125
125
125
125
125
125
125
125
125
125
125
125
125
125
125
125
126
126
125
125
125
126
126
125
125
125
125
125
125
125
126
125
125
125
126
126
126
125
124
125
126
126
125
125
125
125
125
125
125
125
125
125
126
126
126
126
126
126
125
125
125
125
125
125
125
125
125
125
125
126
126
125
125
126
126
125
124
125
125
125
125
125
125
125
125
125
125
126
126
126
125
125
126
125
125
125
125
125
125
126
127
124
125
126
125
125
125
125
126
126
126
125
125
126
125
126
126
126
125
125
126
126
125
123
123
123
124
125
126
129
130
128
126
126
126
124
122
121
124
127
127
125
126
127
127
126
127
127
126
125
124
124
125
125
125
124
124
124
126
126
126
126
126
126
126
126
126
125
123
124
125
125
125
126
126
126
126
126
127
126
126
126
126
125
125
126
125
124
124
125
126
124
123
125
127
126
125
126
128
126
122
121
125
130
131
127
121
121
125
129
128
124
121
123
128
129
125
122
123
124
126
127
127
127
127
126
124
124
124
121
117
123
144
161
136
71
45
129
239
212
45
26
101
255
255
114
9
23
132
204
192
103
86
167
168
70
56
172
231
132
1
39
184
222
116
58
117
163
136
103
116
139
143
122
120
127
116
109
149
173
125
76
84
132
159
150
131
123
121
116
120
127
106
90
113
157
172
149
106
89
116
145
147
128
110
115
129
119
104
127
152
140
120
116
124
132
129
122
125
120
107
118
144
149
126
105
105
121
139
145
131
114
108
116
134
149
139
118
111
119
126
125
129
133
129
123
118
120
130
139
126
105
107
133
144
129
118
120
121
124
136
137
125
119
120
125
130
130
121
120
131
133
122
115
120
130
135
127
118
124
132
128
118
114
120
131
135
132
125
118
115
121
133
136
126
119
125
133
128
119
118
124
126
122
122
132
139
131
117
111
117
133
145
137
120
116
120
120
118
120
129
135
131
124
127
124
111
111
131
144
137
121
120
128
126
118
116
124
132
133
125
121
126
128
127
131
135
127
112
107
122
141
142
124
107
111
125
135
133
125
122
126
131
134
127
118
115
123
124
119
118
129
139
134
124
121
123
127
130
126
119
116
125
137
131
115
116
142
143
99
71
117
193
183
93
76
127
135
128
159
148
51
64
203
207
47
37
227
203
52
76
180
157
99
99
113
127
149
136
104
116
140
146
139
115
95
92
128
176
170
112
74
97
138
160
149
119
100
112
129
135
136
133
124
117
122
127
127
123
122
124
129
130
122
117
128
141
136
120
114
120
128
130
129
125
121
121
127
128
120
137
154
81
22
149
255
172
109
15
255
255
44
14
255
233
14
5
255
255
32
121
156
255
154
26
34
194
255
158
35
50
145
194
165
92
57
107
173
163
111
107
150
153
98
74
117
156
148
132
124
103
98
137
172
153
108
93
115
138
134
116
116
131
131
124
126
129
125
123
127
126
123
126
130
129
123
120
123
127
126
121
120
122
127
134
134
121
105
118
158
162
101
66
136
182
126
95
124
135
126
123
109
117
154
148
101
95
135
180
110
75
122
171
142
101
111
135
141
130
112
103
126
143
130
114
121
130
125
121
133
141
129
116
120
126
124
121
121
121
125
132
135
132
127
125
125
124
123
119
117
123
129
130
127
127
129
130
125
119
117
120
124
128
131
131
127
122
118
119
127
132
132
130
128
125
121
122
125
125
123
126
129
127
121
119
123
124
127
132
132
127
123
122
124
123
123
125
126
126
127
127
124
121
125
130
129
123
122
123
124
127
129
128
124
126
133
131
121
118
121
122
123
127
130
128
125
125
127
126
127
127
125
125
125
123
120
121
124
125
125
130
130
125
122
122
126
128
125
124
124
126
126
125
123
125
129
130
129
125
122
120
116
101
130
128
130
131
130
127
125
123
121
123
128
129
125
123
124
126
129
129
128
127
125
123
123
127
128
124
124
128
128
125
125
130
133
128
122
122
125
126
124
120
121
124
128
129
130
126
127
123
122
124
127
128
127
126
125
125
124
124
126
126
126
126
125
124
125
120
118
127
131
130
127
125
125
127
127
124
125
127
127
125
125
124
126
128
128
125
123
124
126
125
124
121
120
125
129
130
129
126
125
126
127
124
120
123
127
126
122
122
123
125
129
132
130
125
122
124
125
125
122
120
122
123
127
129
128
123
123
126
128
127
127
127
124
124
129
128
122
122
127
129
126
123
123
125
126
127
129
125
120
121
125
126
124
124
125
126
127
126
124
123
124
126
128
127
122
121
124
126
128
128
127
123
121
123
126
124
125
126
128
127
126
127
126
127
124
122
124
126
128
126
123
124
127
129
128
125
121
122
123
125
127
126
126
127
129
128
124
122
123
125
126
124
122
123
126
134
130
127
126
126
124
124
125
125
123
123
121
122
123
123
125
127
128
127
125
124
125
126
125
123
120
68
126
126
126
126
125
125
126
125
125
125
125
125
125
125
125
125
125
125
125
125
126
125
125
125
125
125
125
125
126
125
125
125
125
125
125
125
125
125
125
125
125
125
125
125
125
125
126
125
125
125
125
125
125
125
125
125
125
125
125
126
125
125
125
125
125
125
126
125
125
125
126
125
125
125
125
125
125
125
125
125
125
125
125
125
125
125
125
125
125
125
125
125
125
125
125
125
125
125
125
125
125
125
125
125
125
125
125
125
125
125
126
125
125
125
125
125
125
125
125
125
125
125
125
125
125
125
125
125
125
125
125
125
125
125
125
125
125
125
125
125
125
125
125
125
125
125
126
125
125
125
125
125
125
126
125
125
125
125
125
125
125
125
125
125
125
125
125
125
125
125
125
125
125
125
125
125
125
125
125
125
125
125
125
125
125
125
125
125
125
125
125
125
125
125
125
125
125
125
125
125
125
125
125
125
125
125
125
125
125
125
125
125
125
125
125
125
125
125
125
125
125
125
125
125
125
125
125
125
125
125
125
125
125
125
125
125
125
125
125
125
125
125
125
125
125
125
125
125
125
125
125
125
125
125
125
125
125
125
125
125
125
125
125
125
125
125
125
125
125
125
125
125
125
125
125
125
125
125
125
125
125
125
125
125
125
125
125
125
125
125
125
125
125
125
125
125
125
125
125
125
125
125
125
125
125
125
125
125
125
125
125
125
125
125
125
125
125
125
125
125
125
125
125
125
125
125
125
125
125
125
125
125
125
125
125
125
125
125
125
125
125
125
125
125
125
125
125
125
125
125
125
125
125
121
