117
132
140
136
126
119
79
125
125
125
125
125
125
126
125
125
125
125
125
125
125
125
125
125
126
125
125
126
125
125
125
126
125
125
125
125
125
125
125
125
125
125
125
125
125
125
125
125
125
125
125
126
125
125
125
125
125
125
125
125
125
125
125
125
125
125
125
125
125
125
125
125
125
125
125
126
126
125
125
125
126
125
126
126
126
125
126
126
126
126
126
126
126
126
126
126
126
126
125
126
126
126
126
126
125
126
126
126
126
126
126
126
126
126
126
125
125
126
126
126
126
126
126
126
126
126
126
126
126
126
126
126
126
126
126
126
126
125
126
126
126
126
126
126
126
126
126
126
126
126
125
126
125
125
126
126
126
126
126
126
125
126
125
126
125
126
126
125
125
125
126
125
125
126
125
125
125
125
125
126
126
125
125
125
125
126
126
125
126
125
126
126
126
126
126
125
126
125
126
126
126
125
126
126
125
126
126
126
125
126
125
125
126
126
126
125
126
126
126
125
126
126
126
126
126
125
126
125
126
126
125
126
126
126
126
126
125
125
126
126
125
126
126
126
126
126
126
125
126
126
126
126
126
126
126
126
125
126
126
126
126
126
126
126
126
125
126
126
126
126
126
126
125
126
126
125
126
125
126
125
125
126
126
125
126
126
126
126
126
126
126
126
125
126
126
125
126
126
126
125
126
126
126
126
125
125
125
125
125
125
125
125
125
125
126
126
125
125
126
125
126
126
126
125
125
125
125
125
125
125
125
125
125
125
125
125
126
125
126
126
125
126
126
126
125
125
125
125
125
125
125
125
126
125
126
125
126
126
126
125
125
125
125
125
125
125
125
125
126
125
125
125
125
125
125
125
125
125
125
125
125
125
125
125
125
125
125
125
125
125
125
125
126
126
125
125
126
125
125
125
125
125
125
125
125
125
125
125
125
125
125
125
125
125
125
125
125
125
125
125
125
125
125
125
125
125
125
125
125
125
125
125
125
125
125
125
125
125
126
125
125
125
125
125
125
125
125
125
125
125
125
125
125
125
125
125
125
125
125
125
125
125
125
125
126
125
125
125
125
125
125
125
125
125
125
125
125
125
125
125
125
125
125
125
125
125
125
125
125
125
125
125
125
125
125
125
125
125
125
125
125
125
125
125
125
125
125
125
125
125
125
125
125
125
125
125
125
125
125
125
125
125
125
125
125
125
125
125
125
125
125
125
125
125
125
125
126
126
125
125
125
125
125
126
126
125
125
125
126
126
125
125
125
125
125
125
125
125
125
125
125
125
125
125
125
125
125
125
126
126
126
125
125
125
125
125
125
125
125
125
125
125
125
125
125
125
125
125
125
125
126
126
126
126
125
124
125
127
127
125
124
120
116
116
126
136
135
131
133
127
111
114
133
133
116
129
130
121
122
137
133
76
91
190
213
64
22
159
222
101
44
178
206
71
44
151
184
131
96
101
95
147
189
151
81
68
127
169
142
105
111
125
130
134
132
115
112
131
137
125
122
125
126
126
123
116
116
125
134
136
131
128
122
117
119
128
132
132
129
122
113
115
126
135
135
127
118
114
122
133
136
128
119
120
127
130
125
121
122
126
129
128
126
124
123
124
126
126
126
125
125
126
128
127
125
125
126
126
125
125
125
124
126
127
127
124
124
126
128
128
127
125
122
123
124
125
124
123
124
128
130
127
123
125
128
128
125
123
123
125
126
125
124
123
125
126
127
127
126
125
126
126
126
126
126
126
125
125
125
125
125
125
124
125
126
125
125
125
126
126
126
126
126
126
125
125
125
124
124
125
125
125
125
125
126
126
126
127
127
126
126
126
125
125
125
125
124
124
126
126
125
125
126
126
125
125
126
126
126
125
125
126
126
125
124
125
126
126
125
125
126
125
126
126
126
126
125
125
125
125
125
125
125
124
127
122
126
126
126
125
126
127
127
127
125
125
125
126
126
126
125
127
126
126
126
125
125
125
125
126
127
127
126
126
126
126
125
125
125
126
125
125
125
126
126
124
125
126
127
126
126
127
127
126
126
126
126
125
126
126
126
126
126
126
126
126
126
126
126
126
125
125
126
126
125
125
126
126
123
125
125
126
127
127
127
126
126
127
127
125
124
126
127
127
125
124
125
127
127
125
125
125
125
126
125
125
125
125
126
126
126
126
126
125
126
127
126
125
125
126
126
126
126
125
125
126
125
125
125
125
125
126
125
125
125
125
125
126
126
126
125
125
126
126
125
125
126
125
125
126
126
125
126
126
126
126
127
126
125
125
125
126
126
126
125
125
125
126
126
126
126
126
125
125
125
126
126
126
125
125
125
125
126
126
125
125
126
127
127
126
126
127
127
126
125
124
125
126
125
126
126
125
125
125
125
126
126
125
124
125
126
126
126
125
125
125
126
126
126
125
125
125
126
126
126
126
125
125
127
126
127
126
125
123
124
125
127
126
125
125
125
125
125
125
126
126
126
125
125
126
126
125
125
125
125
125
126
126
125
124
126
127
126
125
124
127
128
125
124
126
126
123
124
125
125
125
125
125
125
125
127
128
126
123
123
125
126
126
126
126
125
125
125
126
125
126
126
125
123
122
125
126
126
126
126
125
125
126
126
126
126
126
125
126
128
128
126
124
123
123
124
125
125
126
126
128
128
127
124
122
122
124
125
125
127
128
127
125
123
126
128
127
123
121
123
126
126
126
126
125
125
124
124
125
127
129
128
125
124
125
125
125
125
125
124
124
123
125
126
127
127
125
125
126
128
129
125
121
121
121
120
123
128
130
129
127
126
129
131
129
127
127
125
121
118
122
125
122
119
121
128
132
127
121
124
134
134
124
118
122
127
122
120
127
132
124
120
124
130
131
126
123
126
129
129
129
124
118
124
131
122
119
132
133
124
123
122
114
122
135
123
115
132
133
117
127
141
121
108
130
135
119
126
140
121
101
120
143
135
121
124
125
119
123
136
135
122
118
125
124
117
124
137
134
120
117
128
132
125
123
126
126
120
119
127
131
125
125
130
126
115
120
132
134
125
123
128
124
117
123
131
129
124
124
127
124
118
121
130
133
127
122
126
130
124
117
118
129
134
131
119
123
125
125
130
136
127
115
117
124
126
123
123
128
132
130
122
117
121
128
129
125
123
128
132
123
113
120
133
131
121
121
129
128
128
126
123
119
123
131
132
125
119
123
131
131
125
124
126
126
127
131
135
126
107
109
130
137
125
117
121
125
127
131
128
118
120
134
136
125
119
123
128
125
122
118
115
123
134
131
123
125
133
136
130
124
118
114
120
128
130
127
123
123
129
133
132
123
115
118
131
139
131
114
106
121
137
139
131
117
105
110
133
150
142
119
107
116
133
133
121
118
127
129
123
120
126
132
132
128
126
128
128
127
126
121
117
122
127
123
119
123
130
137
132
122
122
126
124
123
126
128
123
122
127
126
123
124
127
126
125
128
132
129
123
122
123
123
125
128
126
123
121
126
128
126
124
125
126
123
122
126
132
128
120
118
122
128
130
126
124
124
126
130
128
122
120
125
131
134
131
127
122
117
107
103
128
166
168
132
107
99
84
100
158
176
133
100
109
128
129
128
127
125
129
124
110
115
140
141
121
118
122
120
122
129
133
132
123
118
130
131
114
118
135
131
121
121
125
125
127
133
132
128
125
118
122
130
128
123
121
124
125
123
125
127
126
120
122
127
130
127
124
123
124
130
133
127
119
119
123
125
126
130
129
122
121
129
131
123
121
128
135
128
113
111
124
138
136
123
107
106
138
148
123
108
125
140
137
124
116
126
136
128
112
114
129
136
132
124
116
114
121
131
142
145
130
106
96
113
141
146
131
121
125
126
78
125
126
126
126
126
125
126
126
126
126
125
126
126
126
126
126
125
125
125
126
126
126
125
126
126
126
125
125
126
126
125
125
125
126
125
126
126
125
126
126
126
125
125
125
126
126
126
126
126
126
126
125
126
126
126
126
126
126
126
126
126
126
126
125
126
125
125
125
125
126
125
126
126
126
126
126
126
125
126
126
126
125
126
125
125
125
126
126
126
126
126
126
126
126
126
126
126
125
125
125
125
126
125
126
126
126
126
126
125
126
126
126
126
126
126
126
126
126
126
126
126
126
126
126
126
126
126
126
125
126
126
126
126
126
125
126
125
125
125
125
125
126
125
125
126
126
125
125
125
126
126
126
125
126
125
125
125
125
125
125
125
125
125
125
125
125
125
125
125
125
125
125
125
125
125
125
125
125
125
125
125
125
125
125
125
125
125
125
125
125
125
125
125
125
125
125
125
125
125
125
125
125
125
125
125
125
125
125
125
125
125
125
125
125
125
125
125
125
125
125
125
125
125
125
125
125
125
125
125
125
125
125
126
125
125
125
125
125
125
125
125
125
125
125
125
125
125
125
125
125
125
125
125
125
125
125
125
125
125
125
125
125
125
125
125
125
125
125
125
125
125
125
125
125
125
125
125
125
126
125
125
125
125
125
126
125
125
125
126
125
125
125
125
125
125
126
125
125
125
125
125
125
125
125
125
125
125
125
125
125
125
125
125
125
125
125
125
125
125
125
125
125
125
125
125
126
125
125
125
125
125
125
125
125
125
125
125
126
126
125
125
125
125
125
125
125
125
125
125
125
125
126
126
110
