126
125
125
125
126
126
61
125
125
125
125
125
125
125
125
125
125
125
125
125
125
125
125
125
125
125
125
125
126
125
126
125
125
125
125
125
126
126
126
125
126
125
126
126
126
125
125
126
125
125
125
125
126
125
126
125
125
126
125
125
125
125
125
125
125
125
126
126
125
126
126
125
125
125
125
125
125
125
125
125
125
125
125
125
126
125
125
125
126
125
126
125
125
126
125
125
125
125
125
125
125
125
125
126
125
125
125
126
125
125
125
125
126
125
125
125
125
125
126
126
125
125
125
125
125
125
125
125
125
125
125
125
125
125
125
125
125
125
125
125
125
126
125
125
125
125
125
125
125
125
125
125
125
125
125
125
125
125
125
125
125
125
125
125
125
125
125
125
125
125
125
125
125
125
125
125
125
126
125
125
125
125
125
125
125
125
125
125
125
125
125
125
125
125
125
125
125
126
125
125
125
125
125
125
125
125
125
125
125
125
125
125
125
125
125
125
125
125
125
125
125
125
125
125
125
125
125
125
125
125
125
125
125
125
125
125
125
125
125
126
125
125
125
126
125
125
125
125
125
125
125
125
125
125
125
125
125
125
125
125
125
125
125
125
125
125
125
125
125
125
125
125
125
125
125
125
125
125
125
125
125
125
125
125
125
125
125
125
125
125
125
125
125
125
125
125
125
125
125
125
125
125
125
125
125
125
125
125
125
125
125
125
125
125
125
125
125
125
125
125
125
125
125
125
125
125
125
125
125
125
125
125
125
125
125
125
125
125
125
125
125
125
125
125
125
125
125
125
125
125
125
125
125
125
125
125
125
125
125
125
125
125
125
125
125
125
125
125
125
125
125
125
125
125
125
125
125
125
125
125
125
125
125
125
125
125
125
125
125
125
125
125
125
125
125
125
125
125
125
125
125
125
125
125
125
125
125
125
125
125
125
125
125
125
125
125
125
125
125
125
125
125
125
125
125
125
125
125
125
125
125
125
125
125
125
126
124
125
125
125
125
125
125
125
125
125
125
125
125
125
125
125
125
125
125
125
125
125
125
125
125
125
125
125
125
125
125
125
125
126
125
125
125
124
125
125
126
126
126
126
126
126
126
125
125
126
125
125
125
126
125
126
126
125
125
126
126
125
125
126
126
126
125
125
126
126
125
125
126
126
125
125
125
125
125
126
126
126
125
125
126
126
126
125
125
126
125
125
125
126
127
126
124
124
125
125
125
125
126
127
126
124
123
125
127
126
122
119
122
128
131
131
130
124
119
124
133
130
118
118
134
138
118
99
109
142
169
151
90
66
118
176
152
106
126
162
102
55
125
199
147
79
98
144
147
129
111
110
117
126
149
166
133
86
82
123
154
154
138
124
108
96
110
139
157
144
116
98
104
130
152
147
118
99
113
139
135
112
114
138
146
133
119
117
124
132
133
122
106
105
128
152
151
124
104
109
126
133
129
125
126
127
128
131
132
125
116
115
124
132
131
123
119
123
131
132
126
121
122
125
127
126
124
126
128
127
123
121
122
127
131
129
126
126
129
127
123
121
120
120
122
127
131
131
130
125
122
124
129
128
124
121
122
123
126
129
130
132
129
124
121
121
124
127
128
125
121
120
123
128
131
129
122
120
126
134
133
123
116
119
125
130
131
129
126
124
125
125
124
124
124
124
124
125
126
126
127
127
127
128
128
127
125
123
122
122
123
125
126
127
128
127
126
125
125
126
125
125
125
125
126
125
124
126
126
126
126
124
126
125
125
124
125
125
126
126
126
126
126
125
126
126
126
125
125
126
126
125
125
125
125
125
125
125
125
126
125
125
125
126
125
125
125
125
125
125
125
126
126
126
126
126
126
126
125
125
125
125
125
124
124
125
126
126
126
126
125
125
125
125
126
125
126
124
125
125
125
125
125
125
125
126
126
126
125
125
125
125
125
125
125
125
126
126
126
126
125
125
125
125
125
125
125
125
126
126
126
126
125
125
125
126
126
125
125
125
126
126
125
125
126
126
125
125
125
125
125
125
124
124
125
126
126
126
125
125
126
126
126
124
125
126
126
126
125
125
125
125
126
126
128
126
125
125
124
124
125
125
125
125
125
124
125
126
126
125
125
125
125
126
127
126
125
125
125
125
125
125
125
125
125
125
126
126
126
125
125
125
126
126
126
125
125
125
125
125
124
125
125
125
125
125
125
126
126
126
125
125
125
125
125
125
125
126
126
126
126
125
126
125
125
126
125
125
125
125
125
125
125
125
125
126
125
125
125
126
125
125
125
125
125
125
125
125
125
125
125
126
126
125
125
125
125
125
126
125
125
125
125
125
125
125
125
125
125
125
125
125
126
125
125
125
126
125
125
125
125
125
125
125
125
125
125
125
125
125
125
126
126
125
125
125
126
126
125
125
125
126
125
124
125
127
127
125
123
125
126
127
126
126
126
125
125
124
125
126
126
125
123
122
124
126
127
126
125
125
125
126
126
125
125
125
126
126
126
125
125
124
125
126
127
126
125
125
124
123
124
126
126
126
126
125
124
123
124
126
127
125
124
125
126
126
126
125
126
126
126
125
125
125
123
123
124
126
127
127
126
125
124
124
126
127
126
125
124
125
125
125
125
125
125
125
126
125
125
125
125
125
126
126
126
124
124
124
125
126
125
127
126
124
124
125
124
125
126
126
127
126
125
124
125
126
126
125
125
125
126
126
125
124
124
125
126
126
126
126
126
125
125
125
117
122
126
127
127
128
128
127
126
126
126
126
125
124
125
127
126
125
126
126
126
126
126
125
125
125
126
126
126
125
126
126
126
125
123
124
125
126
125
126
127
127
126
126
126
126
126
126
126
125
126
126
125
126
126
126
125
125
126
126
126
126
125
125
126
126
125
125
125
126
126
125
125
125
125
126
126
125
125
125
125
126
125
125
126
126
126
126
126
126
126
126
125
125
125
125
125
126
126
125
125
125
126
126
126
125
126
125
126
125
125
125
125
125
125
125
125
125
125
125
126
126
127
126
126
126
126
126
125
125
125
125
125
126
126
126
127
126
126
126
126
126
125
125
125
124
125
125
125
126
126
125
125
125
126
126
125
125
125
126
126
125
125
125
125
125
125
125
126
126
126
126
125
125
126
126
125
126
126
126
126
125
128
131
126
125
125
124
124
124
124
125
125
126
125
125
126
126
125
126
125
125
125
126
126
126
126
125
126
126
126
124
125
126
125
126
125
125
126
125
124
124
126
132
127
125
125
125
122
124
124
123
126
127
124
125
128
126
122
124
127
126
124
125
126
126
125
124
125
126
126
125
124
126
128
125
123
126
128
125
123
125
127
126
125
124
125
125
125
125
127
125
124
126
126
126
126
125
124
125
124
125
127
127
125
124
126
126
126
126
125
123
122
125
125
125
125
125
126
126
125
126
126
126
126
126
129
105
123
125
127
125
128
128
128
127
125
125
125
126
127
125
124
127
128
127
126
127
125
123
124
126
123
125
130
128
123
120
124
129
130
125
122
126
130
127
122
123
127
127
124
122
123
128
128
123
122
128
129
127
125
126
125
126
128
126
122
122
124
125
125
127
129
122
119
121
124
128
130
128
126
126
126
127
126
125
124
125
127
127
124
124
125
126
127
126
125
124
124
124
125
124
125
125
125
127
125
126
126
125
125
124
125
126
125
125
126
127
127
126
125
125
126
126
126
125
124
124
125
126
126
124
125
125
127
129
128
125
124
123
124
124
124
125
124
122
125
127
127
126
126
125
125
125
128
127
123
124
126
125
121
123
125
125
123
126
130
126
123
123
125
127
124
122
127
128
125
122
124
128
127
124
123
123
127
130
127
122
122
126
127
124
124
127
126
124
60
125
125
125
125
125
125
125
125
125
125
125
125
125
126
125
125
125
125
125
126
125
125
125
125
125
125
125
125
125
125
125
125
125
125
125
125
125
125
125
125
125
125
125
125
125
125
125
125
125
125
125
125
125
125
125
125
125
125
125
125
125
125
125
125
125
125
125
125
125
125
125
125
125
125
125
125
125
125
125
125
125
125
125
125
125
125
125
125
125
125
125
125
125
125
125
125
125
125
125
126
125
125
125
126
125
125
125
125
125
125
125
125
125
125
125
125
125
125
125
125
125
125
125
125
125
125
125
125
125
125
125
125
125
125
125
125
125
125
125
125
125
125
125
125
125
125
125
125
125
125
125
125
125
125
125
125
125
125
125
125
125
125
125
125
125
125
125
126
125
125
125
125
125
125
126
126
126
125
125
126
126
125
125
125
125
125
126
125
126
125
125
125
126
125
125
126
125
126
126
126
126
126
126
125
125
126
126
125
125
125
125
126
126
126
126
125
126
126
126
125
125
126
125
125
126
126
125
126
126
126
126
126
126
126
125
125
125
125
125
125
126
126
126
126
125
126
126
126
126
126
125
125
126
125
125
125
125
126
126
125
126
125
125
125
125
126
125
125
125
125
126
125
125
126
125
125
126
125
126
125
125
125
125
125
125
126
126
125
125
125
126
126
125
126
126
125
125
125
125
126
126
126
125
126
126
125
125
125
125
125
126
125
126
125
125
125
125
126
126
125
125
125
125
125
125
125
125
125
125
126
125
126
125
125
125
125
126
125
125
125
125
125
125
125
126
125
125
126
125
125
126
125
126
124
