126
126
126
126
126
126
42
125
125
125
125
125
125
125
125
125
125
125
125
125
125
126
125
125
125
126
125
126
126
126
126
125
126
125
125
125
125
126
125
126
126
126
126
125
125
125
125
126
125
125
125
126
126
126
126
126
125
126
126
126
125
125
126
126
126
126
126
126
126
126
126
126
126
126
125
125
126
126
126
126
126
126
126
126
126
125
126
126
125
126
126
126
126
126
126
126
125
126
125
125
126
125
125
126
126
126
125
126
126
125
126
125
126
125
125
125
126
126
125
126
126
126
125
125
126
126
126
126
125
125
125
125
125
125
125
125
125
126
126
126
126
126
125
125
126
125
125
125
125
126
126
125
125
126
126
126
126
126
125
125
125
125
126
126
126
125
125
126
126
126
126
126
125
126
126
126
126
126
125
126
126
126
126
125
126
125
126
126
126
126
126
126
126
125
125
126
126
126
125
126
126
126
126
126
126
125
125
126
125
126
125
125
126
126
125
125
125
125
126
125
126
126
125
126
126
126
126
126
126
125
125
126
125
126
126
126
126
126
126
125
126
125
125
125
125
125
126
125
125
125
125
125
125
126
125
125
125
125
125
126
126
125
126
125
125
126
125
125
125
125
125
125
125
124
125
127
127
126
124
123
125
130
134
131
121
113
111
116
130
136
128
119
120
116
131
172
160
104
100
122
53
40
231
255
134
12
31
168
205
143
112
111
96
129
165
155
120
76
71
118
160
169
148
94
74
113
148
139
124
126
139
145
125
88
88
133
165
149
114
98
111
132
142
138
128
117
115
126
132
121
112
124
137
128
115
118
129
134
133
129
124
119
118
124
132
130
124
122
123
121
119
125
133
133
128
123
123
126
127
127
125
123
121
123
125
126
126
124
124
126
130
131
129
123
120
121
124
125
125
125
126
127
129
129
127
124
122
123
124
125
126
126
127
128
127
126
125
125
126
126
125
124
124
124
126
126
126
127
127
126
126
125
124
124
124
126
126
127
126
126
126
127
127
127
126
126
125
125
125
125
125
126
126
125
125
126
126
126
127
126
126
125
124
124
125
125
126
126
127
126
126
125
125
125
125
125
125
126
126
126
126
125
125
125
125
126
126
126
126
126
126
126
126
125
125
126
125
126
126
125
125
125
125
125
125
125
125
125
126
126
126
126
126
126
126
125
125
125
125
125
125
125
126
126
126
126
126
126
125
125
125
125
125
125
125
125
126
126
126
126
126
126
126
125
125
125
125
125
125
125
125
125
125
126
126
126
126
126
126
126
125
125
126
126
126
126
125
126
126
125
125
125
125
125
125
125
125
125
126
126
126
125
126
125
125
125
125
126
126
126
125
125
126
126
125
125
125
125
125
125
126
126
126
126
126
126
126
125
125
125
125
125
125
125
125
125
126
126
125
125
126
125
125
125
125
125
125
125
125
126
126
126
126
126
126
126
126
125
125
125
125
125
126
126
125
125
127
126
125
125
125
125
125
125
126
125
125
125
125
125
125
125
125
125
125
125
125
125
126
125
125
125
125
125
125
125
125
125
125
126
124
125
126
126
126
126
126
126
126
126
125
125
125
126
126
126
126
125
125
125
125
126
125
125
126
126
126
126
126
126
126
126
126
126
126
126
126
126
126
125
125
126
126
126
125
126
126
126
126
126
126
125
126
125
126
125
126
126
126
126
126
126
126
125
126
125
124
125
125
126
125
126
126
126
125
125
125
126
125
125
125
125
126
126
125
126
126
126
125
125
125
125
125
125
126
125
125
125
126
126
125
126
125
125
126
126
125
125
125
125
125
125
125
125
125
125
125
125
125
125
126
125
125
125
126
125
125
126
125
125
125
126
125
125
125
126
125
126
125
126
126
126
125
125
126
125
125
125
125
125
125
125
125
126
125
126
125
125
126
126
125
125
125
125
126
126
126
126
126
125
126
125
125
126
125
126
125
125
125
125
125
125
125
126
125
125
125
125
125
125
125
125
126
126
126
125
125
125
125
125
125
125
126
126
126
126
126
126
126
126
125
125
125
125
127
126
125
125
125
124
125
125
125
125
125
125
125
125
125
125
125
126
125
125
125
125
126
126
125
125
125
125
125
125
126
126
125
125
125
126
126
125
125
125
125
125
125
126
125
125
125
125
125
125
125
125
125
125
126
126
125
125
125
126
125
125
125
125
125
125
125
125
126
125
125
125
126
125
125
125
125
125
125
125
126
125
126
125
125
125
125
125
125
125
125
125
126
126
125
125
125
125
125
125
125
125
125
125
126
125
125
125
125
125
125
125
125
129
121
125
124
125
125
126
126
126
125
125
125
126
126
126
126
126
126
126
126
126
125
125
125
125
126
126
126
125
126
122
125
126
126
126
127
126
127
128
126
125
125
126
126
126
126
125
125
126
126
126
126
126
125
125
125
125
125
125
125
125
126
126
126
126
126
126
124
125
125
126
126
126
127
126
127
127
126
126
126
126
126
126
125
125
126
126
125
125
125
126
126
125
125
125
125
125
125
125
125
125
126
126
125
125
126
127
126
125
125
125
126
126
126
125
125
126
126
125
125
125
125
126
126
125
125
125
126
126
126
125
125
126
126
126
126
125
126
126
125
126
126
125
125
125
126
126
125
126
126
126
126
126
126
126
125
126
126
126
126
126
126
126
126
125
125
125
125
125
125
125
125
126
125
125
125
126
125
125
125
126
126
126
126
126
125
126
126
126
126
126
125
125
126
126
126
126
126
126
126
126
125
125
125
126
125
126
126
126
126
125
126
126
126
126
127
128
126
125
125
125
124
125
125
125
126
125
126
126
125
125
125
125
125
125
125
126
125
126
126
125
125
126
125
126
125
125
126
125
125
126
126
126
128
127
126
125
125
124
124
124
125
125
125
125
125
125
125
125
125
125
126
126
126
126
125
125
125
125
125
125
125
125
125
125
125
125
125
125
125
125
125
126
126
125
125
125
126
125
126
125
125
125
125
125
125
125
126
125
125
125
125
125
125
125
125
126
125
125
126
125
125
125
125
125
125
125
125
125
125
126
126
125
125
126
126
125
125
125
125
125
125
126
126
126
125
125
126
126
126
126
125
125
125
125
126
125
125
125
125
126
126
126
125
125
125
125
125
126
125
125
124
124
125
125
125
125
125
125
126
126
126
126
126
126
126
125
125
124
125
124
126
126
125
125
126
126
126
126
125
125
125
125
126
126
125
126
126
125
125
124
124
125
124
125
125
126
126
126
125
125
125
125
125
126
126
125
125
126
126
125
126
127
126
126
125
125
125
126
126
125
124
124
125
124
125
124
125
125
124
124
126
125
126
126
126
126
125
125
125
125
126
126
126
126
126
126
126
126
126
126
125
125
125
126
125
125
126
126
125
126
125
125
125
125
126
125
125
125
125
125
125
125
125
125
125
125
125
126
125
125
125
125
125
125
125
125
125
125
126
126
125
125
126
125
126
126
126
126
126
126
125
125
125
125
125
125
125
126
126
128
132
127
124
125
123
123
124
124
124
125
125
125
125
125
125
126
125
125
125
125
125
125
126
125
125
125
125
124
125
125
125
125
125
125
125
125
125
126
125
125
125
125
125
125
125
126
125
126
126
125
126
125
125
126
123
126
126
127
126
126
126
127
126
125
125
125
125
125
125
125
124
125
125
126
126
130
102
121
127
127
124
127
125
127
128
128
126
125
126
128
127
127
125
125
126
127
125
125
125
124
124
124
126
125
125
125
126
127
128
128
127
127
127
127
126
125
124
124
124
125
125
126
127
126
126
126
126
126
126
125
124
124
125
125
124
125
125
125
125
125
125
126
120
117
125
125
125
129
129
129
129
128
127
126
126
125
124
125
41
125
125
125
125
125
125
125
125
125
125
125
125
125
125
125
125
125
125
125
125
125
125
125
125
125
125
125
125
125
126
125
126
125
126
126
126
126
125
126
125
125
126
125
125
125
125
125
125
125
125
125
125
125
125
125
125
125
125
125
125
125
125
125
125
125
125
125
125
125
125
125
125
125
125
125
125
125
126
126
126
126
126
126
126
126
126
126
125
126
126
126
126
126
125
125
125
125
126
126
126
126
126
126
126
125
125
125
126
125
126
126
125
125
125
125
125
126
125
125
125
126
125
125
125
125
126
125
125
125
125
125
125
125
126
126
126
125
125
126
125
125
126
125
125
125
125
126
125
126
125
125
125
125
125
125
125
126
125
125
125
125
125
126
125
125
125
125
126
125
126
125
125
126
126
126
125
126
125
125
125
126
126
126
125
125
125
125
125
125
126
126
125
125
125
126
125
125
125
126
125
125
125
125
125
125
125
125
126
126
125
125
126
126
126
125
125
125
125
126
126
125
125
125
125
125
125
125
126
125
125
125
125
125
125
125
126
125
125
125
125
125
125
125
126
126
126
126
126
125
125
125
125
125
125
125
125
125
125
125
125
126
126
126
125
125
126
126
126
127
129
129
128
124
120
117
118
124
126
123
127
131
123
133
168
155
75
58
140
198
119
46
114
213
169
70
93
182
182
84
39
86
176
192
127
93
145
161
86
53
117
183
161
108
105
118
112
115
140
133
109
126
155
141
116
107
95
101
144
170
139
103
108
130
135
122
111
119
137
141
123
107
116
133
133
121
120
129
133
130
127
123
118
117
125
