125
126
125
125
125
124
33
125
125
125
125
125
125
125
125
125
125
125
125
125
125
125
125
125
125
125
125
125
125
125
125
125
125
125
125
125
125
125
125
125
125
125
125
125
125
125
125
125
125
125
125
125
125
125
125
125
125
125
125
125
125
125
125
125
125
125
125
125
125
125
125
125
125
125
125
125
125
125
125
125
125
125
125
125
125
125
125
125
125
125
125
125
125
125
125
125
125
125
125
125
125
125
125
125
125
125
125
125
125
125
125
125
125
125
125
125
125
125
125
125
125
125
125
125
125
125
125
125
125
125
126
125
125
125
126
125
125
126
126
125
125
126
125
126
126
125
125
126
125
126
125
126
126
126
125
126
125
126
125
126
126
125
125
126
125
125
125
125
126
125
125
125
125
126
125
125
126
125
125
126
125
125
125
126
125
125
125
125
126
125
125
126
125
125
125
125
125
126
125
125
125
125
125
126
125
126
125
125
125
125
125
125
125
125
125
125
125
125
125
125
125
125
125
125
125
125
125
125
125
125
125
125
125
125
125
125
125
125
125
125
125
125
125
125
125
125
125
125
125
125
125
125
125
125
125
125
126
125
125
125
125
125
125
125
125
125
125
125
126
126
126
126
125
125
125
125
125
125
125
125
125
125
125
125
125
125
126
125
125
125
126
126
125
124
125
126
126
125
125
125
126
126
127
128
126
121
119
122
126
129
130
129
126
125
124
124
125
126
126
122
122
125
128
128
129
129
123
116
117
124
134
143
130
101
95
126
149
135
130
145
149
111
75
99
154
161
82
79
208
196
47
70
185
191
95
65
103
139
159
154
133
111
86
91
151
179
131
66
62
134
202
191
109
61
98
156
162
117
99
119
127
116
124
133
117
115
144
156
130
106
106
117
130
136
124
106
108
131
148
141
124
117
119
122
125
129
128
125
125
126
121
118
122
127
128
129
130
127
122
120
122
127
132
132
125
118
116
121
128
129
126
123
126
130
129
124
122
123
125
125
125
124
125
127
129
129
126
123
121
123
125
127
127
125
122
121
122
126
128
129
127
125
123
123
125
126
127
127
125
124
124
124
125
125
125
125
125
125
125
126
126
126
125
125
124
123
123
125
126
126
126
126
125
125
125
126
125
125
125
125
125
125
125
125
125
125
125
125
125
125
125
125
125
125
125
125
125
126
125
125
125
125
125
125
125
125
125
125
125
125
126
125
125
125
125
125
125
125
126
126
125
125
125
125
125
125
125
125
125
125
125
125
125
125
125
125
125
125
125
125
125
125
125
125
125
125
125
125
125
125
125
125
125
125
125
125
125
125
124
125
125
125
125
125
125
125
125
125
125
125
125
125
125
125
125
125
125
125
125
125
125
125
125
125
125
125
125
125
125
125
125
125
125
125
125
125
125
125
125
125
125
125
125
125
125
125
125
125
125
125
125
125
125
125
125
125
125
125
125
125
125
125
125
125
125
125
125
125
125
125
125
125
125
125
125
125
125
125
125
125
125
125
125
125
125
125
125
125
125
125
125
125
125
125
125
125
125
125
125
125
124
125
125
126
126
126
126
126
126
125
126
126
125
125
126
126
126
125
126
126
125
125
126
125
126
125
126
126
125
126
126
126
125
125
125
126
126
126
125
126
125
125
126
126
125
125
126
126
125
125
125
126
126
125
126
126
126
125
125
126
126
126
125
126
126
126
125
124
125
125
125
126
126
126
126
126
126
125
125
125
125
125
125
125
126
125
125
125
125
125
125
125
125
125
125
125
125
126
125
125
125
125
125
125
126
125
125
125
125
125
125
125
125
125
126
126
126
125
125
126
125
125
125
125
125
125
125
125
125
125
125
125
125
126
125
125
125
125
125
126
126
125
125
125
126
125
125
125
125
126
126
126
126
125
125
125
125
125
125
125
125
125
125
125
125
125
125
125
125
125
125
125
125
125
125
125
126
125
125
125
125
125
125
125
125
125
125
125
125
125
125
125
126
125
125
126
126
125
125
125
125
125
125
125
125
125
126
126
126
126
125
125
125
125
126
125
127
126
125
125
125
125
125
125
125
125
125
125
125
125
125
125
125
125
125
125
125
125
125
125
125
125
125
125
125
125
125
125
125
125
125
125
125
125
125
125
125
125
125
125
125
125
125
125
125
125
125
125
125
125
125
125
125
125
125
125
125
125
125
125
125
125
125
125
125
125
125
125
125
125
125
125
125
125
125
125
125
125
125
125
125
125
125
125
125
125
125
125
125
125
125
125
125
125
125
125
125
125
125
125
125
125
125
125
125
125
125
125
125
125
125
125
125
125
125
125
125
125
125
125
125
125
125
125
125
125
125
125
125
125
125
125
125
125
125
125
125
125
125
125
125
125
125
125
125
125
125
125
125
126
125
125
125
125
125
125
125
125
125
125
125
125
125
125
125
125
125
125
125
125
125
125
125
125
125
125
125
125
125
125
125
125
125
125
125
125
125
125
125
125
125
125
125
125
125
125
125
125
125
125
125
125
125
125
125
125
125
125
125
125
125
125
125
125
125
125
125
127
125
124
125
125
125
126
126
125
125
126
125
125
125
125
125
126
125
126
125
125
125
125
125
125
125
125
126
126
126
126
125
126
125
125
125
126
126
126
126
125
126
125
126
126
126
126
125
126
126
126
126
126
126
126
126
125
125
126
126
125
126
125
125
126
126
126
125
121
124
125
125
126
127
127
126
126
126
126
126
126
125
125
125
126
125
125
125
126
126
125
125
126
126
126
125
124
124
126
126
124
124
126
127
126
125
125
125
125
125
124
125
126
126
126
126
125
124
124
125
125
124
125
126
126
127
128
127
127
127
125
123
124
126
125
124
125
124
123
123
125
128
130
127
124
122
124
125
125
125
126
127
127
125
125
126
128
127
126
125
126
126
123
122
124
126
126
125
125
124
125
126
126
126
126
126
125
125
126
124
125
125
125
125
126
126
126
127
127
126
125
125
125
125
125
125
124
125
125
125
126
126
126
126
126
125
126
126
126
125
126
125
125
125
125
125
125
126
131
126
125
125
124
124
124
125
125
125
125
125
125
125
125
125
125
125
126
126
126
125
125
125
125
126
125
125
125
125
125
125
125
125
126
125
125
125
125
125
125
125
125
125
125
125
125
125
126
125
125
125
125
125
125
125
125
125
125
125
125
125
125
125
125
125
125
126
126
126
126
125
126
126
125
125
125
125
125
125
125
125
125
125
125
126
126
125
125
125
125
125
125
125
125
126
125
126
125
125
125
126
125
126
125
126
126
126
126
125
125
125
125
125
125
125
125
125
125
125
125
125
125
125
125
125
125
125
125
126
125
125
125
126
125
125
125
125
125
125
125
125
125
125
125
126
126
126
125
125
126
125
125
125
125
125
125
125
125
125
126
125
125
125
125
125
125
125
126
125
125
126
125
125
125
125
125
126
125
126
125
125
125
125
125
125
125
125
125
125
124
125
125
125
126
125
125
125
125
126
125
126
125
125
126
125
124
125
126
124
125
126
126
126
125
125
125
125
125
125
126
125
125
125
126
125
125
125
125
125
125
125
126
125
125
126
125
125
125
125
125
124
125
126
124
125
125
125
125
126
125
125
125
125
125
125
125
134
129
80
134
124
128
128
128
128
127
127
126
126
126
126
125
126
125
126
126
125
125
126
126
127
126
126
126
125
126
126
125
126
126
126
126
127
126
126
127
126
126
126
126
126
126
126
126
126
125
125
126
126
126
126
126
125
126
126
126
125
125
125
125
125
125
126
126
118
115
124
126
125
129
130
129
129
129
127
124
126
125
126
126
125
126
126
126
127
127
126
126
125
125
124
124
125
125
126
125
125
125
125
125
32
125
125
125
125
125
125
125
125
125
125
125
125
125
125
125
125
125
125
125
125
125
125
125
125
125
125
125
125
125
125
125
125
125
125
125
125
125
125
125
125
125
125
125
125
125
125
125
125
125
125
125
125
125
125
125
125
125
125
125
125
125
125
125
125
125
125
125
125
125
125
125
125
125
125
125
125
125
125
125
125
125
125
125
125
125
125
125
125
125
125
125
125
125
125
125
125
125
125
125
125
125
125
125
125
125
125
125
125
125
125
125
125
125
125
125
125
125
125
125
125
125
125
125
125
125
125
125
125
125
125
125
125
125
125
125
125
125
125
125
125
125
125
125
125
125
125
125
125
125
125
125
125
125
125
125
125
125
125
125
125
125
125
125
125
125
125
125
125
125
125
125
125
125
125
125
125
125
125
125
125
125
125
125
125
125
125
125
125
125
125
125
125
125
125
125
125
125
125
125
125
125
125
125
125
125
125
125
125
125
125
125
125
125
125
125
125
125
125
125
125
125
125
125
125
125
125
125
125
125
125
125
125
125
125
125
125
125
125
126
125
125
125
125
125
125
125
125
125
125
125
125
125
125
125
125
125
125
125
125
125
125
125
125
125
126
125
125
125
125
125
125
125
125
125
125
126
125
125
125
126
126
125
125
125
126
126
126
124
125
125
125
124
125
126
126
126
127
129
128
121
113
113
126
140
140
127
116
118
127
131
123
119
125
135
136
122
108
114
133
138
127
119
120
120
123
134
140
124
105
118
148
143
107
88
123
182
177
62
43
163
243
127
1
84
214
192
79
67
145
194
134
64
83
125
