126
124
125
125
124
124
30
125
125
125
125
125
125
125
125
125
125
125
125
125
125
125
125
125
125
125
125
125
125
126
126
126
125
125
125
125
125
125
125
125
125
125
125
125
125
125
125
125
125
125
125
125
125
125
125
125
125
125
125
125
125
125
125
125
125
125
125
125
125
125
125
126
125
125
125
125
125
125
125
125
125
125
125
125
125
125
125
125
125
125
125
125
125
125
125
125
125
125
125
125
125
125
125
125
125
125
125
125
125
125
125
125
125
125
125
125
125
125
125
125
125
125
125
125
125
125
125
125
125
125
125
125
125
125
125
125
125
125
125
125
125
125
125
125
125
125
125
125
125
125
125
125
125
125
125
125
125
125
125
125
125
125
125
125
125
125
125
125
125
125
125
125
125
125
125
125
125
125
125
125
125
125
125
125
125
125
125
125
125
125
125
125
125
125
125
125
125
125
125
125
125
125
125
125
125
125
125
125
125
125
125
125
125
125
125
125
125
125
125
125
125
125
125
125
125
125
125
125
125
125
125
125
125
125
125
125
125
124
123
126
133
134
121
107
126
145
117
76
169
242
48
107
134
255
213
59
16
159
177
205
134
26
105
237
111
49
146
142
103
165
169
90
93
130
120
127
162
128
77
105
155
149
117
114
125
124
129
136
126
115
125
139
125
102
109
138
148
132
120
123
124
120
119
126
131
127
122
125
129
127
124
125
126
125
125
126
126
125
127
131
129
121
118
123
128
128
126
127
128
126
124
124
126
126
127
128
127
124
122
124
126
127
126
124
124
125
128
129
128
125
124
123
124
126
127
126
125
125
125
125
126
127
127
126
126
125
125
125
125
125
125
126
126
126
126
124
124
125
126
127
127
126
125
125
125
125
126
126
126
126
125
126
126
125
125
125
126
126
126
126
125
125
125
126
126
126
126
125
125
125
125
126
126
126
126
126
125
125
125
125
125
125
126
126
126
126
126
126
126
126
126
126
125
125
126
126
126
126
126
125
125
125
125
125
126
126
126
126
126
125
125
125
125
125
125
125
126
126
126
126
126
126
126
126
125
125
125
125
125
126
126
126
126
126
126
125
125
125
125
125
125
126
126
126
126
125
125
125
125
125
126
126
126
126
126
125
125
126
126
126
125
126
125
125
125
126
125
125
125
125
125
125
125
125
125
125
125
126
126
125
126
125
125
125
125
125
125
125
125
125
125
126
127
126
125
125
125
125
125
125
125
125
125
125
125
125
125
125
125
125
125
125
125
125
126
126
126
125
125
125
125
125
125
126
125
125
125
126
126
126
125
126
127
126
124
122
123
124
125
127
127
124
125
127
128
127
125
123
123
125
126
124
124
126
127
126
126
126
125
124
125
127
125
124
125
126
127
128
126
124
123
124
126
127
125
123
123
124
126
125
124
122
124
127
129
128
125
125
127
128
127
125
124
124
125
125
125
124
125
126
126
126
125
123
123
125
127
127
126
126
126
126
126
127
126
125
124
124
124
125
126
125
125
125
125
125
125
125
125
125
126
126
126
125
125
125
126
126
125
125
126
126
125
125
125
126
126
125
125
125
125
125
125
125
125
126
126
126
126
126
126
125
124
124
125
125
125
125
126
126
126
125
125
125
125
126
126
125
125
125
125
125
125
126
125
126
125
125
125
125
126
126
125
125
125
125
125
125
126
125
125
125
125
125
125
125
125
125
125
125
125
125
125
125
126
126
126
125
126
126
125
125
124
125
126
126
125
125
125
126
126
126
125
125
125
126
125
125
125
125
125
126
125
125
125
125
125
125
125
125
126
126
125
125
126
126
126
126
127
125
125
125
125
125
124
125
125
125
126
125
125
126
125
125
126
125
125
125
126
125
126
126
125
125
126
126
126
125
125
125
125
125
125
125
125
125
125
125
125
125
125
125
125
125
126
125
125
126
125
125
125
125
125
125
125
125
125
125
125
125
125
125
125
125
125
125
125
124
124
125
126
125
126
126
126
126
125
126
125
125
126
125
126
125
125
125
125
125
125
125
125
125
125
125
125
125
125
125
125
125
125
125
125
125
125
125
125
125
125
125
125
125
125
125
125
126
125
125
125
125
125
125
125
125
125
125
125
125
125
125
125
125
125
125
125
125
125
125
125
125
125
125
125
125
125
125
125
125
126
126
125
125
125
125
125
125
125
125
125
125
125
125
125
125
126
125
125
125
125
126
126
125
125
126
125
125
125
125
125
125
125
125
125
125
125
125
125
125
125
125
125
125
125
125
125
125
125
126
126
125
125
126
126
125
125
125
125
125
125
125
125
125
126
125
125
125
126
125
125
125
125
125
126
125
125
125
126
126
125
125
125
126
125
125
125
125
125
125
125
125
127
121
123
125
127
126
126
126
126
126
126
126
125
126
125
125
125
125
126
126
125
126
126
126
126
126
126
126
126
126
126
126
126
126
126
126
125
126
126
126
126
126
126
125
125
125
126
126
126
126
129
126
126
126
125
125
125
125
125
125
125
125
126
125
125
125
126
124
123
125
126
126
126
127
126
126
126
126
126
126
126
126
125
125
125
125
125
126
125
126
126
125
123
124
125
126
126
127
127
126
126
126
125
125
125
125
125
125
125
125
125
125
125
125
126
125
125
125
126
125
125
126
126
125
124
125
126
128
128
125
122
122
125
127
129
127
125
124
124
125
126
126
126
125
126
126
126
125
125
125
125
126
126
125
125
125
126
125
126
126
126
125
125
125
126
126
126
126
126
126
125
125
125
126
126
126
126
126
126
125
126
126
125
125
125
125
126
125
126
126
125
126
126
126
126
125
125
125
125
125
125
125
126
125
125
126
125
126
126
126
126
126
126
126
126
127
128
125
125
125
124
124
125
125
125
125
125
125
125
125
126
125
125
125
125
125
125
125
126
126
126
126
125
125
125
125
125
125
125
125
126
126
125
125
125
125
125
125
125
125
125
125
126
125
126
125
126
126
125
125
125
125
125
125
125
125
126
126
126
126
126
125
126
125
125
126
125
125
125
126
126
125
125
125
126
126
126
125
125
125
126
126
126
125
125
125
125
125
126
126
126
125
124
125
126
130
127
125
125
124
124
125
125
123
123
124
125
126
126
125
123
124
125
126
126
126
125
125
125
126
126
125
125
125
124
125
125
127
126
126
124
125
125
125
126
126
126
126
126
125
125
125
125
125
126
125
125
125
126
126
126
126
126
126
124
120
122
125
126
126
127
127
127
127
126
125
125
126
125
125
126
126
126
126
124
124
125
125
126
125
126
126
126
126
125
125
125
125
125
125
125
123
126
125
125
125
125
126
125
125
126
126
125
126
125
126
126
125
125
125
125
125
125
125
125
125
125
125
125
126
125
125
125
125
126
125
124
125
126
126
126
125
125
126
126
126
126
125
125
125
125
126
125
125
126
125
125
125
126
126
125
125
124
125
125
126
125
124
125
126
127
125
125
125
126
126
125
126
126
126
126
126
126
126
126
125
124
125
126
126
126
125
125
125
125
125
125
125
126
125
126
126
125
126
125
125
125
125
126
125
125
125
126
124
125
126
126
126
126
125
125
125
125
125
125
126
125
125
125
126
126
126
125
125
125
126
126
123
125
126
125
126
126
125
126
126
125
126
125
126
127
125
125
125
125
125
125
125
126
125
125
125
126
125
125
125
125
125
125
125
125
125
126
125
125
125
125
125
125
125
126
124
124
126
126
126
126
126
136
127
125
125
123
122
123
124
124
124
124
125
125
125
126
125
125
126
125
125
126
125
125
125
125
125
125
125
126
125
125
125
125
122
117
123
126
126
128
133
129
128
127
126
125
125
125
126
125
125
126
125
126
125
125
126
125
125
31
126
126
126
126
126
126
126
125
125
125
125
125
125
125
125
125
125
125
125
125
125
125
126
125
125
125
126
125
125
126
125
125
125
125
126
125
126
125
125
125
126
125
125
126
125
125
125
125
125
125
125
125
125
125
125
125
125
125
125
125
125
125
125
125
125
125
125
126
125
125
125
125
125
125
125
125
125
125
125
125
125
125
125
125
125
125
125
125
125
125
125
125
125
125
125
125
125
125
125
125
125
125
125
125
125
125
125
125
125
125
125
125
125
125
125
125
125
125
125
125
125
125
125
125
125
125
125
125
125
126
125
125
125
125
125
125
125
125
125
126
125
125
125
125
125
125
125
125
125
125
125
125
125
125
125
125
125
125
125
125
125
125
125
125
125
125
125
125
125
125
125
125
125
125
125
125
125
125
125
125
125
125
125
125
125
125
125
125
125
125
125
125
125
125
125
125
125
125
125
125
125
125
125
125
125
125
125
125
125
125
125
126
125
125
125
125
125
125
125
125
125
125
125
125
125
125
125
125
125
125
123
123
130
137
133
114
106
124
143
114
109
190
158
9
16
255
255
54
38
111
102
119
219
165
36
71
187
160
107
95
85
120
206
186
59
48
147
193
135
90
101
121
120
127
150
150
115
87
103
142
157
139
111
100
120
141
131
107
111
139
149
130
110
115
128
126
120
125
131
127
122
127
131
129
124
119
117
123
130
131
127
126
126
123
121
123
125
125
126
128
129
128
125
122
121
124
128
129
127
125
124
125
126
125
124
124
125
126
125
126
128
128
125
123
122
124
127
127
126
124
124
125
126
127
