121
131
133
124
120
124
69
126
126
126
126
126
126
126
126
126
126
125
125
126
126
125
126
126
126
126
126
126
125
126
125
125
126
126
125
125
125
126
126
126
125
126
126
125
125
125
125
125
126
126
126
126
126
126
125
126
125
126
125
125
125
126
125
125
125
125
125
126
125
125
125
125
126
126
125
126
125
126
126
125
125
126
126
125
125
125
126
125
125
125
126
125
126
126
125
126
126
125
126
125
125
125
125
125
125
126
126
125
126
126
126
126
125
125
125
125
125
125
126
126
126
126
125
126
126
125
126
126
126
126
125
125
126
125
125
125
126
125
126
126
126
125
126
126
125
125
126
125
126
125
126
126
126
125
125
125
125
125
125
126
125
126
125
125
125
125
125
125
125
126
125
125
125
125
125
126
126
125
125
126
126
125
125
125
125
126
125
125
126
125
126
125
125
126
126
125
125
125
125
125
125
125
125
125
125
125
125
125
125
125
125
125
125
125
126
125
126
126
125
125
125
125
125
125
125
125
125
125
125
125
125
125
125
125
125
125
125
125
125
125
125
125
125
125
125
125
125
125
125
125
125
125
125
125
125
125
125
125
125
125
125
125
125
125
125
125
125
125
125
125
125
125
125
125
125
125
125
125
125
125
125
125
125
125
125
125
125
125
125
125
125
125
125
125
125
125
125
125
125
125
125
125
125
125
125
125
125
125
125
125
125
125
125
125
125
125
125
125
125
125
125
125
125
125
125
125
125
125
125
125
125
125
125
125
125
125
125
125
125
125
125
126
125
125
125
125
125
125
126
125
125
125
125
125
125
125
125
125
125
125
125
125
125
125
125
125
125
125
126
125
125
125
125
125
125
125
125
125
125
125
125
125
125
125
125
125
126
125
125
125
126
125
125
125
125
125
125
125
125
125
125
125
125
125
125
125
125
125
125
124
125
125
125
125
126
126
125
125
126
126
125
125
125
125
125
125
125
125
125
125
125
125
125
125
125
125
125
126
125
125
125
125
125
125
125
125
125
125
125
125
125
125
125
125
125
125
125
125
125
125
125
125
125
125
125
125
125
125
125
125
125
125
125
125
125
125
125
125
125
125
125
125
125
125
125
125
125
125
125
125
125
125
125
125
125
125
125
125
125
125
125
125
125
125
125
125
125
125
125
125
125
125
125
125
125
125
125
125
125
125
125
125
125
126
125
125
125
125
125
125
125
125
125
125
125
125
125
125
125
125
125
125
125
125
125
125
126
125
125
125
125
125
125
125
125
125
125
125
125
126
125
125
125
125
125
125
125
125
125
125
125
125
125
125
125
125
125
125
125
125
125
125
125
125
125
125
125
125
125
125
125
125
125
125
125
125
125
125
125
125
125
125
125
125
125
125
125
125
125
125
125
125
125
125
125
125
125
125
125
125
125
125
125
125
125
125
125
125
125
126
125
126
125
125
125
126
125
125
125
125
125
125
125
125
125
125
125
125
125
125
125
126
125
125
125
125
125
125
125
125
125
125
125
125
125
125
125
125
125
125
125
125
125
126
125
126
126
125
125
125
125
125
125
125
125
125
125
126
126
126
125
125
125
125
125
125
125
125
125
125
125
125
125
125
125
125
127
127
124
125
125
125
126
126
125
125
125
125
125
125
126
126
126
126
126
125
126
127
128
125
121
120
121
123
126
131
134
131
125
123
123
122
124
127
127
123
123
126
127
124
122
123
126
127
127
127
127
127
126
125
124
123
124
124
126
126
126
125
125
126
126
126
126
125
124
125
126
127
126
125
124
124
125
125
125
125
125
127
127
126
125
124
125
125
126
126
126
126
126
126
126
126
125
125
125
126
125
123
124
126
126
124
124
126
127
125
125
126
127
125
124
125
127
126
124
125
125
125
126
128
128
123
122
126
127
125
123
123
124
125
127
128
127
121
113
121
149
158
123
84
104
142
139
123
120
116
133
144
48
40
255
255
28
249
95
255
218
64
63
179
178
207
149
1
7
166
237
108
35
169
227
132
41
30
105
192
203
125
69
79
122
183
205
114
42
77
120
157
204
133
40
89
153
145
160
175
119
59
80
150
184
136
48
28
122
247
255
129
33
26
219
244
103
33
89
134
163
171
136
102
107
131
141
136
108
95
116
148
156
118
76
103
165
178
128
89
92
115
134
148
150
133
116
111
115
128
137
126
111
117
134
143
144
129
102
101
136
147
123
114
124
129
128
122
112
115
138
149
130
105
104
122
139
145
142
125
107
109
122
132
136
133
126
119
114
117
127
135
129
125
132
135
128
119
108
103
120
141
142
129
122
130
136
128
113
111
123
128
122
124
134
131
117
119
131
129
120
122
130
130
129
132
131
125
119
119
123
117
115
118
132
138
125
119
129
133
129
128
125
121
123
127
130
130
123
106
106
131
146
134
119
118
121
124
137
147
133
108
104
123
138
138
128
121
121
124
125
123
122
126
132
132
128
130
129
117
111
120
130
124
118
129
142
136
119
115
125
132
129
122
116
122
136
135
122
121
136
137
101
69
99
193
223
131
46
75
113
128
189
204
68
12
175
255
102
39
152
255
90
20
157
195
118
96
105
115
150
151
105
102
142
149
131
114
90
83
126
197
203
108
29
73
166
189
148
101
84
108
151
160
130
101
104
124
142
146
127
106
109
128
139
132
116
113
125
140
138
121
113
122
132
127
119
129
137
126
116
120
121
131
158
126
53
91
237
205
12
12
255
255
25
8
208
217
18
33
254
255
10
103
224
255
82
90
86
255
238
111
22
48
155
230
191
70
24
108
194
172
106
95
133
143
108
91
129
162
149
125
113
101
100
129
158
152
127
112
108
113
127
139
137
126
117
119
126
134
135
124
111
115
131
138
132
122
117
117
125
131
127
122
127
130
124
120
130
132
121
113
137
149
120
89
116
155
136
113
121
128
125
124
118
118
130
135
118
113
125
157
129
105
115
136
134
122
116
123
133
133
123
117
126
133
126
117
122
129
125
120
129
137
126
115
123
128
121
122
131
131
124
124
128
128
126
126
122
120
121
123
126
128
128
124
120
124
133
137
130
121
117
121
126
127
126
125
122
121
123
128
127
126
128
128
125
124
125
125
126
128
126
121
123
127
125
123
125
124
122
124
131
131
126
124
127
125
122
121
123
124
125
126
127
128
126
124
122
123
127
130
127
126
127
122
104
128
127
126
124
126
127
126
127
127
128
128
127
124
122
124
127
128
126
125
125
126
127
128
125
122
125
130
128
124
127
128
124
121
124
128
127
125
124
125
125
123
123
129
132
129
124
123
125
125
124
123
124
124
127
130
127
122
121
125
130
130
125
123
124
126
121
120
124
126
128
129
126
122
124
127
129
128
127
128
125
123
125
129
126
121
122
129
130
124
121
121
125
128
130
128
125
124
123
124
126
126
122
122
126
128
126
123
123
126
129
128
125
122
122
126
130
127
122
123
125
125
125
126
127
125
123
121
125
130
129
125
122
123
125
127
127
126
125
125
124
124
127
127
125
126
128
126
122
121
124
127
126
126
125
125
126
126
123
120
124
129
129
125
124
125
124
126
127
126
124
125
129
128
122
122
125
126
124
124
126
130
129
123
121
124
125
124
124
126
128
128
126
122
121
126
129
127
126
124
122
122
125
128
126
125
129
126
122
119
128
131
131
124
120
121
132
132
125
121
123
122
123
125
127
125
125
126
126
124
123
125
123
122
121
124
128
129
127
127
128
127
126
124
123
123
124
124
125
127
129
125
123
126
128
129
125
124
124
121
121
126
129
128
124
124
127
126
123
124
127
129
128
126
126
126
121
117
121
129
133
130
125
124
122
121
121
123
126
126
126
136
98
108
68
126
126
126
126
125
125
126
125
126
126
126
125
125
126
126
126
125
125
126
125
125
126
125
125
125
125
126
125
125
126
126
126
126
125
125
125
126
125
126
126
126
125
125
126
126
125
125
125
126
126
125
125
126
125
125
126
125
125
125
125
125
126
126
126
125
126
125
126
126
125
126
125
126
126
126
126
126
126
126
126
126
126
126
126
126
125
126
125
125
126
126
125
126
126
125
126
126
126
126
125
126
126
126
126
126
125
126
125
125
126
126
125
126
126
125
125
125
126
126
125
126
126
126
125
125
125
125
125
125
125
126
125
125
125
125
125
125
125
125
125
125
126
126
126
125
125
125
125
125
125
125
125
125
125
125
126
126
125
125
125
125
125
125
125
125
125
125
125
125
125
125
125
125
125
125
125
125
125
125
125
125
125
125
125
125
125
125
125
125
125
125
125
125
125
125
125
125
125
125
125
125
125
125
125
125
125
125
125
125
125
125
125
125
125
125
125
125
125
125
125
125
125
125
125
125
125
125
125
125
125
125
125
125
125
125
125
125
125
125
125
125
125
125
125
125
125
125
125
125
125
125
125
125
125
125
125
125
125
125
125
125
125
125
125
125
125
125
125
125
125
125
125
125
125
125
125
125
125
125
125
124
126
127
125
124
125
125
125
125
125
125
126
125
125
125
125
125
125
125
125
125
125
125
125
125
125
125
125
125
125
125
125
125
125
125
125
125
125
125
126
125
125
125
125
126
125
125
125
126
125
126
126
126
125
125
125
125
125
125
125
125
124
125
125
126
126
126
126
126
126
126
126
126
121
