122
123
126
129
128
124
80
125
125
125
125
125
125
125
126
125
126
125
125
125
125
125
125
125
125
125
125
125
125
125
125
125
125
125
125
125
125
125
125
125
125
125
125
125
125
125
125
125
125
125
125
125
125
125
125
125
125
125
125
125
125
125
125
125
125
125
125
125
125
125
125
125
125
125
125
125
125
125
125
125
125
125
125
125
125
125
125
125
125
125
125
125
125
125
125
125
125
125
125
125
125
125
125
125
125
125
125
125
125
125
125
125
125
125
125
125
125
125
125
125
125
125
125
125
125
125
125
125
125
125
125
125
125
125
125
125
125
125
125
125
125
125
125
125
125
125
125
125
125
125
125
125
125
125
125
125
125
125
125
126
125
125
125
125
125
125
125
125
125
125
125
125
125
125
125
125
125
125
125
125
125
125
125
125
125
125
125
125
125
125
125
125
125
125
125
125
125
125
125
125
125
125
125
125
125
125
125
125
125
125
125
125
125
125
125
125
125
125
125
125
125
125
125
125
125
125
125
125
125
125
125
125
125
125
125
125
125
125
125
125
126
125
125
125
125
125
125
125
125
125
125
125
126
125
125
125
125
125
125
126
125
125
125
126
125
125
125
125
125
125
125
125
125
125
125
125
125
125
125
125
125
125
125
125
125
125
125
125
125
125
125
125
125
125
125
125
125
125
126
125
125
126
124
125
125
125
125
125
126
126
125
125
125
125
125
125
125
125
125
125
125
125
125
125
125
125
125
125
125
125
125
125
125
125
125
125
125
125
125
125
125
125
125
125
125
125
125
125
125
125
125
125
125
125
125
125
125
125
125
125
125
125
125
125
125
125
125
125
125
125
125
125
125
125
125
125
125
125
125
125
125
125
125
125
125
125
125
125
125
125
125
125
125
125
125
125
125
125
125
125
125
125
125
125
125
125
125
125
125
125
125
125
125
125
125
125
125
125
125
125
125
125
125
125
125
125
125
125
125
125
125
125
125
125
125
125
125
125
125
125
125
125
125
125
125
125
125
125
125
125
125
125
126
125
125
125
125
125
125
125
125
125
125
125
125
125
125
125
125
125
125
125
125
125
125
125
125
125
125
125
125
125
125
125
125
125
125
125
125
125
125
125
125
125
125
125
125
125
125
125
125
125
125
125
125
125
125
125
125
125
125
125
125
125
125
125
125
125
125
125
125
125
125
125
125
125
125
125
125
125
125
125
125
125
125
125
125
125
125
125
125
125
125
125
125
125
125
125
125
125
125
125
125
125
125
125
125
125
125
125
125
125
125
125
125
125
125
125
125
125
125
125
125
125
125
125
125
125
125
125
125
125
125
125
125
125
125
125
125
125
126
126
126
126
125
122
124
130
129
124
121
122
113
105
135
154
132
118
142
127
95
111
136
127
153
155
59
102
165
190
66
35
164
245
141
8
91
186
171
85
108
176
147
70
92
149
149
137
117
75
100
196
184
102
63
103
154
154
117
113
131
128
118
126
131
121
125
131
123
125
134
129
118
116
121
124
122
123
134
139
133
124
118
117
122
129
135
136
126
114
110
119
133
140
134
121
113
117
129
137
133
124
119
123
129
126
121
122
126
128
127
127
127
125
124
123
123
125
128
127
125
125
126
127
126
126
125
125
125
125
125
126
127
126
124
125
128
128
128
127
126
124
123
123
124
124
122
124
129
129
126
125
127
127
126
125
124
124
125
126
125
124
125
126
126
126
127
126
126
127
126
126
126
126
126
125
124
125
125
125
125
125
124
125
125
126
126
126
126
126
126
126
126
126
126
125
124
124
125
126
126
126
126
126
126
126
127
127
127
126
125
125
125
125
126
125
124
125
127
126
124
125
126
126
125
126
127
128
125
126
127
125
124
125
126
125
125
125
126
125
125
126
126
126
126
126
125
125
126
126
126
125
124
124
125
126
127
127
126
125
126
126
126
125
124
124
124
125
126
125
124
124
125
127
127
125
125
126
126
127
127
126
125
125
126
125
124
124
125
125
125
125
125
124
124
125
126
126
126
125
125
126
126
126
125
124
125
126
126
125
124
125
126
126
125
125
126
126
125
125
125
125
126
125
125
125
125
124
125
126
125
125
125
126
126
125
125
125
125
126
124
126
126
125
124
124
126
127
126
125
125
125
125
125
125
125
125
125
126
126
126
125
126
127
126
126
126
126
125
126
126
126
125
124
125
126
125
125
125
125
123
126
126
125
125
124
124
123
123
125
129
132
129
126
122
121
123
125
126
128
128
125
122
123
125
123
124
126
126
126
129
129
123
123
129
128
120
118
123
125
128
130
129
124
123
124
123
124
128
129
126
125
126
126
123
121
122
124
128
129
126
124
125
126
126
127
125
121
125
130
126
122
125
127
125
123
123
125
127
126
125
125
127
126
125
125
125
124
125
125
125
125
127
126
124
123
125
127
126
124
124
125
125
125
127
128
126
125
124
124
125
127
127
127
125
124
125
125
124
124
125
126
125
126
127
125
124
124
126
126
125
123
126
127
126
125
125
125
125
125
126
125
123
124
125
127
127
129
125
124
125
126
125
123
123
125
127
127
125
124
124
125
126
127
126
125
123
124
126
127
126
126
125
125
125
125
125
125
126
126
125
125
125
125
125
125
125
125
125
126
127
126
125
125
125
125
124
124
125
125
125
125
126
125
125
125
125
125
126
126
125
125
125
125
125
122
123
125
126
125
126
127
126
125
127
126
126
125
126
126
126
129
109
125
124
126
128
128
127
126
126
125
125
126
126
125
125
125
126
125
125
126
126
126
126
126
126
126
126
127
127
126
126
126
126
125
125
125
125
125
126
126
126
125
125
126
126
126
125
125
125
126
127
126
125
125
125
125
127
127
126
124
124
126
127
127
125
124
121
127
127
125
125
126
126
126
126
126
127
126
125
125
126
126
126
126
125
125
125
126
125
125
124
123
123
125
125
125
125
125
126
127
128
128
126
126
126
127
126
124
124
125
125
125
126
126
127
127
126
125
126
125
123
124
125
125
125
125
124
124
126
127
126
125
125
125
126
127
126
125
124
126
126
125
125
125
126
127
127
126
125
126
127
127
126
125
125
125
125
124
125
126
127
127
126
125
125
125
125
125
125
125
126
125
125
125
127
128
127
124
124
124
125
126
126
126
126
126
126
125
125
125
126
126
125
125
125
126
126
126
126
125
126
127
128
125
124
125
126
131
126
125
126
125
121
121
131
128
125
123
124
125
123
123
125
126
126
124
126
128
126
124
124
125
126
128
127
124
122
125
129
127
125
125
124
125
126
126
123
122
123
126
126
127
127
125
124
125
126
127
125
124
124
126
127
125
125
121
122
124
125
126
128
126
127
128
128
126
126
127
126
126
125
124
124
124
125
126
126
125
126
125
125
125
125
126
124
123
125
126
127
126
125
126
127
126
125
123
124
125
125
127
127
124
123
126
128
127
125
125
125
125
126
126
125
124
124
122
122
124
125
124
123
124
127
128
128
128
127
127
127
127
126
124
122
123
124
126
126
126
126
126
126
127
126
126
125
125
125
125
124
123
123
123
126
127
128
127
125
124
124
124
126
126
126
125
126
127
127
125
122
123
124
125
125
126
126
125
127
128
125
124
124
126
126
126
125
125
125
125
126
125
125
125
124
126
126
126
125
126
127
127
125
126
126
125
124
124
125
126
125
126
126
126
126
126
125
124
125
126
126
124
125
126
126
126
125
124
124
125
125
125
126
126
126
125
125
126
126
126
126
125
125
125
125
126
125
124
123
124
125
125
126
127
125
126
126
126
127
126
126
126
126
125
125
124
126
126
126
125
125
124
124
123
124
125
124
125
126
125
131
132
127
124
124
121
79
125
125
125
125
125
125
125
125
126
125
125
125
125
125
125
125
125
125
125
125
125
125
125
125
125
125
125
125
125
125
125
125
125
125
125
125
125
125
125
125
125
125
125
125
125
125
125
125
125
125
125
125
125
125
125
125
125
125
125
125
125
125
125
125
125
125
125
125
125
125
125
125
125
125
125
125
125
125
125
125
125
125
125
125
125
125
125
125
125
125
125
125
125
125
125
125
125
125
125
125
125
125
125
125
125
125
125
125
125
125
125
125
125
125
126
125
125
125
125
125
125
125
125
125
125
125
125
125
125
125
125
125
125
125
125
125
125
125
125
125
125
125
125
125
125
125
125
125
125
125
125
125
125
125
125
125
125
125
125
125
125
125
125
125
125
125
125
125
125
125
125
126
125
126
126
126
126
126
126
125
126
125
125
126
125
125
126
126
126
125
126
126
126
126
125
125
125
125
126
126
125
125
125
125
125
125
126
125
125
125
125
125
125
125
125
125
125
125
126
125
125
125
125
125
126
125
125
125
125
126
126
125
125
125
125
125
125
125
125
125
126
125
125
125
126
125
125
125
126
126
125
125
125
125
125
126
125
125
125
125
125
125
125
126
126
125
126
126
126
126
126
126
126
126
125
125
126
125
125
126
126
126
126
126
125
126
125
125
125
125
125
125
125
126
125
126
125
125
126
126
126
126
125
126
126
125
126
126
125
125
125
125
125
126
126
125
125
125
125
125
125
125
125
126
125
125
125
126
125
126
126
126
125
126
125
125
125
125
125
125
125
125
125
125
126
126
125
125
126
125
126
125
125
125
