123
137
133
121
120
131
86
126
125
125
125
125
125
126
126
125
125
125
125
125
125
125
125
125
125
125
125
125
125
125
125
125
125
125
125
125
125
125
125
126
125
125
125
125
125
125
125
125
126
125
126
125
125
125
125
125
125
125
125
125
125
125
125
126
126
125
125
125
125
125
125
125
125
125
125
125
125
125
125
125
125
125
126
125
125
125
125
125
125
125
125
125
125
125
125
125
125
125
125
125
125
125
125
125
125
125
125
125
125
125
125
125
125
125
125
125
125
125
125
125
125
125
125
125
125
125
125
125
125
125
125
125
125
125
125
125
125
125
125
125
125
125
125
125
125
125
125
125
125
125
125
125
125
125
125
125
125
125
125
125
125
125
125
125
125
125
125
125
125
125
125
125
125
125
125
125
125
125
125
125
125
125
125
125
125
125
125
125
125
125
125
125
125
125
125
125
125
125
125
125
125
125
125
125
125
125
125
125
125
125
125
125
125
125
125
125
125
125
125
125
125
125
125
125
125
125
125
125
125
125
125
125
125
125
125
125
125
125
125
125
125
125
126
124
125
125
126
126
126
126
126
126
126
126
126
126
126
126
126
126
126
126
126
126
126
126
126
126
126
126
126
126
126
126
126
126
126
126
126
126
126
126
126
126
126
126
126
126
126
126
126
126
126
126
126
126
126
126
126
126
126
126
126
126
126
126
126
126
126
126
126
126
126
126
126
125
125
126
125
126
126
126
126
126
125
125
126
126
125
126
125
125
125
125
125
125
125
125
125
125
125
125
125
125
126
126
126
125
125
126
125
125
125
125
125
126
125
126
126
126
125
126
125
126
125
125
126
126
125
126
125
126
126
126
126
126
125
125
125
126
126
125
125
126
126
126
126
125
126
125
125
125
126
125
126
125
125
125
126
125
125
125
125
126
126
126
125
126
126
126
125
125
125
125
125
125
125
126
126
125
126
126
126
125
125
126
126
125
126
126
125
126
126
125
125
126
125
126
126
125
125
126
126
126
126
126
125
125
125
125
125
126
125
125
126
126
126
126
126
126
126
126
126
126
126
126
127
125
125
125
125
125
125
125
125
125
125
125
126
125
125
125
125
125
125
125
125
125
125
125
126
125
125
125
125
125
125
125
125
125
125
125
125
125
125
125
125
126
126
125
125
125
125
126
126
125
125
125
125
125
125
125
125
125
125
126
125
125
125
125
125
125
125
125
125
125
125
125
125
125
125
126
125
125
125
125
125
125
125
125
125
125
125
125
125
126
126
125
125
125
125
125
125
125
125
125
125
125
125
125
125
125
126
126
126
125
125
125
125
125
125
125
125
125
125
125
125
125
125
125
125
125
125
125
125
125
125
125
125
125
125
125
125
125
125
126
125
125
124
126
126
126
125
125
125
126
126
125
125
125
126
125
125
126
126
125
125
126
127
126
124
124
126
127
126
125
125
125
126
126
125
125
126
126
125
125
126
126
125
125
125
125
125
125
125
125
125
125
125
126
126
125
125
125
126
126
126
125
125
125
126
126
126
125
125
125
126
126
125
125
125
125
126
125
125
125
125
125
126
126
125
125
125
125
126
126
126
125
125
125
125
126
125
125
125
126
125
125
125
126
125
125
126
125
125
125
126
126
125
125
126
126
126
125
125
125
125
125
125
126
126
126
125
125
126
126
125
125
126
125
125
126
125
125
126
126
125
125
126
125
125
126
126
125
125
126
125
125
126
126
125
125
126
125
125
125
126
125
126
126
125
125
126
126
125
125
126
125
125
126
126
125
125
126
125
125
126
126
125
125
126
126
125
125
126
125
125
126
126
125
126
126
125
125
125
126
126
125
125
125
125
126
125
125
126
126
125
125
126
126
125
125
126
126
125
125
126
125
126
127
126
125
125
125
125
124
125
126
125
125
126
126
125
125
126
126
125
125
125
126
125
126
125
125
125
126
126
125
125
125
126
125
125
126
123
124
125
126
126
126
126
126
126
126
126
126
125
125
125
125
126
125
125
125
125
126
125
125
126
126
126
125
125
125
125
125
125
125
125
125
125
126
126
126
125
125
125
125
126
125
126
125
125
125
125
126
125
125
125
126
125
125
125
126
126
126
125
125
126
126
125
125
125
125
125
125
125
125
125
125
126
126
126
126
125
125
126
125
125
125
125
125
125
125
125
125
125
125
126
127
126
126
125
125
125
125
125
125
125
125
125
125
126
126
126
125
125
125
126
126
125
125
125
126
125
125
125
125
125
125
126
125
125
125
125
125
125
126
126
125
125
125
126
126
126
126
125
125
125
126
125
125
125
125
125
125
125
125
125
125
125
126
126
125
126
126
126
126
126
125
125
125
125
125
125
125
125
125
126
126
126
126
125
125
125
125
125
125
125
125
126
125
125
125
125
125
126
125
125
125
125
125
125
125
125
125
125
126
125
126
125
125
125
125
125
125
125
125
125
125
126
125
125
125
127
127
126
126
125
125
124
124
125
125
125
125
125
125
125
125
125
125
125
125
125
126
125
125
126
126
125
125
125
125
125
125
126
125
125
125
125
125
125
124
125
126
126
126
125
125
125
124
123
125
125
124
126
127
127
127
126
125
124
126
126
125
124
125
125
125
125
126
126
125
126
125
125
125
124
123
123
125
127
127
127
127
127
125
125
124
124
123
124
125
125
124
124
128
129
125
122
124
127
127
126
125
126
126
126
123
125
126
133
124
126
126
122
124
131
128
121
122
128
126
120
122
130
127
120
125
130
130
130
130
129
128
126
118
112
112
114
113
120
129
138
144
147
144
141
140
136
122
111
107
107
105
104
107
114
123
133
141
145
147
151
151
140
126
118
115
112
106
103
108
115
124
133
135
130
130
136
137
131
126
129
128
124
122
126
128
125
113
112
126
138
131
119
120
126
127
126
124
123
127
131
131
131
132
131
128
125
125
123
115
106
109
118
125
133
135
130
127
134
139
131
122
122
126
125
121
121
123
126
130
132
127
122
122
125
127
126
119
116
124
133
128
121
123
129
130
130
128
122
121
122
125
127
126
126
126
126
126
127
128
124
123
127
127
122
126
130
125
126
126
126
122
126
132
127
120
125
126
119
125
133
125
117
123
129
127
133
134
122
121
131
120
111
129
134
115
121
139
123
103
132
156
122
106
138
139
97
105
158
152
103
119
158
120
82
137
173
114
89
146
152
82
81
152
147
95
135
204
165
75
70
133
136
118
148
142
74
65
155
200
130
76
110
153
146
139
128
101
86
117
158
155
117
100
101
123
158
163
116
88
111
140
132
139
153
128
82
97
146
152
138
143
131
110
102
116
135
140
133
123
118
122
132
135
130
125
124
124
120
116
118
123
128
131
130
126
124
127
129
128
125
120
119
124
129
128
124
122
125
125
125
126
128
126
125
125
127
125
122
123
126
127
125
123
126
128
127
124
123
119
123
125
127
126
124
124
124
125
128
130
129
126
124
123
126
128
128
126
122
121
123
126
128
126
124
123
120
120
126
129
129
127
124
122
123
125
126
127
129
127
122
121
125
130
132
128
122
120
124
127
129
128
125
120
118
122
125
128
131
127
123
123
124
124
123
125
129
128
127
124
120
121
128
133
131
126
121
120
122
128
129
123
119
122
127
127
125
126
131
132
126
120
120
126
129
127
124
122
123
125
127
127
125
123
124
125
125
124
124
125
126
126
126
125
122
127
134
80
138
133
130
124
125
131
132
125
119
121
131
135
128
115
111
124
138
138
124
117
122
127
127
131
135
126
112
117
131
133
124
123
128
127
123
123
127
124
123
128
134
135
126
118
117
119
126
133
131
120
116
124
137
140
130
114
107
120
139
139
125
116
123
134
85
125
125
125
125
125
125
125
125
125
125
125
125
125
125
125
125
125
126
125
125
125
125
125
125
125
125
125
125
125
125
126
125
125
125
125
125
125
125
125
125
125
125
125
125
125
125
125
125
125
125
125
125
125
125
125
125
125
125
125
125
125
125
125
125
125
125
125
125
125
125
125
125
125
125
126
125
125
125
125
125
125
125
125
125
125
125
125
125
125
125
125
125
125
125
125
125
125
125
125
125
125
125
125
125
125
125
125
125
125
125
125
125
125
125
125
125
125
125
125
125
125
125
125
125
125
125
125
125
125
125
125
125
125
125
125
125
125
125
125
125
125
125
125
125
124
125
125
125
125
125
125
125
125
125
125
125
125
125
125
125
125
125
125
125
125
125
125
125
125
125
126
126
125
125
125
125
125
125
125
125
125
125
125
125
125
125
125
125
125
125
125
125
125
125
125
125
125
125
125
125
125
125
125
125
125
125
125
125
125
125
125
125
125
125
125
125
125
125
125
125
125
125
125
125
125
125
125
125
125
125
125
125
125
125
125
125
125
125
125
125
125
125
125
125
125
125
125
125
125
125
125
125
125
125
125
125
125
125
125
125
125
125
125
125
125
125
125
125
125
125
125
125
125
125
125
125
125
125
125
125
125
125
125
125
125
125
125
125
125
125
125
125
125
125
125
125
125
125
125
125
125
125
125
125
125
125
125
125
125
125
125
125
125
125
125
125
125
125
125
125
125
125
125
125
125
125
125
125
125
125
125
125
125
125
125
125
125
125
125
125
125
125
125
125
125
125
125
125
125
125
125
125
125
109
