123
124
126
133
130
126
78
125
126
126
126
126
126
126
126
126
126
126
125
126
126
126
126
126
126
126
126
126
126
126
125
125
125
126
126
126
126
125
126
126
126
126
126
126
126
125
126
126
125
125
126
126
126
126
126
125
126
126
126
126
126
126
126
126
126
126
126
125
126
126
126
126
126
126
126
126
126
126
126
126
126
126
126
126
126
126
126
126
126
126
125
126
126
126
126
126
126
126
126
126
126
126
125
125
125
125
125
125
126
125
125
126
126
125
125
126
126
126
126
125
125
125
125
125
125
125
125
125
125
125
125
125
125
125
125
125
125
125
125
125
125
125
125
125
125
125
125
125
125
125
125
125
125
125
125
126
125
125
125
125
125
125
126
126
125
125
125
125
125
125
125
125
125
125
125
125
125
125
125
125
125
125
125
125
125
125
125
125
125
125
125
125
125
125
125
125
126
125
125
125
125
125
125
125
125
125
125
125
125
125
125
125
125
125
125
125
125
125
125
125
126
125
125
125
125
125
125
125
125
125
125
125
125
125
125
125
125
125
125
125
125
125
125
125
125
125
125
125
125
125
125
125
125
125
125
125
125
125
125
125
125
125
125
125
125
125
125
125
125
125
125
125
125
126
126
125
125
125
125
125
125
125
125
125
125
125
125
125
125
125
125
125
125
125
125
125
125
126
125
125
125
125
126
125
125
125
125
125
125
125
125
125
125
125
126
125
126
125
125
125
125
125
125
125
125
125
125
125
125
125
125
125
125
125
125
125
125
125
125
125
125
125
125
125
126
125
125
125
125
125
125
125
125
126
125
125
125
125
125
125
125
125
125
125
125
125
125
125
125
125
125
125
125
125
125
125
125
125
125
125
126
126
125
125
125
125
125
125
125
125
125
125
125
125
125
126
125
125
125
125
125
125
125
125
125
125
125
125
125
125
125
125
124
125
125
126
125
126
125
125
125
125
125
125
125
125
125
126
125
125
125
126
125
126
126
126
126
126
125
125
126
126
126
126
126
126
126
126
126
126
126
126
126
126
126
126
126
126
126
126
126
126
126
126
126
126
126
126
126
126
126
126
126
126
126
126
126
126
126
126
126
126
126
126
126
126
126
126
126
126
126
126
126
126
125
125
125
126
125
125
126
126
126
126
126
125
126
126
126
125
125
125
125
126
126
126
125
125
126
126
126
126
125
125
125
125
125
126
125
125
125
125
125
125
125
125
125
126
126
126
126
126
126
126
126
125
125
125
125
126
126
126
126
126
126
126
126
126
125
125
125
126
125
125
126
125
125
126
125
126
125
126
126
126
126
126
125
125
125
126
125
125
125
125
125
125
125
125
125
125
126
126
127
127
127
126
124
123
125
127
128
123
116
116
128
139
132
121
125
137
136
114
90
104
166
193
121
47
99
179
153
91
101
140
143
130
121
119
128
138
120
104
124
161
151
108
86
91
129
178
171
105
69
126
163
120
106
145
145
105
81
105
153
203
204
79
53
42
255
255
87
94
52
255
249
71
27
123
169
124
131
156
110
80
118
141
130
133
130
106
106
129
131
120
130
142
129
108
107
122
132
136
137
130
114
109
124
140
131
112
113
132
138
127
122
131
134
117
95
98
138
179
166
97
57
112
197
175
56
21
148
255
202
44
1
102
208
196
132
102
95
97
134
174
143
85
85
128
145
131
127
136
132
123
123
126
120
115
125
135
128
116
120
133
131
119
116
126
137
136
128
119
120
125
129
128
123
121
123
128
131
127
122
120
124
127
127
123
123
126
130
130
129
127
125
124
123
123
123
123
122
124
128
130
125
123
127
133
130
124
124
127
124
117
120
133
134
121
120
131
129
115
117
129
133
127
122
123
127
129
128
125
124
126
126
123
123
126
127
126
125
125
125
124
126
127
127
125
124
125
126
127
126
124
123
123
124
126
128
127
127
127
127
126
125
122
121
123
126
128
126
124
123
124
127
129
127
124
124
127
128
127
125
125
125
125
124
122
122
126
127
124
123
125
126
124
124
128
130
126
121
124
130
129
124
122
124
127
127
124
123
126
130
127
123
122
126
128
126
124
124
125
125
124
123
124
125
125
127
126
125
124
125
125
127
129
129
126
123
124
126
128
128
127
121
121
123
125
125
124
125
128
129
124
122
125
127
123
123
127
129
126
124
125
129
129
124
121
125
130
129
124
122
124
128
128
124
123
123
123
126
129
128
124
123
123
122
123
127
130
129
127
124
122
121
125
131
131
125
121
123
125
125
126
129
130
125
122
124
127
126
124
125
126
124
123
127
131
128
123
121
122
122
122
126
129
128
124
125
128
128
125
124
126
127
124
123
125
127
126
125
126
126
127
127
125
124
126
127
126
124
126
126
124
123
124
124
124
125
125
125
126
126
126
125
125
126
126
126
126
125
125
126
126
125
125
127
126
125
125
125
128
121
123
124
126
126
128
127
127
128
127
125
125
125
125
125
125
126
127
126
125
125
126
127
126
126
125
126
126
127
127
126
125
125
125
125
126
126
125
127
128
127
126
125
125
126
125
125
125
126
126
126
126
126
125
126
127
127
125
124
125
126
126
126
126
125
126
124
124
125
125
125
127
127
127
127
126
126
126
126
126
125
125
125
126
126
129
126
126
126
126
125
124
124
125
124
124
123
124
125
126
126
126
126
126
126
126
126
126
125
125
124
123
124
124
125
127
127
126
126
126
126
126
127
127
125
125
125
126
126
126
125
125
124
125
126
126
126
126
125
124
126
127
126
124
124
125
125
125
125
126
126
125
125
126
127
127
127
126
125
125
126
125
126
125
125
124
124
125
126
125
125
125
125
126
126
127
126
124
124
126
127
126
124
123
124
127
129
129
127
125
126
127
128
126
124
124
126
126
124
124
125
126
125
126
125
126
127
126
125
125
125
126
126
126
127
127
125
125
125
124
124
125
125
125
125
126
127
126
125
125
126
127
126
125
124
125
126
126
126
126
126
125
125
124
125
126
126
125
125
125
125
124
125
126
126
126
125
126
125
124
125
125
125
125
126
125
125
125
126
126
125
125
126
126
126
126
126
126
126
126
125
125
125
125
125
125
125
125
125
126
126
126
126
126
126
125
125
125
125
125
125
125
126
126
125
125
126
125
125
125
125
125
126
126
126
126
125
125
126
126
126
127
126
125
125
125
125
126
126
125
125
125
126
130
129
127
125
126
125
124
125
125
123
121
122
126
127
124
124
127
127
125
123
127
127
123
123
127
128
125
123
124
125
127
127
119
121
122
127
129
129
128
129
127
125
127
127
123
123
124
125
127
129
128
123
121
124
126
125
124
124
126
126
127
126
125
126
126
124
124
124
124
124
126
127
126
126
127
128
127
127
125
124
123
125
126
125
124
125
125
125
125
126
124
123
125
128
128
128
126
125
126
125
125
124
125
125
126
127
126
124
123
126
127
128
128
126
125
124
125
126
126
125
124
123
124
125
126
125
125
125
126
126
126
124
124
124
126
126
126
126
125
126
126
125
126
126
126
125
124
124
127
128
128
125
125
126
126
125
124
121
124
126
128
129
131
128
125
121
118
120
123
128
130
129
128
129
128
125
121
120
122
125
127
125
123
125
127
128
128
127
126
124
124
124
126
124
125
124
125
126
127
124
123
123
126
128
127
126
125
125
126
125
123
122
123
126
128
127
125
125
125
127
127
127
125
125
126
125
125
125
125
126
128
125
122
148
140
113
107
107
117
123
128
132
131
132
132
129
127
123
122
123
123
123
122
122
124
133
128
128
126
125
123
123
125
125
125
123
124
124
126
125
125
126
127
126
125
125
127
127
126
125
125
125
126
125
123
125
127
126
126
113
121
79
125
125
125
125
125
126
125
125
125
125
125
125
125
125
125
125
125
125
125
125
125
125
126
125
125
125
125
125
125
125
125
125
125
125
125
125
125
125
125
125
125
125
125
125
125
125
125
125
125
125
125
125
125
125
125
125
125
125
125
125
125
125
125
125
125
125
125
125
125
125
125
125
125
125
125
125
125
125
125
125
125
125
125
125
125
125
125
125
125
126
125
125
125
125
125
125
125
125
125
125
125
125
126
125
125
125
125
125
125
125
125
125
125
125
125
125
125
125
125
125
126
125
125
125
125
125
126
125
125
125
125
125
125
125
125
125
125
125
125
125
125
125
126
125
126
126
126
126
126
125
126
125
125
125
125
125
125
125
126
125
125
126
126
125
126
125
126
125
126
125
125
125
126
125
126
126
126
126
125
125
125
125
125
125
125
125
125
125
125
126
126
125
126
125
125
125
125
126
126
125
126
125
125
125
126
126
125
125
126
125
126
126
125
125
125
125
125
125
125
125
126
126
126
125
126
125
125
125
125
125
125
125
125
125
125
126
126
125
126
126
125
125
125
126
125
126
126
125
125
125
125
125
125
125
125
126
126
126
126
126
126
126
126
125
125
125
125
125
126
125
126
125
126
126
126
126
125
126
125
126
126
126
126
125
126
126
126
125
125
125
125
126
125
126
125
126
125
125
125
125
126
126
125
125
125
125
126
126
125
125
125
125
126
126
126
125
125
126
126
126
126
125
125
125
125
125
125
125
125
125
125
125
125
125
125
125
126
126
126
126
125
125
125
126
125
125
125
125
126
126
126
126
125
127
