129
130
127
123
123
124
87
126
125
126
126
126
126
126
125
125
125
125
125
125
125
126
126
126
126
126
126
126
126
125
126
125
125
125
126
126
126
125
125
125
126
126
126
125
126
126
126
125
125
125
126
125
126
126
126
125
126
125
125
126
126
125
125
125
125
125
125
125
125
125
125
125
125
125
125
125
125
125
125
125
125
125
125
125
125
125
125
125
125
125
125
125
125
125
125
125
125
125
126
125
125
125
125
125
125
125
125
125
125
125
125
125
125
125
125
125
125
125
125
125
125
125
125
125
125
125
125
125
125
125
125
125
125
125
125
125
125
125
125
125
125
125
125
125
125
125
125
125
125
125
125
125
125
125
125
125
125
125
125
125
125
125
125
125
125
125
125
125
125
125
125
125
125
125
125
125
125
125
125
125
125
125
125
125
125
125
125
125
125
125
125
125
125
125
125
125
125
125
125
125
125
125
125
125
125
125
125
125
125
125
125
125
125
125
125
126
125
125
125
125
125
125
125
125
125
125
125
125
125
125
125
125
125
125
125
125
125
125
125
125
126
125
125
125
125
125
125
125
125
125
125
125
125
125
125
125
125
125
125
125
125
125
125
125
125
125
125
125
125
125
125
125
125
125
125
125
125
125
125
125
125
125
125
125
125
125
125
125
125
125
125
125
125
125
125
125
125
125
125
125
125
125
125
125
125
125
125
125
125
125
125
125
125
125
125
125
125
125
125
125
125
125
125
125
125
125
125
125
125
125
125
125
125
125
125
125
125
125
125
125
125
126
125
125
125
125
125
125
125
125
125
125
125
125
125
125
125
125
125
125
125
125
125
125
125
125
125
125
125
125
125
125
125
125
125
125
125
125
125
125
125
125
125
125
125
125
125
125
125
125
125
125
125
125
125
125
125
125
125
125
125
125
125
125
125
125
125
125
125
125
125
125
125
126
125
124
125
125
126
126
126
126
126
126
126
125
126
126
126
126
126
126
126
126
126
125
126
125
126
126
126
126
126
126
126
126
126
126
126
126
126
126
126
126
126
126
126
126
126
126
126
125
126
126
126
126
126
126
126
126
126
126
126
126
126
126
126
126
126
126
126
125
126
126
126
125
126
126
126
126
126
126
126
126
125
125
125
125
125
125
126
126
125
125
125
126
125
125
126
126
126
125
125
126
126
126
126
126
125
125
125
125
125
125
126
125
126
126
126
126
125
125
125
126
126
126
125
125
125
126
125
125
126
126
125
126
125
125
125
126
126
126
125
125
125
125
125
125
125
126
125
126
125
126
126
125
125
126
125
126
125
125
125
125
126
126
126
126
125
126
126
126
125
125
125
126
126
125
126
125
125
126
126
125
126
126
126
125
126
125
125
125
126
126
126
125
126
125
126
127
126
125
125
126
126
125
125
125
125
126
125
125
126
126
125
125
126
126
126
126
126
126
126
126
125
125
125
126
125
125
125
125
125
125
126
126
125
125
125
126
125
125
125
125
126
125
125
125
125
125
125
125
125
125
126
125
125
125
125
125
125
125
125
125
125
124
125
125
125
126
126
126
126
126
126
126
125
126
125
126
125
125
125
125
126
125
125
125
125
125
126
126
126
125
125
125
125
125
126
125
125
125
125
125
126
125
125
125
125
126
125
126
125
125
125
126
125
125
125
125
125
126
125
125
125
125
125
125
125
125
125
125
125
125
125
126
125
125
125
125
125
126
126
125
125
126
126
125
125
126
125
125
126
125
125
125
125
126
125
125
125
126
126
125
125
125
126
126
126
126
125
125
126
125
125
125
126
126
125
125
125
126
125
126
125
125
125
126
125
125
126
125
125
125
126
126
125
125
125
125
125
126
126
125
125
125
126
125
125
125
125
125
125
126
125
125
125
126
126
125
125
125
125
126
125
125
125
125
126
125
125
126
126
125
125
125
125
125
127
126
125
124
125
125
125
125
126
126
125
125
126
126
125
125
126
125
125
125
125
125
125
126
126
125
125
125
126
125
125
125
126
125
125
125
126
125
125
126
125
125
125
126
125
125
126
126
126
125
127
126
126
125
125
125
125
124
125
125
125
125
125
126
125
126
126
125
125
125
125
125
125
125
125
125
125
125
125
126
125
125
125
125
125
125
125
124
125
125
126
126
126
126
126
126
125
125
126
125
125
125
125
125
125
125
126
125
125
125
125
125
125
125
125
125
125
125
125
126
125
125
126
126
125
125
126
126
125
125
125
125
125
125
125
125
125
125
125
125
125
125
125
125
125
126
125
125
125
126
125
125
125
125
125
125
125
125
125
125
125
125
125
126
126
125
125
125
125
125
125
125
125
125
125
125
125
125
125
125
125
125
126
126
125
125
125
125
126
125
125
126
125
125
125
125
125
125
125
125
125
125
125
125
125
125
125
125
125
125
125
125
125
126
125
125
125
125
125
125
125
125
125
125
126
126
125
125
125
125
125
125
125
125
125
125
126
125
125
125
125
125
125
125
125
125
126
125
125
125
125
125
125
125
125
125
125
125
125
125
126
125
125
125
125
125
125
126
126
126
125
125
125
125
125
125
125
126
125
125
125
125
125
125
126
126
127
126
124
124
126
127
126
125
125
125
126
126
125
124
124
124
125
125
125
125
126
126
126
128
127
126
126
125
123
124
125
125
126
126
125
124
124
125
124
124
126
126
126
125
125
126
126
126
125
125
125
126
126
126
125
124
123
122
125
126
126
126
127
127
127
126
126
125
125
126
126
125
126
127
126
126
126
126
125
124
125
124
124
123
124
125
125
125
126
127
128
128
129
130
131
130
128
123
120
115
113
114
119
125
129
130
131
131
133
136
133
121
111
115
134
145
126
106
115
131
129
118
119
122
125
129
128
126
129
131
126
122
129
137
132
122
122
126
114
107
135
154
123
85
111
148
136
114
122
139
135
120
115
128
141
141
121
106
114
132
129
116
110
115
128
147
152
124
97
107
130
128
119
135
154
147
139
135
119
92
93
133
157
136
104
94
106
130
148
138
120
126
135
123
112
122
131
123
123
133
135
124
114
114
118
126
141
149
131
108
109
122
126
133
141
131
110
107
130
143
127
117
125
133
124
114
113
122
132
133
125
124
131
131
128
130
132
124
113
115
126
129
126
124
123
119
119
124
132
136
134
123
118
123
129
127
127
128
126
122
121
124
127
125
121
121
125
128
129
126
126
127
121
114
120
133
136
128
122
128
133
141
143
125
98
105
128
127
109
104
120
138
141
133
123
122
133
134
119
114
130
141
133
123
120
119
122
122
119
121
132
151
157
128
91
83
116
149
140
115
114
126
133
135
129
123
123
123
123
126
126
124
133
142
131
115
113
121
122
119
120
123
124
124
128
136
129
123
129
130
124
126
129
124
121
127
130
126
123
124
126
126
127
126
122
118
122
129
130
128
129
126
118
117
123
127
127
124
125
129
132
129
121
116
122
130
132
127
122
124
130
132
126
118
118
126
130
126
121
123
129
128
124
122
122
122
125
124
122
122
129
134
126
116
122
133
135
127
121
123
126
126
127
130
128
123
121
122
123
124
126
127
125
122
123
127
126
121
124
128
129
125
119
118
125
136
132
118
122
138
87
126
122
127
124
129
134
132
124
122
129
131
124
122
128
133
130
127
125
121
116
119
130
133
131
128
125
125
130
127
121
124
130
128
123
125
127
130
131
125
123
121
122
127
131
129
126
125
125
128
130
127
125
126
126
123
122
126
128
126
122
122
130
134
126
117
109
127
130
128
125
124
125
132
135
130
124
120
122
129
132
126
120
123
127
128
124
124
125
125
125
129
129
121
119
124
127
128
129
128
123
124
126
124
123
123
125
127
127
126
125
124
86
126
125
126
126
126
125
125
126
126
125
126
126
126
126
125
126
126
125
125
125
126
126
125
126
126
126
126
125
126
126
126
126
126
126
126
126
126
126
125
125
126
126
125
126
126
126
126
126
126
126
126
126
126
126
125
125
125
126
126
126
125
126
126
126
126
126
126
126
126
126
125
126
126
125
126
126
126
125
125
126
125
126
126
126
126
126
126
126
126
126
125
126
125
126
125
125
126
125
126
126
125
125
126
126
126
126
125
126
125
125
126
126
126
126
125
125
126
125
126
126
125
125
126
125
125
126
126
125
125
125
125
125
125
125
125
125
125
125
125
125
125
125
125
125
125
125
125
125
125
125
125
125
125
125
125
125
125
125
125
125
125
125
125
125
125
125
125
125
126
126
125
125
125
125
125
126
125
125
125
125
125
125
125
125
125
125
126
125
125
125
125
125
125
125
125
125
125
125
125
125
125
125
125
125
125
125
126
125
125
125
125
125
125
125
125
125
126
125
125
125
125
125
125
125
125
125
125
125
125
125
125
125
125
125
125
125
125
125
125
125
125
125
125
125
125
125
125
125
125
125
125
125
125
125
125
125
125
125
125
125
125
125
126
125
125
125
125
125
125
125
125
125
125
125
125
125
125
125
125
125
125
125
125
125
125
125
125
125
125
125
125
125
125
125
125
125
125
125
126
125
125
125
125
125
125
125
125
125
125
125
125
125
125
125
125
125
125
125
125
125
125
125
125
125
125
125
126
125
125
125
125
125
125
125
125
125
125
125
125
125
126
126
125
125
125
125
125
125
125
125
125
125
125
124
