118
92
123
123
127
130
34
126
125
126
125
125
126
125
126
126
125
126
126
125
126
125
125
126
126
126
126
126
126
125
126
126
126
126
126
126
125
126
125
126
126
125
126
126
126
126
126
126
125
126
125
126
125
126
126
125
126
126
125
125
125
126
126
125
126
126
126
126
126
126
126
125
125
126
125
125
126
126
126
126
126
125
126
126
126
125
126
126
125
126
125
126
125
126
125
125
126
126
126
126
126
125
126
126
125
125
125
125
126
126
125
125
126
125
126
125
126
125
125
125
125
125
126
125
126
125
125
126
125
126
125
125
125
125
125
126
125
125
126
126
125
126
126
126
126
125
126
126
126
126
125
125
125
125
125
125
125
125
125
125
125
126
125
125
125
125
125
125
126
125
125
126
126
126
125
125
125
125
125
125
125
125
125
125
125
125
125
125
125
125
125
125
125
125
125
125
125
125
125
125
125
125
125
125
125
125
125
125
125
125
125
125
125
125
125
125
125
125
125
125
125
125
125
125
125
125
125
125
125
125
125
125
125
125
125
125
125
125
125
125
125
125
125
125
125
125
125
125
125
125
125
125
125
125
125
125
125
125
125
125
125
125
125
125
125
125
125
125
125
125
125
125
125
125
125
125
125
125
125
126
126
126
125
124
125
125
126
125
124
125
127
127
126
124
125
126
125
123
121
124
129
129
126
126
125
122
120
124
128
128
125
125
126
125
124
127
127
116
118
137
133
102
112
172
168
91
66
119
177
141
89
101
151
165
115
87
114
154
148
126
116
98
67
94
242
255
86
1
91
166
126
114
158
139
91
124
166
128
82
116
156
131
99
107
130
142
146
138
114
92
106
145
154
126
112
129
137
120
107
115
127
131
132
129
125
125
125
125
130
136
133
120
113
120
127
126
125
126
127
125
125
126
126
128
128
124
121
121
126
130
131
128
124
122
123
126
127
127
128
127
126
126
126
126
123
122
124
126
126
125
126
127
127
125
124
125
127
127
126
125
125
125
126
127
126
124
124
125
127
126
125
125
126
127
126
126
125
125
125
126
127
127
125
124
124
125
126
126
126
126
126
126
125
126
126
126
125
125
126
126
127
126
126
125
125
125
125
125
126
126
126
126
126
126
125
125
125
126
126
126
126
126
125
125
125
125
125
125
126
126
126
126
125
125
125
125
125
126
125
125
125
125
125
125
126
126
126
126
126
127
126
126
125
125
125
125
125
125
125
125
125
125
125
125
125
125
126
126
126
127
126
126
126
125
125
125
125
125
125
125
126
126
125
125
125
125
125
125
125
125
125
125
125
125
125
125
125
126
125
125
125
125
125
125
125
125
125
125
125
125
125
125
125
125
125
125
125
125
125
125
126
125
125
125
125
125
125
125
125
125
125
125
125
125
125
125
125
125
125
125
125
125
125
125
125
125
125
125
126
125
125
126
125
125
125
125
125
125
125
125
125
125
125
125
125
125
125
125
125
125
125
125
125
126
125
126
125
125
125
125
125
125
125
125
125
125
125
125
125
125
125
125
125
125
126
125
125
125
125
125
125
125
125
125
125
125
125
125
125
125
125
125
125
125
125
126
126
125
126
125
125
125
125
125
125
125
125
125
125
125
125
125
126
125
125
125
125
125
125
125
125
125
125
125
125
125
125
125
125
125
125
125
125
125
125
125
125
125
125
125
125
125
125
125
125
126
125
125
125
125
125
125
125
125
125
125
125
125
125
125
125
125
125
125
125
125
125
125
125
125
127
124
125
126
125
126
126
126
126
126
126
126
125
125
125
125
125
125
126
126
126
125
125
125
125
125
125
126
124
125
125
126
126
127
126
126
126
126
126
126
126
126
126
126
126
126
126
126
126
125
126
125
126
126
126
126
126
126
126
125
126
126
126
126
126
126
126
125
124
125
126
126
126
126
126
126
126
126
125
126
126
125
125
125
126
125
126
125
126
125
126
126
126
125
126
125
125
125
125
126
126
126
126
126
125
125
125
125
125
125
126
126
125
126
125
125
126
126
125
126
126
126
125
126
126
126
125
126
125
126
125
126
125
125
126
126
126
126
126
126
126
126
125
126
126
126
126
125
126
126
125
126
125
125
126
126
125
125
125
125
126
125
126
125
125
125
126
125
126
126
126
126
125
125
125
126
126
125
125
126
126
125
125
125
125
126
126
126
126
126
125
125
125
125
126
126
125
126
126
126
126
126
125
126
126
126
125
125
126
125
126
126
126
125
126
126
125
127
127
126
125
125
125
125
125
125
125
125
125
125
125
125
125
125
125
125
125
126
126
126
126
125
125
125
125
125
125
125
126
128
126
125
125
125
125
125
125
125
125
125
125
125
125
125
125
125
126
126
125
125
126
126
125
125
125
125
125
125
125
125
125
126
125
125
125
125
126
125
125
125
125
125
125
125
125
125
125
125
125
125
126
125
125
126
125
125
125
125
125
125
126
125
125
125
125
125
125
125
125
125
125
125
125
125
125
125
125
125
125
125
125
125
125
125
125
125
125
125
125
125
125
125
125
125
125
126
125
125
125
125
125
125
125
125
125
125
125
125
125
125
125
125
125
125
125
127
124
123
126
125
125
126
126
126
126
126
125
125
125
125
126
125
126
126
126
126
126
126
125
125
125
126
125
126
125
126
126
126
126
125
125
126
126
119
123
126
126
127
127
128
127
126
126
126
126
126
126
126
126
126
126
126
125
126
126
126
126
126
126
126
126
126
126
122
124
125
125
126
127
127
126
127
127
126
126
126
126
125
126
126
125
126
125
126
125
125
125
125
126
126
125
125
125
125
125
126
126
125
126
125
125
125
125
125
125
126
125
126
126
126
126
126
126
126
125
125
125
125
125
126
126
125
125
125
126
126
125
126
126
125
126
126
125
126
126
125
125
125
126
125
125
126
126
125
126
126
126
126
126
126
125
125
125
126
125
126
125
125
126
126
126
126
126
126
126
125
126
126
126
126
126
125
126
125
125
125
125
126
126
125
126
125
126
126
127
126
126
125
125
125
125
125
126
126
125
126
125
126
126
126
125
126
126
126
126
126
125
126
126
126
126
126
126
131
126
125
125
125
124
125
125
125
125
125
125
125
125
126
126
126
126
125
126
126
126
126
125
125
125
126
126
126
125
125
125
125
126
125
126
126
126
126
125
128
129
125
126
123
124
124
124
125
125
125
125
125
125
125
125
126
126
125
125
126
126
126
127
124
125
125
125
125
126
126
126
126
125
125
125
126
125
124
125
125
125
125
125
125
125
125
125
125
125
126
125
125
126
126
125
125
125
125
125
125
126
125
125
126
125
125
125
125
125
125
125
125
125
126
126
125
125
125
126
125
126
125
124
125
125
125
126
126
125
125
125
125
125
126
126
125
125
125
125
125
125
126
125
125
125
125
125
125
125
125
126
125
125
125
125
126
125
125
126
126
125
126
125
125
125
126
125
125
125
125
125
126
126
125
125
125
125
125
125
125
126
125
125
125
125
125
126
124
125
126
125
125
125
126
126
125
125
125
125
125
126
126
133
100
101
128
128
128
129
128
128
128
129
129
127
126
125
125
125
126
125
125
92
85
137
127
134
135
133
133
132
130
129
127
126
128
127
127
127
128
128
128
127
128
127
127
126
127
127
127
126
127
127
125
127
126
126
127
126
126
127
126
126
126
125
126
125
126
128
127
120
119
123
128
127
128
128
129
128
129
126
125
127
126
125
125
126
126
125
124
125
126
127
126
126
127
126
125
125
125
124
125
124
124
125
124
125
126
125
126
126
126
126
126
124
126
125
125
125
126
125
124
124
125
126
126
126
125
125
125
125
125
126
126
126
126
126
126
125
125
125
125
33
126
126
126
126
125
126
125
126
126
126
125
125
125
126
126
125
126
126
126
125
125
126
125
126
126
126
126
126
126
126
125
125
125
125
125
126
125
125
125
125
126
125
125
126
125
125
125
125
126
125
126
125
126
125
125
126
126
125
125
125
125
125
126
125
125
125
126
125
125
126
125
125
126
125
126
125
125
126
126
126
126
125
125
125
125
125
125
125
125
125
125
125
125
125
125
125
125
125
125
125
125
125
125
125
125
125
125
125
125
125
125
125
125
125
125
125
125
125
125
125
125
125
125
125
125
125
125
125
125
125
125
125
125
125
125
125
125
125
125
125
125
125
125
125
125
125
125
125
125
125
125
125
125
125
125
125
125
125
125
125
125
125
125
125
125
125
125
125
125
125
125
125
125
125
125
125
125
125
125
125
125
125
125
125
125
125
125
125
125
125
125
125
125
125
125
125
125
125
125
125
125
125
125
125
125
125
125
125
125
125
125
125
125
125
125
125
125
125
125
125
125
125
125
125
125
125
125
126
126
125
125
125
125
125
125
125
126
126
125
125
126
125
125
125
125
125
126
125
125
125
125
126
126
125
125
125
125
125
126
126
125
125
125
125
126
126
126
125
125
125
126
125
125
125
125
126
125
126
126
126
126
125
125
125
126
125
126
126
125
125
126
126
126
124
123
124
125
126
127
128
126
124
125
126
126
124
125
126
125
125
127
126
123
123
124
125
128
132
129
122
119
122
123
119
125
148
154
117
80
102
149
153
119
91
113
183
203
109
21
70
164
205
144
79
78
160
209
125
38
58
147
220
185
137
