126
127
126
126
126
125
31
125
125
125
125
125
125
125
125
125
125
126
125
125
125
125
125
125
125
125
125
125
125
125
125
125
125
125
126
125
126
125
126
125
125
125
125
125
125
126
125
125
125
125
125
125
125
125
125
125
125
125
125
125
125
125
125
125
125
125
125
125
125
125
125
125
125
125
125
125
125
125
125
125
125
125
125
125
125
125
125
125
125
125
125
125
125
125
126
125
125
126
125
126
125
125
125
125
125
125
125
125
125
125
125
125
125
125
125
125
125
125
125
125
125
125
125
125
125
125
125
125
125
125
125
125
125
125
125
125
125
125
125
125
125
125
125
125
125
125
125
125
125
125
125
125
125
125
125
125
125
125
125
125
125
125
125
125
126
125
125
125
125
125
125
125
125
125
125
125
125
125
125
125
125
125
125
125
125
125
125
125
125
125
125
125
125
125
125
125
125
125
125
125
125
125
125
126
125
125
125
125
125
125
125
125
126
125
125
125
125
125
125
125
126
124
125
126
126
126
126
126
126
126
126
126
126
125
125
126
126
126
126
126
126
126
126
126
125
125
126
126
126
126
126
126
126
126
126
126
126
126
126
126
125
126
125
126
126
126
126
126
126
126
126
126
126
126
126
126
126
125
126
126
126
126
126
126
126
126
126
126
125
126
126
126
126
126
125
126
126
125
126
126
126
125
125
126
125
125
125
125
125
126
125
125
125
126
126
126
125
126
126
125
126
125
125
126
126
125
125
126
126
126
125
125
126
126
126
125
125
126
126
126
125
126
125
126
126
125
126
125
125
126
126
125
125
126
125
125
125
126
126
126
125
125
126
126
126
126
125
126
126
125
125
126
126
126
126
126
126
126
126
126
125
125
126
126
126
126
126
125
125
125
125
126
125
126
126
126
125
126
125
126
125
126
125
125
126
126
125
125
125
125
125
125
125
125
125
125
125
126
125
126
126
126
126
125
125
125
125
126
125
125
125
126
126
125
125
126
125
126
125
125
125
125
126
126
126
126
125
126
127
126
124
124
124
125
126
126
124
123
124
125
126
124
124
126
129
130
128
126
125
124
125
125
123
122
124
123
122
129
138
134
118
106
114
136
147
126
122
142
137
97
70
108
175
191
128
73
82
134
188
178
67
29
127
228
181
68
61
129
164
159
119
77
98
164
173
118
81
92
137
167
135
98
113
138
136
132
127
116
117
122
121
129
139
125
109
120
133
124
116
130
151
152
131
109
106
111
104
101
127
158
156
128
111
117
129
131
126
124
127
131
128
119
111
113
122
132
136
132
125
124
126
126
124
123
124
125
125
127
128
127
125
123
123
124
123
122
123
125
128
127
125
124
126
130
131
128
124
123
124
125
124
123
122
123
124
125
125
125
128
129
128
125
125
125
126
126
126
125
125
125
126
126
125
125
126
126
125
124
123
123
124
125
126
126
126
126
127
126
126
126
125
126
125
125
125
125
124
125
125
126
126
126
124
124
124
126
126
127
127
125
124
124
124
125
125
126
126
126
126
125
125
125
126
126
126
126
125
125
125
125
125
125
125
125
126
125
125
125
125
125
125
125
125
125
126
125
125
126
126
126
126
125
125
125
125
125
125
125
126
126
126
126
126
126
125
125
125
125
125
125
124
125
125
125
124
125
126
126
126
126
126
126
126
125
125
125
125
125
125
125
126
125
125
125
125
125
125
125
125
125
125
125
125
126
126
125
125
125
125
125
125
125
125
125
125
125
125
125
125
125
125
126
126
126
126
126
125
125
125
125
126
126
125
125
125
125
125
125
125
125
125
125
125
126
126
126
125
124
125
125
125
126
126
125
125
126
125
125
126
126
125
126
126
126
125
125
126
125
125
126
126
125
125
125
126
125
125
125
125
125
125
125
125
126
125
126
126
126
126
125
125
125
125
125
125
125
125
125
125
126
125
125
125
125
125
125
125
125
125
125
125
125
125
125
126
126
125
125
125
126
125
125
125
125
125
125
125
125
125
125
125
125
125
125
126
126
125
125
125
125
125
125
125
126
126
125
125
126
125
125
125
125
125
125
125
125
125
125
125
125
125
126
125
125
125
126
126
126
125
125
125
125
125
126
126
125
125
125
126
125
125
125
126
126
125
125
125
125
125
125
124
125
125
126
125
126
126
126
126
126
125
125
125
126
125
125
125
125
126
125
125
125
125
125
125
126
125
126
126
126
125
124
125
126
126
125
125
125
126
125
125
125
125
125
125
125
125
125
125
125
126
125
125
125
125
126
126
125
125
125
126
125
125
125
125
125
126
126
125
125
125
125
125
125
125
125
125
128
126
125
125
125
125
125
125
125
125
125
125
125
125
126
126
125
125
125
125
126
126
125
125
125
125
125
125
125
125
125
125
125
125
125
125
125
125
125
125
125
125
126
126
126
123
124
125
126
126
127
126
125
126
125
125
125
125
125
125
125
125
125
125
125
125
125
125
125
125
125
125
125
125
125
125
125
125
125
125
128
127
122
125
126
125
126
126
126
126
126
126
125
125
126
125
126
126
126
126
126
125
125
125
126
125
125
125
126
126
125
126
126
126
126
126
125
125
125
126
126
126
125
125
126
126
126
126
126
126
126
126
126
125
125
126
126
125
125
125
125
125
126
126
127
126
126
126
126
126
126
126
125
125
121
124
125
125
126
127
127
127
127
127
126
125
126
125
125
125
125
125
125
125
126
125
126
126
125
125
125
125
125
125
125
125
125
126
125
125
125
125
125
125
125
125
125
125
126
125
126
126
126
126
126
126
125
125
125
125
125
125
126
126
126
126
126
125
126
126
126
126
126
126
126
126
126
125
125
126
125
125
126
125
126
126
125
126
125
126
126
126
126
126
125
125
125
126
126
125
126
125
126
126
125
125
125
125
125
125
126
126
126
126
126
129
127
126
125
125
124
124
125
125
125
125
126
126
126
126
126
126
126
126
125
125
125
126
125
126
126
125
125
125
123
122
125
127
126
126
127
126
126
126
129
128
127
125
125
124
124
125
125
124
124
125
126
125
125
126
126
125
126
126
126
126
125
126
125
125
125
125
125
125
125
125
125
125
125
126
125
126
126
126
126
126
125
125
124
125
125
125
125
124
124
125
126
126
126
126
125
125
126
126
125
124
125
125
125
125
125
124
125
125
126
127
127
126
126
126
126
126
126
125
124
125
125
125
127
125
126
125
126
125
126
126
125
125
125
125
125
124
125
124
125
125
125
126
126
125
126
126
125
125
125
125
125
125
125
125
125
126
125
125
126
125
125
126
125
126
126
126
125
125
126
126
126
125
126
126
126
126
126
126
125
125
125
125
125
126
126
126
126
125
126
125
125
126
125
125
125
125
125
125
125
125
125
126
126
125
126
125
125
126
124
125
126
125
125
125
124
125
125
125
125
126
125
126
125
125
126
125
126
126
125
126
125
125
125
125
125
126
126
125
126
126
126
126
125
125
125
125
125
125
129
130
126
124
125
122
121
124
124
125
125
126
125
125
125
125
125
125
126
126
126
125
126
126
125
126
126
126
126
126
125
125
125
126
125
125
126
125
125
125
120
121
125
126
127
128
127
127
127
127
126
126
125
125
124
126
125
125
126
125
126
126
125
125
125
124
124
125
126
126
124
124
125
126
126
126
125
125
125
126
126
125
124
124
124
125
125
124
125
124
125
127
127
127
126
126
127
127
126
126
125
124
125
125
125
125
125
126
127
126
126
126
126
124
125
124
125
125
124
124
123
124
125
125
125
125
125
126
125
125
126
125
125
125
125
126
125
125
126
125
125
125
125
126
125
124
125
126
126
126
126
126
126
125
126
124
124
126
126
126
126
125
125
125
125
30
126
125
125
125
125
125
126
125
125
125
126
126
125
126
125
125
125
125
125
125
125
126
125
125
125
126
126
125
125
125
125
125
126
125
126
125
125
125
125
125
126
125
125
125
125
125
125
125
125
125
125
125
125
125
125
125
125
125
125
125
125
125
125
125
125
125
126
125
125
125
125
125
125
125
125
125
125
125
125
125
125
125
125
125
125
125
125
125
125
125
125
126
125
125
125
126
125
125
126
125
126
125
125
125
125
125
125
125
125
125
126
125
126
126
126
126
125
126
126
126
126
126
126
126
126
126
125
125
126
125
125
126
126
125
125
125
126
126
126
126
126
125
126
126
126
125
125
125
125
126
126
125
125
126
126
126
126
126
126
125
125
126
125
126
125
125
126
126
126
126
126
126
126
126
126
126
125
126
125
126
125
126
125
126
126
125
125
125
126
125
125
126
126
126
125
125
126
126
125
126
126
126
125
125
126
125
125
125
125
125
125
125
126
125
126
126
126
126
126
126
125
125
126
126
126
125
126
126
126
125
126
125
126
126
126
126
126
126
126
126
125
126
126
126
126
126
125
126
126
126
126
126
126
126
126
126
126
126
126
125
126
126
126
126
126
126
126
126
125
126
126
126
126
125
126
126
125
125
125
126
126
126
125
125
126
126
126
126
125
126
126
126
126
126
126
126
126
126
126
126
125
126
126
125
126
126
126
126
126
126
126
126
125
126
125
125
125
125
125
126
125
125
125
126
126
126
126
126
126
126
125
125
125
125
125
125
125
125
125
125
126
125
125
126
125
125
125
125
125
125
125
125
125
125
