114
124
130
127
124
131
83
125
125
125
125
125
125
125
125
125
125
125
125
125
125
125
125
125
125
125
125
125
125
125
125
125
125
125
125
125
125
125
125
125
125
125
125
125
125
125
125
125
125
125
125
125
125
125
125
125
125
125
125
125
125
125
125
125
125
125
125
125
125
125
125
125
125
125
125
125
125
125
125
125
125
125
125
125
125
125
125
125
125
125
125
125
125
125
125
125
125
125
125
125
125
125
125
125
125
124
125
126
125
125
125
125
126
125
125
125
125
125
125
126
125
125
126
125
126
125
125
125
125
126
126
126
126
126
126
126
126
126
126
125
125
125
126
126
126
125
126
126
126
126
126
126
126
126
126
126
125
126
126
126
126
126
126
126
126
126
126
126
126
126
125
125
125
126
125
126
126
126
126
126
126
126
126
126
126
125
126
125
125
125
126
126
126
125
125
125
125
125
125
125
126
125
125
125
125
125
125
125
125
125
126
125
125
126
126
126
125
125
125
125
125
125
125
126
125
125
125
126
126
125
125
125
126
125
125
125
125
125
125
126
126
125
126
125
126
126
126
125
125
125
126
126
126
125
125
125
126
126
126
126
126
126
126
125
126
125
125
125
125
125
125
125
125
125
126
125
126
126
126
125
125
126
125
125
125
125
126
126
126
125
126
126
126
126
126
126
125
125
125
125
125
125
126
126
126
125
126
126
126
126
126
126
126
125
126
126
126
126
125
126
125
126
126
125
125
125
125
125
125
125
125
125
125
125
125
125
125
125
125
125
125
125
125
125
125
125
126
126
126
125
125
125
125
125
125
125
125
125
125
125
125
125
125
125
125
125
125
125
125
125
125
125
125
125
125
125
125
125
125
125
125
125
125
125
125
125
125
125
125
125
125
125
125
125
125
125
125
125
125
125
125
125
125
125
125
125
125
125
125
125
125
125
125
125
125
125
125
125
125
125
125
125
125
125
125
125
125
125
125
125
125
125
125
125
125
125
125
125
125
125
125
125
125
125
125
125
125
125
125
125
125
125
125
125
125
125
125
125
125
125
125
125
125
125
125
125
125
125
125
126
125
124
125
126
125
126
126
126
125
125
125
125
125
125
125
125
125
126
126
126
126
125
124
125
125
126
125
126
126
126
126
125
125
125
125
126
126
126
126
126
126
126
125
126
126
125
125
126
125
125
126
126
126
126
126
126
126
126
126
125
125
125
125
125
126
126
125
125
125
125
126
126
126
126
126
126
126
126
125
125
125
125
125
125
125
125
125
126
126
125
125
125
125
126
125
125
125
125
125
125
125
125
125
125
125
125
125
125
125
125
125
125
125
125
126
125
125
126
125
125
125
126
126
126
125
125
125
125
125
125
125
125
125
126
126
127
126
125
126
127
127
125
125
126
126
125
125
126
125
125
125
126
126
126
124
123
126
129
127
123
124
126
128
126
124
123
123
125
128
129
127
126
125
125
126
126
125
124
125
125
125
126
126
126
125
126
126
126
125
126
126
126
124
124
125
125
126
126
126
127
127
126
126
125
125
126
126
126
125
125
125
125
126
126
125
125
126
128
127
126
125
125
125
126
126
125
125
125
125
126
126
125
125
125
126
126
126
125
125
126
126
126
126
126
126
125
125
125
125
125
125
126
125
125
125
126
126
126
125
125
126
126
125
125
125
125
125
125
126
126
125
125
126
126
126
126
125
124
125
125
125
125
125
125
125
126
126
125
126
126
126
126
125
125
125
125
125
125
125
125
125
125
125
125
125
125
126
126
125
125
126
125
125
125
126
125
125
126
125
125
125
125
125
125
126
126
125
125
125
126
125
125
125
125
125
125
125
125
125
125
125
125
125
125
125
125
125
125
125
125
123
130
128
123
122
122
124
125
126
127
126
127
126
126
125
124
125
125
125
124
125
125
125
125
126
125
125
125
125
125
125
125
125
125
125
125
126
125
125
125
125
125
125
126
126
125
125
125
125
125
126
127
124
124
125
126
125
125
125
126
126
125
125
125
125
126
125
125
126
126
126
125
126
126
126
125
125
123
125
125
125
127
127
127
126
126
126
126
126
125
125
126
126
126
126
125
125
125
126
126
126
125
125
126
126
126
126
126
126
126
125
125
126
126
126
125
126
126
126
124
125
125
125
125
126
126
126
126
125
125
126
127
126
125
125
126
126
126
126
125
125
125
126
126
126
124
125
125
126
126
126
126
126
126
126
125
125
125
125
125
125
125
126
126
126
126
126
126
126
126
125
126
125
125
125
126
126
125
125
126
126
125
125
125
126
126
126
125
125
126
126
126
125
125
125
125
126
126
125
126
126
126
126
125
126
126
125
125
126
126
126
126
125
126
125
125
126
125
125
126
126
126
126
126
125
126
126
126
126
126
126
125
126
126
125
125
126
126
126
126
125
126
125
126
126
126
125
125
125
125
126
126
126
126
126
125
125
126
127
126
124
125
127
126
125
125
126
125
125
129
127
125
124
124
124
126
125
125
123
125
127
127
124
125
127
126
125
125
126
124
125
128
127
124
122
124
128
130
127
123
125
128
125
121
123
126
124
123
127
128
125
126
126
121
122
129
127
123
126
128
126
125
125
124
125
130
126
119
120
126
128
126
126
128
129
125
124
126
125
120
121
127
128
125
126
129
129
127
124
121
120
122
124
125
127
127
128
127
125
122
122
126
127
125
124
130
129
121
122
129
128
121
121
125
124
124
126
128
127
126
125
126
128
127
121
117
120
124
125
129
134
135
133
129
123
119
118
117
118
119
120
121
124
129
135
139
138
135
133
132
128
121
116
115
115
111
110
115
121
126
128
131
137
140
139
139
136
132
126
119
114
112
111
111
112
116
122
128
133
136
137
137
136
134
130
124
120
119
120
120
121
123
125
129
120
113
127
123
125
127
129
130
128
128
129
129
125
124
124
120
120
128
128
121
122
123
111
122
139
126
124
133
128
122
134
136
122
124
128
113
115
140
136
123
140
140
101
110
158
143
101
125
136
85
104
177
146
83
133
160
81
87
185
161
76
125
186
102
58
149
179
97
99
164
130
67
123
193
139
84
134
158
98
87
148
149
101
123
164
127
80
114
159
139
110
128
141
112
103
138
148
129
123
132
121
96
104
139
155
131
106
112
130
130
127
132
131
121
123
124
115
113
134
149
134
118
118
119
123
134
131
113
119
140
137
108
96
118
146
155
153
143
114
87
104
135
139
131
127
113
105
120
140
145
133
108
103
130
156
144
114
106
122
135
129
111
109
132
149
140
119
108
118
142
143
122
105
109
127
142
142
131
118
118
128
130
119
116
124
132
129
125
123
123
124
127
125
123
128
133
129
125
125
124
118
119
127
131
131
129
125
121
122
127
128
124
123
122
126
130
132
135
124
124
126
124
118
118
125
131
130
126
124
124
124
122
123
127
130
129
124
126
126
130
127
125
126
129
124
123
126
127
127
125
121
121
124
129
130
125
122
124
126
124
119
115
122
133
135
125
116
118
130
137
130
117
118
129
132
125
122
126
127
126
126
129
128
125
123
123
125
126
125
124
123
125
126
127
129
130
123
116
119
127
128
125
126
128
124
124
130
129
121
119
122
125
128
131
129
122
116
120
129
135
133
127
122
121
122
125
129
130
125
117
117
125
134
132
123
118
124
131
131
125
120
118
122
129
132
130
123
121
122
126
130
126
121
119
123
127
130
130
129
126
126
127
129
126
121
115
118
124
129
128
126
123
123
126
128
130
130
126
119
116
122
131
132
124
116
119
129
131
128
124
125
126
124
121
122
128
134
132
126
128
131
150
83
107
118
130
130
130
130
133
133
129
123
121
119
119
124
124
124
126
131
130
82
125
126
126
125
126
126
125
125
126
125
126
125
125
125
126
125
125
126
125
125
125
125
125
125
125
125
125
125
126
126
125
125
125
125
125
125
126
125
126
125
125
125
125
125
125
125
125
126
125
125
125
125
126
125
125
125
125
126
126
125
126
125
125
126
126
125
125
126
125
125
125
125
125
125
126
125
125
125
125
126
125
125
125
125
125
125
125
126
125
126
125
125
126
126
125
125
125
125
125
125
125
126
125
125
126
125
125
125
126
125
125
125
125
125
125
126
125
125
125
125
125
125
125
126
125
126
125
125
125
125
125
125
125
125
125
125
125
125
125
125
125
125
125
125
125
125
125
125
125
125
125
125
125
126
125
125
125
125
125
125
125
125
125
125
125
125
125
125
125
125
125
126
125
125
125
125
125
125
125
125
125
125
125
125
125
125
125
125
125
125
125
125
125
125
125
125
125
126
125
125
125
125
125
125
125
125
125
125
125
125
125
125
125
125
125
125
125
125
125
125
125
125
125
125
125
125
125
125
125
125
125
125
125
125
125
125
125
125
125
125
125
125
125
125
125
125
125
125
125
125
125
125
125
125
125
125
125
125
125
125
125
125
125
125
125
125
125
125
125
125
125
125
125
125
125
125
125
125
125
125
125
125
125
125
125
125
125
125
125
125
125
125
125
125
125
125
125
125
125
125
125
125
125
125
125
125
125
125
125
125
125
125
125
125
125
125
125
125
125
125
125
125
125
125
125
125
125
125
125
125
125
125
125
125
125
125
125
125
125
125
125
125
125
125
125
125
125
125
125
125
125
125
125
117
