125
125
125
126
126
125
33
125
125
125
125
125
125
125
125
125
125
125
125
125
125
125
125
125
125
125
125
125
125
125
125
125
125
125
125
125
125
125
125
125
125
125
125
125
125
125
125
125
125
125
125
125
125
125
125
125
125
125
125
125
125
125
125
125
125
125
125
125
125
125
125
125
125
125
125
125
125
125
125
125
125
125
125
125
125
125
125
125
125
125
125
125
125
125
125
125
125
125
125
125
125
125
125
125
125
125
125
125
125
125
125
125
125
125
125
125
125
125
125
125
125
125
125
125
125
125
125
125
125
125
125
125
125
125
125
125
125
125
125
125
125
125
125
125
125
125
125
125
125
125
125
125
125
125
125
125
125
125
125
125
125
125
125
125
125
125
125
125
125
125
125
125
125
125
125
125
126
126
125
125
125
125
125
125
125
125
125
125
125
125
125
125
125
125
125
125
125
125
125
125
125
125
125
125
125
125
125
125
125
125
125
125
125
125
125
125
125
125
125
125
125
125
125
125
125
125
125
125
125
125
125
125
125
125
125
125
125
125
125
125
125
125
125
125
125
125
125
125
126
125
125
125
126
126
125
125
125
125
125
125
125
125
125
125
125
124
125
125
126
126
126
126
125
125
125
125
125
125
125
125
125
125
125
125
125
125
125
125
125
125
125
125
125
125
126
126
125
125
125
125
125
125
125
125
125
125
125
125
125
125
125
125
125
125
125
125
125
125
125
125
125
125
125
125
125
125
125
125
125
125
125
125
125
125
125
125
125
125
125
125
125
125
125
125
125
125
125
125
125
125
125
125
125
125
125
125
125
125
125
125
125
125
125
125
125
125
125
125
125
125
125
126
125
125
125
125
125
125
124
124
124
125
125
126
126
125
125
125
125
125
125
125
125
125
125
125
125
125
125
125
125
125
125
125
124
125
126
125
125
126
126
123
123
126
127
125
125
125
124
124
126
127
125
124
124
126
126
125
124
125
126
125
125
125
125
125
126
125
123
125
127
125
122
124
127
126
126
124
124
125
126
125
124
125
126
125
124
124
125
127
126
124
124
126
126
123
125
127
125
123
123
125
127
127
125
123
124
126
125
124
125
127
126
123
123
126
128
126
123
123
125
126
125
126
125
125
125
125
125
125
126
124
124
126
126
124
123
125
126
126
125
124
125
125
126
125
124
126
127
124
122
125
127
126
124
125
126
125
124
125
127
124
123
125
127
125
123
124
127
125
123
126
127
124
123
126
126
123
124
127
126
125
124
124
126
127
124
122
123
128
131
124
115
122
135
131
117
112
128
141
126
110
122
141
127
110
120
141
137
119
112
124
136
119
107
127
152
123
80
125
197
154
50
65
167
182
133
115
103
81
132
178
97
50
194
255
123
90
10
246
255
143
52
78
101
135
169
160
131
65
13
62
240
252
134
140
187
74
27
63
211
238
153
65
57
119
174
155
95
81
126
151
121
96
121
149
135
113
122
136
130
117
112
115
125
141
145
131
109
103
116
127
128
133
139
133
124
122
120
116
119
125
120
114
125
144
146
129
114
113
120
128
132
129
123
121
125
131
131
124
119
122
129
127
122
123
129
133
129
123
118
118
122
128
131
129
124
120
121
127
130
130
126
123
123
126
127
126
124
122
122
124
128
131
130
126
123
122
125
128
126
123
121
122
126
129
129
128
126
125
124
125
126
127
126
125
124
124
124
125
125
127
128
127
125
123
122
122
123
125
126
126
125
125
127
128
127
126
125
126
126
126
125
124
124
124
123
123
124
125
126
125
125
126
126
126
126
125
125
126
126
126
125
125
126
125
125
125
124
125
125
125
125
126
126
125
124
124
124
126
126
126
126
126
126
125
125
126
126
126
125
124
124
125
125
125
125
126
126
126
126
125
125
125
125
124
125
125
125
125
125
125
125
125
125
125
125
125
125
125
125
125
126
126
126
126
126
125
125
124
125
125
125
125
125
125
125
125
125
125
125
125
125
125
125
125
125
125
126
127
126
126
126
125
125
125
124
124
125
125
125
125
125
126
125
125
125
125
125
126
126
125
125
125
124
124
125
125
125
125
125
125
125
125
125
125
125
125
125
125
125
125
125
125
125
125
125
125
125
125
125
125
126
126
126
124
124
125
125
125
125
125
125
125
125
125
125
125
125
125
125
125
125
125
125
125
126
126
125
125
124
124
125
125
126
124
125
125
125
125
125
125
125
125
125
125
125
125
125
125
125
125
125
125
125
125
125
126
126
125
125
125
125
125
125
124
125
125
125
124
125
126
126
124
125
126
126
126
125
125
125
125
125
125
125
125
125
125
125
125
125
125
125
125
125
125
124
125
125
125
125
125
125
125
125
125
125
125
125
124
124
125
125
126
126
126
125
126
126
125
125
124
125
125
125
125
125
125
125
125
125
125
125
125
125
125
125
125
125
125
125
125
125
125
125
125
125
125
125
125
125
125
125
125
125
125
125
125
125
125
125
125
125
125
125
125
125
125
125
125
125
125
125
125
125
125
125
125
125
125
125
125
125
125
125
125
125
126
126
124
125
124
125
125
125
125
125
125
125
125
125
125
125
125
125
125
125
125
125
125
125
125
125
125
125
125
125
125
125
125
125
125
125
125
125
125
125
125
125
125
125
125
125
125
125
125
125
125
125
126
125
126
126
125
125
125
125
125
125
125
125
125
125
125
125
125
125
125
125
125
125
125
125
125
125
125
125
125
126
126
125
125
125
125
125
125
125
125
125
125
125
125
125
125
125
126
125
125
125
125
125
125
125
125
126
126
125
126
126
126
125
125
125
125
125
125
125
125
125
125
125
126
126
126
125
125
125
126
125
125
124
125
125
125
126
125
125
125
125
126
126
126
126
126
126
126
125
125
125
125
125
125
125
125
125
126
126
125
126
125
125
125
125
125
125
124
125
125
134
120
121
125
126
125
126
126
126
126
125
125
125
125
125
125
125
125
125
125
126
126
121
114
126
126
128
127
128
128
127
128
127
126
126
126
126
126
126
126
126
126
126
126
126
126
126
126
126
126
126
126
126
126
126
125
126
125
126
126
126
125
126
125
127
127
126
125
119
124
125
126
125
126
126
128
128
126
125
126
127
127
127
126
126
125
125
125
126
126
125
126
126
125
124
126
127
126
125
127
129
127
123
124
126
127
126
126
125
125
124
126
126
125
125
126
127
126
124
124
126
126
125
125
125
126
126
126
125
125
125
126
126
126
126
126
126
125
125
125
125
126
126
125
126
125
124
125
126
126
126
126
126
127
126
126
126
126
126
125
126
126
125
126
126
126
126
125
125
125
125
125
126
126
126
126
126
126
126
125
124
124
125
127
125
124
125
125
126
126
126
126
126
125
126
125
127
127
123
122
124
127
127
124
123
125
128
128
125
126
129
128
126
125
126
126
125
126
128
129
129
124
117
122
131
128
121
122
125
125
127
128
125
123
123
122
122
127
132
128
122
122
125
135
127
122
124
128
127
122
121
122
122
124
129
128
125
124
124
124
126
128
128
126
126
125
124
125
127
127
126
125
124
124
126
126
126
125
125
126
125
126
126
125
125
125
126
128
126
126
124
124
124
125
126
126
125
125
126
126
125
125
125
124
125
125
126
126
125
124
124
124
125
125
126
126
126
126
125
125
126
125
124
125
124
125
125
125
126
151
127
111
126
125
124
127
126
125
125
126
126
124
124
125
125
126
125
124
125
125
125
125
125
125
114
72
129
124
132
130
131
131
131
130
129
128
129
127
126
127
126
126
128
127
126
126
127
126
127
127
126
126
127
127
127
126
127
126
127
127
124
127
128
128
126
127
127
110
123
123
125
126
129
128
129
130
129
128
34
126
125
125
125
126
125
125
126
126
125
126
126
125
125
125
126
126
125
125
125
126
125
125
125
125
126
125
125
125
125
125
126
125
126
125
126
125
126
125
125
125
125
125
125
125
125
125
125
125
125
125
125
125
125
125
125
125
125
125
125
125
125
125
126
125
126
125
126
125
125
125
125
125
125
125
126
126
125
125
126
125
125
125
125
125
125
125
125
125
125
125
125
125
125
125
125
125
125
125
125
125
125
125
125
125
125
125
125
125
125
125
125
125
125
125
125
125
125
125
125
125
125
125
125
125
125
125
125
125
125
125
125
125
125
125
125
125
125
125
125
125
125
125
125
125
125
125
125
125
125
125
125
125
125
125
125
125
125
125
125
125
125
125
125
125
125
125
125
125
125
125
126
125
126
125
125
125
125
125
125
126
125
125
125
125
125
125
125
126
124
125
125
126
125
126
125
125
125
126
125
125
125
126
126
126
126
126
126
126
126
125
125
125
125
125
125
125
126
126
126
126
126
126
126
125
126
126
126
126
126
125
125
125
125
125
125
125
125
125
126
126
126
126
126
126
127
126
125
125
125
126
126
125
125
125
124
125
125
125
126
126
126
127
127
126
125
125
125
125
125
125
126
126
126
126
125
125
125
125
125
125
126
125
125
125
125
126
126
126
126
125
125
126
125
125
125
125
125
126
126
126
125
125
125
125
125
125
125
125
126
125
125
125
126
126
125
125
125
125
125
126
125
125
125
125
126
126
126
126
126
125
125
125
125
126
125
125
125
125
125
126
125
125
125
125
126
126
125
125
125
125
125
125
124
