125
125
124
124
126
125
56
125
125
125
125
125
125
125
125
125
125
125
125
125
125
125
125
125
125
125
125
125
125
125
125
125
125
125
125
125
125
125
125
125
125
125
125
125
125
125
125
125
125
125
126
125
125
125
125
125
126
125
125
125
126
125
126
125
126
125
125
125
125
125
125
126
125
125
126
125
125
125
125
125
125
125
125
125
125
125
126
125
125
125
125
126
125
125
125
125
125
125
125
125
125
125
125
125
125
125
126
125
125
125
125
125
125
125
125
125
125
125
125
125
125
125
125
125
125
125
125
125
125
125
125
125
125
125
125
125
125
125
125
125
125
125
125
125
125
125
125
125
125
125
125
125
125
125
125
125
125
125
125
125
125
125
125
125
125
125
125
125
125
125
125
125
125
125
125
125
125
125
125
125
125
125
125
125
125
125
125
125
125
125
125
125
125
125
125
125
125
125
125
125
125
125
125
125
125
125
125
125
125
125
125
125
125
125
125
125
125
125
125
125
125
125
125
125
125
125
125
125
125
125
125
125
125
125
125
125
125
125
125
125
125
125
125
125
125
125
125
125
125
125
125
125
125
125
125
125
125
125
125
125
125
125
125
125
125
126
126
125
125
125
125
125
125
125
125
125
125
125
125
125
125
125
125
125
125
125
125
125
125
125
125
125
125
125
125
125
125
125
125
125
125
125
125
125
125
125
125
125
125
125
125
125
125
125
125
125
125
125
125
125
125
125
125
125
125
125
125
125
125
125
125
125
125
125
125
125
125
125
125
125
125
125
125
125
125
125
125
125
125
125
125
125
125
125
125
125
125
125
125
125
125
125
125
125
125
125
125
125
125
125
125
125
125
125
125
125
125
125
125
125
125
125
125
125
125
126
125
125
125
125
125
125
125
125
125
125
125
125
125
125
125
125
125
125
125
125
125
125
125
125
125
125
125
125
125
125
125
125
125
125
125
125
125
125
125
125
125
125
126
126
126
125
126
126
125
126
126
125
125
125
125
125
125
126
125
125
125
125
125
125
125
125
125
125
126
126
125
126
125
126
125
125
125
125
126
125
125
126
125
125
125
125
126
125
125
125
126
125
125
125
125
125
125
125
125
126
125
125
125
125
125
125
125
125
125
125
125
125
125
125
125
125
125
125
125
125
125
126
126
126
125
124
124
125
125
125
126
128
129
126
125
126
124
120
120
130
140
137
121
104
101
107
121
151
170
144
108
117
141
124
93
104
141
153
141
105
82
107
158
150
115
127
160
134
83
87
128
156
125
127
163
126
49
95
222
207
62
39
135
177
131
113
131
125
114
126
129
117
121
135
135
129
126
122
121
119
114
116
121
120
122
135
152
152
130
105
107
128
136
125
118
122
124
119
120
129
135
132
128
127
125
120
115
118
129
137
130
118
113
119
129
137
136
130
122
118
120
125
128
127
125
127
130
129
121
115
117
126
134
135
129
121
119
122
128
128
130
128
123
119
122
126
127
125
124
123
124
125
126
128
129
128
125
124
125
127
128
127
126
125
124
123
123
124
125
124
123
124
127
129
130
127
124
123
124
125
126
125
125
124
124
125
126
126
126
127
128
127
127
126
125
126
125
124
123
124
125
125
125
124
124
123
126
127
128
128
128
127
127
126
125
125
125
125
124
123
123
125
126
127
127
128
127
126
126
125
125
125
124
124
123
123
123
124
126
126
126
126
126
126
125
126
126
126
126
126
125
125
125
125
125
124
125
125
125
125
125
125
125
125
126
126
125
126
125
125
125
125
125
125
125
125
125
125
126
125
126
126
126
125
125
125
125
125
125
125
126
126
126
125
125
125
125
125
125
125
125
125
126
126
126
126
126
125
126
125
125
125
126
125
125
125
125
125
125
125
125
125
125
126
126
126
126
126
126
126
125
125
125
125
125
125
125
125
125
125
126
126
126
126
126
125
125
125
125
126
126
126
125
127
126
126
125
125
124
124
124
124
124
125
125
126
125
126
126
126
125
125
126
125
125
125
126
125
125
125
125
125
125
124
125
126
126
125
125
126
126
126
125
125
125
125
125
125
125
125
125
125
125
125
125
124
124
125
126
125
124
125
126
127
126
125
125
125
125
125
126
126
125
125
125
125
125
125
126
126
125
125
125
126
126
125
125
126
126
125
124
125
125
125
125
125
125
125
125
125
125
125
125
125
126
125
125
126
126
126
125
125
125
126
125
125
125
125
125
126
126
125
125
125
125
125
125
125
125
126
126
126
126
125
125
125
125
124
124
125
126
126
126
125
124
125
125
126
126
125
125
125
126
126
126
125
125
125
125
125
125
125
126
126
126
126
125
125
125
125
125
125
125
125
125
125
125
125
125
125
125
125
125
125
125
125
125
125
125
125
125
125
125
125
125
125
125
125
125
125
126
126
125
125
125
125
126
125
125
125
125
125
125
127
123
125
125
126
125
126
126
125
126
125
125
125
125
126
125
125
126
125
125
125
125
125
125
125
125
125
125
126
126
126
125
125
125
126
126
125
125
125
126
126
125
125
126
125
125
125
125
125
125
126
125
125
126
125
125
125
125
125
125
125
125
125
125
125
125
125
123
123
125
126
125
126
126
126
126
126
125
126
125
126
125
125
125
126
125
125
125
125
125
125
125
125
125
126
125
125
125
125
125
125
125
125
125
125
125
125
125
125
125
126
126
125
125
125
125
126
125
125
126
125
125
125
125
125
125
125
125
125
125
125
125
125
126
125
126
126
125
125
125
125
126
125
125
125
125
125
126
125
125
125
125
125
125
125
125
125
125
125
125
126
125
125
126
126
125
125
125
125
126
125
126
125
126
126
125
125
125
125
126
126
125
125
125
125
126
125
125
125
125
125
125
125
125
125
125
125
125
125
125
125
125
125
125
126
126
125
126
126
125
125
125
125
125
125
127
129
126
125
125
125
124
124
124
125
125
125
125
125
125
125
125
125
125
126
126
125
126
126
126
125
125
125
125
125
125
125
125
125
125
125
126
125
125
125
125
125
125
125
126
125
125
125
125
125
125
125
126
125
125
126
125
125
125
125
126
126
125
125
125
125
125
125
125
125
125
126
125
125
125
125
125
126
125
125
125
125
125
125
127
124
125
125
126
125
128
119
124
124
126
124
126
126
126
126
126
125
125
125
126
126
126
126
126
126
126
125
125
126
126
125
125
125
126
125
117
96
131
126
128
129
129
129
129
128
127
126
127
127
126
126
126
126
126
126
126
126
126
126
126
126
126
126
126
126
126
126
126
125
126
126
126
122
121
124
127
126
128
128
127
127
127
127
126
126
126
125
125
126
126
125
126
125
125
125
125
125
126
127
126
126
126
126
125
125
125
124
124
125
126
126
126
126
126
126
125
126
125
125
125
125
126
125
124
125
126
126
126
125
125
124
125
125
126
125
126
125
126
126
125
125
125
126
127
126
126
126
125
125
125
124
125
126
125
126
126
126
126
125
125
126
126
126
126
125
125
125
125
125
125
125
126
125
126
126
126
126
126
125
126
125
125
126
126
125
126
125
125
126
126
126
125
125
126
126
126
126
125
126
126
126
126
125
126
127
126
126
125
125
125
125
125
126
125
125
125
125
129
155
120
116
114
114
120
125
129
129
130
130
127
126
125
124
123
122
123
124
125
125
126
126
126
125
126
126
126
125
125
125
125
125
125
124
125
126
126
126
126
129
131
126
125
125
122
122
124
124
124
125
125
126
125
125
125
125
126
126
125
125
126
126
126
125
125
129
122
128
122
124
124
126
127
126
126
125
126
125
125
125
124
125
124
126
126
125
126
125
126
126
125
124
125
126
125
125
125
125
126
125
125
125
126
127
125
125
126
126
57
125
126
125
126
126
125
125
126
126
126
126
126
126
126
125
125
125
125
125
125
125
126
125
125
125
125
125
126
125
126
126
125
125
125
125
126
125
125
125
125
125
125
125
125
125
125
125
125
125
125
125
125
126
125
125
125
125
125
125
125
125
125
125
125
125
125
125
125
125
125
125
125
125
125
125
125
125
125
125
125
125
125
125
125
125
125
125
126
125
125
125
126
125
126
125
125
125
125
125
125
126
125
125
125
125
125
125
125
125
125
125
126
126
125
126
125
125
126
125
125
125
125
125
125
125
125
125
125
125
125
125
125
125
125
125
125
125
125
125
125
125
125
125
125
125
125
125
125
125
125
125
125
125
125
125
125
125
126
125
125
125
125
125
125
125
125
125
125
125
125
125
125
126
126
125
125
125
125
125
125
125
125
125
125
125
125
125
125
125
125
125
125
125
125
125
125
125
125
125
125
125
125
125
125
125
125
125
125
125
125
125
125
125
125
125
125
125
125
125
125
125
125
125
125
125
125
125
125
125
125
125
125
125
125
125
125
125
125
125
125
125
125
125
125
125
125
125
125
125
125
125
125
125
125
125
125
125
125
125
125
125
125
125
125
125
125
125
125
125
125
125
125
125
125
125
125
125
125
125
126
125
125
125
125
125
125
125
125
125
125
125
125
125
125
125
125
125
125
125
125
125
125
125
125
125
125
125
125
125
125
125
125
125
125
125
125
125
125
125
125
125
125
125
125
125
125
125
125
125
125
125
125
125
125
125
125
125
125
125
125
125
125
125
125
125
125
125
125
125
125
125
125
125
125
