133
123
119
127
132
128
97
126
126
126
126
126
126
125
125
125
125
126
126
126
126
126
126
126
126
125
126
126
126
126
125
126
125
126
126
125
125
125
125
126
125
125
126
125
125
126
125
126
126
126
125
125
125
126
125
125
126
126
125
125
125
125
125
126
125
126
126
126
126
125
126
126
125
125
125
125
126
125
126
125
125
126
126
125
126
126
126
126
126
126
126
126
126
125
126
126
126
125
125
126
126
125
126
126
126
126
126
125
126
125
125
126
126
125
125
125
126
126
126
125
125
125
126
126
125
125
125
125
125
125
125
125
125
125
125
125
126
125
125
125
125
126
125
125
125
125
125
125
125
126
125
126
125
126
125
125
125
125
125
125
126
125
125
125
125
125
125
125
125
125
125
125
125
125
125
125
125
125
125
125
125
125
125
125
125
125
125
125
125
125
125
125
125
125
125
125
125
125
125
125
125
125
125
125
125
125
125
125
125
125
125
125
125
125
125
125
125
125
125
125
125
125
125
125
125
125
125
125
125
125
125
125
125
125
125
125
125
125
125
125
125
125
125
125
125
125
125
125
125
125
125
125
125
125
125
125
125
125
125
125
125
125
125
125
125
125
125
125
125
125
125
125
125
125
125
125
125
125
125
125
125
125
125
125
125
125
125
125
125
125
125
125
125
125
125
125
125
125
125
125
125
125
125
125
125
125
125
125
125
125
125
125
125
125
125
125
125
125
125
125
125
125
125
125
125
125
125
125
125
125
125
125
125
125
125
125
125
125
125
125
125
125
125
125
125
125
125
125
125
125
125
125
125
125
125
125
125
125
125
125
125
125
125
125
125
125
125
125
125
125
125
125
125
125
125
125
125
125
125
125
125
125
125
125
125
125
125
125
125
125
125
125
125
125
125
125
125
125
125
125
125
125
125
125
125
125
125
125
125
125
125
125
125
125
125
125
125
125
125
125
125
125
125
125
125
125
125
125
125
125
125
125
125
125
125
125
125
125
125
125
125
125
125
125
126
125
125
125
125
125
125
125
125
126
124
125
125
126
126
126
126
125
125
126
125
126
126
125
125
125
125
125
125
125
125
126
126
126
126
126
126
126
126
125
125
125
125
125
125
126
126
126
126
126
126
126
125
125
125
125
125
125
125
125
125
126
126
126
126
125
125
126
125
126
125
125
125
126
125
125
126
124
125
126
126
125
126
126
126
126
125
125
125
126
125
125
125
125
125
125
125
125
125
125
125
125
125
125
125
125
125
125
125
125
125
125
125
125
125
125
125
125
125
125
125
126
126
125
125
125
125
125
125
125
125
125
126
125
125
125
125
125
125
125
126
125
125
125
125
125
125
125
125
125
125
125
125
126
126
126
126
125
125
125
125
126
125
125
125
126
126
126
125
125
125
125
126
126
125
125
125
125
125
125
125
125
125
125
126
126
126
126
126
126
126
125
125
125
125
125
125
125
126
126
126
126
126
126
126
125
125
125
125
125
126
125
125
125
126
126
126
125
125
125
125
125
126
125
125
125
126
127
125
125
125
125
125
125
125
125
125
125
125
125
125
125
125
125
125
125
125
125
125
125
125
125
125
125
125
125
125
125
125
125
125
126
125
125
125
125
125
125
125
125
125
125
125
125
125
125
125
125
125
125
125
126
125
125
125
126
126
126
126
126
126
125
125
125
125
125
126
125
125
125
125
126
125
124
125
126
126
126
126
126
126
126
126
126
125
125
126
126
126
126
125
126
125
126
126
125
125
125
125
126
126
126
126
126
126
126
125
126
126
126
126
126
125
126
125
126
125
126
124
125
126
125
126
126
126
126
126
126
126
126
126
125
125
125
125
126
125
125
126
125
125
125
125
125
125
125
125
125
126
125
126
126
126
126
126
125
126
126
125
125
125
125
126
125
125
125
126
126
125
125
125
125
125
125
125
125
125
125
125
125
126
125
125
125
126
125
126
125
126
126
126
125
126
125
125
126
125
126
125
127
126
125
125
125
125
125
126
126
126
126
126
126
126
125
126
125
125
125
125
125
125
126
126
126
125
126
125
126
126
126
125
125
126
125
125
125
125
126
125
126
125
125
125
126
126
126
125
125
125
126
125
125
125
126
125
126
126
125
125
125
126
126
126
125
125
125
126
127
127
126
125
125
125
125
125
125
125
125
125
125
125
125
125
125
126
126
125
125
125
125
125
126
126
127
125
125
125
125
124
125
125
125
125
125
125
125
125
125
125
125
125
125
125
125
125
125
125
125
125
126
125
125
125
125
125
126
125
125
125
125
125
125
125
125
125
125
125
125
125
125
125
125
125
125
125
125
125
125
125
125
125
125
125
125
125
125
125
125
125
126
125
126
125
125
125
125
125
125
125
125
125
125
125
125
125
125
125
125
125
125
125
125
126
125
125
125
125
125
125
125
125
125
125
125
125
125
125
125
125
125
125
125
125
125
126
125
125
125
125
125
125
125
126
126
125
125
125
126
126
125
125
125
125
125
125
125
125
125
125
126
125
124
125
126
125
125
125
126
126
126
125
124
125
125
125
125
125
125
125
125
125
125
125
125
126
125
125
125
125
125
126
125
124
124
125
124
123
123
123
127
133
136
134
131
128
127
119
105
107
129
139
123
104
109
125
132
130
126
121
128
145
147
129
119
126
130
124
120
121
122
126
129
124
119
119
124
124
120
120
126
127
125
124
125
125
125
129
130
128
128
128
126
128
129
126
123
122
124
124
123
123
124
124
124
124
125
127
125
124
124
124
123
125
126
125
123
126
131
129
125
125
127
128
125
121
123
127
128
123
123
126
128
125
124
125
125
123
124
126
127
123
121
123
129
129
123
120
124
129
127
123
123
127
128
125
124
126
127
125
124
126
127
125
122
123
127
126
123
128
130
123
125
122
124
129
126
123
123
126
127
124
123
126
128
125
123
125
128
126
123
123
112
124
125
125
127
128
127
126
126
128
128
127
125
126
129
127
125
125
127
127
126
126
126
127
127
125
125
125
126
126
125
124
124
125
124
123
124
126
126
125
125
127
127
126
126
121
125
126
125
126
129
130
127
126
127
128
127
124
123
125
127
125
123
124
126
126
124
123
126
127
126
124
125
126
126
124
123
126
127
126
125
125
127
127
125
123
125
126
126
125
125
126
126
124
124
124
126
125
125
126
126
126
126
125
126
128
126
120
114
120
131
132
123
124
148
170
133
71
75
133
166
141
97
94
129
151
141
112
100
130
156
133
110
120
131
130
135
137
117
103
110
124
139
151
139
103
91
131
165
141
105
108
129
133
128
127
123
120
127
137
128
115
115
124
130
127
119
118
124
129
128
127
127
126
124
127
134
133
125
122
124
128
127
121
120
122
125
126
125
125
126
126
127
126
127
131
125
124
124
122
122
124
125
125
124
126
127
127
126
125
124
125
126
126
125
126
126
125
126
127
130
126
124
124
123
123
124
125
128
123
125
124
125
126
125
125
126
127
127
125
124
124
126
126
123
123
124
125
123
124
125
125
125
126
125
126
126
126
129
128
126
126
128
126
122
121
124
127
127
127
125
124
126
126
124
123
123
123
124
122
124
125
128
128
127
127
127
126
124
125
125
125
123
123
125
125
124
124
125
129
129
126
125
125
126
126
126
127
127
122
117
118
126
131
124
119
122
127
134
142
138
113
101
123
140
125
113
116
114
117
149
162
119
93
123
148
135
120
119
122
126
127
123
121
122
124
124
124
124
123
124
129
131
131
128
123
119
124
128
124
122
124
125
124
123
125
124
129
128
126
124
127
129
130
123
119
122
127
125
124
124
125
124
125
125
125
126
127
127
125
124
127
128
125
122
125
127
126
127
127
125
98
125
125
125
125
125
125
125
125
125
125
125
125
125
125
125
125
125
125
125
125
125
125
125
125
125
125
125
125
125
125
125
125
125
125
125
125
125
125
125
125
125
125
125
125
125
125
125
125
125
125
125
125
125
125
125
125
125
125
125
125
125
125
125
125
125
125
125
125
125
125
125
125
125
125
125
125
125
125
125
125
125
125
125
125
125
125
125
125
125
125
125
125
125
125
125
125
125
125
125
125
125
125
125
125
125
125
125
125
125
125
125
125
125
125
125
125
125
125
125
125
125
125
125
125
125
125
125
125
125
125
125
125
125
125
125
125
125
125
125
125
125
125
125
125
125
125
125
125
125
125
125
125
125
125
125
125
125
125
125
125
125
125
125
125
125
125
125
125
125
125
125
125
125
125
125
125
125
125
125
125
125
125
125
125
125
125
125
125
125
125
125
125
125
125
125
125
125
125
125
125
125
125
125
125
125
125
125
125
125
125
125
125
125
125
125
125
125
125
125
125
125
125
125
125
125
125
125
125
125
125
125
125
125
125
125
125
125
125
125
125
125
125
125
125
125
125
125
125
125
125
125
125
125
125
125
125
125
125
125
125
125
125
125
125
125
125
125
125
125
125
125
125
125
125
125
125
125
125
125
125
125
125
125
125
125
125
125
125
125
125
125
125
125
125
125
125
125
125
125
125
125
125
125
125
125
125
125
125
125
125
125
125
125
125
125
125
125
125
125
125
125
125
125
125
125
125
125
125
125
125
125
125
125
125
125
125
125
125
125
125
125
124
125
125
125
125
126
126
126
125
126
125
125
130
