124
125
126
126
126
125
68
125
125
125
125
125
125
125
125
125
125
125
125
125
125
125
125
125
125
125
125
125
125
125
125
125
125
125
125
125
125
125
125
125
125
125
125
125
125
125
125
125
125
125
125
125
125
125
125
125
125
125
125
125
125
125
125
125
125
125
125
125
125
125
125
125
125
125
125
125
125
125
125
125
125
125
125
125
125
125
125
125
125
125
125
125
125
125
125
125
125
125
125
125
125
125
125
125
125
125
125
125
125
125
125
125
125
125
125
125
125
125
125
125
125
125
125
125
125
125
125
125
125
125
125
125
125
125
125
125
125
125
125
125
125
125
125
125
125
125
125
125
125
125
125
125
125
125
125
125
125
125
125
125
125
125
125
125
125
125
125
125
125
125
125
125
125
125
125
125
125
125
125
125
125
125
125
125
125
125
125
125
125
125
125
125
125
125
125
125
125
125
125
125
125
125
125
125
125
125
125
125
125
125
125
125
125
125
125
125
125
125
125
125
125
125
125
125
125
125
125
125
125
125
125
125
125
125
125
125
125
125
125
125
125
125
125
125
125
125
125
125
125
125
125
125
125
125
125
125
125
125
125
125
125
125
125
125
125
125
125
125
125
125
125
125
125
125
125
125
125
125
125
125
125
125
125
125
125
125
125
125
125
125
125
125
125
125
125
125
125
125
125
125
125
125
125
125
125
125
125
125
125
125
125
125
125
125
125
125
125
125
125
125
125
125
125
125
125
125
125
125
125
125
125
125
125
125
125
125
125
125
125
125
125
125
125
125
125
125
125
125
125
125
125
125
125
125
125
125
125
125
125
125
125
125
125
125
125
125
125
125
125
125
125
125
125
125
125
125
125
125
125
125
125
125
125
125
125
125
125
125
125
125
125
125
125
125
125
125
125
125
125
125
125
125
125
125
125
125
125
125
125
125
125
125
125
125
125
125
125
125
125
125
125
125
125
125
125
125
125
125
125
125
125
125
125
125
125
125
125
125
125
125
125
125
125
125
125
125
125
125
125
125
125
125
125
125
125
125
125
125
125
125
125
125
125
125
125
125
125
125
125
125
125
125
125
125
125
125
125
125
125
125
125
125
125
125
125
125
125
125
125
125
125
125
125
125
125
125
125
125
125
125
125
125
125
125
125
125
125
125
125
125
125
125
125
125
125
125
125
125
125
125
125
125
125
125
125
125
125
125
125
125
125
125
125
125
125
125
125
125
125
125
125
125
125
125
125
125
125
125
125
125
125
124
125
126
126
125
124
125
126
125
124
125
125
125
125
125
124
124
125
126
125
125
125
124
125
125
125
125
125
125
125
125
125
125
125
125
125
125
125
125
125
125
125
125
125
125
125
125
125
125
125
125
125
125
125
125
125
125
125
125
125
125
125
125
126
125
125
125
125
125
125
125
125
125
125
125
125
125
125
125
125
125
125
125
125
125
125
125
125
126
124
125
126
125
125
125
126
126
126
126
125
125
125
126
125
125
125
126
126
126
126
124
125
125
125
125
125
125
126
126
126
125
125
126
127
126
126
126
125
124
125
125
125
125
125
127
128
127
125
125
126
126
126
125
125
124
124
125
127
128
126
120
117
122
133
138
131
117
116
125
129
128
127
126
124
125
129
128
122
120
122
122
124
130
142
156
106
36
100
198
178
85
186
175
13
46
185
180
115
111
124
131
141
123
100
120
144
120
95
129
163
142
108
108
123
129
129
125
118
117
126
138
139
125
111
115
130
137
131
119
117
124
132
130
124
121
124
127
128
124
122
124
127
127
125
124
124
125
127
126
125
125
127
127
126
124
123
124
126
126
125
126
127
127
125
123
123
126
128
129
128
125
122
123
125
126
126
126
127
124
122
125
129
129
125
122
123
126
126
126
126
125
125
125
125
125
127
128
126
124
122
122
125
130
133
129
124
122
122
121
120
117
118
128
142
146
141
129
112
98
104
125
132
127
130
140
140
136
131
115
95
99
122
137
143
138
124
125
137
134
115
98
97
116
148
159
142
120
116
124
124
115
112
117
124
133
139
133
124
124
128
125
119
117
125
135
136
123
110
117
133
133
119
112
123
138
135
122
117
129
142
133
107
100
123
146
143
125
114
115
124
133
134
126
117
114
122
136
137
120
111
122
138
136
117
107
117
133
142
141
136
113
88
104
141
162
144
110
94
113
149
151
125
112
122
131
123
116
115
120
124
126
127
127
127
127
125
124
126
128
127
127
128
127
123
121
123
124
127
129
129
126
124
125
126
126
126
125
123
123
125
127
126
125
124
125
127
127
125
125
126
125
125
126
124
124
125
126
127
129
129
124
123
125
125
125
125
124
123
126
129
128
127
127
125
123
125
126
124
121
119
122
125
127
131
133
128
122
122
126
125
122
124
129
130
126
124
125
124
121
120
124
129
131
130
127
123
122
124
127
127
126
125
124
124
124
124
124
125
126
127
127
126
124
124
125
126
126
127
127
124
122
123
125
127
126
126
125
126
128
127
126
124
125
125
125
125
123
123
124
127
128
126
124
123
125
127
126
126
126
124
122
124
128
130
127
124
123
124
125
127
127
125
123
123
127
128
120
121
125
129
129
125
122
123
125
128
128
127
124
123
123
123
125
128
129
125
123
125
129
129
126
123
123
124
126
127
127
125
123
124
126
127
127
126
126
127
127
127
126
124
124
125
125
126
125
124
122
123
125
127
127
126
125
126
127
126
126
128
126
124
125
127
123
121
124
125
122
125
132
130
123
125
131
125
118
129
135
124
119
128
130
122
120
124
130
132
124
118
120
126
131
130
126
121
120
122
127
131
128
124
123
123
123
126
128
127
126
127
126
124
122
123
125
127
125
124
125
127
128
126
125
125
124
124
125
126
127
125
124
125
125
125
126
126
126
125
123
125
128
127
124
125
128
128
125
123
125
127
126
123
120
122
128
129
124
125
127
127
124
124
126
128
124
121
124
127
127
129
123
122
125
128
127
124
125
125
125
127
128
124
123
126
126
124
122
124
125
124
126
128
129
128
127
126
126
126
126
125
123
122
122
124
127
129
127
125
125
125
126
125
125
125
128
127
125
123
124
125
126
126
125
124
125
126
124
124
123
125
126
126
126
125
124
124
124
125
126
126
126
127
126
126
126
125
126
126
125
126
126
125
125
125
126
125
124
124
124
124
124
124
125
125
125
126
126
126
126
125
124
125
125
126
126
125
125
126
126
126
126
126
125
125
125
124
124
126
126
126
126
125
124
125
125
124
124
124
125
126
126
125
125
125
126
126
126
123
125
125
125
125
125
126
124
126
125
126
126
127
127
127
127
127
126
124
125
126
126
126
125
124
124
124
125
125
125
125
125
125
125
124
124
125
124
125
125
125
125
125
125
123
125
126
126
126
126
127
128
128
127
124
135
114
109
128
127
124
125
126
130
129
128
127
125
124
123
124
124
124
123
123
122
124
125
125
124
116
85
130
129
133
132
132
132
133
131
128
125
125
126
126
127
128
128
128
128
129
128
127
126
125
125
125
125
124
124
126
127
128
127
127
126
127
128
126
126
125
125
125
115
124
125
126
128
130
130
130
129
129
126
126
127
126
125
124
124
125
125
126
126
126
126
125
125
125
124
124
125
124
124
125
126
127
127
127
128
127
126
125
124
125
125
125
126
126
126
126
127
127
128
126
124
123
123
123
123
123
123
124
123
125
124
125
126
125
125
127
127
127
127
126
126
125
124
125
125
125
126
125
126
127
126
126
127
126
126
125
126
126
125
125
125
126
126
125
125
124
124
125
126
125
126
126
126
126
126
126
125
124
125
126
126
126
126
125
126
126
125
126
126
126
125
126
127
126
125
67
125
125
126
126
126
126
126
126
126
126
126
125
126
126
126
126
126
126
126
125
125
126
126
125
126
125
126
126
125
126
126
126
126
126
125
125
126
126
126
126
126
126
125
126
126
126
126
126
125
126
126
126
125
125
126
125
126
125
126
126
126
126
126
126
126
125
125
125
125
125
126
125
125
126
126
125
125
125
125
125
125
125
125
125
125
126
126
125
125
125
125
125
125
125
126
125
125
126
125
125
125
125
125
125
125
125
126
125
125
125
125
125
125
125
125
125
125
126
125
126
125
125
125
125
125
125
125
125
125
125
125
125
125
125
125
125
126
125
125
126
125
125
125
125
126
125
125
125
125
125
125
126
125
125
125
125
125
125
125
125
125
125
125
125
125
125
125
125
125
125
125
125
126
125
125
126
125
125
125
125
125
125
125
125
125
125
125
125
125
125
125
125
126
125
125
125
125
125
125
125
125
125
125
125
125
125
125
125
125
125
125
125
125
126
126
125
125
125
125
125
125
125
125
125
125
125
125
125
125
125
125
125
125
125
125
125
125
125
125
125
125
125
125
125
125
125
125
125
125
125
125
125
125
125
125
125
125
125
125
125
125
125
125
125
125
125
125
125
125
125
125
125
125
125
125
125
125
125
125
125
125
125
125
125
125
125
125
125
125
125
126
124
125
125
126
125
126
125
125
125
125
125
125
125
125
126
126
126
126
125
125
125
126
126
125
126
125
126
126
126
126
126
126
125
125
125
125
125
126
125
125
125
125
126
125
126
125
125
125
126
126
125
126
125
125
126
125
126
126
126
125
125
126
124
