125
126
124
125
125
125
35
126
126
126
125
126
126
126
126
126
126
125
126
126
126
126
126
126
126
126
126
126
126
126
126
126
126
126
126
126
125
126
125
126
125
125
125
126
126
125
126
126
126
125
125
126
125
126
126
126
126
126
126
126
125
126
126
126
126
126
126
126
125
126
125
126
126
126
126
126
126
126
125
126
126
126
126
126
126
126
126
125
126
126
126
126
126
126
126
125
126
125
126
126
126
126
126
126
126
125
125
125
125
125
125
125
125
125
125
125
125
125
125
125
125
125
126
125
126
125
125
125
125
125
125
125
125
125
126
126
125
125
125
125
125
125
125
125
125
125
125
125
125
125
125
125
125
125
125
125
125
125
125
125
125
125
125
125
125
125
125
125
125
125
125
125
125
125
125
125
125
125
125
125
125
125
125
125
125
125
125
125
125
125
125
125
125
125
125
125
125
125
125
125
125
125
125
125
125
125
125
125
125
125
125
125
125
125
126
124
125
126
125
125
126
126
126
125
126
125
126
125
126
125
125
126
126
126
125
126
125
126
125
125
125
125
126
125
126
126
125
125
125
125
125
126
125
126
125
125
125
126
125
126
125
126
125
125
126
125
125
126
126
126
125
126
125
125
126
125
125
126
126
125
125
125
124
125
125
126
126
126
126
126
126
126
126
126
126
125
126
126
125
125
126
125
125
125
125
126
126
126
126
125
125
125
125
125
125
125
125
126
125
126
125
125
125
125
126
126
125
125
126
125
125
125
125
125
126
125
125
125
126
126
126
126
126
125
125
126
126
126
126
125
126
126
125
125
125
125
126
125
126
126
126
126
126
125
125
125
125
126
126
126
126
125
125
126
126
126
125
125
125
126
126
125
125
126
125
125
125
126
126
125
125
125
125
126
125
125
126
126
126
126
125
126
126
126
126
126
125
126
126
125
125
125
125
126
125
125
125
126
126
125
124
124
125
127
127
127
128
126
125
125
126
126
126
126
126
126
125
125
125
125
126
126
125
125
125
125
124
125
126
125
125
125
126
126
125
125
125
126
127
127
126
126
125
125
125
125
125
126
125
125
126
126
126
126
124
123
124
126
127
126
125
124
126
126
126
124
123
125
127
128
126
125
125
125
125
125
126
126
126
126
125
124
124
125
124
125
128
129
127
124
123
124
125
126
126
125
124
124
125
126
126
126
126
127
126
125
124
124
125
126
127
125
123
124
127
128
125
122
122
124
126
127
126
124
125
125
126
126
126
124
125
128
129
124
122
124
126
125
124
122
122
126
129
128
121
119
128
137
127
114
120
135
136
129
129
126
111
93
80
98
140
190
212
208
153
62
2
19
77
255
255
144
37
26
37
144
255
234
14
1
122
190
185
154
84
52
101
136
124
138
174
155
103
84
119
132
115
120
150
142
105
98
119
139
149
138
118
113
123
124
111
107
123
145
149
137
121
112
113
124
133
129
122
123
131
135
133
125
118
117
121
122
122
125
130
131
128
126
129
128
122
119
123
128
127
126
128
129
125
121
122
126
129
130
131
131
128
124
122
123
123
122
122
125
126
126
125
126
127
127
127
126
126
125
124
125
127
127
127
128
128
126
125
127
128
126
123
122
125
128
129
126
123
124
126
127
123
120
122
131
136
131
120
115
121
129
131
131
133
130
121
116
121
127
128
126
125
126
128
129
127
124
122
122
124
127
130
129
126
125
125
126
126
126
125
125
126
126
125
125
125
126
126
126
127
126
125
125
126
126
126
125
125
125
125
125
125
125
126
127
127
127
126
125
125
125
125
126
126
125
125
125
126
125
126
128
127
127
127
126
125
125
126
125
125
125
125
126
126
124
124
126
127
126
126
126
125
126
126
125
124
125
126
126
126
125
126
127
127
126
125
125
125
125
125
126
123
126
127
126
125
125
125
126
126
126
126
126
126
126
126
125
125
125
126
126
126
126
125
125
126
126
126
126
126
126
125
125
125
125
126
126
126
126
126
126
127
126
126
126
126
126
125
125
125
125
125
125
126
126
125
125
126
126
126
126
126
125
126
126
125
125
126
124
124
125
126
126
127
127
126
126
125
126
125
125
125
125
126
126
125
125
125
125
125
125
126
126
126
125
125
125
125
126
125
126
126
125
125
125
125
125
125
126
125
125
125
125
125
125
125
126
126
126
125
125
126
125
125
125
125
126
125
125
125
126
126
126
126
125
125
126
126
126
125
125
125
125
126
126
126
126
125
125
125
125
126
126
125
125
126
125
125
126
127
126
126
126
125
125
125
126
126
125
125
125
125
126
126
125
125
126
126
126
126
126
126
126
126
125
126
125
125
125
126
126
125
125
125
125
125
125
125
125
126
125
125
126
125
126
126
125
125
125
126
125
125
126
125
125
125
125
125
128
126
126
125
125
125
125
125
125
125
125
125
125
125
125
125
126
125
125
126
125
125
125
125
125
125
125
125
125
126
126
125
125
125
125
125
125
125
126
125
125
125
125
125
125
125
125
126
126
125
125
125
125
125
125
126
125
126
126
125
125
125
125
125
125
125
125
125
125
126
125
125
125
125
125
125
125
125
125
125
125
126
125
125
125
125
125
125
126
125
125
126
125
125
125
126
125
125
125
125
126
126
125
125
125
125
125
126
125
125
125
125
125
126
125
126
125
125
125
125
125
125
125
125
125
126
126
125
126
126
125
125
125
125
125
126
125
125
125
125
126
125
125
126
126
125
126
126
132
122
124
126
125
126
126
126
126
125
125
125
125
125
125
126
126
125
126
125
125
125
125
125
125
118
122
127
126
127
128
127
127
127
127
126
126
126
126
126
126
126
126
126
126
125
125
126
126
126
126
126
126
126
126
126
126
126
126
126
126
125
125
125
126
126
126
123
122
125
125
126
127
127
127
127
126
126
126
126
126
126
126
126
125
126
126
126
126
126
126
124
125
125
126
126
126
126
126
126
126
125
125
125
126
126
125
126
126
125
126
126
126
126
125
125
125
126
126
125
125
125
125
126
126
126
126
125
125
125
126
126
126
125
125
126
126
126
126
126
126
126
125
126
125
125
125
126
126
126
125
126
126
125
126
126
126
125
125
126
125
126
126
126
125
126
126
126
125
126
127
126
125
125
126
127
126
125
125
126
127
127
125
123
124
127
126
124
124
126
128
127
126
125
126
127
128
125
123
124
125
126
125
125
126
126
126
126
126
126
126
126
126
125
124
125
127
133
128
125
124
124
123
124
124
124
124
125
126
125
125
126
127
126
127
127
126
126
126
125
125
125
126
125
125
129
130
126
124
125
124
124
123
123
124
125
127
125
125
124
125
125
126
126
125
124
125
126
126
126
126
126
126
126
126
125
125
125
126
126
125
125
125
125
125
124
125
125
125
125
125
126
125
126
126
126
125
125
126
126
125
125
125
125
126
126
126
126
126
125
125
126
125
125
125
125
125
125
125
125
125
126
127
125
125
125
125
125
125
124
125
125
125
126
125
126
126
125
126
126
126
125
124
125
126
125
125
125
125
126
126
124
125
126
125
126
125
126
125
125
125
125
125
125
125
125
125
126
126
126
126
126
125
126
126
125
125
125
124
125
125
127
126
126
125
126
125
124
124
124
125
125
125
125
125
125
125
125
126
126
125
126
160
104
120
124
124
125
128
127
127
126
126
125
125
125
125
124
124
124
125
125
124
124
125
125
126
126
126
126
126
125
127
126
126
126
126
126
125
125
126
125
125
126
125
125
125
126
126
125
125
126
126
126
127
126
126
126
126
126
126
125
125
125
126
125
68
118
126
123
124
133
131
132
133
133
132
131
131
130
128
128
127
126
127
126
126
126
126
128
127
126
126
126
126
36
125
125
125
125
125
125
125
125
125
125
125
125
125
125
125
125
125
125
125
125
125
125
125
125
125
125
125
125
125
125
125
125
125
125
125
125
125
125
125
125
125
125
126
125
125
125
125
125
125
125
126
125
125
125
125
125
125
125
125
125
125
125
125
125
125
125
125
125
125
125
126
125
125
125
126
125
126
126
126
125
126
126
125
125
125
125
125
125
126
126
126
126
126
125
125
125
125
125
126
125
125
126
125
125
125
125
125
125
125
125
126
126
125
126
126
126
126
126
126
125
126
126
125
126
126
126
125
125
126
126
125
125
126
125
126
125
125
125
125
126
126
125
125
125
126
126
126
125
125
126
126
126
125
125
126
125
125
125
125
125
125
125
125
125
126
125
125
125
125
126
126
125
126
126
125
125
126
125
125
126
125
125
125
126
126
126
125
125
126
125
125
125
125
125
125
125
125
125
125
126
125
125
125
125
125
125
126
125
125
126
125
125
126
125
125
126
126
126
125
126
125
126
125
125
125
125
125
125
126
126
125
126
125
125
125
125
125
125
126
125
125
125
126
126
125
125
125
125
126
126
126
126
125
125
125
125
126
125
126
126
125
126
125
126
126
126
126
125
126
126
126
126
125
125
125
126
125
126
125
126
126
126
126
125
125
126
126
126
126
126
125
125
125
126
125
125
125
125
125
126
125
125
125
125
125
125
126
125
125
125
126
126
126
126
126
126
126
126
125
125
125
125
125
126
125
125
126
125
125
126
126
126
126
125
126
126
126
125
125
125
126
126
125
125
125
126
126
125
125
125
126
126
125
125
