126
127
126
127
127
126
49
125
125
125
125
125
125
125
125
125
125
125
125
125
125
125
125
125
125
125
125
125
125
125
125
125
125
125
125
125
125
125
125
125
125
125
125
125
125
125
125
125
125
125
125
125
125
125
125
125
125
125
125
125
125
125
125
125
125
125
125
125
125
125
125
125
125
125
125
125
125
125
125
125
125
125
125
125
125
125
125
125
125
125
125
125
125
125
125
125
125
125
125
125
125
125
125
125
125
125
125
125
125
125
125
125
125
125
125
125
125
125
125
125
125
125
125
125
125
125
125
125
125
125
125
125
125
125
125
125
125
125
125
125
125
125
125
125
125
125
125
125
125
125
125
125
125
125
125
125
125
125
125
125
125
125
125
125
125
125
125
125
125
125
125
125
125
125
125
125
125
125
125
125
125
125
125
125
125
125
125
125
125
125
125
125
125
125
125
125
125
125
125
125
125
125
125
125
125
125
125
125
125
125
125
125
125
125
125
126
126
125
125
125
125
125
125
125
125
125
125
125
125
125
125
125
125
125
125
125
125
125
125
125
125
125
125
125
125
125
125
125
125
125
125
125
125
125
125
125
125
125
125
125
125
125
125
125
125
125
125
125
125
125
125
125
125
125
125
125
125
125
125
125
125
125
125
125
125
125
125
125
125
125
125
125
125
125
125
125
125
125
125
125
125
125
125
125
125
125
125
125
125
125
125
125
125
125
125
125
125
125
125
125
125
125
125
125
125
125
125
125
125
124
124
125
125
125
125
125
125
125
125
125
125
125
125
125
125
125
125
125
125
125
125
125
125
125
125
125
125
125
125
125
125
125
125
125
125
125
125
125
125
125
125
125
125
125
125
125
125
125
125
125
125
125
125
125
125
125
125
125
125
125
125
125
125
125
125
125
125
125
125
125
125
125
125
125
125
125
125
125
125
125
125
125
125
125
125
125
125
125
125
125
125
125
125
125
125
125
125
125
125
125
125
125
125
125
125
125
125
125
125
125
125
125
125
125
125
125
125
125
125
125
125
125
125
125
125
125
125
125
125
125
125
125
125
125
125
125
125
125
125
125
125
125
125
125
125
125
125
125
125
125
125
125
125
125
125
125
125
125
125
125
125
125
125
125
125
125
125
125
125
125
125
125
125
125
125
125
125
126
126
126
126
124
124
124
124
123
125
128
130
128
125
124
125
124
123
125
127
127
126
123
123
124
125
127
132
136
130
113
99
104
115
125
140
156
174
178
125
30
59
171
195
106
66
89
118
214
184
52
105
152
102
84
148
144
162
195
77
18
135
236
158
49
57
126
186
186
108
38
86
189
189
106
75
128
165
119
74
123
179
142
74
92
162
168
111
82
117
159
146
105
109
139
132
104
117
155
153
104
84
129
169
138
82
94
150
162
119
97
118
145
140
115
110
132
147
133
112
110
123
132
125
117
123
136
137
127
120
122
126
122
117
121
131
133
126
120
123
128
127
125
125
126
126
125
126
126
125
122
122
125
127
126
126
127
129
129
126
123
121
122
125
126
125
125
127
130
128
124
122
123
125
126
124
121
119
122
130
134
130
123
121
125
129
125
124
125
126
127
127
124
122
123
127
130
128
123
121
124
129
130
126
120
119
127
135
132
122
115
118
126
129
125
123
132
140
129
111
110
130
142
132
119
122
132
130
122
121
126
128
122
118
126
133
129
123
124
128
127
123
123
125
125
126
128
126
123
122
127
131
129
123
122
123
126
129
129
126
125
126
126
125
125
125
123
122
124
127
129
128
126
125
125
125
126
126
127
126
125
124
124
126
127
125
124
125
125
125
125
126
127
127
126
126
126
127
127
125
124
123
125
126
127
126
126
125
125
124
125
127
126
125
124
126
126
126
127
127
126
125
125
126
126
125
125
126
126
125
125
125
125
125
125
126
126
126
125
125
126
126
126
125
126
126
126
126
125
125
126
127
126
126
125
125
125
126
126
124
123
126
131
130
121
113
119
137
144
128
110
111
127
138
133
122
121
128
130
121
118
131
141
127
108
114
135
139
125
119
124
126
124
125
130
128
122
122
126
127
126
126
126
126
126
126
124
122
125
128
128
124
123
125
126
125
125
127
128
126
123
123
126
126
127
126
125
124
125
126
126
127
126
125
125
125
125
125
125
125
124
125
126
126
126
125
126
126
125
125
125
125
125
125
126
126
125
125
124
124
126
127
126
125
124
125
125
126
125
125
124
125
125
124
125
126
126
125
125
125
125
126
127
127
126
126
125
124
125
124
125
126
127
126
125
125
124
124
125
125
125
125
125
125
126
126
126
125
125
125
125
125
125
125
127
120
125
125
125
127
127
127
126
126
126
125
125
125
126
126
125
125
126
125
125
125
125
125
125
126
126
126
126
126
126
126
126
126
126
125
126
126
126
125
126
126
125
125
125
125
126
125
125
126
126
126
126
126
126
126
125
125
125
126
126
126
125
125
125
126
125
124
124
125
125
126
126
125
126
128
129
127
124
123
124
126
128
128
124
122
125
127
127
126
125
125
125
125
125
125
125
126
126
125
124
124
124
126
127
127
124
123
125
127
127
126
125
125
125
126
126
126
125
124
124
125
125
125
125
126
126
126
126
126
126
125
125
125
125
125
125
125
125
125
125
126
126
125
126
125
126
126
126
125
125
125
125
125
125
125
125
125
125
125
126
127
127
126
126
126
126
126
125
124
125
125
125
125
125
126
126
126
125
126
126
126
125
125
125
125
125
125
125
125
125
125
125
125
125
126
126
126
125
125
126
125
125
125
125
126
125
125
126
125
125
126
125
125
126
125
126
128
127
126
125
125
124
125
125
124
125
125
125
124
125
125
125
125
125
126
126
125
125
126
126
126
125
125
125
125
126
126
125
125
125
125
125
125
125
125
125
125
125
125
125
125
125
125
125
125
125
125
125
125
125
125
125
125
125
124
125
125
125
126
125
125
125
125
125
125
125
125
125
125
125
125
126
126
125
125
125
125
125
125
125
125
125
125
126
125
125
125
125
125
125
125
125
126
126
125
125
125
126
125
125
125
125
125
125
125
125
125
131
123
109
129
124
126
127
127
127
127
126
126
126
125
126
126
125
126
126
126
126
125
126
108
115
128
127
128
130
129
129
128
127
127
127
127
127
126
125
125
126
127
128
127
125
125
126
127
127
127
126
125
125
127
126
125
125
125
125
126
125
126
125
125
126
127
128
127
121
124
126
127
126
127
128
126
126
126
126
126
127
126
127
127
127
125
125
124
125
125
125
125
125
124
125
125
126
125
125
126
126
126
126
126
125
125
125
124
125
125
126
125
125
125
125
125
125
125
127
127
125
124
124
125
126
127
127
126
125
125
126
126
125
125
124
124
125
126
127
126
126
126
125
126
126
126
126
125
126
127
126
126
126
126
125
125
125
126
125
126
126
126
124
125
126
127
125
123
125
127
126
126
126
124
125
125
125
125
126
126
126
126
126
125
124
125
126
127
127
126
126
125
126
126
125
126
126
126
126
125
125
126
126
126
126
125
125
125
125
126
126
125
125
125
125
125
128
126
132
125
127
127
123
121
124
125
123
124
126
126
124
125
127
126
125
125
126
125
126
127
126
125
127
130
131
126
125
125
124
123
123
123
123
126
126
124
125
125
126
126
123
124
126
128
125
124
124
129
130
124
120
121
129
129
124
123
125
125
123
126
130
129
120
119
132
136
122
115
124
129
124
123
126
124
123
125
126
126
125
127
128
127
126
126
125
126
126
124
123
124
125
126
125
125
126
126
126
126
126
126
125
125
125
125
124
124
124
125
126
150
92
119
124
128
126
128
127
127
128
128
125
126
125
123
121
124
125
50
125
125
125
125
125
125
125
125
125
125
125
125
125
125
125
125
125
125
126
125
125
125
125
125
125
126
126
126
126
126
126
126
126
126
125
126
126
126
126
126
126
125
126
125
125
126
125
126
126
125
125
126
125
126
126
125
125
125
125
125
126
125
126
125
125
126
125
125
125
126
126
125
125
125
126
125
125
125
126
126
125
125
125
125
126
125
125
126
125
125
125
125
125
126
125
126
125
125
125
125
125
125
125
125
125
125
125
125
125
125
125
125
125
125
125
126
125
125
125
125
125
125
125
125
125
125
125
125
125
125
125
125
125
125
125
125
125
125
125
126
125
125
126
125
125
126
125
125
125
125
125
125
125
125
125
125
125
125
125
125
125
125
125
125
125
125
125
125
125
125
125
125
125
125
125
125
125
125
125
125
125
125
125
125
125
125
125
125
125
125
125
125
125
125
125
125
125
125
125
125
125
125
125
125
126
125
125
125
125
125
125
125
125
125
125
125
125
125
125
125
125
125
125
125
125
125
125
125
125
125
125
126
125
125
126
126
125
125
125
125
125
125
125
125
125
125
125
125
125
125
125
125
125
125
125
125
125
125
125
125
125
125
125
125
125
125
125
125
125
125
125
125
125
125
125
125
125
125
125
125
125
125
125
125
125
125
125
125
125
125
125
125
125
125
125
125
125
125
125
125
125
125
125
125
125
125
125
125
125
125
125
125
124
125
125
125
125
126
126
125
125
126
125
125
125
125
126
125
125
126
125
125
125
125
125
125
125
125
125
125
126
125
125
125
126
125
125
125
126
125
126
126
126
127
