125
125
124
124
125
126
31
125
125
126
125
125
125
125
125
125
125
125
125
125
125
125
125
125
125
126
125
125
125
125
126
125
125
125
125
125
125
125
125
125
125
125
125
125
125
125
125
125
125
126
125
125
125
125
125
125
125
125
125
125
125
125
125
125
125
125
125
125
125
125
125
125
125
125
125
125
125
126
125
125
125
125
125
125
125
125
126
125
125
125
125
125
125
125
125
125
125
125
125
125
125
125
125
126
125
125
125
125
125
125
125
125
125
125
125
125
125
125
125
125
125
125
125
125
125
125
125
125
125
125
125
125
125
125
125
126
126
126
125
125
125
125
125
125
125
125
125
125
125
125
125
125
125
125
125
125
125
125
125
126
125
125
125
125
125
125
125
125
125
125
125
125
125
125
126
125
125
125
125
125
125
125
125
125
125
125
125
125
125
125
125
125
125
125
125
125
125
125
125
125
125
125
125
125
125
125
125
125
125
125
125
125
125
125
125
125
125
125
125
125
125
125
125
125
125
125
125
125
125
125
125
125
125
126
125
125
125
125
125
125
126
125
125
125
125
126
126
125
125
125
125
125
125
125
125
125
125
125
125
125
125
125
125
125
125
126
126
125
126
126
126
125
125
124
125
125
125
125
125
125
126
126
125
125
125
126
127
127
126
125
125
125
125
125
125
125
126
125
125
126
126
126
125
125
126
126
125
124
124
124
125
126
125
125
125
126
127
127
126
126
125
125
125
125
125
125
126
126
126
126
126
126
125
124
124
124
125
125
125
125
126
125
125
125
125
125
125
125
125
125
125
125
125
125
125
125
126
126
126
126
125
125
125
125
125
125
125
125
126
125
125
125
126
125
125
125
125
125
126
125
125
125
125
125
125
125
125
126
126
127
125
125
125
126
126
126
125
126
126
126
126
126
126
125
126
126
126
126
126
126
125
125
125
125
125
126
126
126
126
125
126
126
126
126
125
125
125
127
128
127
125
124
125
126
126
125
125
125
126
127
127
126
126
126
126
125
125
125
126
128
127
124
123
125
127
126
125
126
125
123
126
130
127
122
125
129
124
122
127
128
125
124
125
126
126
126
126
126
125
125
126
126
125
124
125
126
125
125
125
126
125
125
126
129
127
124
124
126
125
124
124
125
127
128
126
123
124
128
126
125
126
124
124
129
128
124
123
125
126
126
126
125
125
126
125
125
126
128
125
124
127
127
123
123
128
129
124
121
128
129
122
122
130
125
119
131
130
118
125
134
124
124
130
122
120
132
127
116
125
133
123
121
127
127
129
128
121
122
132
136
117
92
101
132
155
187
196
100
21
40
211
255
183
55
4
43
200
255
212
1
44
120
255
163
31
100
195
119
64
188
255
124
33
17
109
255
255
122
8
48
151
162
129
132
111
85
106
152
181
156
95
51
77
144
170
157
143
119
95
107
136
133
116
119
122
114
120
140
141
126
126
129
114
100
114
143
152
138
123
118
116
118
125
128
123
118
119
125
136
145
138
115
104
117
135
139
126
115
116
127
133
132
127
127
130
128
121
119
124
129
128
125
122
122
125
128
131
131
128
123
120
121
126
130
130
126
122
120
125
131
132
128
124
122
122
124
126
125
124
126
128
128
126
125
126
127
128
126
125
123
123
123
125
126
127
126
125
126
128
128
127
124
123
125
126
127
127
125
124
124
125
127
127
126
123
122
123
125
128
129
129
128
126
125
124
124
124
123
123
124
126
126
126
126
125
125
125
126
126
126
127
127
126
126
126
125
124
124
124
125
126
127
126
126
126
125
125
125
126
127
127
126
125
124
124
124
124
125
126
126
126
126
126
126
126
126
125
125
126
126
125
125
125
125
125
125
125
125
125
125
126
126
125
125
125
126
126
126
125
125
125
125
125
125
125
126
126
126
125
125
125
126
126
126
125
125
125
125
125
125
125
125
125
125
125
125
125
126
126
125
125
125
125
126
126
126
126
126
126
125
125
125
126
126
126
126
125
125
125
125
125
125
125
126
126
126
126
125
125
126
127
126
124
124
125
125
125
125
125
126
126
125
125
125
125
125
125
126
125
125
125
125
125
125
125
125
125
125
125
125
125
126
126
125
125
125
126
126
125
125
125
125
125
124
124
125
126
126
126
126
126
125
126
125
125
125
125
125
125
125
126
126
126
126
125
125
125
125
125
126
125
125
125
125
126
126
126
126
125
125
125
126
125
125
125
125
125
125
125
125
125
125
126
126
125
125
126
126
126
126
126
125
125
125
125
125
125
125
125
126
126
126
126
125
125
125
125
125
125
125
125
126
126
125
126
126
125
126
126
125
126
126
125
125
125
125
125
125
125
125
125
125
125
126
125
125
125
125
125
126
125
125
126
125
126
125
125
125
125
125
125
125
125
125
125
125
125
125
125
125
126
126
126
125
125
125
125
125
125
125
126
126
126
125
125
125
126
126
126
125
125
125
125
129
126
122
125
126
125
126
126
125
125
126
126
125
125
126
125
125
126
126
126
126
126
126
126
126
126
126
126
126
126
126
126
126
126
126
125
126
126
126
126
126
125
126
126
126
126
126
126
126
125
125
125
126
126
126
126
126
126
126
125
126
126
126
125
126
126
126
126
125
126
127
129
126
125
121
124
124
125
126
127
126
125
126
127
126
126
126
125
125
125
126
125
126
126
126
125
125
126
126
125
125
125
126
125
122
125
126
126
127
127
127
126
126
126
126
126
126
125
124
125
126
127
127
125
125
126
125
125
126
126
124
124
125
126
126
125
125
125
126
127
127
127
127
126
126
126
125
125
124
124
125
125
125
125
126
126
126
126
126
126
126
125
126
125
125
125
126
126
125
125
125
125
126
126
126
125
125
126
126
126
125
125
125
125
125
125
125
126
126
126
126
125
126
126
126
126
126
125
126
126
126
126
126
126
126
125
125
125
125
125
125
125
125
125
126
126
125
126
125
125
126
126
125
126
130
126
125
125
125
124
125
125
125
125
125
125
125
125
125
126
125
125
125
125
126
126
125
125
126
125
125
125
125
123
125
125
126
126
126
126
125
126
126
126
126
126
125
125
126
127
126
125
125
126
126
126
125
125
125
125
126
126
125
125
125
125
126
126
126
125
125
125
126
125
125
125
125
126
125
125
126
126
125
125
126
126
125
125
125
125
126
125
125
126
126
125
125
125
125
126
125
125
126
126
131
126
124
125
124
123
124
125
124
125
125
125
125
125
125
125
124
124
125
126
126
125
126
127
127
126
125
125
125
124
125
126
126
125
124
125
127
126
126
125
125
125
118
125
126
125
125
125
125
126
126
125
125
125
124
124
125
125
125
125
125
126
125
126
125
126
125
125
125
124
125
124
125
124
125
125
126
125
124
125
126
126
125
125
124
125
125
125
125
126
126
126
126
125
124
125
125
125
124
126
126
125
123
123
126
127
126
125
124
124
126
126
125
125
125
125
123
125
126
125
125
126
126
124
125
127
127
126
124
123
124
125
125
123
123
126
126
123
125
128
126
122
122
127
131
129
124
118
121
126
129
128
127
126
122
118
122
129
132
128
126
124
124
124
124
125
127
126
125
122
122
124
126
127
125
123
124
127
128
127
124
124
125
125
126
125
123
123
125
125
125
125
124
126
125
125
124
125
127
127
126
124
122
124
127
128
126
124
124
124
125
126
126
125
125
125
125
126
125
124
125
125
126
126
125
125
126
124
125
124
124
125
125
125
125
125
126
126
125
125
125
125
125
126
125
124
124
125
125
125
127
126
125
124
125
125
125
125
125
126
125
125
125
124
125
124
124
125
124
123
125
125
125
126
125
127
127
126
126
125
125
124
124
126
125
124
125
125
125
32
125
125
125
125
125
125
125
125
125
125
125
125
125
125
125
125
125
125
125
125
125
125
125
125
125
125
125
125
125
125
125
125
125
125
125
125
125
125
125
125
125
125
125
125
125
125
125
125
125
125
125
125
125
125
125
126
126
125
125
126
125
125
125
126
125
125
125
125
125
125
125
125
125
125
125
125
125
125
125
125
125
125
125
125
125
125
125
125
125
125
125
125
125
125
125
125
125
125
125
125
125
125
125
125
125
125
125
125
125
125
125
125
125
125
125
125
125
125
125
125
125
125
125
125
125
125
125
125
125
125
125
125
125
125
125
125
125
125
125
125
125
125
125
125
125
125
125
125
125
125
125
125
125
125
125
125
125
125
125
125
125
125
125
125
125
125
125
125
125
125
125
125
125
125
125
125
125
125
125
125
125
125
125
125
125
125
125
125
125
125
125
125
125
125
125
125
125
125
125
125
125
125
125
125
125
125
125
125
125
125
125
125
125
125
125
125
125
125
125
125
125
125
125
125
125
125
125
125
125
125
125
125
125
125
125
125
125
126
125
125
125
125
125
125
125
125
125
125
125
125
125
125
125
125
125
125
125
125
125
125
125
125
125
125
125
125
125
126
125
125
125
125
125
126
126
125
125
125
125
126
126
125
125
125
126
125
125
125
125
126
125
125
125
126
125
125
125
126
125
124
125
125
125
125
125
125
125
126
126
125
125
125
125
126
125
125
125
126
125
125
125
125
125
126
125
125
125
125
125
125
125
125
125
125
125
125
125
125
125
125
125
125
125
125
125
125
125
125
126
126
126
126
126
124
