118
125
133
132
125
122
86
125
125
125
125
125
125
125
125
125
125
125
125
125
125
125
125
125
125
125
125
125
125
125
125
125
125
125
125
125
125
125
125
125
125
125
126
125
125
125
125
125
125
126
125
125
125
126
126
126
126
126
126
126
126
126
126
126
126
126
126
126
126
126
126
126
126
126
126
126
126
126
126
126
126
126
126
126
126
126
126
126
126
126
126
126
126
126
126
126
126
126
126
126
126
126
126
126
126
126
126
126
126
126
126
126
126
126
126
126
126
126
126
126
126
126
126
125
126
126
126
126
126
126
125
125
126
126
125
125
126
126
126
126
125
125
125
125
125
126
126
126
125
125
126
126
126
125
125
126
125
125
125
125
125
125
125
125
125
126
125
126
125
126
126
125
126
126
126
125
126
125
125
125
125
125
126
125
126
126
126
125
126
126
125
126
126
125
126
125
125
125
125
125
126
125
126
126
125
126
126
126
126
126
126
125
125
126
126
125
125
126
125
125
126
126
125
125
125
126
125
125
126
125
126
126
125
125
125
126
126
126
125
126
125
125
125
125
125
126
125
125
125
125
126
125
125
125
126
125
126
125
126
125
125
125
125
126
126
126
126
125
125
126
126
125
125
126
126
125
125
125
125
125
125
125
125
125
125
125
125
126
125
125
125
125
125
125
125
125
125
126
125
125
125
125
125
125
125
125
125
125
125
125
125
125
125
125
125
125
125
125
125
126
126
125
125
125
125
125
125
125
125
125
126
125
125
125
125
125
125
125
125
125
125
125
125
125
125
125
125
125
125
125
125
125
125
125
125
125
125
125
125
125
125
125
125
125
125
125
125
125
125
125
125
125
125
125
125
125
125
125
125
125
126
125
126
125
125
125
125
125
125
125
125
126
125
125
125
125
125
126
125
126
126
125
125
125
125
125
125
125
125
125
126
125
125
125
125
125
125
125
125
125
125
125
125
125
125
125
125
125
125
125
125
125
125
125
125
125
125
125
125
125
126
125
125
126
125
126
125
125
125
125
125
125
125
125
125
125
125
125
125
125
125
125
125
125
125
125
125
125
125
125
125
125
125
125
125
125
125
125
125
125
125
125
125
125
125
125
125
125
125
125
125
125
125
125
125
125
125
125
125
125
125
125
125
125
125
125
125
125
125
125
125
125
125
125
125
125
125
125
125
125
125
125
125
125
125
125
125
125
125
125
125
125
125
125
125
125
125
125
125
125
125
125
125
125
126
125
125
125
125
125
125
125
125
125
125
125
125
125
125
125
125
125
125
125
125
125
125
125
125
125
125
125
125
125
125
125
125
125
125
125
125
125
125
125
125
125
125
125
125
125
125
125
125
125
125
125
125
125
125
125
125
125
125
125
126
126
125
125
126
126
126
125
125
125
126
126
126
125
125
126
125
125
125
126
125
124
125
126
126
124
124
125
127
126
125
125
125
126
126
126
125
125
125
125
125
125
125
125
125
125
125
126
126
125
125
125
126
126
126
126
125
124
124
125
126
126
125
125
125
126
126
126
125
125
125
126
126
125
125
125
125
125
127
126
125
125
124
125
126
125
126
126
125
125
125
126
125
125
126
126
126
126
126
125
126
125
125
125
126
126
125
126
126
125
125
126
126
125
125
125
126
126
125
125
125
125
126
126
125
125
126
125
124
125
126
125
125
126
125
125
126
126
125
125
126
125
125
126
125
125
125
126
125
125
126
126
125
126
126
125
125
126
126
125
125
126
125
125
126
125
125
125
126
125
125
126
125
125
125
126
125
125
126
126
125
125
126
126
125
125
126
125
125
126
126
125
125
126
125
125
126
125
125
125
126
126
125
125
125
125
126
126
125
125
126
125
125
125
126
125
125
126
126
125
125
126
126
125
125
126
125
125
126
126
125
125
126
126
125
125
126
126
125
125
126
126
125
125
125
125
125
125
125
125
125
126
125
125
125
126
126
125
125
125
125
125
125
125
125
125
125
126
126
126
125
125
125
125
126
125
125
125
125
125
125
125
125
125
125
125
125
125
126
126
125
125
125
125
125
125
125
125
125
126
126
125
125
126
126
126
125
125
125
126
127
125
125
125
125
125
125
125
125
125
125
125
125
125
125
125
126
126
125
125
125
125
125
125
125
125
125
125
125
125
125
125
125
125
125
125
125
125
125
125
125
125
125
125
125
125
125
125
125
125
125
125
125
126
125
125
125
123
124
125
126
125
126
126
126
126
125
125
125
126
125
125
125
125
125
125
125
125
125
125
125
125
125
125
125
129
122
125
125
126
126
126
126
125
126
125
125
125
125
126
126
126
126
126
125
126
126
125
126
126
126
125
126
126
126
126
126
126
126
126
125
126
126
126
126
126
126
126
126
126
126
126
125
126
126
126
126
125
125
125
126
126
126
126
126
126
126
126
126
126
126
126
125
126
126
126
126
126
124
123
125
125
126
127
127
127
126
126
126
126
126
126
126
125
125
125
125
125
125
125
126
125
125
126
126
126
126
126
125
125
125
125
125
125
126
125
125
125
126
126
126
126
126
125
125
126
126
125
124
125
126
126
126
125
125
125
125
127
127
126
126
126
126
126
126
125
125
124
125
126
127
124
125
125
126
125
126
126
126
125
125
126
127
127
125
123
124
126
126
126
126
127
127
126
126
126
125
124
125
126
124
122
125
128
127
124
125
127
128
125
123
123
125
126
125
124
127
128
131
129
128
124
122
125
128
121
119
125
129
123
120
127
130
122
121
129
130
130
131
129
128
128
123
116
114
113
113
116
126
135
140
143
141
137
137
137
129
117
111
110
109
108
110
114
121
128
135
140
141
142
143
137
127
121
118
117
114
112
114
120
124
127
130
130
128
129
132
130
125
124
126
127
126
126
129
128
126
122
122
121
121
118
122
127
126
124
127
130
131
131
127
125
128
124
120
116
120
123
125
126
128
127
126
128
129
129
126
126
126
122
120
124
126
127
129
131
127
123
125
129
129
125
121
120
120
121
122
127
131
125
119
124
132
131
127
123
120
118
123
127
128
129
130
128
123
119
123
132
135
124
116
119
126
124
125
128
125
125
136
135
118
115
130
132
123
124
124
115
118
130
129
121
129
135
124
120
129
128
126
133
122
107
127
147
126
110
129
130
101
116
156
135
100
126
149
107
90
146
170
114
103
153
137
75
106
177
147
89
124
163
107
67
127
160
109
109
183
189
104
61
107
138
119
137
159
110
62
110
187
166
92
87
126
144
145
144
119
96
107
140
155
136
115
101
101
138
179
143
92
96
132
134
129
145
141
99
83
123
154
139
123
118
106
111
142
150
124
114
130
134
111
108
131
140
130
130
130
118
114
118
121
130
133
127
125
118
119
122
132
135
130
121
119
124
128
127
123
123
127
130
130
124
120
124
130
128
125
129
130
125
118
118
124
129
128
124
124
128
128
124
123
127
131
131
124
116
114
122
130
129
122
124
129
133
131
126
122
121
123
124
123
124
126
126
124
124
122
122
127
132
130
124
122
125
126
126
126
125
125
127
130
128
125
125
126
124
122
123
126
126
127
129
126
123
123
127
124
124
127
128
122
118
120
124
127
130
129
122
121
127
130
127
125
128
128
121
119
126
132
130
123
119
122
127
130
128
126
123
126
126
122
118
118
124
133
138
131
119
116
124
128
127
127
126
125
122
123
127
130
125
122
123
126
127
125
126
127
127
126
126
128
130
127
119
112
112
123
139
141
127
116
117
130
142
137
118
109
117
127
127
124
125
128
127
122
121
125
128
126
124
123
126
129
124
120
122
128
133
131
124
122
126
127
122
120
124
126
128
130
130
126
124
125
124
123
123
124
123
125
129
130
127
85
125
125
125
125
125
125
125
125
125
126
125
125
125
125
125
125
125
125
125
125
125
125
125
125
125
125
125
125
125
125
125
125
125
125
125
125
125
125
125
125
125
126
125
125
125
125
125
125
125
125
125
126
125
125
125
125
125
125
125
125
125
125
125
125
125
125
125
125
125
125
125
125
125
125
125
125
125
125
125
125
125
125
125
125
125
125
125
125
125
125
125
125
125
125
125
125
125
125
125
125
125
125
125
125
125
126
126
125
125
125
125
125
125
125
125
125
125
125
125
125
125
125
125
125
125
125
125
125
125
125
125
125
125
125
125
125
125
125
125
125
125
125
125
125
125
125
125
125
125
125
125
125
125
125
125
125
125
125
125
125
125
125
125
125
125
125
125
125
125
125
125
125
125
125
125
125
125
125
125
125
126
125
125
125
125
125
125
125
125
125
125
125
125
125
125
125
125
125
125
125
125
125
125
125
125
125
125
125
125
125
125
125
125
125
125
125
125
125
125
125
125
125
125
125
125
125
125
125
125
125
125
125
125
125
125
125
125
125
125
125
125
125
125
125
125
125
125
125
125
125
125
125
125
125
125
125
125
125
125
125
125
125
125
125
125
125
125
125
125
125
125
125
125
125
125
125
125
125
125
125
125
125
125
125
125
125
125
125
125
125
125
125
125
125
125
125
125
125
125
125
125
125
125
125
125
125
125
125
125
125
125
125
125
125
125
125
125
125
125
125
125
125
125
125
125
125
125
125
125
125
125
125
125
125
125
125
125
125
125
125
125
125
125
125
125
125
125
125
125
125
125
125
125
120
