125
124
125
127
129
127
80
125
125
125
125
125
125
125
125
126
125
125
126
125
125
125
125
125
125
125
125
125
125
125
125
125
125
125
125
125
125
125
125
125
125
125
125
125
125
125
125
125
125
125
125
125
125
125
125
125
125
125
125
125
125
125
125
125
125
125
125
125
125
125
125
125
125
125
125
125
125
125
125
125
126
125
125
125
125
125
125
125
125
125
125
125
125
125
125
125
125
125
125
125
125
125
125
125
125
125
125
125
125
125
125
125
125
125
125
125
125
125
125
125
125
125
125
125
125
125
125
125
125
125
126
125
125
125
125
125
125
125
125
125
125
125
125
125
125
125
125
125
125
125
125
125
125
125
125
125
125
125
125
125
125
125
125
125
125
125
125
125
125
125
125
125
125
125
125
125
125
125
125
125
125
125
126
125
125
125
125
125
125
125
125
125
125
125
125
125
125
125
125
125
125
125
125
125
125
125
125
125
125
125
125
125
125
125
125
125
125
125
125
125
125
125
125
125
125
125
125
125
125
125
125
125
125
125
125
125
125
125
125
125
125
125
125
125
125
125
125
125
125
125
125
125
125
125
125
125
125
125
125
125
125
125
125
125
125
125
125
125
125
125
125
125
125
125
125
125
125
125
125
125
125
125
125
126
125
125
125
126
125
125
125
125
126
125
125
125
125
126
125
125
125
125
125
125
125
125
125
126
126
126
126
126
126
126
126
126
126
126
126
125
126
126
126
125
125
126
126
125
125
125
126
125
125
126
125
125
125
126
126
126
125
125
125
126
126
125
125
125
126
126
126
126
126
126
126
126
126
125
125
125
125
125
125
125
125
125
125
125
125
126
126
126
125
125
125
126
125
125
125
125
125
125
125
126
125
125
126
125
126
125
126
125
126
125
126
126
126
125
125
125
125
126
126
125
125
126
125
126
126
125
125
126
125
125
125
125
125
126
125
125
126
126
125
125
125
126
125
126
125
126
125
126
126
125
126
125
125
126
126
125
125
126
125
125
125
126
125
126
125
126
125
126
125
126
126
126
125
125
125
125
125
126
126
126
126
125
125
126
126
125
125
126
125
125
125
126
126
125
126
126
126
126
125
126
126
125
125
125
125
125
125
126
126
125
126
127
126
126
125
125
125
125
125
125
125
125
125
125
125
125
125
126
125
125
126
125
125
125
125
125
125
125
125
126
126
125
125
125
125
125
125
125
125
125
125
126
125
125
125
125
125
125
125
125
125
125
125
125
125
125
125
126
125
125
125
125
125
125
125
125
125
126
125
125
125
125
125
125
125
125
125
126
125
125
125
125
125
125
125
125
125
125
125
125
125
125
125
125
126
126
126
126
125
122
124
129
130
124
121
122
116
102
130
156
136
114
140
137
95
104
133
133
152
166
53
89
167
199
81
25
147
239
168
21
70
168
180
107
93
160
160
87
77
136
150
146
125
78
85
183
194
114
67
95
144
155
125
113
128
129
116
122
132
125
123
128
123
124
134
131
117
115
122
125
121
121
132
141
135
124
117
116
120
127
135
136
127
114
110
118
131
140
136
122
114
116
127
136
134
126
119
122
128
127
122
122
125
127
126
127
127
125
124
122
122
125
128
128
124
124
126
127
126
125
125
125
127
123
125
125
126
125
124
125
128
128
127
127
127
125
123
123
124
124
122
124
129
129
126
126
127
126
125
125
125
122
124
125
124
124
125
126
127
127
127
127
126
126
127
126
126
126
126
126
125
125
125
125
125
125
125
124
125
126
127
127
126
126
126
126
126
126
126
125
122
123
125
126
126
126
126
126
126
126
127
127
127
126
126
125
125
125
125
125
124
125
127
126
124
125
126
126
125
126
127
126
125
126
127
125
125
126
126
125
124
126
126
125
125
126
126
126
126
126
125
125
126
126
126
125
125
125
125
125
126
126
126
126
126
126
127
126
125
125
125
125
126
126
125
125
125
126
127
126
126
126
126
126
127
126
126
126
126
125
125
124
125
125
125
125
125
124
125
126
126
126
125
126
127
127
126
125
125
125
126
126
126
126
125
125
125
125
125
126
127
126
125
124
125
126
126
125
125
125
125
125
125
125
126
127
127
126
125
126
127
126
124
124
125
127
127
126
125
126
128
126
124
124
124
124
125
125
125
125
124
125
126
127
126
126
125
126
127
127
126
126
126
126
125
125
125
125
125
125
126
127
127
124
124
125
125
125
124
125
126
126
126
125
125
126
126
125
125
125
126
125
126
126
126
126
125
125
126
126
125
124
125
126
126
124
124
125
125
125
125
126
126
125
125
125
126
126
125
125
125
125
125
125
125
125
126
126
125
125
125
126
125
124
125
126
126
125
125
125
125
126
126
125
125
125
125
126
125
125
125
126
123
124
125
126
126
126
126
126
126
126
126
125
125
125
125
126
126
126
126
125
125
126
126
126
125
126
127
126
126
125
125
125
125
125
125
126
125
125
125
125
125
126
126
126
125
125
125
126
126
126
126
126
125
125
125
125
126
126
125
126
124
125
125
125
125
126
127
123
125
124
124
125
127
128
127
126
126
125
126
125
125
125
125
125
125
126
126
126
126
126
125
125
125
124
124
125
125
125
125
126
126
126
126
125
124
124
125
125
125
126
126
126
126
126
125
124
125
126
126
125
124
125
126
124
123
125
127
128
125
124
125
127
127
124
122
125
127
125
124
126
129
126
123
123
124
126
127
126
125
125
126
126
124
122
124
126
126
126
125
124
126
129
128
127
125
124
124
126
126
124
123
122
121
123
127
128
127
126
127
129
130
128
126
125
124
123
122
124
125
123
119
120
124
129
128
125
126
130
135
131
121
119
125
126
122
122
128
127
119
120
130
130
123
122
127
131
132
131
121
122
129
128
121
120
124
126
126
122
121
124
125
125
125
126
126
127
130
128
126
125
123
120
123
129
129
122
117
118
125
132
133
129
123
123
125
127
127
126
125
122
120
122
125
129
132
132
126
122
121
122
126
130
128
122
121
121
118
125
143
144
111
89
115
152
151
129
115
113
116
126
135
129
118
123
133
128
118
120
130
139
140
123
99
106
139
150
124
104
114
132
134
129
127
126
123
121
126
132
131
124
120
123
128
128
125
124
124
123
124
123
122
122
128
134
132
123
119
120
122
125
126
126
126
126
127
127
125
127
127
125
123
124
127
124
122
125
128
126
124
125
127
127
127
131
134
127
112
111
125
133
126
122
125
122
120
127
131
125
122
127
130
128
127
121
113
126
143
129
104
113
137
134
116
123
137
133
126
127
122
115
119
132
110
122
129
137
126
120
124
127
125
121
123
131
137
131
119
114
119
128
133
131
121
113
120
133
138
135
129
122
117
118
129
129
123
119
120
124
131
135
130
123
123
127
127
126
127
125
124
125
124
120
120
124
127
132
130
125
122
125
129
129
127
123
121
124
128
127
123
113
124
127
126
126
131
130
128
125
125
127
128
126
123
123
123
125
126
126
124
122
123
125
126
127
130
130
125
121
123
127
123
118
119
127
131
128
126
127
127
125
122
120
128
140
137
111
87
99
149
195
176
93
47
81
131
158
170
150
103
86
124
155
139
113
115
121
120
125
128
123
124
134
137
123
111
122
132
125
119
125
127
131
138
128
107
114
139
137
118
117
126
129
131
130
124
121
121
122
123
125
123
125
130
131
122
118
123
131
132
125
122
125
128
128
125
122
123
126
125
125
126
126
124
122
124
126
127
129
129
126
122
118
122
134
138
126
111
115
132
136
123
114
116
124
133
135
132
127
122
119
120
135
142
127
111
113
121
127
129
128
123
120
128
131
119
112
117
126
138
145
135
112
102
116
135
142
134
123
119
120
79
126
125
126
126
126
125
125
125
125
125
126
125
126
125
125
125
126
126
126
125
125
125
126
125
125
125
125
125
125
125
125
126
125
125
125
125
126
126
125
125
125
125
125
125
125
126
125
125
125
125
125
125
125
125
125
125
125
125
125
125
125
125
125
125
125
125
125
125
125
125
125
125
126
125
125
125
125
125
125
125
125
125
125
125
125
126
125
125
125
125
125
125
125
125
125
125
125
125
125
125
125
125
125
125
125
125
125
125
125
125
125
125
125
125
125
125
125
125
125
125
125
125
125
125
125
125
125
125
125
125
125
125
125
125
125
125
125
125
125
125
125
125
126
125
125
125
125
125
125
125
125
125
126
125
125
125
125
125
125
125
125
125
125
125
126
125
125
125
125
125
125
125
125
125
125
125
125
125
125
125
125
125
125
125
125
125
125
125
126
125
126
125
125
125
126
125
125
126
125
125
125
125
125
125
125
125
125
125
125
126
125
125
125
125
125
125
125
125
125
125
125
125
125
125
125
125
125
125
125
125
125
125
125
125
125
125
125
125
125
125
126
126
126
126
126
126
126
126
125
126
126
125
126
126
126
125
126
125
125
125
125
126
125
125
125
125
125
126
126
125
125
126
125
125
125
125
125
125
125
125
125
125
125
126
125
126
125
125
125
125
126
126
125
125
126
126
126
126
125
125
125
125
125
125
126
125
125
126
125
126
126
125
126
126
125
125
126
125
126
126
125
126
125
125
125
125
125
125
126
126
126
125
125
126
125
126
126
126
125
125
125
125
125
125
125
125
126
125
125
126
126
126
125
126
