122
126
128
126
123
121
100
125
125
125
125
125
125
125
125
125
125
125
125
125
125
125
125
125
125
125
125
125
125
125
125
125
125
125
125
125
125
125
125
125
125
125
125
125
125
125
125
125
125
125
125
125
125
125
125
125
125
125
125
125
125
125
125
125
125
125
125
125
125
125
125
125
125
125
125
125
125
125
125
125
125
125
125
125
125
125
125
125
125
126
125
125
125
125
125
125
125
125
125
125
125
125
125
125
125
125
125
125
125
125
125
125
125
125
125
125
125
125
125
125
125
125
125
125
125
125
125
125
125
125
125
125
125
125
125
125
125
125
126
124
125
126
125
125
126
126
126
126
126
126
126
126
126
126
126
126
126
125
126
126
126
125
126
126
126
125
126
126
126
126
126
125
126
126
126
126
126
126
126
126
126
126
126
125
126
125
126
125
125
125
125
125
125
126
126
126
126
125
126
126
125
126
125
125
125
125
125
126
126
126
126
126
126
125
125
125
125
125
125
125
125
125
125
126
125
126
126
126
126
125
126
126
125
125
125
125
125
125
125
125
125
125
126
125
125
125
125
125
125
125
125
125
125
125
125
125
125
125
125
125
125
125
125
125
126
125
125
125
125
125
125
125
126
125
125
125
125
126
125
125
125
126
126
125
125
125
125
125
125
125
125
125
125
125
126
125
125
125
125
126
126
125
125
125
125
126
125
125
125
125
125
125
125
125
126
125
126
125
125
125
125
125
125
125
125
125
125
125
125
125
126
125
125
126
125
125
125
125
125
125
125
125
125
125
125
125
125
125
125
125
125
125
125
125
125
126
126
125
125
125
125
125
125
125
125
125
125
125
125
125
125
125
125
125
125
125
125
125
125
125
125
125
125
125
125
125
125
125
125
125
125
125
125
125
125
125
125
125
125
125
125
125
125
125
125
125
125
125
125
125
125
125
125
125
125
125
125
125
125
125
125
125
125
125
125
125
125
125
125
125
125
125
125
125
125
125
125
125
125
125
125
125
125
125
125
125
125
125
125
125
125
125
125
125
125
125
125
125
125
125
125
125
125
125
125
125
125
125
125
125
125
125
125
125
125
125
125
125
125
125
125
125
125
125
125
125
125
125
125
125
125
125
125
125
125
125
125
125
125
125
125
125
125
125
125
125
125
125
125
125
125
125
125
125
125
125
125
125
125
125
125
125
125
125
125
125
125
125
125
125
125
125
125
125
125
125
125
125
125
125
125
125
125
125
125
125
125
125
125
125
125
125
125
125
125
125
125
125
125
125
125
125
125
125
125
125
125
125
125
125
125
125
125
125
125
125
126
124
125
125
126
125
126
126
126
126
125
125
126
125
126
126
125
125
125
126
125
126
125
125
125
126
125
126
126
126
126
126
126
126
126
126
126
125
125
125
125
126
126
126
126
126
126
126
126
125
126
125
125
125
126
126
125
125
126
126
126
126
125
125
126
126
126
126
124
125
125
125
125
126
125
126
125
125
126
126
126
126
125
126
125
125
125
125
125
125
125
125
125
125
125
125
126
125
125
125
125
125
125
125
125
125
125
126
125
125
125
126
125
125
125
125
125
125
125
125
125
125
125
125
125
125
125
126
125
126
126
126
126
126
125
125
125
125
125
126
125
126
125
125
125
125
126
125
125
125
125
125
126
125
125
126
125
126
125
125
125
125
125
125
125
126
125
125
125
126
125
125
125
125
125
125
125
126
125
125
125
125
125
125
126
126
125
125
125
125
125
125
125
125
125
125
125
125
125
126
125
126
126
126
125
126
125
126
125
126
126
125
125
125
125
126
126
126
127
125
125
125
125
125
125
125
125
125
125
125
125
125
125
125
125
125
125
125
125
126
125
125
125
125
125
125
125
125
125
125
125
125
125
125
125
125
125
125
125
125
125
125
125
125
125
125
125
125
125
125
125
125
125
125
125
125
126
125
125
125
125
125
126
125
126
125
125
125
125
125
125
125
125
125
125
125
125
125
125
125
125
125
125
125
125
125
125
125
126
126
126
125
125
126
125
125
125
125
125
125
125
125
125
125
126
126
125
125
125
127
124
124
125
126
125
126
126
126
126
126
125
125
126
126
126
126
125
126
126
125
125
125
125
125
125
126
126
126
126
126
126
126
126
125
126
125
126
126
126
126
126
126
126
126
126
125
125
126
126
126
126
126
126
126
126
126
126
126
126
126
126
126
125
125
126
126
126
124
124
125
126
126
126
126
126
126
126
125
126
126
125
125
125
125
125
125
125
125
125
125
125
126
125
125
125
125
125
125
125
125
126
126
125
126
125
125
125
125
125
125
125
126
125
125
125
125
125
125
125
126
126
125
125
125
125
125
125
126
126
125
125
125
125
125
126
126
125
125
125
125
126
125
125
125
125
126
125
125
125
126
126
125
125
125
126
126
125
125
126
125
125
125
125
126
125
126
125
125
125
125
125
125
126
126
125
125
125
126
126
126
126
125
125
125
126
126
125
125
126
126
126
126
126
125
125
125
126
125
125
124
125
126
125
125
125
125
125
125
126
126
127
126
126
126
126
126
126
128
126
125
125
125
124
125
125
125
125
126
125
124
124
124
124
123
122
123
127
133
137
134
129
128
127
118
105
112
131
137
121
108
111
123
130
132
128
121
122
137
148
137
122
122
128
126
123
121
120
122
128
129
122
119
122
124
121
121
125
128
125
124
124
125
125
128
130
128
127
128
127
128
129
128
124
122
122
124
124
123
123
124
124
123
125
127
126
124
123
124
124
125
126
125
123
126
130
130
126
125
127
128
125
122
122
126
128
125
123
126
128
126
125
125
125
123
123
125
127
124
121
123
128
129
124
120
123
128
127
123
124
127
128
125
124
127
127
125
123
125
128
125
121
123
127
127
124
124
127
129
125
122
124
127
126
122
122
127
128
125
121
126
128
126
122
125
129
126
123
123
126
126
123
124
126
127
125
123
124
127
127
125
123
135
108
127
122
127
129
130
126
126
128
127
125
124
125
126
126
125
124
125
126
125
124
125
125
125
126
125
125
126
126
126
126
127
126
126
125
126
128
128
127
127
127
128
127
124
123
124
125
125
123
125
127
126
125
125
127
128
126
124
125
127
126
125
123
125
128
126
123
120
126
128
124
125
128
128
127
126
126
127
127
125
124
124
126
126
125
126
126
127
127
126
127
126
122
116
118
126
131
127
122
129
150
161
123
77
87
133
159
138
101
97
127
150
140
114
104
131
156
132
102
115
136
135
132
132
117
102
111
130
141
145
138
116
100
117
151
149
110
98
119
140
133
117
119
131
131
124
124
124
121
125
132
132
123
118
123
128
131
130
123
121
128
133
132
126
123
124
123
122
123
123
123
124
126
128
127
128
128
125
122
123
125
128
127
124
123
126
128
128
127
127
126
124
125
127
128
125
124
124
126
127
125
124
124
126
128
127
123
121
124
127
127
125
125
125
127
128
126
124
125
127
128
126
125
123
124
126
128
127
126
130
127
127
125
124
121
121
121
119
119
125
126
125
126
127
129
129
130
135
139
134
125
120
121
123
123
123
122
118
121
120
130
131
123
123
133
133
126
130
133
116
101
118
138
130
117
121
129
129
124
122
124
131
133
134
130
122
115
123
133
126
119
126
130
122
117
118
124
129
127
122
125
133
130
121
120
131
146
142
115
110
135
127
91
84
124
167
138
101
131
154
125
112
138
141
121
116
128
129
123
116
105
105
122
134
138
138
133
129
132
135
127
118
118
122
114
112
130
141
131
117
113
122
133
130
121
125
131
127
124
131
130
123
119
120
119
126
133
130
122
120
122
128
132
128
120
120
131
135
126
116
116
131
136
124
118
121
125
130
99
126
125
126
125
125
125
125
126
126
125
125
125
125
125
125
125
125
125
125
125
125
125
125
125
125
125
125
125
125
125
125
125
125
125
125
125
125
125
125
125
125
126
125
125
125
125
125
125
125
125
125
125
125
125
125
125
125
125
125
125
125
125
125
125
125
125
125
125
125
125
125
125
125
125
125
125
125
125
125
125
125
125
125
125
125
125
125
125
125
125
125
125
125
125
125
125
125
125
125
125
125
125
125
125
125
125
125
125
125
125
125
125
125
125
125
125
125
125
125
125
125
125
125
125
125
125
125
125
125
125
125
125
126
125
125
125
125
125
126
126
126
126
126
126
126
125
125
125
125
126
126
126
126
126
125
126
126
126
126
126
125
126
126
125
125
126
126
126
126
125
125
125
125
126
126
126
126
126
126
126
126
126
126
126
126
126
126
126
126
126
126
126
126
126
126
126
126
126
126
126
125
125
126
126
126
126
126
125
126
126
126
126
126
126
125
125
125
125
126
126
126
125
126
126
126
126
126
126
125
125
125
125
126
126
126
125
126
126
126
126
126
126
126
125
126
126
125
125
125
126
125
126
125
126
126
126
125
125
125
126
125
126
126
126
126
126
126
125
126
125
125
125
126
125
126
126
126
126
125
126
126
125
126
126
126
126
126
125
126
126
125
126
125
126
126
126
126
125
125
126
125
126
126
126
126
125
126
126
125
126
126
126
125
126
125
126
125
126
126
126
126
125
126
126
126
125
126
125
126
125
126
126
126
126
125
126
126
126
126
126
125
125
126
125
125
126
126
126
126
126
126
125
125
122
