126
127
125
125
125
126
46
125
125
125
126
125
126
125
125
125
125
126
125
125
125
125
125
125
125
126
125
125
125
125
126
125
125
125
125
125
125
125
125
126
125
125
126
125
125
125
125
125
125
125
125
125
125
125
126
125
125
125
125
125
125
125
126
125
125
125
125
125
125
125
125
125
125
126
125
125
125
125
125
125
125
125
125
125
126
125
125
125
125
125
125
125
125
125
126
125
125
126
125
125
125
125
125
125
125
125
125
126
125
125
125
126
125
125
125
125
125
125
125
125
126
125
125
125
125
125
125
125
125
125
125
125
125
125
125
125
125
125
125
125
125
125
125
125
125
125
125
125
125
125
125
125
125
125
125
125
125
125
125
125
125
125
125
125
125
125
125
125
125
125
125
125
125
125
125
125
125
125
125
125
126
125
125
125
125
125
125
125
125
125
125
125
125
125
125
126
125
126
125
125
125
125
125
125
125
125
125
125
125
125
125
125
125
125
125
125
125
125
125
125
125
125
125
125
125
125
125
125
125
125
125
125
125
125
125
125
125
125
125
125
125
125
125
125
125
125
125
125
125
125
125
125
125
125
125
125
125
125
125
125
125
125
125
125
125
125
125
125
125
125
125
125
125
125
125
125
126
125
125
125
125
126
125
125
125
125
126
125
125
125
125
125
125
125
125
125
125
125
125
125
125
125
125
125
125
125
125
125
125
125
125
125
125
125
125
125
126
125
125
125
125
125
125
125
125
125
125
125
125
125
126
125
125
126
125
125
125
125
126
125
125
126
125
125
125
125
125
125
125
125
125
125
125
125
125
126
125
125
125
125
125
125
125
125
125
125
125
125
125
125
125
125
125
126
125
125
125
125
125
125
125
125
125
125
125
125
125
125
125
125
125
125
125
125
125
125
125
125
125
125
125
125
125
125
125
125
125
125
125
125
125
125
126
126
125
125
125
125
125
125
125
125
125
125
125
125
125
125
125
125
125
125
125
125
125
125
125
125
125
125
125
126
125
125
125
125
125
125
125
125
125
125
125
125
125
125
125
125
125
125
125
125
125
125
125
125
125
125
125
125
125
124
125
125
125
125
126
126
125
125
125
125
125
125
125
125
126
125
125
125
126
125
126
126
126
126
126
126
125
125
125
126
126
126
126
125
126
126
126
126
126
125
125
126
126
126
126
126
126
125
125
126
126
126
126
125
126
126
126
126
125
126
126
126
126
126
125
125
126
126
126
125
125
126
126
126
125
125
126
126
126
125
126
125
125
125
126
126
126
126
126
125
126
126
126
125
125
125
125
126
125
125
126
125
125
125
126
126
126
125
125
125
126
126
125
125
125
125
125
126
127
127
126
125
124
126
126
124
122
122
125
128
129
128
128
130
129
122
117
122
133
134
122
118
126
127
118
111
117
135
150
150
129
99
89
109
139
156
156
136
108
111
125
100
93
171
187
93
47
136
189
116
90
166
172
66
62
174
190
88
70
149
175
128
112
124
116
98
111
148
169
132
70
84
179
191
85
55
146
196
129
72
92
122
164
191
138
57
67
149
176
122
105
132
127
129
146
130
85
89
138
165
163
145
101
70
104
154
146
123
135
127
89
103
168
167
107
95
134
152
136
111
94
97
120
146
154
135
104
96
130
166
158
113
90
113
139
131
115
118
130
137
141
138
121
103
110
135
146
128
104
105
127
146
139
120
108
117
133
139
130
120
119
121
122
127
133
135
129
120
115
121
134
135
124
119
124
131
131
128
123
117
116
123
125
121
123
131
134
129
124
126
131
127
119
119
126
129
124
120
122
129
131
129
125
124
124
124
124
126
128
129
127
123
120
120
124
127
127
126
125
126
126
125
124
125
127
128
127
125
125
127
127
124
122
123
124
124
125
127
127
126
124
123
124
126
127
127
128
128
126
125
124
124
127
126
123
122
123
126
126
126
125
124
126
128
128
127
127
126
124
123
124
125
125
125
124
124
125
126
126
126
126
126
126
127
126
125
125
124
125
125
126
126
126
126
125
124
126
128
127
123
122
127
130
127
123
122
125
127
125
124
125
125
125
125
126
127
124
122
125
129
129
127
122
121
126
130
127
123
124
127
127
125
123
123
126
127
126
125
125
126
126
126
125
125
126
127
126
125
125
124
123
125
126
125
124
126
126
125
125
126
127
125
125
126
125
125
126
127
126
125
125
126
126
127
125
126
126
125
124
124
125
124
124
125
125
125
125
125
126
125
125
126
126
127
126
125
125
125
125
125
125
125
125
126
126
126
125
124
125
127
126
125
124
122
124
125
126
126
126
126
126
126
126
127
126
126
125
124
125
126
127
126
125
125
125
126
126
125
124
125
126
126
124
124
126
127
126
124
124
126
126
126
125
125
126
127
125
125
125
126
126
125
125
125
125
125
125
126
125
126
126
125
125
125
126
126
124
125
126
126
126
125
125
125
126
125
125
125
125
125
126
126
125
125
125
126
126
125
125
126
126
126
125
125
125
126
126
125
125
125
125
125
125
124
125
125
126
126
125
126
126
126
126
126
125
126
126
126
125
125
125
125
125
125
125
126
125
125
125
125
126
126
125
125
125
125
126
126
125
125
125
126
126
126
125
125
125
125
125
125
125
125
125
125
125
125
125
125
126
125
125
126
125
125
126
125
125
125
125
125
126
125
125
125
126
126
125
125
125
125
125
126
125
125
125
126
126
125
125
125
125
125
125
125
125
126
125
125
125
125
126
126
125
125
126
126
125
125
126
125
125
125
125
125
125
125
125
125
125
126
126
126
126
125
126
126
127
128
126
125
126
124
124
125
125
125
125
125
125
125
125
125
125
125
126
125
125
125
125
126
125
125
125
126
126
125
125
125
125
126
125
125
125
125
125
125
126
125
126
126
125
126
125
125
125
125
126
125
125
125
125
126
126
123
122
124
125
126
126
127
126
126
126
126
125
126
126
126
126
126
125
125
125
125
126
125
125
125
125
125
125
125
126
126
125
125
125
125
125
125
125
126
124
125
125
125
125
125
125
125
125
125
125
125
125
125
125
125
126
126
126
126
126
125
125
126
126
126
126
125
125
125
125
125
125
125
125
125
125
126
125
125
125
125
125
125
125
125
125
125
126
125
126
126
126
126
126
125
126
125
125
125
125
125
126
126
125
125
125
125
125
125
126
125
126
126
125
126
126
125
126
125
125
125
125
125
126
125
125
125
126
126
125
125
125
125
125
126
126
126
125
125
125
125
125
125
125
125
125
125
125
125
125
126
125
126
126
124
125
125
126
126
125
125
126
125
126
126
126
124
126
126
126
124
124
126
126
125
126
126
125
124
124
127
126
125
124
124
126
127
126
125
125
126
127
127
126
124
123
125
127
126
124
124
125
127
126
125
124
125
126
127
126
125
124
124
125
125
126
126
124
125
126
125
126
126
127
130
126
126
125
123
122
125
126
125
124
123
124
126
127
125
124
124
126
126
125
125
125
126
126
125
125
124
124
126
125
125
126
125
125
126
125
126
125
126
125
125
125
126
126
126
125
125
125
125
125
126
126
126
126
124
125
125
126
127
126
125
125
126
125
126
126
126
123
123
117
126
126
125
127
128
127
127
128
127
125
123
123
126
127
126
125
125
147
90
108
123
129
129
132
130
127
126
126
125
124
124
125
127
127
126
125
126
127
128
127
126
125
125
126
126
127
127
126
126
127
126
126
126
127
128
126
126
125
126
127
128
127
125
125
125
126
126
125
126
126
127
126
123
123
125
127
127
126
126
127
127
127
127
126
115
122
125
127
126
128
128
128
129
129
127
127
128
127
126
125
123
124
124
126
126
127
127
126
125
125
124
124
126
126
126
126
123
47
125
125
125
125
125
125
125
125
125
125
125
125
125
125
125
125
125
126
126
125
125
125
125
125
125
126
125
125
125
126
125
126
125
125
126
126
125
125
125
125
125
125
125
125
125
125
125
125
125
126
125
125
125
125
125
125
125
125
125
125
125
125
125
125
126
126
125
125
125
125
125
125
125
125
125
125
125
125
125
125
125
125
125
125
125
125
125
125
125
125
125
125
125
125
125
125
125
125
125
125
125
125
125
125
125
125
125
125
125
125
125
125
125
125
125
125
125
125
125
125
125
125
125
125
125
125
125
125
125
125
125
125
125
125
125
125
125
125
125
125
125
125
125
125
125
125
125
125
125
125
125
125
125
125
125
125
125
125
125
125
125
125
125
125
125
125
125
125
125
125
126
125
125
125
126
126
125
125
126
126
125
125
125
125
125
125
125
125
125
125
125
125
125
125
125
125
125
125
125
125
125
125
125
125
125
125
126
125
125
125
125
125
125
125
125
125
125
125
125
125
125
125
125
125
125
125
126
125
125
125
125
125
125
125
125
125
125
125
125
125
125
125
125
125
125
125
126
125
125
125
125
125
125
125
125
125
125
125
125
125
125
125
125
125
125
125
125
125
125
125
125
125
125
125
125
125
125
126
125
125
125
125
125
125
125
125
125
125
125
125
125
125
125
125
125
125
125
125
125
125
125
125
125
125
125
125
125
125
125
125
125
125
125
125
125
125
125
125
125
125
125
125
125
125
125
125
125
125
125
125
125
125
125
125
125
125
125
125
125
125
125
125
125
125
125
125
125
125
125
125
125
125
125
125
