127
132
131
122
116
121
46
126
126
126
126
126
126
126
126
126
125
126
126
126
126
126
126
126
126
126
126
126
126
126
126
126
126
126
126
125
126
126
126
125
125
125
125
125
126
125
126
126
126
126
126
126
126
126
126
126
126
125
126
126
126
125
125
125
125
126
126
126
126
126
125
126
126
125
126
126
126
126
126
126
126
125
125
126
126
126
125
126
125
125
126
126
125
125
125
125
125
125
125
125
125
125
125
125
125
125
125
125
125
125
125
125
125
125
125
125
125
125
125
125
125
125
125
125
125
125
125
125
125
125
125
125
125
125
125
125
125
125
125
125
125
125
125
125
125
125
125
125
125
125
125
125
126
125
125
125
125
125
125
125
125
125
125
125
125
125
125
125
125
125
125
125
125
125
125
125
125
125
125
125
125
125
125
125
125
125
125
125
125
125
125
125
125
125
125
125
125
125
125
125
125
125
125
125
125
125
125
125
125
125
125
125
125
125
125
125
125
125
125
125
125
125
125
125
125
125
125
125
125
125
125
125
125
125
125
125
125
125
125
125
125
125
125
125
125
125
125
125
125
125
125
126
125
125
125
125
125
125
125
125
125
125
125
125
125
125
125
125
125
125
125
125
125
125
125
125
125
125
125
125
125
125
125
125
125
125
125
125
125
125
125
125
125
125
125
125
125
125
125
125
125
125
125
125
125
125
125
125
125
125
125
125
125
125
125
125
125
125
125
125
125
125
125
125
125
125
125
125
125
125
125
125
125
125
125
125
125
125
125
125
125
125
125
125
125
125
125
125
125
125
126
125
125
125
125
125
125
125
125
125
125
125
125
125
125
125
125
125
125
125
125
125
126
126
125
125
125
125
125
125
125
125
125
125
125
125
125
125
125
125
125
125
125
125
125
125
125
125
125
125
125
125
125
125
125
125
125
125
125
125
125
125
125
125
125
125
125
125
125
125
125
126
126
126
125
125
125
125
125
125
125
125
125
125
125
125
125
125
125
125
125
125
125
125
125
125
126
125
125
125
125
125
125
125
125
125
125
125
125
125
125
125
125
125
125
125
125
125
126
125
125
125
125
125
125
125
125
125
125
125
125
125
126
125
125
125
125
125
125
125
125
125
125
125
125
125
125
125
125
125
125
125
125
125
125
125
125
126
125
125
125
125
125
125
125
126
125
125
125
125
125
125
126
125
125
125
125
125
125
126
125
125
125
125
125
125
125
126
126
125
125
125
125
125
125
125
125
125
126
125
125
125
125
125
125
125
125
125
125
126
126
125
125
125
125
126
125
125
125
125
125
125
125
125
125
125
125
126
126
125
125
125
125
125
125
125
125
125
125
125
125
125
125
124
125
125
126
127
128
127
125
126
127
124
121
119
121
128
136
132
122
118
122
127
131
134
138
128
107
101
116
127
127
137
152
139
102
85
112
154
178
173
107
25
50
188
255
138
5
61
218
184
65
119
205
116
18
113
223
151
45
83
189
177
93
87
141
146
91
94
172
162
62
67
208
200
47
37
191
237
111
1
57
194
255
149
46
57
119
156
158
147
112
89
120
150
127
102
107
117
130
157
162
144
116
86
82
127
158
128
111
126
120
122
167
158
96
82
135
168
133
74
82
145
156
115
113
150
156
118
93
112
139
140
126
116
118
131
141
137
120
108
112
131
146
137
115
107
122
138
136
119
110
117
134
141
129
114
117
127
131
131
133
127
111
104
123
144
141
127
120
120
123
129
132
129
126
124
119
115
121
129
128
120
119
127
132
130
128
129
129
125
122
118
119
126
131
129
125
124
126
125
124
124
126
127
127
125
125
126
126
124
123
124
125
126
127
127
126
125
124
126
126
124
124
124
125
126
128
129
127
126
125
123
121
122
123
125
127
127
126
126
126
126
126
127
128
127
126
125
123
123
124
126
126
126
125
124
125
126
126
125
125
125
127
123
125
126
125
126
126
126
126
127
127
126
125
126
127
126
124
124
125
125
126
126
126
125
125
126
126
127
128
127
124
123
125
129
129
125
121
123
128
130
126
121
123
126
128
128
126
124
125
127
129
128
125
123
123
126
127
127
126
125
123
123
126
128
126
122
123
123
127
126
124
126
128
128
128
127
126
125
127
127
125
123
124
126
126
125
125
126
126
124
125
126
127
128
126
124
124
125
126
125
125
125
125
125
125
125
126
127
127
126
125
125
125
126
126
126
125
125
125
125
126
126
124
123
125
126
125
125
125
125
126
126
126
125
126
127
126
125
125
125
126
125
125
126
126
125
125
126
126
125
126
125
125
125
126
127
126
125
126
126
126
125
125
125
125
125
124
125
126
127
126
126
125
125
126
126
125
125
126
126
126
125
125
126
126
125
125
125
125
126
126
126
126
125
126
126
126
126
126
125
125
126
126
125
125
126
126
126
125
125
125
125
126
126
126
127
127
126
125
125
124
124
125
125
126
125
125
125
125
126
125
125
125
126
125
125
125
126
126
126
126
125
125
126
125
125
125
125
125
126
126
126
126
126
126
125
125
125
125
125
125
125
125
125
125
125
125
125
125
125
125
125
125
126
126
125
125
125
125
125
126
125
125
125
126
125
125
125
125
125
129
126
126
125
125
124
125
125
125
125
125
125
125
125
125
126
125
125
125
125
125
125
125
125
125
125
125
125
125
125
125
125
125
125
125
126
125
126
126
125
121
125
126
126
127
127
126
126
126
126
125
125
126
126
125
125
126
125
125
125
125
125
125
125
126
125
125
125
125
125
125
125
126
126
125
126
126
125
125
125
125
125
126
126
125
125
125
125
126
125
125
125
125
125
126
125
125
125
125
125
125
125
125
125
125
125
125
125
125
125
125
126
125
125
125
125
125
125
126
125
126
126
125
125
125
125
125
125
125
126
125
125
125
125
126
125
125
125
125
126
125
125
125
125
125
125
125
125
125
125
125
125
125
125
126
125
125
125
125
126
125
125
126
125
125
126
126
125
125
126
126
125
125
125
125
125
125
125
125
125
125
125
125
125
126
124
124
126
125
126
126
126
126
126
126
126
125
125
125
125
125
125
125
125
125
125
125
125
125
125
125
126
125
126
126
125
125
125
125
125
125
125
126
125
125
126
126
125
126
125
125
125
125
126
126
125
126
126
125
125
125
126
125
125
125
125
125
126
125
125
125
125
125
125
125
125
125
125
125
125
125
126
125
131
126
126
125
124
123
124
124
124
125
125
125
125
125
125
126
125
126
126
126
125
125
125
125
125
126
126
126
125
125
126
126
126
125
125
125
125
125
124
126
125
125
124
126
127
127
125
124
124
127
128
126
124
125
126
127
126
124
122
124
126
127
125
123
125
126
127
126
125
117
124
125
126
127
129
128
127
128
128
126
125
125
125
126
125
124
125
125
125
125
125
126
126
125
126
124
125
125
126
126
125
125
126
126
125
125
125
126
126
126
125
125
125
125
125
126
127
124
123
124
127
127
125
124
124
125
126
126
125
125
125
126
126
125
125
125
124
125
127
127
125
124
125
126
126
125
125
124
125
128
127
124
124
125
127
126
126
126
125
125
125
124
126
127
127
126
124
124
125
125
126
127
127
125
123
123
126
128
126
123
122
125
128
127
124
122
123
126
127
126
126
125
124
124
125
127
126
125
125
125
125
125
126
126
125
133
135
82
114
118
131
131
133
131
129
129
127
126
125
125
126
126
125
126
127
126
126
125
126
128
128
127
127
126
128
128
127
126
126
127
126
126
126
126
126
127
126
125
125
126
128
128
126
125
126
126
126
126
125
125
125
126
127
126
124
124
125
127
127
125
125
126
121
116
125
125
125
126
129
130
130
130
128
126
129
126
125
125
124
47
125
125
125
125
125
125
125
125
125
125
126
125
125
126
125
125
125
125
125
125
125
125
125
125
126
125
125
125
125
125
125
126
126
125
125
125
125
125
125
126
125
125
125
125
125
126
126
126
126
126
126
126
125
126
125
126
126
126
126
126
126
126
125
126
126
126
125
126
126
126
126
125
125
125
125
125
126
125
125
125
126
125
126
126
126
126
126
126
125
126
125
126
126
126
126
126
125
125
125
125
126
125
126
126
126
126
125
126
126
125
126
125
126
125
125
125
126
125
125
125
125
125
126
126
126
125
125
125
126
126
126
125
125
125
125
126
126
125
125
126
125
126
125
126
126
126
126
125
126
126
126
125
126
126
126
125
125
125
126
126
126
126
125
126
126
126
125
125
125
125
125
125
126
125
126
126
125
126
126
125
125
126
126
126
125
125
125
126
126
126
126
126
125
126
126
126
125
126
125
125
125
125
125
125
126
126
125
125
125
125
126
125
125
126
126
126
126
125
125
125
125
125
125
125
126
126
126
126
125
125
125
125
125
125
125
125
125
126
125
125
125
125
126
125
126
125
126
125
125
126
126
125
125
125
125
125
126
125
126
126
125
125
126
125
125
126
126
126
125
125
125
125
125
125
125
125
125
125
125
125
125
125
125
125
126
125
125
126
125
125
125
125
125
125
125
125
125
125
125
125
125
125
125
125
125
125
125
125
125
125
125
125
125
125
125
125
125
125
125
125
125
125
125
125
125
126
125
125
125
125
125
125
125
125
125
125
125
125
125
125
125
125
125
125
125
125
125
125
125
125
125
125
125
123
