122
125
126
124
122
126
71
126
126
126
126
126
126
126
126
126
125
126
126
126
126
125
125
125
126
126
126
125
126
126
126
126
126
126
126
126
126
126
125
125
125
126
126
125
126
126
126
125
126
125
125
125
125
125
125
125
125
126
125
125
125
125
125
125
126
125
125
125
125
125
125
125
125
125
125
125
125
126
126
125
125
125
125
125
125
125
125
125
125
126
125
125
125
125
125
125
125
125
125
125
125
125
125
125
125
125
125
125
126
125
125
125
126
125
125
125
125
125
125
125
125
125
125
125
125
125
125
126
125
125
125
126
125
125
125
125
125
125
125
125
125
125
125
125
125
125
125
125
125
125
125
125
125
125
125
125
125
125
125
125
125
125
125
125
125
125
125
125
125
125
126
125
125
125
125
125
125
125
125
125
125
125
126
125
125
125
125
125
125
125
125
125
125
125
125
125
125
125
125
125
125
125
125
125
125
125
125
125
125
125
125
125
125
125
125
125
125
125
125
125
125
125
125
125
125
125
125
125
125
125
125
125
125
125
125
125
125
125
125
125
125
125
125
125
125
125
125
125
125
125
125
125
125
125
125
125
125
125
125
125
125
125
125
125
125
125
125
125
125
125
126
125
125
125
125
125
125
125
126
125
125
125
125
125
125
125
125
125
125
125
125
125
125
125
125
125
125
125
125
125
125
125
125
125
126
125
126
125
125
125
125
125
125
125
125
125
125
125
125
125
125
126
125
125
125
125
125
125
125
125
125
125
125
125
125
125
125
125
125
125
125
125
125
125
125
126
126
125
125
125
125
125
125
125
125
125
125
125
125
125
125
125
125
125
125
125
125
125
125
125
125
125
125
125
125
125
125
126
125
125
125
125
125
126
125
125
125
125
125
125
125
125
125
126
125
125
125
125
125
125
125
125
125
125
125
125
125
125
124
125
125
125
126
126
125
125
125
125
125
125
125
125
125
125
125
125
125
125
125
125
125
125
125
125
125
125
126
125
125
125
125
125
125
125
125
125
125
125
125
125
125
125
125
125
125
125
125
125
125
125
125
125
125
125
125
125
125
125
125
126
126
126
125
125
125
125
125
125
125
125
125
125
125
125
125
125
125
125
125
125
125
125
125
125
125
125
125
125
125
125
125
125
125
125
125
125
125
125
125
125
125
125
125
125
125
125
125
125
125
125
125
125
125
125
125
125
125
125
125
125
125
125
125
125
125
125
125
125
125
125
125
125
125
125
125
125
125
125
125
125
125
125
125
125
125
125
125
125
125
125
125
125
125
125
125
125
125
125
125
125
125
125
125
125
125
125
125
125
125
125
125
125
125
125
125
125
125
126
125
124
125
125
126
126
126
126
126
126
125
126
125
125
125
126
126
126
126
126
126
125
126
126
126
126
126
126
126
126
126
125
126
126
126
126
126
125
126
126
126
126
126
128
126
125
125
126
126
125
125
125
125
126
126
126
126
125
126
126
126
126
126
125
126
126
126
125
124
124
125
126
126
126
126
126
127
126
125
125
126
126
126
126
125
125
126
126
126
126
125
125
126
126
126
125
125
126
126
125
125
125
126
126
126
126
125
125
126
126
126
126
125
125
125
126
126
125
125
125
125
125
126
126
126
125
125
125
126
127
126
124
123
125
128
127
125
125
125
125
126
129
128
123
122
125
128
128
125
124
124
124
125
127
128
126
124
124
126
128
128
126
124
123
124
126
127
126
125
124
125
127
128
128
126
125
125
125
126
126
125
123
124
126
127
126
126
126
125
126
125
125
126
126
126
126
127
127
125
124
125
126
126
126
123
121
124
127
126
128
133
132
123
118
123
131
127
120
126
133
126
119
126
132
125
116
114
122
132
132
126
124
126
130
132
130
121
114
117
126
131
130
128
126
126
127
126
123
122
122
124
127
130
129
126
121
116
112
113
129
163
189
155
65
16
87
203
207
106
55
108
162
152
120
119
142
141
103
90
136
156
126
109
129
148
128
98
103
135
149
139
134
124
95
82
125
169
141
99
120
141
118
122
154
128
78
101
162
165
118
95
121
157
160
120
64
70
149
178
104
89
225
255
121
110
99
127
255
255
63
96
55
255
248
109
22
43
117
172
184
136
77
79
143
190
153
79
57
104
167
174
137
96
83
114
150
149
123
100
105
135
148
134
126
125
114
111
129
135
123
117
129
131
121
124
127
126
127
124
118
126
146
139
109
101
116
138
145
134
104
88
112
153
168
140
101
98
126
144
144
138
124
107
106
123
137
127
115
118
130
132
134
130
124
120
126
136
123
107
122
151
144
110
94
100
123
151
155
133
123
133
131
108
103
121
132
129
125
128
130
123
114
109
127
154
153
122
115
128
121
110
111
119
135
151
132
101
110
141
138
111
121
139
123
118
141
139
111
102
118
135
136
133
130
123
125
130
132
119
111
126
137
115
101
130
152
132
101
111
144
150
131
112
108
117
137
152
135
107
105
115
126
137
140
123
109
119
137
144
128
104
106
136
150
126
105
118
147
150
121
101
108
119
127
137
141
132
115
111
117
124
135
145
140
119
101
106
125
141
145
133
119
115
111
122
141
139
119
111
118
130
132
132
128
119
116
122
127
126
123
129
137
129
116
113
126
139
140
127
115
117
123
122
123
133
136
121
110
122
136
131
125
127
122
118
127
130
118
119
133
132
121
124
133
125
112
124
137
128
113
121
138
133
120
126
130
117
118
135
133
119
122
128
121
119
134
140
125
114
122
135
131
117
107
123
127
129
127
123
125
126
125
124
124
125
123
124
127
129
127
125
125
127
127
127
125
123
123
124
125
124
124
125
126
127
127
126
125
123
123
123
125
126
126
124
124
125
125
125
123
125
128
128
126
125
125
125
125
126
126
125
124
124
124
125
123
124
124
126
126
126
124
124
126
127
126
125
124
125
125
126
126
125
124
125
126
125
123
124
127
126
124
123
125
126
126
124
124
125
126
127
125
124
125
126
126
125
125
125
125
125
125
124
125
126
125
123
123
125
128
127
125
124
124
124
126
126
126
127
125
124
123
124
126
126
125
125
125
126
127
126
125
125
124
125
125
124
125
125
125
126
126
126
125
126
125
125
125
125
126
127
126
123
124
125
126
125
124
124
124
125
126
125
125
124
126
126
127
126
124
123
122
123
125
126
128
127
127
127
126
124
124
125
126
127
126
125
124
125
125
125
126
127
126
125
126
126
128
125
122
121
123
127
127
124
123
125
126
126
125
126
125
126
126
125
126
126
126
123
123
123
124
126
127
125
122
123
127
128
125
105
118
124
126
127
131
129
128
127
126
127
128
126
125
126
125
126
127
126
125
124
125
126
126
126
126
125
125
124
125
127
127
126
125
124
123
125
126
128
127
125
124
125
125
126
124
123
123
125
127
127
125
126
125
126
127
125
123
124
124
126
126
125
125
125
125
126
126
126
125
125
126
126
125
126
127
127
126
125
124
125
125
126
125
123
124
125
125
125
125
126
127
126
125
124
123
123
125
125
126
126
126
125
125
126
126
126
126
125
125
126
125
123
124
128
128
126
125
125
125
125
126
124
124
123
124
125
126
125
125
126
126
126
126
126
125
125
125
125
124
124
124
123
124
126
126
127
125
126
126
127
126
125
122
124
124
125
125
124
123
124
126
128
127
125
126
127
127
127
125
123
122
123
124
124
124
125
125
124
126
127
129
125
126
124
128
126
125
125
124
124
125
125
126
124
124
125
127
127
126
125
127
126
125
124
124
124
125
124
124
124
124
125
125
126
126
124
125
126
126
125
124
127
133
127
124
125
123
123
123
123
124
125
125
125
125
125
126
126
126
126
124
126
125
127
127
124
122
72
125
125
125
125
125
125
125
125
125
125
125
125
125
125
125
125
125
125
125
125
125
125
125
125
125
125
125
125
125
125
125
125
125
125
125
125
125
125
125
125
125
125
125
125
125
125
125
125
125
125
125
125
125
125
125
125
125
125
125
126
125
125
125
125
125
125
125
125
125
125
125
125
125
125
125
125
125
125
125
125
125
125
125
125
125
125
125
125
125
125
125
125
125
125
125
125
125
125
125
125
125
125
125
125
125
125
125
125
125
125
125
125
125
125
125
125
125
125
125
125
126
125
125
125
125
126
125
125
125
125
125
125
125
125
125
125
125
125
125
125
125
125
125
125
125
125
125
125
125
125
125
125
125
125
125
125
125
125
125
125
125
125
125
125
125
125
125
125
125
125
125
125
125
125
125
125
125
125
125
125
125
125
125
125
125
125
125
125
125
125
125
125
126
125
125
125
125
125
125
125
125
125
125
125
125
125
125
125
125
125
125
125
125
125
125
125
125
125
125
125
125
125
125
125
125
125
125
125
125
125
125
125
125
125
125
125
125
125
125
125
125
125
125
125
125
125
125
125
125
125
125
125
125
125
125
125
125
125
125
125
125
124
125
125
125
125
125
125
125
125
125
125
125
125
125
125
125
125
125
125
125
125
125
125
125
125
125
125
125
125
125
125
125
125
125
125
125
125
125
125
125
125
125
125
126
124
125
125
126
126
126
126
126
126
126
125
126
126
126
126
126
126
126
126
126
126
126
125
126
126
125
126
126
126
126
125
126
125
126
126
126
125
125
125
126
126
126
126
125
126
126
126
125
122
