122
116
118
126
133
131
77
126
126
126
126
126
126
126
125
125
126
125
126
126
126
125
125
126
126
125
126
126
126
126
126
126
125
126
126
126
126
125
126
125
125
125
125
125
125
125
126
126
126
126
126
125
126
125
125
125
125
126
126
126
126
125
125
126
125
126
126
126
125
125
126
125
126
126
126
126
126
126
126
125
126
126
126
125
126
126
125
126
126
126
126
126
126
125
125
126
125
126
126
126
126
126
126
125
126
125
125
125
126
126
125
126
125
126
126
125
126
125
126
126
125
125
126
125
126
125
125
126
125
125
125
126
125
125
125
126
126
126
125
125
125
125
125
125
125
126
126
126
125
125
125
125
125
125
125
125
125
125
126
125
126
126
125
126
126
125
125
126
125
125
125
125
125
125
126
125
125
125
125
125
126
126
126
125
125
125
125
125
125
125
125
125
125
125
125
125
125
125
125
125
125
125
125
125
125
125
125
125
125
125
125
125
125
125
125
125
125
125
125
125
125
125
125
125
125
125
125
125
125
125
125
125
125
125
125
125
125
125
125
125
125
125
125
125
125
125
125
125
125
125
125
125
125
125
125
125
125
125
125
125
125
125
125
125
125
125
125
125
125
125
125
125
125
125
125
125
125
125
125
125
125
125
125
125
125
125
125
125
125
125
125
125
125
125
125
125
125
125
125
125
125
125
125
125
125
125
125
125
125
125
125
125
125
125
125
125
125
125
125
125
125
125
125
125
125
125
125
125
125
125
125
125
125
125
125
125
125
125
125
126
124
125
125
125
125
125
125
125
126
125
125
125
125
125
125
125
125
125
125
125
125
125
125
125
126
125
126
126
125
125
125
125
125
125
125
125
125
125
125
125
126
125
125
125
125
126
125
125
125
125
125
125
125
125
125
125
125
126
125
125
125
125
125
125
125
125
124
125
125
125
125
126
125
125
125
126
125
125
125
125
125
125
125
125
125
125
125
125
125
125
125
125
125
125
125
125
125
125
125
125
125
125
125
125
125
125
125
125
125
125
125
125
125
125
125
125
125
125
125
125
125
125
125
125
125
125
125
125
125
125
125
125
125
125
125
125
125
125
125
125
125
125
125
125
125
125
125
125
125
125
125
125
126
125
125
125
125
125
125
125
125
125
125
125
125
125
125
125
125
125
125
125
125
125
125
125
125
125
125
125
125
125
125
126
125
125
125
125
125
125
125
125
125
125
125
125
125
125
125
125
125
125
125
125
125
125
125
125
125
125
125
125
125
125
126
126
126
125
125
125
125
125
125
125
125
125
125
125
125
125
125
125
125
125
125
125
125
125
125
125
125
125
125
125
125
125
125
125
125
125
125
126
127
127
127
126
124
121
122
129
132
124
112
110
124
145
142
115
114
144
148
116
75
74
171
242
139
4
79
217
177
73
84
138
145
144
120
108
123
139
119
99
129
165
148
112
80
73
130
195
178
95
55
119
179
139
92
122
149
124
87
97
146
197
201
86
39
40
255
255
102
81
41
243
254
85
22
117
172
125
126
159
119
74
106
143
137
138
134
107
97
126
138
122
122
139
134
113
107
119
130
137
138
129
114
112
125
136
128
114
116
132
136
126
123
131
130
115
106
116
135
148
143
120
105
119
141
131
97
98
147
182
151
90
67
98
153
176
146
108
105
119
127
138
142
117
98
113
137
136
130
135
135
124
119
125
124
121
121
127
128
124
125
129
127
121
121
129
133
132
127
123
122
124
127
128
125
122
124
128
129
127
123
122
124
126
126
124
124
126
128
129
129
128
125
123
123
124
125
124
123
124
127
128
126
126
127
129
130
126
124
126
126
121
122
129
130
123
122
128
127
121
121
125
126
128
128
125
123
127
130
128
124
125
127
126
124
124
125
125
126
127
126
125
125
127
127
126
125
125
126
127
126
125
124
123
124
126
128
126
126
127
128
126
125
123
123
124
126
127
126
125
124
125
127
129
127
125
124
128
129
127
124
124
125
126
126
125
123
124
126
125
123
125
126
125
124
126
128
127
125
125
127
129
126
123
123
127
128
125
122
122
127
129
126
123
124
127
128
127
125
124
125
126
123
121
124
128
128
126
125
124
124
124
125
129
131
127
122
123
127
128
127
125
122
123
124
125
126
125
123
124
127
128
126
120
125
126
126
125
127
128
126
125
126
127
126
125
125
125
126
126
125
124
124
125
126
126
125
124
124
126
126
125
124
125
126
126
125
126
125
126
127
128
126
124
125
126
126
126
128
127
124
122
124
125
127
128
126
124
125
125
124
125
127
126
125
126
127
126
124
121
124
126
126
124
123
125
128
128
127
126
126
125
125
125
124
124
125
126
125
127
127
124
122
124
126
126
127
128
125
123
126
128
126
123
123
124
125
125
125
125
125
126
126
125
126
127
126
125
125
126
126
126
125
124
125
126
126
125
124
124
125
125
126
127
127
125
125
125
125
125
126
128
126
124
124
124
125
125
125
125
125
126
126
125
124
125
126
126
125
125
125
126
126
125
126
127
125
122
124
126
126
126
125
126
126
125
125
125
126
126
125
125
125
125
126
125
125
125
124
124
125
126
126
126
125
125
126
127
125
124
124
125
125
124
125
126
126
126
126
125
125
125
125
125
126
126
126
127
127
126
125
125
124
124
124
124
124
124
125
126
126
126
126
125
125
126
127
126
124
125
126
126
125
125
125
126
127
125
124
124
125
126
126
125
125
125
125
125
126
126
125
124
123
124
126
126
126
126
125
125
125
126
126
125
125
125
126
126
125
125
125
126
125
125
125
126
126
126
125
125
126
126
125
124
125
125
125
125
125
125
125
126
126
125
126
127
126
124
123
125
127
126
124
122
125
128
127
125
124
124
126
127
126
124
125
127
128
125
122
123
125
126
125
125
125
126
125
125
125
125
126
125
125
125
125
125
124
124
124
126
126
125
124
124
124
126
126
126
126
127
125
124
125
127
128
127
125
125
126
127
127
125
124
123
124
126
127
125
125
125
125
124
123
124
126
125
124
124
125
128
129
128
125
123
127
114
123
124
127
126
126
126
127
126
125
126
126
127
127
126
125
125
125
125
125
126
126
124
124
125
126
126
127
126
126
125
126
127
127
127
126
125
124
125
125
126
125
125
125
125
125
118
97
130
125
128
130
129
128
128
128
128
127
126
126
127
126
127
127
126
126
120
123
125
128
128
129
127
129
129
128
127
125
121
122
127
129
125
123
127
127
123
124
128
128
125
125
127
127
125
124
125
125
127
128
125
122
122
126
128
125
125
127
125
124
127
127
123
123
125
126
125
128
128
126
125
126
127
126
125
125
126
124
124
125
126
124
124
125
126
125
125
125
125
128
128
126
126
126
126
126
124
123
124
126
127
125
125
126
125
125
126
126
126
124
124
125
126
126
125
126
125
125
123
125
126
126
127
127
126
124
124
126
128
128
127
126
124
124
126
127
127
127
126
125
125
124
123
124
125
125
125
126
124
125
126
127
126
125
125
126
127
127
126
125
125
125
125
125
130
129
129
127
126
124
125
123
122
121
122
126
127
127
127
127
125
123
122
122
124
127
130
130
127
125
124
125
126
126
128
126
125
123
124
126
128
126
126
125
124
125
106
127
126
125
124
128
128
128
128
127
125
124
123
132
127
128
126
127
124
125
124
124
124
125
125
124
125
126
126
128
121
127
126
128
126
126
126
126
127
126
126
126
126
127
126
125
125
124
125
124
126
127
127
125
126
125
126
127
126
126
126
126
125
124
123
124
110
123
125
126
128
128
128
129
130
129
129
126
125
124
125
125
123
125
127
126
125
125
125
124
123
123
125
127
127
128
126
126
125
125
123
124
125
76
125
126
126
126
126
126
125
125
125
125
125
125
125
126
125
126
125
125
125
125
125
125
125
125
126
125
125
125
125
125
125
125
125
125
125
125
126
125
125
125
125
125
125
125
125
125
125
126
126
125
125
125
125
126
125
125
125
125
125
125
125
125
125
125
125
125
126
126
125
125
126
126
126
125
125
125
125
125
125
125
125
126
125
125
125
125
125
125
125
125
125
126
125
125
125
125
125
125
125
125
125
125
125
125
125
125
125
125
125
125
125
125
125
125
125
125
125
125
125
125
125
125
125
125
125
125
125
125
125
125
125
125
125
125
125
125
125
125
125
125
125
125
125
125
125
125
125
125
125
125
125
125
125
125
125
125
125
126
125
125
125
125
125
125
125
125
125
125
125
125
125
125
125
125
125
125
125
125
125
125
125
125
125
125
125
125
125
125
125
125
125
125
125
125
125
125
125
125
125
125
125
125
125
125
125
125
125
125
125
125
125
125
125
125
125
125
125
125
125
125
125
125
125
125
125
125
125
125
125
125
125
125
125
125
125
125
125
125
125
125
125
125
125
125
125
125
125
125
125
125
125
125
125
125
125
125
125
125
125
125
125
125
125
125
125
125
125
125
125
125
125
125
125
125
125
126
126
125
125
125
125
125
125
125
125
125
125
125
125
125
125
125
125
125
125
125
125
125
125
125
125
125
125
125
126
124
125
125
125
125
126
125
125
125
126
126
125
125
125
125
125
125
125
125
125
125
125
125
126
126
126
126
126
126
126
126
126
126
125
126
126
126
126
126
125
126
126
126
125
125
126
126
125
125
