134
131
132
132
130
128
48
125
125
125
125
125
125
125
125
125
125
125
125
125
125
125
126
125
125
125
125
125
125
125
125
125
126
126
125
125
126
125
125
125
125
125
125
125
125
125
125
125
125
125
125
125
125
125
125
125
125
125
125
125
125
125
125
125
125
125
125
125
125
125
125
125
125
125
125
125
125
125
125
125
125
125
125
125
125
125
125
125
125
125
125
125
125
125
125
125
125
125
125
125
125
125
125
125
125
125
125
125
125
125
125
125
125
125
125
125
125
125
125
125
125
125
125
125
125
125
125
125
125
125
125
125
125
125
125
125
125
125
125
125
125
125
125
125
125
125
125
125
125
125
125
125
125
125
125
125
125
125
125
125
125
125
125
125
125
125
125
125
125
125
125
125
125
125
125
125
125
125
125
125
126
125
125
125
125
125
125
125
125
126
125
125
125
125
125
126
126
125
125
125
125
126
125
125
125
125
125
125
125
125
125
125
125
125
125
125
125
125
125
125
126
125
125
125
125
125
125
125
125
125
125
125
125
125
125
125
126
125
126
126
125
125
125
126
125
125
124
125
125
125
126
126
126
126
126
126
126
126
125
125
126
126
125
125
126
126
125
126
125
126
125
125
126
125
125
126
126
125
125
125
125
125
125
125
126
125
126
125
125
125
125
125
125
125
125
125
125
125
125
125
125
125
125
125
126
125
126
125
125
125
125
125
126
126
125
126
125
125
125
125
125
125
125
125
125
125
125
125
125
125
126
125
125
125
125
126
126
126
126
125
126
125
125
126
125
125
125
125
126
125
126
125
126
125
126
125
125
125
125
125
126
126
125
125
125
125
125
126
126
126
125
125
125
125
125
125
125
125
125
125
125
125
126
126
125
125
126
125
125
126
125
126
125
125
125
125
125
126
126
126
125
125
125
125
125
125
125
125
125
125
125
125
125
125
125
125
125
126
126
126
126
125
125
125
125
125
126
126
125
125
125
126
126
126
126
126
125
126
126
126
125
125
125
125
125
125
125
125
125
125
125
126
125
126
126
126
126
125
125
125
125
125
126
126
126
126
126
126
126
125
125
125
125
125
125
125
125
125
125
125
125
125
125
125
125
125
125
125
125
125
125
125
125
125
125
125
125
125
125
125
125
125
125
125
125
125
125
125
126
126
126
124
125
126
125
125
125
125
125
125
125
125
125
125
125
126
126
125
126
126
126
125
125
125
126
127
126
125
125
126
127
126
123
122
125
127
126
123
122
122
124
128
131
131
126
120
120
126
130
128
125
124
123
124
127
127
124
124
128
130
127
123
122
124
126
126
124
122
123
127
127
125
125
128
128
127
126
126
124
123
123
124
124
124
125
126
126
126
126
127
126
125
125
124
123
125
129
130
127
120
116
118
129
140
137
121
111
116
130
138
134
124
120
123
124
122
122
125
129
129
124
121
121
121
125
135
139
127
111
110
126
141
143
127
104
101
129
156
140
101
105
139
143
124
117
119
129
145
136
98
89
141
173
129
79
100
154
163
120
97
136
160
111
89
132
144
91
89
160
177
126
99
122
144
129
105
111
144
152
126
99
115
147
145
106
72
106
157
156
136
119
96
123
170
146
89
90
132
148
138
137
142
117
68
89
164
187
139
71
61
137
208
176
101
69
80
113
161
179
137
91
101
128
134
139
143
121
98
124
147
125
104
134
149
111
98
136
142
112
118
144
127
101
124
155
138
106
108
119
124
138
150
130
101
102
133
147
129
109
119
142
140
118
105
117
137
144
126
113
119
122
127
138
136
114
104
123
139
135
125
121
122
121
124
131
133
127
122
124
128
125
116
116
134
145
128
107
112
131
135
128
126
128
127
123
120
122
127
129
126
122
124
126
125
124
125
124
122
125
131
131
125
122
127
129
126
122
121
123
121
128
130
127
125
126
126
125
125
124
123
124
126
128
128
126
123
122
124
126
126
126
125
126
126
126
126
126
126
125
124
123
125
127
128
126
125
125
126
126
127
126
124
124
126
128
128
127
126
126
125
124
124
122
123
126
127
126
126
126
125
124
126
127
125
124
125
124
125
123
122
125
131
132
126
122
124
128
128
125
122
123
126
127
127
123
122
125
127
127
125
123
124
127
128
127
124
124
125
127
125
123
123
125
127
126
125
125
125
124
124
125
125
125
126
127
125
123
124
127
128
126
124
124
124
125
126
126
124
122
124
129
130
126
124
125
126
125
125
125
126
126
125
125
125
125
125
125
125
125
126
127
126
125
124
125
126
125
125
125
125
125
125
125
126
125
125
126
127
125
125
125
125
126
126
126
125
124
125
126
126
126
126
125
124
123
125
126
126
126
125
125
126
127
127
126
125
124
126
127
127
125
123
123
125
126
126
126
126
126
125
124
126
127
127
125
126
128
126
125
124
125
125
123
122
123
125
126
127
126
126
125
125
125
126
127
127
125
124
125
126
126
125
124
124
126
126
126
125
125
125
125
126
126
125
125
125
124
125
127
126
124
125
126
126
125
124
125
126
126
126
126
125
125
125
125
125
127
126
125
124
124
126
127
126
125
125
126
126
125
124
125
128
121
124
125
124
125
126
126
125
127
128
126
125
126
127
126
125
124
124
125
125
125
125
126
126
126
127
125
125
126
126
125
125
125
126
126
125
125
125
125
126
125
125
126
126
125
125
126
127
125
124
125
127
126
124
125
126
125
125
126
125
124
126
126
125
125
126
124
122
126
125
124
126
128
127
126
126
126
125
126
126
125
125
125
125
125
126
126
125
124
125
125
126
125
125
125
125
126
126
125
125
126
125
126
125
125
125
125
125
125
125
125
125
126
126
125
125
125
125
125
125
125
125
126
125
126
125
125
125
125
126
126
126
125
125
125
126
126
126
126
125
125
125
126
126
126
125
125
125
126
126
125
125
125
125
125
125
125
125
125
125
125
125
125
125
125
126
126
126
125
125
126
126
125
125
125
125
125
126
125
125
125
125
126
125
125
125
125
126
125
125
126
126
125
126
125
125
125
125
125
125
124
126
126
126
125
126
126
127
126
125
125
124
124
125
126
126
127
127
126
126
127
124
123
124
124
124
125
125
124
124
124
124
125
125
125
125
125
126
126
127
127
127
126
126
125
126
125
124
124
125
125
126
126
126
126
125
126
126
126
126
123
125
125
125
125
125
125
125
126
125
125
126
126
126
126
126
125
125
126
125
125
125
124
125
125
125
125
125
125
125
125
126
126
125
125
125
126
126
126
126
125
125
125
125
125
124
124
125
125
125
125
125
126
126
126
125
125
125
125
125
125
125
125
125
126
127
126
126
126
125
126
126
126
126
126
126
126
126
126
126
126
126
126
125
126
126
126
126
125
126
126
126
126
125
125
126
127
126
126
125
125
126
126
118
124
125
126
126
128
128
127
128
128
128
127
127
126
126
126
125
125
125
125
125
126
126
127
126
125
125
125
125
126
125
126
126
126
125
125
125
128
126
126
126
125
125
125
125
125
125
126
126
126
126
126
125
126
125
125
125
125
126
126
125
124
125
125
126
125
125
126
125
125
126
125
126
126
126
126
126
126
126
125
125
125
126
126
126
126
126
125
125
126
126
126
125
125
126
125
125
126
125
125
125
125
126
126
125
126
126
126
125
125
126
126
126
126
126
126
126
126
127
126
126
125
126
125
126
125
125
126
125
125
125
125
125
125
125
125
126
126
126
126
126
133
128
125
125
125
124
123
128
129
126
123
123
121
122
123
122
123
128
127
126
125
127
127
125
125
127
128
127
126
125
126
126
126
125
126
126
126
125
125
124
125
126
126
125
125
125
125
125
125
125
124
124
126
126
126
126
126
125
124
124
47
125
125
126
125
125
125
125
125
125
125
125
125
125
125
125
125
125
125
125
125
125
125
125
125
125
125
126
125
125
125
125
125
125
125
125
125
125
125
125
125
126
125
125
125
125
125
125
125
125
125
125
125
125
126
125
125
126
125
125
125
125
125
125
125
125
125
125
125
125
125
125
125
125
125
125
126
126
126
126
126
126
126
126
126
125
125
126
126
125
126
126
126
126
125
125
126
125
125
126
126
126
126
125
125
126
125
126
126
126
126
126
126
125
125
125
126
125
126
126
125
126
125
126
125
125
126
126
125
125
125
126
126
125
126
125
125
126
126
125
126
125
125
126
126
126
125
125
126
125
126
125
125
125
125
126
125
125
126
125
125
126
125
126
125
126
126
125
126
126
125
126
126
125
126
125
126
126
125
126
125
126
126
125
125
126
126
126
125
125
125
126
126
125
126
125
125
126
126
126
126
126
126
126
125
126
126
125
125
126
125
126
126
126
126
125
125
126
125
126
126
125
125
126
125
126
126
126
126
126
126
126
125
126
126
125
126
125
125
126
126
126
126
126
126
126
126
125
125
125
126
125
126
125
126
126
125
126
125
125
126
126
125
126
125
126
126
126
125
125
126
126
125
126
125
126
126
126
125
125
125
126
126
126
125
125
126
125
126
125
125
125
126
126
126
126
126
126
125
125
125
125
125
125
125
125
126
125
125
125
125
125
125
125
125
125
125
125
125
125
125
126
125
125
125
125
125
125
125
125
125
125
125
125
125
125
125
125
125
125
125
125
125
125
125
125
125
125
125
125
125
125
126
126
132
