128
128
125
125
125
125
34
125
125
126
125
126
125
125
125
125
126
125
125
126
126
126
125
126
125
125
125
125
125
125
125
125
125
125
125
125
125
125
125
125
125
125
125
125
125
125
125
125
125
125
125
125
125
125
125
125
125
125
125
125
125
125
125
125
125
125
125
125
125
125
125
125
125
125
125
125
125
125
125
125
125
125
125
125
125
125
125
125
125
125
125
125
125
125
125
125
125
125
125
125
125
125
125
125
125
125
125
125
125
125
125
125
125
125
125
125
125
125
125
125
125
125
125
125
125
125
125
125
125
125
125
125
125
125
125
125
125
125
125
125
125
125
125
125
125
125
125
125
125
125
125
125
125
125
125
125
125
125
125
125
125
125
125
125
125
125
125
125
125
125
125
126
125
125
125
126
125
126
126
126
125
126
126
125
126
126
126
126
126
126
126
126
126
126
125
126
126
125
125
126
126
126
126
126
126
126
126
126
126
126
126
126
126
126
126
126
126
126
125
126
126
126
126
126
126
126
126
126
126
126
126
126
126
126
126
126
126
126
126
125
125
126
126
125
126
126
126
126
125
126
126
125
125
126
126
126
125
125
126
126
126
125
125
126
126
126
125
125
125
125
126
126
126
126
126
125
125
126
126
126
126
125
125
125
126
126
126
126
125
125
126
126
125
125
126
126
126
125
126
125
125
126
126
125
125
125
126
126
126
125
126
126
126
126
125
125
126
126
126
125
125
125
125
126
126
126
125
125
126
126
126
126
126
125
126
125
126
126
126
125
126
125
126
126
125
125
125
126
126
126
125
126
126
126
125
125
126
126
126
125
126
126
125
125
126
126
126
126
126
126
125
126
126
126
125
126
126
126
125
125
126
125
125
126
126
126
126
126
125
126
126
126
125
125
125
125
125
125
125
125
126
125
125
125
126
125
125
126
126
125
125
126
126
125
125
126
126
126
126
125
125
125
125
125
125
125
125
126
126
125
125
125
125
125
125
126
126
125
125
125
125
126
126
126
125
125
125
125
125
126
125
125
126
125
125
126
125
125
126
126
125
125
125
125
125
125
125
125
125
125
126
126
126
126
125
125
125
125
125
125
125
125
125
125
125
125
125
125
125
125
125
125
125
125
125
125
125
125
125
125
125
125
125
125
125
126
125
125
125
125
125
125
125
125
125
125
125
125
125
125
125
125
125
125
125
126
125
125
125
125
125
125
125
125
125
126
126
125
124
126
126
125
125
125
124
125
127
127
124
124
126
126
124
124
127
127
124
123
127
127
123
123
127
128
123
123
128
128
122
122
131
131
121
118
127
131
124
121
126
124
117
123
135
129
111
120
156
164
119
70
66
113
175
189
147
101
74
87
143
168
139
108
137
186
151
45
46
163
148
39
105
240
222
147
109
19
2
189
255
71
84
178
255
243
143
135
108
255
255
227
34
24
140
130
75
112
175
153
92
82
115
129
126
147
159
122
88
102
132
143
124
98
105
139
154
143
132
122
105
104
129
141
128
116
116
117
122
132
137
134
128
125
123
120
121
128
132
127
121
124
129
132
129
123
115
115
123
135
138
131
122
118
122
131
135
129
120
119
124
127
125
124
126
128
128
127
126
124
123
123
126
129
129
128
127
126
126
126
124
122
122
124
126
127
128
127
127
127
127
126
125
126
127
128
127
126
124
122
123
126
127
127
126
127
127
127
126
124
124
125
126
127
127
125
125
126
127
127
126
126
126
126
126
124
123
123
125
127
128
127
126
126
126
127
126
125
125
125
125
125
126
126
126
125
125
126
126
126
126
126
125
125
126
126
126
126
126
126
126
126
125
125
125
125
126
126
126
126
126
126
126
126
125
125
126
125
125
126
126
126
126
126
125
125
125
126
125
125
127
126
125
126
126
126
126
126
125
125
125
125
125
125
124
124
125
126
127
127
126
127
126
126
125
125
125
125
127
126
125
125
125
125
125
125
125
126
126
125
125
125
125
125
125
126
126
126
126
126
125
126
126
125
125
125
125
125
125
125
125
126
125
126
125
125
125
125
125
125
125
125
125
125
125
125
126
126
126
126
126
126
126
125
125
125
125
125
125
125
125
125
125
126
126
126
126
125
125
125
125
125
125
124
125
126
125
125
125
126
125
125
125
125
125
126
126
126
125
125
126
126
125
125
125
125
125
125
125
125
126
126
125
125
125
125
125
126
126
125
126
125
125
126
125
125
125
126
125
125
125
126
125
126
125
125
125
125
125
125
126
126
126
125
125
125
124
125
125
125
125
125
125
125
125
125
126
126
126
125
125
125
125
126
125
125
125
125
126
126
125
125
125
125
125
125
125
125
125
125
125
124
125
125
126
126
125
125
125
126
126
126
125
125
125
125
125
125
125
126
127
124
124
125
125
125
126
126
126
125
125
125
125
125
125
126
126
126
125
126
125
126
125
121
124
126
126
127
127
127
127
126
126
126
125
125
125
126
126
125
126
126
126
126
125
126
125
126
126
125
126
126
126
126
126
125
126
126
126
126
125
126
126
125
126
125
125
125
122
125
125
126
126
127
127
126
126
126
126
126
126
126
125
125
126
126
125
126
126
126
126
126
126
126
126
125
125
125
125
125
125
125
125
125
125
125
126
125
125
125
125
126
126
125
125
126
125
125
125
125
126
126
125
126
125
126
126
125
126
126
125
126
125
125
126
126
126
125
125
126
126
126
126
126
125
125
126
126
125
125
126
126
125
125
126
125
126
126
126
126
125
125
126
126
126
125
125
126
126
126
125
125
125
126
126
126
126
126
126
125
125
126
125
126
126
126
126
126
126
126
126
126
126
126
125
125
125
126
125
125
126
126
126
126
126
125
126
125
125
126
125
126
126
125
126
125
126
126
130
126
125
125
125
124
124
124
125
125
125
125
125
125
125
125
125
125
126
125
126
126
126
126
125
129
128
126
125
125
124
124
125
125
125
125
126
125
126
125
125
125
125
126
125
125
125
125
126
125
125
125
125
126
125
125
125
125
125
125
125
126
126
125
125
126
125
125
125
125
125
125
126
126
125
126
126
125
126
125
124
125
125
126
126
125
124
125
126
126
126
125
125
124
125
125
127
127
126
123
123
124
126
126
126
125
125
126
126
126
125
124
122
123
126
128
127
125
123
124
126
126
127
126
125
126
126
126
126
125
125
125
125
125
126
125
125
125
126
125
125
125
125
125
126
125
125
125
125
125
126
126
125
125
125
126
126
125
125
125
125
125
125
126
126
125
125
125
126
125
125
125
125
126
126
125
125
125
125
125
126
125
124
125
124
125
125
125
125
125
125
125
117
124
125
125
128
128
127
127
126
127
126
125
126
125
125
126
126
126
126
125
125
125
125
126
125
125
125
125
126
126
125
125
125
124
125
125
125
125
125
125
126
125
125
124
125
126
125
125
125
125
126
125
125
125
125
125
125
126
125
126
126
126
126
125
125
126
125
124
124
125
126
126
126
125
124
126
127
127
126
126
125
125
125
125
125
125
125
126
126
126
125
125
126
126
125
125
125
125
124
124
124
125
127
128
125
124
126
126
126
126
125
125
124
125
126
126
125
123
124
126
125
124
124
124
125
126
126
127
127
127
126
127
126
126
124
123
124
126
124
125
125
127
126
126
127
126
126
125
125
129
131
125
124
124
122
122
123
124
123
124
125
125
125
125
125
124
125
125
124
125
125
125
125
126
125
126
124
125
126
126
126
126
126
125
125
126
126
125
126
125
125
125
125
125
124
125
126
125
125
126
126
125
125
125
125
126
125
125
125
125
126
125
125
126
125
125
125
125
126
125
125
126
125
125
125
124
124
124
124
125
125
125
125
125
124
125
125
125
33
126
125
126
126
126
126
125
126
126
125
126
126
126
126
126
125
126
126
126
126
125
125
126
125
126
125
125
126
125
126
126
125
126
126
126
126
125
126
126
125
125
126
125
126
125
125
126
126
126
126
126
126
125
125
126
125
126
126
125
126
125
126
126
126
125
126
125
125
125
126
126
125
125
126
126
125
126
126
126
126
126
126
125
126
126
125
125
126
126
126
125
126
126
126
126
125
126
125
126
126
125
126
125
125
126
125
126
125
126
125
126
126
125
126
126
126
126
126
125
125
125
125
125
125
125
125
125
125
125
125
125
125
125
125
125
125
125
125
125
125
125
126
126
125
125
125
125
125
125
125
125
125
125
125
125
125
125
125
125
126
125
126
125
125
126
126
125
125
125
125
125
125
125
125
125
125
125
125
125
125
125
125
125
125
125
125
125
125
125
125
125
125
125
125
125
125
125
125
125
125
125
125
125
125
125
125
125
125
125
125
125
125
125
125
125
125
125
125
125
125
125
125
125
126
125
125
125
125
125
125
126
126
126
126
125
125
125
126
126
125
125
125
126
126
126
125
125
126
126
125
125
127
127
125
124
125
127
127
125
124
124
125
126
125
124
125
126
128
127
126
125
126
125
124
124
126
126
125
125
126
126
125
125
126
125
125
126
127
126
124
124
125
126
126
126
126
124
124
125
126
125
125
126
128
127
124
122
123
125
128
128
127
124
123
123
125
127
126
125
124
125
126
126
127
126
125
125
125
125
125
126
126
124
124
127
127
124
123
125
127
126
124
125
126
126
127
125
123
124
127
127
124
123
128
