126
131
129
123
119
120
93
126
126
126
125
126
125
126
125
125
125
125
126
125
125
125
126
125
126
125
125
125
125
125
125
125
126
125
125
125
125
125
125
125
126
125
125
125
125
125
126
125
126
126
125
126
125
125
125
126
125
125
126
126
125
126
125
126
125
125
125
125
125
125
125
126
126
125
126
126
125
126
126
125
125
125
125
125
125
126
126
125
126
125
126
125
125
126
126
125
126
125
125
126
126
125
126
126
125
126
125
126
126
126
126
125
125
125
126
126
125
126
126
126
125
125
125
125
125
125
125
125
125
125
125
125
125
126
125
125
125
126
125
125
125
125
125
125
125
125
125
125
125
126
126
125
125
125
125
125
125
125
125
125
125
125
125
126
126
125
125
125
125
125
125
125
125
125
125
125
125
125
125
125
125
125
125
125
125
125
125
125
125
125
125
125
125
125
125
125
126
125
125
125
125
125
125
125
125
125
125
125
125
125
125
125
125
125
125
125
125
125
125
125
125
125
125
125
125
125
125
125
125
125
125
125
125
125
125
125
125
125
125
125
125
125
125
125
125
125
125
125
126
125
125
125
125
125
125
125
125
125
125
125
125
125
125
125
125
125
125
125
125
125
125
125
125
125
125
125
125
125
125
125
125
125
125
125
125
125
125
125
125
126
125
125
125
125
125
125
125
125
125
125
125
125
125
125
125
125
125
125
125
125
125
125
125
125
125
125
125
125
125
125
125
125
125
125
125
125
125
125
125
125
125
125
125
125
125
125
125
125
125
125
125
125
125
125
125
125
125
125
125
125
125
125
125
125
125
125
124
129
125
124
124
124
125
125
126
126
126
126
125
125
125
125
125
125
125
125
125
125
125
125
125
125
125
125
125
125
125
125
125
125
125
125
125
125
125
125
125
125
125
125
125
125
125
125
125
125
125
125
125
125
125
125
125
125
125
125
125
125
125
125
125
125
125
125
125
125
125
125
125
125
125
125
125
125
125
125
125
125
125
125
125
125
125
125
125
125
125
126
125
125
125
125
125
125
125
125
125
125
125
125
125
125
125
125
125
125
125
125
125
125
125
125
125
125
125
125
125
125
125
125
125
125
125
125
125
125
125
125
125
125
125
125
125
125
125
125
125
125
125
125
125
125
125
125
125
125
125
125
125
125
125
125
125
125
125
125
125
125
125
125
125
125
125
125
125
125
125
125
125
125
125
125
126
125
125
125
125
125
125
125
125
125
125
125
125
125
125
125
125
125
125
125
125
125
125
125
125
125
125
125
125
125
125
125
125
125
125
125
125
125
125
125
125
125
125
125
125
125
125
125
125
125
125
125
125
125
125
125
125
125
125
125
125
125
125
125
125
125
125
125
125
125
125
125
125
125
125
125
125
125
125
125
125
125
125
125
125
125
125
125
125
125
125
125
125
125
125
125
125
125
125
125
125
125
126
124
125
126
125
125
125
125
125
125
125
125
125
125
125
125
125
125
125
125
125
125
125
125
125
125
125
125
125
125
125
125
125
125
125
125
125
125
125
125
125
125
126
126
126
125
126
125
125
125
125
125
125
125
125
126
125
125
125
126
125
126
125
125
125
125
125
124
125
125
125
125
126
126
125
125
125
125
125
125
125
125
125
125
125
125
125
125
125
125
125
125
125
125
125
125
125
125
125
125
125
125
125
125
125
125
125
125
125
125
125
125
125
125
125
125
125
125
125
125
125
125
125
125
125
125
125
125
125
125
125
125
125
125
125
125
125
125
125
125
125
125
125
125
125
126
125
125
125
125
125
125
125
125
125
125
125
125
125
125
125
125
125
125
125
125
125
125
125
125
126
125
125
126
125
125
125
125
125
125
125
125
126
125
125
125
125
125
125
125
125
125
125
125
125
125
125
125
125
125
125
125
125
125
125
125
125
125
125
125
125
125
125
125
125
127
126
125
125
125
125
125
125
125
125
125
125
125
125
125
125
125
125
125
125
125
125
125
125
125
125
125
125
125
125
125
125
126
125
125
125
125
125
125
125
125
125
125
125
125
125
126
125
125
125
125
125
125
125
125
125
125
125
125
125
125
125
126
125
125
125
125
125
125
125
125
125
125
126
125
125
125
125
125
125
126
126
125
125
126
126
125
125
126
126
125
125
126
125
125
125
126
125
125
125
125
125
125
126
126
125
125
125
125
125
125
126
125
125
125
126
127
122
125
126
126
125
126
125
125
125
126
125
125
126
126
125
125
125
126
126
125
125
126
126
125
125
126
125
125
126
126
125
125
126
123
124
124
126
126
127
127
127
127
125
125
126
126
125
125
126
126
125
125
126
126
125
125
126
126
125
125
126
126
126
125
126
126
122
124
125
126
126
126
126
126
126
125
125
126
126
125
126
126
125
125
125
126
126
126
126
126
125
125
125
126
126
126
125
126
125
125
125
126
125
125
126
126
126
125
125
125
126
126
125
126
126
125
124
125
126
126
125
125
126
126
125
125
126
126
126
125
126
126
125
125
125
126
126
125
125
125
126
125
125
125
126
126
125
125
126
126
125
125
126
126
125
125
126
126
126
125
126
127
126
125
125
125
126
126
125
124
122
123
126
127
126
127
132
136
130
118
114
124
132
132
125
119
118
124
129
125
118
119
122
126
130
129
125
125
127
130
129
127
127
130
135
133
120
112
116
126
132
131
124
118
122
125
127
125
124
123
125
126
126
124
125
126
127
128
128
129
128
126
125
125
126
126
125
125
125
124
124
124
124
124
124
124
125
125
126
125
126
126
126
126
126
126
129
130
127
126
126
124
124
123
124
125
125
125
125
125
125
125
125
125
125
125
125
125
125
125
125
125
129
119
125
126
126
126
126
125
126
126
126
125
125
126
126
126
126
126
126
125
125
125
126
126
125
125
125
126
125
125
125
126
126
126
126
126
126
125
125
125
125
126
126
125
125
124
124
124
125
125
125
126
127
125
124
124
125
126
126
125
125
125
128
131
130
125
122
120
128
127
125
124
126
126
126
125
124
125
124
121
119
121
128
130
126
122
124
127
127
126
127
126
124
126
127
127
127
126
126
126
126
126
125
124
124
125
126
124
123
125
125
125
125
125
124
124
125
125
126
126
126
125
125
126
127
127
126
125
125
126
125
126
126
125
125
124
125
126
124
123
125
125
125
125
126
126
124
126
127
126
124
125
127
128
126
125
124
119
118
127
135
132
122
119
123
130
135
132
119
116
130
138
132
127
122
110
107
120
132
125
116
115
116
119
135
146
134
117
114
130
152
158
141
119
124
147
146
103
52
59
128
177
152
108
104
128
113
131
140
133
121
114
117
129
136
129
123
128
132
126
119
124
132
126
117
116
123
129
130
127
125
125
128
128
124
121
122
126
129
127
123
121
123
127
130
127
124
124
125
126
128
128
127
125
122
123
125
127
126
125
122
120
125
131
129
123
124
127
126
130
130
116
110
125
138
126
114
116
127
133
136
132
114
114
142
148
122
108
123
131
111
100
116
134
133
123
127
143
146
132
122
123
125
125
127
126
121
123
120
110
107
122
141
139
128
126
126
122
130
139
127
118
120
120
115
114
128
132
119
114
132
142
138
137
132
119
113
117
121
133
137
123
113
128
136
115
95
113
148
159
133
109
110
129
134
105
112
147
147
110
91
113
154
172
145
110
106
106
101
128
159
129
70
83
166
208
140
63
101
156
140
115
122
125
125
141
141
109
87
114
158
159
124
106
117
124
125
135
141
126
113
120
136
130
123
127
120
111
104
122
143
150
143
130
112
106
112
123
135
139
127
115
118
135
136
122
113
116
125
130
128
125
124
121
121
124
131
133
127
121
123
129
131
125
122
121
120
121
94
125
125
125
125
125
125
125
125
125
125
125
125
125
125
125
125
125
125
125
125
125
125
125
125
125
125
125
125
125
125
125
125
125
125
125
125
125
125
125
125
125
125
125
125
125
125
125
125
125
125
125
125
125
125
125
125
125
125
125
125
125
125
125
125
125
125
125
125
125
125
125
125
125
125
125
125
125
125
125
125
125
125
125
125
125
125
125
125
125
125
125
125
125
126
126
125
125
125
125
125
125
125
125
125
125
125
125
125
125
125
125
125
125
125
125
125
125
125
125
125
125
125
125
125
125
125
125
125
125
125
125
125
125
125
125
125
125
125
125
125
125
125
125
125
125
125
125
125
125
125
125
125
125
125
125
125
125
125
125
125
125
125
125
125
125
125
125
125
125
125
125
125
125
125
125
125
125
125
125
125
125
125
125
125
125
125
125
125
125
125
125
125
125
125
125
125
125
125
125
125
125
125
125
125
125
125
125
125
125
125
125
125
125
125
125
125
125
125
125
125
125
125
125
125
125
125
125
125
125
125
125
125
125
125
125
125
125
125
125
125
125
125
125
125
125
125
125
125
125
125
126
125
125
125
125
125
125
125
125
125
125
125
125
125
125
125
125
125
125
125
125
125
125
125
125
125
125
125
125
125
125
125
125
125
125
125
125
125
125
125
125
125
125
125
125
125
125
125
125
125
125
125
125
125
125
125
125
125
125
125
125
125
125
125
125
125
125
125
125
125
125
125
125
126
125
126
125
125
125
125
125
125
125
125
125
125
125
125
125
125
125
125
125
125
125
125
125
125
125
125
125
125
125
122
