127
126
125
124
126
125
34
126
126
126
126
126
126
125
126
126
126
126
126
126
126
126
125
126
126
126
126
126
125
125
126
126
125
126
126
126
126
126
125
126
125
126
126
125
125
126
125
126
126
126
125
125
126
126
126
126
126
126
126
126
126
126
126
125
126
125
126
126
126
125
126
125
126
125
126
126
126
126
125
126
126
126
126
126
126
126
126
125
126
126
125
125
126
126
126
125
126
126
126
126
126
126
126
125
125
126
125
125
125
125
126
126
126
125
125
125
126
125
125
125
125
125
125
125
126
125
125
125
125
126
126
126
126
126
126
126
126
125
125
125
125
126
125
125
125
125
126
126
126
125
125
125
125
125
125
125
125
125
125
125
125
126
125
125
125
125
126
125
125
125
125
125
125
125
125
125
125
125
125
125
125
125
125
125
125
125
125
125
125
125
125
125
125
125
125
125
125
125
125
125
125
125
125
125
125
125
125
125
125
125
125
125
125
125
125
125
125
125
125
125
125
125
125
125
125
125
125
125
125
125
125
125
125
125
125
125
125
125
125
125
125
125
125
125
125
125
125
126
125
125
126
126
125
125
126
126
126
126
125
126
125
126
126
125
126
126
126
125
125
125
126
126
126
126
126
125
125
126
126
126
125
125
126
126
125
126
126
126
126
125
125
125
125
125
126
126
126
126
125
126
125
125
125
125
125
125
125
125
126
125
125
126
125
125
125
125
125
125
126
126
125
125
125
125
126
126
125
125
126
125
125
125
125
126
125
125
125
125
125
125
125
125
125
125
125
126
126
125
125
125
126
126
126
126
125
125
125
125
125
125
125
125
126
126
125
126
126
126
125
126
125
125
125
125
125
125
125
125
125
125
125
126
126
126
126
125
126
126
126
125
125
125
125
125
125
126
125
126
126
126
126
126
125
126
126
125
125
125
125
126
126
126
125
125
126
126
124
124
125
126
127
126
125
124
125
126
127
126
124
124
124
126
128
128
125
124
125
127
127
125
123
124
126
127
125
123
125
128
127
124
123
126
126
125
124
125
126
125
126
126
125
125
129
128
123
122
126
127
126
127
126
122
122
127
128
125
125
124
122
125
129
127
122
123
127
127
124
124
125
124
125
126
126
126
125
125
127
126
122
122
127
127
124
123
125
126
127
128
126
122
122
126
128
125
124
125
126
127
126
125
124
125
125
125
125
125
126
126
126
125
125
125
125
126
125
124
124
125
126
126
126
125
125
125
125
125
125
125
125
126
125
124
125
127
127
125
124
125
126
125
123
124
125
123
124
126
126
126
128
128
126
127
127
125
126
125
122
130
144
97
18
108
255
255
128
179
255
255
47
31
104
116
94
188
240
166
28
62
237
204
46
58
255
145
255
78
255
255
43
91
6
72
251
255
112
22
105
160
128
90
102
135
119
80
108
168
172
127
111
135
132
94
80
112
149
154
134
109
99
110
139
159
143
108
97
118
133
126
122
131
137
128
116
115
123
131
130
122
119
124
131
132
128
121
120
126
132
133
128
123
120
120
119
120
124
129
133
132
128
123
122
125
129
129
127
123
123
121
123
122
122
124
128
130
130
128
125
126
128
127
123
121
123
127
129
128
125
124
126
126
128
128
127
124
122
121
124
129
132
131
127
124
123
125
126
125
122
121
126
134
136
128
118
116
124
133
134
128
123
122
124
126
127
128
128
127
125
125
125
126
125
122
121
124
126
128
128
126
125
125
125
127
128
127
125
126
127
126
125
124
125
127
128
127
126
125
125
125
125
124
124
124
125
126
126
127
128
127
126
126
126
125
123
124
124
125
125
127
128
128
126
125
125
125
126
127
126
126
125
124
125
125
125
125
124
125
126
126
127
127
127
127
126
125
126
125
125
125
124
124
125
125
126
126
126
126
126
126
126
126
125
125
125
125
125
126
126
126
126
126
125
125
125
125
125
126
126
126
125
126
126
126
125
125
126
126
125
125
125
126
127
126
125
125
125
126
126
126
126
125
125
125
125
126
126
126
125
126
125
124
125
126
126
126
126
127
126
126
126
125
125
126
126
126
127
126
126
126
125
125
125
125
125
125
125
125
125
125
126
125
125
125
125
125
126
126
125
124
125
128
126
125
125
126
126
125
124
124
125
125
126
125
126
125
125
125
125
125
126
127
125
125
126
126
126
125
125
125
126
126
124
124
126
126
126
125
125
125
125
125
125
125
125
125
125
125
125
125
125
126
126
126
125
126
126
125
125
125
125
126
126
124
124
124
126
125
125
125
126
126
126
126
125
125
125
125
125
126
126
125
124
125
125
126
126
125
125
126
125
125
126
126
125
124
124
125
126
125
125
125
126
126
127
126
125
126
126
126
125
125
124
124
124
124
125
125
126
126
126
126
127
128
124
120
125
126
125
125
126
126
126
126
126
126
125
125
126
126
126
125
126
125
125
125
121
123
126
126
127
128
127
127
127
127
126
126
126
126
126
126
126
126
126
126
126
126
126
125
125
125
125
125
125
125
125
126
126
126
126
126
126
126
126
126
125
125
125
125
125
124
123
125
126
126
127
127
127
127
126
126
125
126
125
125
125
125
125
126
126
125
126
126
126
125
125
126
125
125
125
125
125
125
125
125
126
126
126
126
125
125
126
125
126
126
125
125
125
125
126
125
126
126
125
125
125
125
125
126
126
126
125
126
126
126
125
125
125
126
126
125
126
126
126
126
125
125
126
125
126
126
125
126
126
125
126
125
126
126
125
125
124
126
126
125
126
126
126
127
126
126
125
125
125
125
126
126
124
123
125
126
127
126
126
126
126
126
126
125
125
125
124
124
125
125
125
125
125
126
127
127
127
127
127
127
126
126
125
124
124
124
124
125
125
126
126
126
127
127
127
130
127
125
125
124
123
123
124
125
125
125
125
126
126
126
126
126
125
125
125
125
125
125
125
125
129
128
125
125
125
124
125
125
125
125
126
125
126
126
126
125
126
126
126
125
125
125
125
122
121
126
131
129
122
120
124
129
129
128
125
122
123
125
127
127
126
123
121
124
127
128
127
127
126
126
127
126
126
125
123
123
123
124
125
125
125
126
125
124
125
125
126
126
127
127
126
126
126
125
125
125
123
123
123
124
125
125
127
127
126
126
127
127
127
127
126
123
122
125
126
125
124
124
125
126
127
126
124
124
126
127
125
125
125
125
124
124
124
124
125
126
126
125
126
126
125
126
126
141
108
121
126
125
123
126
126
126
126
125
125
127
126
125
126
126
127
128
125
125
127
129
126
124
124
101
105
129
126
128
130
132
133
131
129
127
127
127
128
128
127
126
125
124
122
124
125
125
124
125
126
126
127
127
126
126
125
125
126
126
125
124
125
125
123
123
125
128
127
126
124
128
130
126
125
125
123
121
122
121
123
124
126
126
125
124
125
127
129
129
126
126
125
125
124
124
122
124
125
125
125
126
126
126
126
127
125
124
124
124
125
125
124
124
125
126
126
126
126
126
125
125
126
125
125
125
125
125
125
124
124
124
125
126
126
126
126
125
126
125
125
125
124
124
126
125
126
126
126
125
126
124
126
125
125
125
125
126
126
126
126
125
126
127
126
123
124
125
126
126
125
126
126
127
126
124
124
124
124
124
124
124
124
125
125
125
125
125
126
125
126
126
126
124
124
125
125
124
125
126
126
126
126
126
126
125
126
126
126
125
124
123
124
123
123
124
125
125
125
131
90
124
126
129
126
130
128
127
127
129
126
125
125
122
125
128
127
126
127
73
112
123
131
133
135
133
131
131
132
129
127
126
127
129
129
126
127
128
127
125
125
127
128
128
128
127
126
127
127
127
127
126
125
126
126
126
126
125
33
125
125
125
125
125
125
125
125
125
125
125
125
125
125
125
125
125
125
125
125
125
125
125
125
125
125
125
125
125
125
125
125
125
125
125
125
125
125
125
125
125
125
125
125
125
125
125
125
125
125
125
125
125
125
125
125
125
125
125
125
125
125
125
125
125
125
125
125
125
125
125
125
125
125
125
125
125
125
125
125
125
125
125
125
125
125
125
125
125
125
125
125
125
125
125
125
125
125
125
125
125
125
125
125
125
125
125
125
125
125
125
125
125
125
125
125
125
125
125
125
125
125
125
125
125
125
125
125
125
125
125
125
125
125
125
125
125
125
125
125
125
125
125
125
125
125
125
125
125
125
125
125
125
125
125
125
125
125
125
125
125
125
125
125
125
125
125
125
125
125
125
125
125
125
125
125
125
125
125
125
125
125
125
125
125
126
124
125
125
125
125
126
126
126
126
125
125
125
126
125
126
125
125
126
125
126
125
125
125
125
126
125
125
125
125
125
125
125
125
125
126
126
126
126
126
126
126
126
126
126
125
125
125
126
126
125
125
125
125
126
126
126
126
126
126
126
126
126
125
125
125
125
125
125
126
126
125
126
126
126
126
126
125
126
126
125
126
126
126
125
126
125
126
126
125
125
125
125
125
126
126
125
125
125
125
125
125
125
125
125
125
125
125
125
126
126
126
125
126
125
125
125
125
125
126
126
126
126
126
125
125
126
126
126
125
126
126
126
126
126
125
125
126
126
126
125
125
126
126
126
125
125
125
125
125
125
126
126
125
125
125
125
126
126
126
126
126
126
125
125
125
125
126
126
