126
125
124
125
125
125
78
125
125
126
125
125
125
126
125
125
125
125
125
125
125
126
126
126
126
126
125
125
125
125
125
125
125
125
125
125
125
125
125
125
125
126
125
125
125
125
125
125
125
125
125
125
125
126
125
125
125
125
125
125
125
125
125
125
125
125
125
125
125
125
125
125
125
125
125
125
125
125
125
125
125
125
125
125
125
125
125
125
125
125
125
125
125
126
125
125
126
125
125
125
125
125
125
126
125
125
125
126
125
126
126
126
126
126
126
126
126
126
126
126
126
126
126
126
126
126
126
126
126
126
126
126
126
126
126
126
126
126
126
125
126
126
126
126
126
126
126
126
126
126
126
126
126
126
126
126
126
126
126
126
126
126
126
126
126
126
126
126
126
126
125
125
126
126
126
125
126
126
125
126
126
125
125
126
125
126
126
126
126
125
125
126
126
125
126
126
125
126
125
125
125
126
125
126
126
125
126
125
125
125
125
125
126
126
126
125
125
126
125
125
126
125
125
125
126
126
125
126
125
125
126
125
126
126
125
125
125
126
125
126
126
126
125
126
125
126
125
125
126
126
126
125
125
126
126
125
125
126
126
125
125
126
126
126
125
126
126
126
126
125
126
126
126
126
126
125
126
126
126
126
126
126
126
126
126
125
125
125
126
126
126
125
126
126
126
126
126
126
125
126
126
126
126
125
125
125
126
126
125
125
125
126
126
126
126
126
126
125
126
126
125
125
125
125
125
125
125
125
125
125
125
125
125
125
125
125
125
125
125
125
125
125
125
125
125
125
125
125
125
126
125
125
125
125
125
125
125
125
125
125
125
125
125
125
125
125
125
125
125
125
125
125
125
125
125
125
125
125
125
125
125
125
125
126
125
125
126
125
125
125
125
125
125
125
125
125
125
125
125
125
125
125
125
125
125
125
125
125
125
125
125
125
125
125
125
125
125
125
125
125
125
125
125
125
125
125
125
125
125
125
125
125
125
125
125
125
125
125
125
125
125
125
125
125
125
125
125
125
125
125
125
125
125
125
125
125
125
125
125
125
125
125
125
125
125
125
125
125
125
125
125
125
125
125
125
125
125
125
125
125
125
125
125
125
125
125
125
125
125
125
125
125
125
125
125
125
125
125
125
125
125
125
125
125
125
125
125
125
125
125
125
125
125
125
125
125
125
125
125
125
125
125
125
125
125
125
125
125
125
125
125
125
125
125
125
125
125
125
125
125
125
125
125
125
125
125
125
125
125
125
125
125
125
125
125
125
125
125
125
125
125
125
125
125
125
125
125
125
125
125
125
125
125
125
125
125
125
125
125
125
125
125
125
125
125
125
125
125
125
125
126
126
127
127
126
125
124
124
125
125
126
124
119
121
128
133
130
125
127
131
129
114
102
118
156
162
117
83
112
153
137
103
111
137
138
125
122
122
126
136
125
110
116
151
152
111
91
98
126
164
165
112
84
125
146
113
120
154
139
98
85
111
153
200
198
78
43
53
255
255
91
73
59
244
234
79
39
121
162
130
132
144
109
92
122
137
130
133
127
110
112
127
125
121
135
142
125
106
109
124
131
134
137
132
115
106
123
142
133
112
112
130
137
127
123
133
138
117
85
85
142
204
184
78
15
106
249
219
19
37
147
255
255
16
61
128
255
188
119
109
73
70
158
203
123
55
87
141
144
127
128
132
126
124
130
125
109
109
131
143
126
107
116
137
136
118
110
123
141
141
126
116
118
125
129
127
123
120
123
129
132
128
122
120
124
128
126
122
122
127
131
130
127
126
126
126
125
122
121
122
123
124
128
131
127
122
124
130
132
129
126
125
120
114
121
138
137
119
120
134
127
110
116
135
135
122
120
126
130
130
127
123
125
128
124
120
123
128
129
127
125
124
124
125
127
128
127
125
124
125
127
127
125
124
123
123
125
126
127
127
127
127
126
126
123
122
122
124
126
126
127
126
124
123
127
129
128
125
124
126
128
127
125
125
126
125
122
120
123
128
128
123
122
125
126
124
124
129
129
123
122
128
130
125
123
125
124
125
126
125
123
126
129
127
123
123
126
127
126
125
125
126
126
124
122
123
124
126
129
129
124
119
123
128
129
126
128
128
124
122
124
128
129
128
123
121
122
125
125
124
125
127
127
126
122
124
124
121
125
131
130
125
123
126
130
129
125
121
124
129
130
125
122
125
129
127
125
125
123
121
124
129
130
127
125
124
121
122
126
129
128
128
128
125
121
121
128
134
130
124
121
121
121
126
130
130
128
127
124
121
127
131
126
122
122
123
127
133
132
124
120
124
124
119
123
132
130
123
124
128
128
126
126
125
124
125
127
126
125
125
126
126
126
125
125
126
126
127
125
125
126
127
126
125
125
124
123
124
126
127
126
126
126
126
124
125
125
127
128
127
124
124
125
125
125
126
126
125
124
125
126
127
126
125
125
126
126
125
126
127
127
126
126
124
123
125
126
126
125
125
125
124
125
126
127
126
125
125
125
126
126
126
126
126
126
125
125
125
125
126
127
127
126
125
125
125
126
125
125
125
126
126
126
126
125
125
126
127
126
124
124
125
125
126
126
125
125
126
127
126
125
125
125
126
126
126
125
125
126
125
125
126
128
126
126
126
125
124
126
128
126
125
125
124
123
125
125
124
124
125
125
126
126
125
125
126
126
126
125
124
125
126
126
125
125
125
126
126
126
125
125
125
126
126
126
126
125
124
125
126
126
125
125
125
125
125
126
126
126
125
124
123
125
126
126
124
124
125
122
125
126
126
126
126
126
127
127
126
126
126
126
126
126
125
125
125
124
124
123
124
125
126
126
125
125
125
125
126
126
125
125
126
127
126
124
124
125
126
127
127
125
124
124
125
127
127
125
124
125
126
126
124
124
124
125
125
125
126
126
126
126
125
124
126
126
126
125
124
125
125
125
125
125
125
124
125
125
126
125
126
126
126
126
127
126
125
124
125
126
126
126
126
126
125
124
124
125
126
126
124
124
124
126
126
125
125
126
126
125
124
124
125
126
125
124
124
126
126
126
126
126
125
124
125
125
126
126
126
125
125
126
126
125
124
125
125
126
126
125
124
126
126
125
126
127
127
126
125
124
126
126
126
125
125
125
125
125
125
125
125
125
125
126
125
126
127
125
125
124
124
126
126
125
125
125
126
125
125
126
126
125
124
125
126
127
126
126
125
126
127
127
126
126
126
124
122
123
126
127
124
123
127
127
124
124
126
127
125
124
125
126
125
124
125
125
126
126
125
123
123
127
133
126
126
127
125
124
125
124
121
122
125
125
124
126
125
126
127
125
124
125
126
127
127
126
125
125
126
126
125
125
125
124
124
125
126
125
125
126
126
126
127
127
126
125
125
125
125
124
124
125
126
126
126
126
125
124
125
126
125
125
125
125
125
125
125
125
125
124
125
126
127
126
125
126
126
126
126
126
126
126
126
125
133
127
125
125
125
123
124
124
125
125
124
124
124
124
125
124
125
126
125
126
126
126
125
126
126
127
126
125
124
124
125
125
125
125
125
125
125
125
125
126
125
125
126
126
128
127
125
122
122
124
127
128
127
125
125
125
126
129
128
124
121
122
127
130
127
124
122
122
126
129
128
124
122
122
125
125
126
125
124
125
126
126
126
124
123
124
125
125
125
125
125
124
125
126
127
126
126
126
126
127
127
126
126
122
124
122
124
124
125
126
126
126
127
127
126
125
124
127
121
124
125
125
125
124
124
124
126
127
126
126
125
124
127
126
125
123
123
123
124
124
126
127
125
125
125
126
127
125
124
125
125
126
126
125
125
126
127
126
124
124
126
126
127
126
124
124
124
126
126
125
125
127
126
77
125
125
125
125
125
125
125
125
125
125
125
125
125
125
125
125
125
125
125
125
125
125
125
125
125
125
125
125
125
125
125
125
125
125
125
125
125
125
125
125
125
125
125
125
125
125
125
125
125
125
125
125
125
125
125
125
125
125
125
125
126
125
125
125
125
125
126
125
125
125
125
125
125
125
125
125
125
125
125
125
125
125
125
125
125
125
125
125
125
125
125
125
125
125
125
125
125
125
125
125
125
125
126
126
125
125
125
125
125
125
125
125
125
125
125
125
125
125
125
125
125
125
125
125
125
125
125
125
125
125
125
125
125
125
125
125
125
125
125
125
125
125
125
125
125
125
125
125
125
125
125
125
125
125
125
125
125
125
125
125
125
125
125
125
125
125
125
125
125
125
125
125
125
125
126
125
125
125
125
125
125
125
125
125
125
125
125
125
125
125
125
125
125
125
125
125
125
125
125
125
125
125
125
125
125
125
125
125
125
125
125
125
125
125
125
125
125
125
125
125
125
125
125
125
125
125
125
125
125
125
125
125
125
125
125
125
125
125
125
125
125
125
125
125
125
125
125
125
125
125
125
125
125
125
125
125
125
125
125
125
125
125
125
125
125
125
125
125
125
125
125
125
125
125
125
125
125
125
125
125
125
125
125
125
125
125
125
125
125
125
125
125
125
125
125
125
125
125
125
125
125
125
125
125
125
125
125
125
125
125
125
125
125
125
125
125
125
125
125
125
125
125
126
126
125
125
125
125
125
125
125
125
125
125
125
125
125
125
125
125
125
125
125
125
125
125
125
125
125
125
125
125
125
125
