126
127
128
128
125
122
43
126
125
125
125
125
126
126
125
125
126
126
125
126
126
125
125
125
125
125
125
125
125
125
125
125
126
126
125
126
126
126
125
126
125
125
126
126
125
126
126
126
126
126
126
126
126
126
126
126
126
126
126
126
126
126
126
126
126
126
126
126
126
126
126
126
126
126
125
126
126
125
126
125
125
126
126
126
126
126
126
126
126
126
126
126
126
126
126
126
126
126
126
126
125
125
125
126
126
126
126
126
126
126
126
125
126
126
126
125
126
126
125
125
126
126
126
126
125
125
126
126
126
126
126
125
125
125
125
126
125
125
126
126
126
126
126
126
126
126
126
125
125
125
125
126
126
126
125
125
126
126
126
126
126
126
126
126
125
125
126
125
125
126
126
126
126
126
126
126
126
126
126
126
126
125
126
126
126
126
126
126
126
126
126
126
126
125
125
126
125
126
126
125
125
126
125
126
126
125
125
126
125
126
125
126
126
126
126
126
126
126
126
125
126
126
126
125
126
126
126
126
126
125
126
125
126
126
125
125
126
126
126
126
126
126
126
125
126
126
126
126
126
126
125
125
126
125
125
125
125
125
125
126
125
126
125
125
126
125
126
126
126
125
126
126
126
125
126
126
125
125
126
126
126
126
125
126
126
126
126
125
126
125
125
126
126
126
125
125
125
126
125
125
125
126
126
126
125
125
125
125
125
125
125
125
125
125
125
125
125
125
125
125
125
125
125
125
125
126
126
125
125
125
125
125
125
125
125
125
125
125
125
125
125
125
125
125
126
126
126
125
125
125
126
126
126
126
126
125
125
125
125
125
125
125
125
125
125
125
125
125
125
124
125
126
126
125
125
126
126
126
126
125
125
125
125
124
124
126
127
127
127
126
124
121
123
126
127
126
125
124
124
124
123
121
125
133
136
129
119
118
124
129
130
124
118
120
135
139
118
107
119
141
136
108
118
145
126
113
115
132
155
121
118
115
114
122
126
137
142
123
135
120
106
106
120
153
133
126
139
109
96
128
152
126
102
145
174
93
65
120
163
135
117
137
143
134
119
105
92
121
155
153
119
107
123
126
126
139
130
103
112
139
140
127
125
122
117
124
137
134
119
112
117
128
137
137
131
125
121
118
121
125
126
125
126
126
126
128
129
127
124
123
123
122
123
127
130
129
126
125
126
126
124
124
128
130
124
120
122
125
127
127
126
126
127
125
121
124
130
130
125
123
124
127
128
125
122
123
127
128
127
126
125
123
123
124
124
127
130
130
127
123
123
125
125
124
125
127
127
124
122
123
125
126
127
128
127
126
125
126
127
126
125
125
125
126
126
126
125
124
125
126
126
124
123
123
125
125
125
125
126
127
128
127
126
124
124
125
126
126
126
125
125
124
126
127
127
127
127
127
126
126
125
124
124
125
126
126
126
126
126
126
126
125
125
126
126
126
125
124
126
127
127
125
123
122
125
129
130
128
123
122
125
128
128
127
125
123
124
127
127
126
125
125
124
124
126
127
127
126
125
125
125
125
124
125
126
128
126
124
123
125
127
127
126
125
123
125
127
127
126
125
125
126
126
124
123
124
126
127
126
126
126
126
126
126
125
126
125
125
125
125
125
126
125
125
125
126
126
126
125
124
122
124
127
129
127
124
122
124
127
128
127
125
125
125
125
124
125
125
126
126
126
125
125
125
125
125
125
125
125
125
125
126
126
126
126
125
125
125
125
125
125
124
125
125
126
126
126
126
126
126
126
125
125
125
125
125
125
125
124
125
125
125
126
127
127
123
123
126
128
127
124
124
124
125
127
127
125
123
124
126
127
127
126
124
123
124
125
127
127
125
123
124
126
127
127
125
124
124
125
127
126
125
124
124
125
126
126
125
125
125
125
126
126
126
126
125
125
125
125
125
125
125
125
125
125
126
126
126
125
125
125
125
125
125
125
125
125
125
125
125
125
125
125
125
125
125
125
125
125
125
125
126
126
125
124
126
127
125
124
126
126
125
125
126
125
124
125
126
126
125
125
126
123
125
126
126
125
125
126
127
126
124
125
126
126
126
125
126
126
125
125
125
125
126
126
125
124
125
126
124
125
125
125
126
127
127
126
126
126
126
126
126
126
125
125
125
126
126
126
125
126
126
126
126
126
126
126
126
125
125
126
126
125
125
126
126
126
126
124
124
125
125
125
126
126
126
126
127
127
126
125
126
127
127
126
125
125
126
126
126
125
125
125
125
126
126
125
124
124
125
127
127
126
125
125
126
127
126
126
126
126
126
126
125
125
125
125
125
125
125
125
125
125
126
126
125
125
125
126
126
126
125
125
125
125
126
126
126
126
126
126
126
126
126
125
126
126
126
125
125
125
125
126
126
125
125
125
126
126
126
126
126
125
125
125
125
125
125
125
125
126
126
126
127
126
126
126
126
126
126
125
125
125
125
125
126
126
126
126
126
126
126
126
125
125
125
125
125
126
126
126
126
126
125
125
126
126
126
126
125
125
126
126
125
125
125
126
129
126
125
125
125
124
125
125
125
125
126
126
126
125
125
126
126
126
126
125
125
126
126
126
125
125
125
125
125
125
126
126
126
125
125
128
127
126
125
125
124
124
125
125
124
125
125
125
126
125
125
125
125
125
125
126
126
125
125
125
126
125
125
125
125
125
125
125
125
125
125
125
125
125
125
125
125
125
125
126
126
126
125
126
126
125
126
125
125
125
125
125
125
125
125
129
122
114
126
125
126
126
127
126
126
126
125
125
126
125
125
126
125
126
126
126
126
126
126
126
126
126
126
126
126
126
126
126
126
125
125
126
125
126
126
126
126
125
126
126
126
126
127
124
126
125
125
125
126
126
126
126
126
126
126
126
125
125
124
126
126
126
122
122
124
126
126
126
127
126
126
127
126
126
126
125
125
125
125
125
125
125
125
126
126
127
126
126
125
126
126
125
125
124
125
125
126
126
126
126
126
125
126
125
126
125
124
124
125
125
126
125
125
125
125
125
125
125
126
125
125
125
125
125
125
125
125
125
125
125
125
125
126
126
125
125
125
125
126
125
125
125
126
126
126
126
126
125
126
125
125
125
125
125
125
125
125
126
125
126
125
126
126
126
125
125
125
125
125
125
126
126
125
126
126
126
125
125
125
124
124
124
126
125
126
126
126
126
125
126
126
124
125
125
125
126
125
125
126
126
126
126
125
125
125
125
126
126
126
126
126
132
126
124
125
125
124
124
124
125
125
126
126
126
125
125
126
125
126
125
125
126
125
125
126
125
125
125
125
125
125
125
125
125
125
125
125
125
125
125
125
125
126
126
126
126
125
125
125
125
125
125
125
126
126
125
125
126
125
125
125
126
126
125
125
125
125
125
125
125
125
126
126
126
126
125
125
124
124
126
126
126
124
124
125
126
126
125
125
124
125
125
126
126
124
124
124
125
125
125
124
125
125
126
127
127
127
126
126
126
126
126
125
124
125
125
125
126
125
125
125
126
127
127
126
125
124
124
125
126
124
124
124
126
126
125
126
126
125
125
126
125
125
125
125
125
125
125
125
125
126
125
125
125
125
125
126
125
126
126
125
125
125
125
125
125
125
126
125
125
125
126
126
125
125
126
125
125
126
127
126
125
125
125
126
125
125
125
125
126
125
125
124
125
125
124
125
151
71
130
116
131
127
129
129
127
126
127
127
126
125
125
125
127
126
125
125
126
127
126
125
103
77
135
127
130
132
135
134
132
130
129
129
130
128
128
127
126
127
127
128
128
126
128
128
127
126
126
126
126
126
126
126
125
126
126
126
126
128
128
127
126
125
124
110
125
123
125
127
129
128
130
132
129
127
127
126
126
125
44
125
125
125
125
125
125
125
125
125
125
125
125
125
126
125
125
125
125
125
126
125
125
125
125
126
125
125
126
125
126
125
125
125
125
125
125
126
126
126
125
126
126
125
125
125
126
125
126
126
125
125
125
125
126
125
125
125
125
126
125
126
125
125
125
126
126
126
125
126
125
125
126
126
125
125
126
125
126
125
126
126
125
125
125
125
125
126
125
125
125
125
125
125
125
125
125
125
125
125
125
125
125
125
125
126
126
125
125
125
125
125
125
125
125
125
125
125
125
125
125
125
125
125
125
125
125
125
125
125
125
125
125
125
125
125
125
125
125
125
125
125
125
125
125
125
125
125
125
125
125
125
125
125
125
125
125
125
125
125
126
125
125
125
125
125
125
125
125
125
125
125
125
125
125
125
125
125
125
125
125
125
125
125
125
125
125
125
125
125
125
125
125
125
125
125
125
125
125
125
125
125
125
125
125
125
125
125
125
125
125
125
125
125
125
125
125
125
125
125
125
125
125
125
125
125
125
125
125
125
125
126
126
125
125
125
125
125
125
125
125
125
125
125
125
125
125
125
125
125
125
125
125
125
125
125
125
125
125
125
125
125
125
125
125
125
125
125
125
125
125
125
125
125
125
125
125
125
125
125
125
125
125
125
125
125
125
125
125
125
125
125
125
125
125
125
125
125
125
125
125
125
125
125
125
125
125
125
125
125
125
125
125
125
125
125
126
125
125
125
125
125
125
125
125
125
125
125
125
125
125
125
125
125
125
125
125
126
126
125
124
124
125
126
124
125
126
126
126
125
125
125
125
125
127
