126
121
121
127
132
135
90
126
126
126
125
126
126
126
125
126
125
125
126
125
125
125
125
125
125
126
126
125
126
125
125
126
126
126
126
125
126
125
126
125
125
125
126
126
126
126
126
126
126
125
126
125
126
126
126
126
125
126
125
126
126
125
125
126
125
125
126
126
125
125
125
125
126
126
126
126
126
126
126
125
126
126
125
125
126
126
126
125
125
126
126
125
125
126
125
125
126
125
126
126
126
126
126
126
126
126
126
126
126
126
126
126
125
126
125
126
125
126
125
126
125
126
126
125
125
126
126
125
126
126
126
126
126
126
125
126
126
126
125
125
125
125
125
126
126
126
126
125
126
125
126
126
126
125
125
126
125
126
125
126
125
125
126
125
125
125
125
125
126
126
125
125
125
126
126
126
125
125
126
126
126
125
125
125
125
126
125
125
125
125
125
125
125
126
125
125
125
126
125
125
125
125
125
125
125
125
126
125
126
126
126
126
126
126
125
125
126
125
125
125
126
126
126
126
125
126
126
126
126
125
126
126
126
126
125
126
125
126
125
126
125
126
126
126
125
126
126
125
125
126
126
126
126
126
126
126
126
125
126
126
125
126
126
126
126
125
126
126
126
126
126
125
126
125
126
126
125
125
126
125
126
126
125
125
125
125
126
125
125
125
125
125
125
125
125
125
125
125
125
125
125
125
125
125
125
125
125
125
125
125
125
125
125
125
125
125
125
126
126
125
125
126
125
125
125
125
126
125
125
125
126
125
125
125
126
125
125
125
125
125
125
125
125
125
125
125
125
125
125
125
125
125
125
125
125
125
125
125
125
125
126
125
126
125
125
125
126
125
125
125
125
125
125
125
126
125
125
126
125
125
125
126
125
125
125
125
125
125
125
125
125
125
125
125
125
125
125
125
125
125
125
125
125
126
125
125
125
125
125
125
126
126
125
126
125
125
125
125
125
125
125
126
125
125
125
125
125
125
125
125
125
125
125
125
125
125
125
125
125
125
125
125
125
125
125
125
125
125
125
125
125
125
125
125
125
125
125
125
125
125
125
125
125
125
125
125
125
125
125
125
125
125
125
125
125
125
125
125
125
125
125
125
125
125
125
125
125
125
125
125
125
125
125
125
125
125
125
125
125
125
126
125
125
125
125
125
125
125
125
125
125
125
125
125
125
125
125
125
125
125
125
125
125
125
125
125
125
125
125
125
125
125
125
125
125
125
125
125
125
125
125
125
125
125
125
125
125
125
125
125
125
125
125
125
125
125
125
125
125
125
125
125
125
125
125
125
125
125
125
125
125
125
124
125
126
126
126
126
126
125
126
125
125
126
125
126
125
126
125
125
125
125
125
125
125
125
125
126
126
125
125
125
126
126
125
124
126
125
126
126
126
126
126
126
126
125
126
126
126
125
126
126
126
126
126
126
126
125
125
126
126
126
126
126
126
126
126
126
124
125
125
126
125
126
126
126
126
126
126
126
126
126
126
125
125
126
126
125
125
125
126
125
125
125
125
125
126
126
126
126
126
126
126
126
126
125
125
125
125
125
126
126
126
126
126
126
126
126
125
125
126
126
125
125
125
125
126
125
126
126
125
125
126
126
126
126
125
126
126
126
126
125
126
126
126
126
125
126
126
126
126
126
126
126
126
125
126
126
126
126
126
126
126
126
126
125
125
126
126
126
126
126
126
126
126
126
125
125
126
125
125
126
126
126
126
125
126
126
126
126
126
125
125
126
126
126
125
125
126
126
126
126
125
126
126
126
126
126
126
126
125
126
126
126
125
125
127
126
125
126
126
125
125
125
125
126
126
126
125
125
126
126
125
126
126
126
126
125
125
126
125
125
125
125
126
126
125
125
126
126
126
126
126
126
125
126
126
127
126
125
126
125
125
125
125
125
125
126
125
125
125
125
125
125
126
125
125
125
126
125
125
125
126
125
125
125
125
125
126
126
125
125
125
126
125
125
125
125
125
126
126
125
125
126
126
125
125
125
125
125
126
126
125
125
125
126
126
126
125
125
125
126
125
125
126
125
125
124
125
125
125
125
126
125
124
126
126
126
126
126
126
125
125
125
125
125
125
126
125
125
125
126
126
125
126
126
125
125
125
126
125
124
126
126
125
125
125
126
125
125
126
126
125
125
125
125
125
125
126
126
125
125
126
125
125
125
125
125
125
126
126
125
125
125
126
126
125
125
126
125
125
125
125
125
125
125
126
125
125
126
126
126
125
125
126
125
125
125
126
126
125
125
126
125
125
125
125
125
125
125
125
125
125
125
125
126
126
125
125
125
125
125
125
125
125
125
125
126
126
124
125
125
125
125
125
125
125
125
125
125
125
125
125
125
126
126
125
125
125
127
124
124
125
126
125
126
126
126
126
125
125
125
125
125
126
126
126
126
125
125
126
126
125
125
125
125
126
126
126
125
126
126
125
126
125
126
125
126
126
125
125
124
122
125
126
125
126
127
127
127
126
126
126
126
126
126
126
126
125
125
126
125
126
126
125
126
124
124
126
126
126
126
127
126
125
125
126
125
126
126
125
125
125
126
126
126
126
126
126
126
126
125
124
125
125
125
125
126
127
128
126
124
124
126
129
128
126
124
124
125
126
124
123
123
125
127
127
125
124
126
128
127
125
125
125
127
128
126
124
125
126
127
125
123
123
125
127
128
127
126
127
127
125
122
123
126
126
125
124
124
125
127
127
126
125
125
126
127
127
127
126
127
126
125
125
125
125
125
125
125
125
125
125
125
125
125
125
125
126
126
126
127
127
127
126
126
126
126
126
126
126
125
125
125
125
126
125
124
124
125
125
124
125
128
130
130
126
122
124
126
127
126
125
124
124
128
125
124
124
123
124
126
125
122
124
127
127
128
128
127
126
127
127
125
125
125
125
123
123
124
125
126
126
127
127
125
125
127
126
125
124
125
127
128
127
124
123
125
126
125
122
121
122
124
125
123
127
138
140
127
121
128
133
129
122
118
122
125
125
121
115
116
129
135
128
123
125
124
126
129
134
84
121
126
128
127
130
128
125
124
125
130
133
127
121
127
132
130
129
124
115
119
133
131
121
124
131
130
127
127
122
118
122
129
131
130
129
128
122
122
124
126
125
128
129
126
125
125
123
128
134
128
121
125
129
126
121
122
126
127
125
125
126
124
122
126
130
124
125
123
126
129
130
128
126
125
122
121
122
127
131
129
123
123
130
131
124
123
132
131
124
120
125
126
117
109
110
115
121
132
143
139
120
107
114
135
144
137
129
127
125
131
143
147
134
103
79
112
158
133
84
100
146
146
117
110
125
136
136
131
121
121
132
140
136
130
125
116
109
116
130
134
131
124
112
113
130
134
121
113
121
131
134
131
125
119
118
127
133
130
125
124
125
124
124
130
131
125
125
130
130
122
119
122
125
122
122
126
126
126
127
127
125
125
130
131
126
123
124
124
124
125
124
122
126
129
125
123
125
127
130
132
126
118
121
132
132
122
116
118
123
126
127
124
123
132
132
132
129
123
118
121
125
126
126
125
124
123
125
128
131
129
125
124
124
125
127
127
125
124
123
122
125
128
125
124
124
126
124
123
123
123
125
127
128
126
125
124
126
128
127
125
124
124
126
127
123
122
125
129
129
125
121
123
125
129
129
125
124
121
122
127
129
125
122
122
127
128
125
125
127
128
127
124
123
122
122
124
126
125
125
125
127
129
128
126
127
127
125
123
122
126
126
125
124
124
125
126
127
125
124
124
127
126
124
124
126
126
127
127
127
123
122
125
127
125
122
125
127
128
123
122
126
128
127
124
124
126
127
126
127
126
123
124
126
127
124
121
122
128
130
125
123
126
126
126
91
125
125
125
125
125
125
125
125
125
125
125
125
125
125
125
125
125
125
125
125
125
125
125
125
125
125
125
125
125
125
125
125
125
125
125
125
125
125
125
125
125
125
125
125
125
125
125
125
125
125
125
125
125
125
125
125
125
124
125
126
126
125
126
126
126
126
126
126
126
126
126
126
126
126
126
126
126
126
126
126
126
126
126
126
126
125
126
125
126
126
125
125
126
126
125
126
126
126
126
125
125
125
125
125
125
125
126
126
125
126
126
125
126
125
125
126
125
126
126
125
126
125
126
126
125
125
125
125
125
126
125
125
125
126
125
125
125
125
125
125
125
125
125
125
125
125
125
125
125
125
125
125
125
125
125
126
125
125
125
125
125
125
125
125
125
125
125
125
125
125
125
125
125
125
125
125
125
125
125
125
126
125
125
125
125
126
126
125
125
126
126
125
125
125
125
126
125
125
125
125
125
125
125
125
125
125
125
125
125
125
125
125
125
125
125
125
126
125
125
125
125
125
125
125
125
125
125
125
125
125
125
126
125
125
125
125
125
125
125
125
125
125
125
125
125
125
125
125
125
125
125
125
125
126
126
125
125
125
125
125
125
125
126
125
125
125
125
126
126
126
125
125
125
126
126
125
125
125
125
125
125
125
125
125
125
125
125
125
125
125
125
125
125
125
125
125
125
125
125
125
125
125
125
125
125
125
125
125
125
125
125
125
125
125
125
125
125
125
125
125
125
125
125
125
125
125
125
125
125
125
125
125
125
125
125
125
125
125
125
125
125
125
125
125
125
125
125
125
125
125
125
125
125
115
