126
127
125
125
130
133
86
125
125
125
125
125
125
125
125
125
125
125
125
125
125
125
125
125
125
125
125
125
125
125
125
125
125
125
125
125
125
125
125
125
125
125
126
125
125
126
126
125
126
126
126
126
126
126
126
126
126
126
126
126
126
126
126
126
126
126
126
126
126
126
125
126
126
126
126
126
126
126
126
126
126
126
126
126
126
126
126
126
126
126
126
126
126
126
126
126
126
126
126
125
126
126
126
126
126
126
126
126
126
126
126
126
126
126
126
126
125
126
126
126
126
126
126
126
126
126
125
125
126
125
125
126
125
125
125
125
126
125
125
125
125
125
125
125
126
126
126
125
125
125
125
126
125
126
126
126
126
126
126
125
125
125
125
126
126
126
126
126
125
125
125
125
125
125
125
125
126
126
125
125
125
125
126
126
125
126
125
125
126
125
125
126
126
126
126
126
126
126
126
126
126
125
126
126
126
125
125
125
125
126
125
126
125
126
125
125
125
125
126
125
125
125
125
125
125
126
126
125
125
126
126
125
126
125
125
125
125
126
125
125
125
126
126
125
126
125
126
125
126
125
126
125
125
126
126
126
126
126
125
125
125
125
126
126
126
126
126
125
125
125
125
125
125
125
125
125
125
125
125
125
125
125
125
125
125
125
125
125
125
125
125
125
125
125
125
125
125
125
125
125
125
125
125
125
125
125
125
125
125
125
125
125
125
125
125
125
125
125
125
125
125
125
125
125
125
125
125
125
125
125
125
125
125
125
125
125
125
125
125
125
125
125
125
125
125
125
125
125
125
125
125
125
125
125
125
125
125
125
125
125
125
125
125
125
125
125
125
125
125
125
125
125
125
125
125
125
125
125
126
125
125
125
125
125
125
125
125
125
125
125
125
125
125
125
125
125
125
125
125
125
125
125
125
125
125
125
125
125
125
125
126
125
125
125
125
125
125
125
125
125
125
125
125
125
125
125
125
125
125
125
125
125
125
125
125
125
125
125
125
125
125
125
125
125
125
125
125
125
125
125
125
125
125
125
125
125
125
125
125
125
125
125
125
125
125
125
125
125
125
125
125
125
125
125
125
125
125
125
125
125
125
125
125
125
125
125
125
125
125
125
125
125
125
125
125
125
125
125
125
125
125
125
125
125
125
125
125
125
125
125
125
125
125
125
125
125
125
125
125
125
125
125
125
125
125
125
125
125
125
125
125
125
125
125
125
125
125
125
125
125
125
125
125
125
125
125
125
125
125
125
125
125
125
125
125
125
125
125
125
125
125
125
125
125
125
125
125
125
125
125
125
125
125
125
125
125
125
125
125
125
125
125
125
126
125
125
125
125
125
125
125
125
125
125
125
125
125
125
125
125
125
125
125
125
125
126
126
125
125
125
126
126
125
125
125
125
125
125
125
125
126
126
125
125
126
125
125
125
126
126
125
124
125
127
126
125
125
125
126
126
126
125
126
126
125
125
125
125
125
125
125
125
125
125
125
125
125
125
125
126
126
126
125
125
125
126
127
125
125
125
125
125
126
125
125
125
126
126
126
125
125
125
125
125
125
125
125
125
125
126
126
125
125
125
125
126
126
125
125
125
126
125
126
125
125
125
124
125
125
125
126
126
126
126
125
125
126
126
125
125
125
126
126
125
125
125
125
126
126
125
125
126
125
125
125
126
125
125
126
125
125
126
126
125
125
126
125
125
126
126
125
125
126
125
125
126
125
125
126
126
125
125
126
126
125
125
126
125
125
126
125
124
125
126
125
125
126
125
125
126
126
125
125
126
126
125
125
126
126
125
125
126
125
125
126
125
125
126
126
125
125
125
125
125
125
126
125
125
125
125
125
126
125
125
126
126
125
125
125
126
125
125
126
126
125
125
126
126
125
126
126
126
125
126
126
125
125
126
126
125
125
126
126
124
125
126
126
125
125
125
126
125
126
125
125
125
126
126
125
125
125
125
125
125
126
126
126
125
125
125
125
125
126
125
125
126
125
125
125
126
125
125
125
125
125
126
126
125
125
125
126
125
125
125
126
125
125
125
125
125
125
126
125
125
125
125
125
125
125
125
125
125
125
125
125
125
125
125
125
125
125
125
125
125
126
125
126
126
126
125
125
125
125
125
125
125
125
125
125
125
125
125
125
125
125
125
125
125
125
125
126
126
125
125
125
125
125
125
125
125
125
125
125
125
125
123
126
125
125
126
126
126
126
126
126
125
125
125
125
126
126
125
125
125
125
125
125
125
125
125
125
125
125
125
125
125
125
125
125
125
125
125
125
125
125
125
125
125
125
125
125
125
125
125
125
125
125
126
126
125
125
125
125
125
125
125
125
125
125
125
125
125
125
125
125
125
125
125
125
125
125
126
125
125
125
125
125
126
126
125
125
125
125
125
125
125
125
125
125
125
125
126
125
125
125
125
125
125
125
125
125
125
126
126
125
125
125
126
125
125
125
125
125
125
126
125
125
125
126
126
125
125
125
125
125
125
125
125
125
125
126
125
125
125
125
125
125
125
125
125
125
125
125
125
125
125
125
126
125
124
126
125
126
125
125
126
126
126
125
125
125
125
126
126
126
125
125
125
126
125
125
125
124
125
126
126
125
125
125
125
125
126
126
125
125
125
125
127
127
125
124
124
126
127
126
126
126
125
125
125
125
124
123
125
126
124
123
126
129
128
125
125
126
126
124
125
127
128
126
124
122
124
124
123
125
126
124
123
128
130
123
120
127
129
122
119
126
129
122
121
129
131
131
131
129
127
126
122
114
112
114
114
118
127
136
141
144
141
136
134
133
124
112
107
108
110
110
113
118
125
131
137
141
141
140
140
136
128
122
118
117
114
111
109
118
122
123
127
128
127
131
136
134
129
129
131
126
123
123
127
125
122
119
119
123
126
123
122
124
126
127
129
129
131
133
135
119
128
126
122
118
118
118
120
124
129
133
133
128
122
121
123
126
125
120
121
130
132
126
124
126
129
131
132
131
128
128
128
124
121
121
124
125
122
115
114
121
126
121
122
131
133
125
126
136
146
143
126
106
108
126
131
127
125
120
116
124
134
132
129
132
128
121
126
132
126
121
123
113
111
119
131
127
126
135
135
127
128
130
124
125
133
127
120
127
122
108
123
143
127
116
135
135
105
114
151
134
101
126
150
109
87
138
166
116
101
150
142
81
105
173
149
92
124
163
108
66
125
161
109
109
187
195
106
59
110
139
114
133
156
106
58
110
188
162
92
97
142
152
145
140
115
89
97
137
158
135
115
107
111
139
165
135
91
96
131
132
130
152
149
102
88
130
156
110
124
139
141
124
105
103
121
142
143
131
118
116
123
130
132
129
123
117
117
121
125
126
127
133
133
127
123
126
130
129
122
114
113
122
130
131
127
125
130
131
127
122
121
122
123
124
125
124
124
125
126
127
126
125
128
130
126
122
120
122
124
122
122
123
126
128
127
125
129
131
128
123
121
125
130
131
128
124
120
118
120
126
131
130
125
120
117
119
125
130
131
126
121
120
121
125
127
127
128
129
126
123
142
126
116
128
125
126
127
128
128
126
122
119
121
126
125
122
125
127
128
125
123
123
125
126
125
123
125
128
124
119
124
132
133
130
125
118
117
125
134
133
125
122
126
130
127
125
127
128
123
119
120
126
130
129
125
124
127
128
127
123
121
123
129
132
127
118
117
124
117
125
121
121
126
132
132
131
132
130
126
123
123
126
126
121
119
124
134
139
132
116
111
125
138
137
122
114
122
130
132
126
120
120
124
127
125
123
125
126
124
127
128
121
118
122
129
133
129
125
124
125
125
122
123
126
127
126
123
123
127
128
124
120
122
128
129
126
125
126
129
85
125
125
125
125
125
125
125
125
125
125
125
125
125
125
125
125
125
125
125
125
125
125
125
125
125
125
125
125
125
125
125
125
125
125
125
125
125
125
125
125
125
125
125
125
125
125
125
125
125
125
125
125
125
125
125
125
125
125
125
125
125
125
125
125
125
125
125
125
125
125
125
125
125
125
125
125
125
125
125
125
125
125
126
126
125
125
125
125
125
125
125
125
125
125
125
125
125
125
125
125
125
125
125
125
125
125
125
125
125
125
125
125
125
125
125
125
125
125
125
125
125
125
125
125
125
125
125
125
125
125
125
125
125
125
125
125
125
125
125
125
125
125
125
125
125
125
125
125
125
125
125
125
125
125
125
125
125
125
125
126
125
125
125
125
125
125
125
125
125
125
125
125
125
125
125
125
125
125
125
125
125
125
125
125
125
125
125
125
125
125
125
125
125
125
125
125
125
125
125
125
125
125
125
125
125
125
125
125
125
125
125
125
125
125
125
125
125
125
125
125
125
125
125
125
125
125
125
125
125
125
125
125
125
125
125
125
125
125
125
125
125
125
125
125
125
125
125
125
125
125
125
125
125
125
125
125
125
125
125
125
125
125
125
125
125
125
125
125
125
125
125
125
125
125
125
125
125
125
125
125
125
125
125
125
125
125
125
125
125
125
125
125
125
125
125
125
125
125
125
125
125
125
125
125
125
125
125
125
125
125
125
125
125
125
125
125
125
125
125
125
125
125
125
125
125
125
125
125
125
125
125
125
125
125
125
125
125
125
125
125
125
125
125
125
125
125
125
125
125
125
125
125
125
121
