124
128
129
124
121
124
52
125
125
125
125
125
125
125
125
125
125
125
125
125
125
125
125
125
125
125
125
125
125
125
125
125
125
125
125
125
125
125
125
125
125
125
125
125
125
125
125
125
125
125
125
125
125
125
125
125
125
125
125
125
125
125
125
125
125
125
125
125
125
125
125
125
125
125
125
125
125
125
125
125
125
125
125
125
125
125
125
125
125
125
125
125
125
125
125
125
125
125
124
125
126
125
125
125
125
125
126
126
125
125
125
125
125
125
125
125
126
125
126
125
125
125
126
125
125
125
125
125
125
125
125
125
125
126
125
125
125
125
125
125
125
126
125
125
125
125
126
126
126
125
125
126
125
125
125
125
125
125
125
125
126
125
125
125
125
125
125
125
125
125
125
125
125
125
125
125
125
125
125
125
125
125
125
125
125
125
125
125
125
125
125
125
125
125
125
125
125
125
125
125
125
125
125
125
125
125
125
125
125
125
125
125
125
125
125
125
125
125
125
125
125
125
125
125
125
125
125
125
125
125
125
125
125
125
125
125
125
125
125
125
125
125
125
125
125
125
125
125
125
125
125
125
125
125
125
125
125
125
125
125
125
125
125
125
125
125
125
125
125
125
125
125
125
125
125
125
125
125
125
125
125
125
125
125
125
125
125
125
125
125
125
125
125
125
125
125
125
125
125
125
125
125
125
125
125
125
125
125
125
125
125
125
125
125
126
126
125
125
125
125
125
125
125
125
125
125
125
125
125
125
125
125
125
125
125
125
125
125
125
125
125
125
125
125
125
125
125
125
125
125
125
125
125
125
125
125
125
125
125
125
125
125
125
125
125
125
125
125
125
125
125
125
125
125
125
125
125
125
125
125
125
125
125
125
125
125
125
125
125
125
125
125
125
125
125
125
125
125
125
125
125
125
125
125
125
125
125
125
125
125
125
125
125
125
125
125
125
125
125
125
125
125
125
125
125
125
125
125
125
125
125
125
125
125
125
125
125
125
125
125
125
125
125
125
125
125
125
125
125
125
125
125
125
125
125
125
125
125
125
125
125
125
125
125
125
125
125
125
125
125
125
125
125
125
125
125
125
125
125
125
125
125
125
125
125
125
125
125
125
125
125
125
125
125
125
124
124
125
126
126
125
126
125
125
126
125
123
122
122
122
121
123
130
136
136
127
116
112
115
122
119
124
167
200
134
57
99
59
45
130
255
255
160
122
209
255
171
58
16
94
223
196
47
47
139
185
159
130
104
103
118
122
127
121
99
110
136
126
129
158
143
93
93
127
135
132
129
114
107
132
155
134
102
106
129
132
125
127
129
124
126
128
118
109
118
134
138
130
122
122
125
127
126
124
121
122
128
133
128
118
116
123
132
133
125
116
117
126
134
133
128
124
122
122
126
128
125
122
122
124
125
126
127
129
130
128
123
120
120
124
128
129
127
124
123
123
125
126
126
127
127
127
126
124
122
122
124
126
126
125
124
125
127
128
127
124
122
123
125
126
126
125
125
125
125
125
125
126
126
125
125
126
125
126
126
126
125
125
125
124
124
124
125
123
125
126
126
126
125
125
125
125
125
125
126
127
127
127
126
126
126
126
126
126
125
125
126
126
126
126
126
123
121
121
123
124
125
126
128
128
131
130
127
125
124
123
124
126
126
125
125
126
127
127
125
125
127
129
127
124
123
123
124
124
124
125
126
127
128
127
126
124
124
125
125
126
125
125
125
127
128
127
126
125
125
125
126
126
125
124
125
125
125
125
126
125
125
125
125
126
127
126
125
125
125
126
127
125
124
124
125
126
126
125
125
126
126
125
125
125
125
126
127
126
125
125
126
126
126
126
125
125
125
126
127
127
126
125
125
125
125
124
124
125
125
125
125
125
125
125
127
128
127
126
125
124
124
125
126
126
126
126
126
126
126
125
124
125
126
127
126
125
125
125
125
125
126
126
126
125
124
125
125
126
127
126
125
125
125
126
126
125
125
125
125
125
125
125
125
125
126
126
126
125
125
126
126
125
125
125
125
125
125
126
127
127
126
125
125
127
126
126
125
124
124
125
125
125
125
125
126
126
125
125
126
125
125
125
125
125
125
125
125
125
126
126
126
126
125
125
126
126
125
125
126
125
125
124
125
126
127
125
125
125
124
124
125
125
124
125
125
126
125
124
125
126
125
126
126
126
125
125
125
126
126
125
125
125
125
125
125
125
125
125
125
125
124
125
125
125
125
125
125
125
125
125
125
126
126
126
125
125
125
125
125
125
125
125
125
126
125
125
125
125
125
125
125
125
125
125
125
125
125
125
125
125
125
125
125
125
125
125
125
125
125
125
125
125
125
126
125
125
125
125
126
126
125
124
124
125
126
126
125
125
125
126
126
125
125
125
125
125
125
126
125
125
125
125
125
125
125
125
124
125
125
126
125
125
124
125
126
126
125
125
125
126
126
125
125
124
125
125
126
126
126
126
125
125
124
125
125
126
125
125
125
125
125
125
125
125
126
126
125
125
125
125
125
125
125
125
125
125
125
125
125
125
125
125
124
125
125
125
125
125
125
125
125
126
125
125
125
125
126
126
125
125
125
125
125
125
125
125
125
125
125
125
125
126
126
125
125
125
125
126
125
125
125
124
125
125
125
125
125
125
125
125
125
125
125
125
125
125
125
125
126
125
125
125
125
125
125
125
125
125
125
125
125
125
125
125
125
125
125
125
126
125
126
125
125
125
125
125
126
125
125
125
125
126
126
125
125
125
125
125
125
125
124
125
125
125
125
125
125
126
126
125
125
125
125
125
125
125
125
125
125
126
126
125
125
125
125
125
125
125
126
125
125
125
125
125
125
125
126
125
125
125
125
125
125
125
125
125
125
125
125
125
133
118
123
125
125
125
126
126
126
126
126
125
125
125
125
126
125
125
125
125
126
125
125
126
125
125
126
126
125
125
125
125
126
125
125
126
126
125
126
126
126
125
125
125
125
126
126
126
126
126
126
126
126
126
125
125
125
126
126
126
126
125
125
125
126
125
125
125
119
124
125
125
125
128
127
127
127
126
126
126
125
126
125
125
126
126
126
126
125
126
126
126
125
125
125
126
125
125
124
124
125
126
126
125
125
125
126
126
125
126
125
125
125
125
126
126
125
125
125
126
126
126
125
125
124
125
125
125
125
126
125
125
124
125
126
126
126
125
125
125
125
126
125
125
125
126
125
126
126
126
126
125
125
125
126
126
126
125
126
126
125
126
125
125
125
126
126
125
125
126
126
126
126
125
126
126
125
125
123
120
121
129
133
126
119
123
130
134
134
124
113
114
124
133
131
118
110
117
131
141
135
123
122
130
137
134
122
116
118
122
123
122
121
121
125
129
131
130
132
131
130
127
121
120
123
123
120
121
124
127
127
125
126
128
128
126
123
124
125
125
126
126
128
129
127
123
122
123
126
125
122
121
125
128
127
125
125
127
127
126
123
122
124
125
125
124
126
128
128
125
125
126
126
125
123
124
124
126
125
123
124
127
129
126
123
125
128
127
123
122
124
126
126
126
126
126
126
125
125
126
125
124
123
124
126
127
126
124
123
128
125
127
124
124
124
126
126
124
123
123
126
127
128
127
124
124
125
126
125
124
124
126
127
126
125
124
125
125
123
123
125
125
126
126
125
126
126
125
125
125
126
126
126
124
125
125
125
125
125
125
124
124
125
125
126
125
125
127
125
127
126
127
125
125
123
124
124
123
124
125
124
125
124
125
127
127
125
124
125
127
126
124
125
125
127
124
123
124
127
127
126
126
126
126
125
124
126
127
127
124
122
125
127
127
125
123
125
125
125
125
124
124
127
125
123
124
125
126
126
125
53
125
125
126
125
125
125
125
126
125
125
125
125
125
125
125
125
125
125
125
125
125
125
125
125
125
125
125
126
125
125
125
125
125
125
125
125
125
125
125
125
125
126
125
125
125
125
125
125
125
125
125
125
125
125
125
125
125
125
125
125
125
126
125
125
125
125
125
125
125
125
125
125
125
125
125
125
125
125
125
125
125
125
125
125
125
125
125
125
125
125
126
125
125
126
126
126
126
126
126
126
126
126
126
126
125
126
126
126
126
126
126
126
126
126
126
126
126
126
126
126
126
126
126
126
126
126
126
125
125
125
126
126
126
126
125
125
126
126
126
126
126
126
125
126
126
125
125
126
126
126
126
126
126
126
126
126
126
125
125
125
125
125
125
125
125
126
125
125
125
125
125
125
125
125
125
125
125
125
125
125
125
125
125
125
125
125
125
125
125
125
125
125
125
125
125
125
125
125
125
125
125
125
125
125
126
125
126
125
126
126
125
126
125
125
125
125
125
125
126
125
125
125
125
125
125
125
125
126
125
125
125
125
126
125
125
125
126
126
125
125
125
125
125
126
126
126
125
125
126
126
126
125
125
125
125
126
126
126
125
125
125
125
125
125
125
125
125
125
126
126
126
126
125
126
126
125
125
125
125
125
126
126
125
125
126
125
126
126
125
125
125
125
125
125
125
125
125
126
125
125
125
125
125
126
126
126
126
125
126
125
125
125
125
125
125
125
125
125
125
125
125
125
125
125
125
125
126
125
125
125
125
125
125
125
125
125
125
125
125
125
125
125
125
125
125
125
125
125
125
125
125
125
125
122
