120
121
124
128
131
126
72
126
125
126
125
126
125
125
125
125
125
125
125
125
125
126
126
125
126
126
125
125
126
125
125
126
126
125
125
126
125
126
126
125
125
125
125
126
125
125
125
125
125
125
125
126
125
125
126
125
125
125
125
125
125
125
125
125
125
125
125
125
125
126
125
125
125
125
126
126
126
126
126
126
126
126
126
126
125
126
126
126
125
126
125
126
126
126
126
125
125
126
126
126
126
126
125
125
126
126
125
125
126
126
125
125
125
126
126
126
125
125
126
125
125
125
125
125
125
125
125
126
125
125
126
126
125
125
126
125
125
125
125
125
125
125
126
125
125
126
125
125
125
125
126
126
125
125
125
125
125
125
125
125
125
125
125
125
125
125
125
125
125
125
125
125
125
125
125
125
125
125
125
125
125
125
125
125
125
125
125
125
125
125
125
125
125
125
125
125
125
125
125
125
125
125
125
125
125
125
125
125
125
125
125
125
125
125
125
125
125
125
125
125
125
125
125
125
125
125
125
125
125
125
125
125
125
124
125
125
125
125
125
125
125
125
126
125
125
125
125
125
125
125
125
125
125
125
125
125
125
125
125
125
125
125
125
125
125
125
124
125
125
125
125
126
126
126
126
126
125
126
126
125
126
126
126
125
126
126
126
125
125
125
125
125
126
125
125
125
125
125
125
124
125
125
126
125
126
125
126
126
125
125
125
125
125
125
126
125
126
125
125
125
125
126
125
125
125
125
125
125
125
125
125
125
126
126
125
126
125
125
125
125
125
125
126
125
125
126
126
125
126
125
126
125
125
126
125
126
126
125
126
126
126
125
125
126
125
125
125
125
125
125
126
126
125
126
125
125
125
125
125
125
126
125
125
125
125
125
125
126
125
125
125
125
126
126
126
125
126
125
125
125
125
125
126
125
125
126
126
125
125
125
125
125
125
125
125
125
126
126
125
125
125
126
125
125
126
126
126
126
125
126
125
125
125
125
125
125
126
125
125
126
126
126
126
125
125
125
126
126
126
125
125
125
125
125
125
125
125
126
126
126
126
125
125
125
125
125
125
126
125
126
126
125
126
125
125
125
126
126
125
125
125
125
125
125
125
125
125
125
126
126
125
125
125
126
125
125
125
125
125
125
125
125
125
125
125
125
125
125
125
125
125
125
125
125
125
125
125
125
125
125
125
125
125
125
125
126
125
125
125
125
125
125
125
125
125
125
125
125
125
125
125
125
125
125
125
125
125
125
125
125
125
125
125
125
125
125
125
125
125
125
125
125
125
125
125
125
125
125
125
125
125
125
125
125
125
125
125
125
125
125
125
125
125
125
125
125
125
125
125
125
125
126
124
125
126
125
125
125
125
125
125
125
125
125
126
126
125
125
125
125
125
126
125
125
125
125
125
125
125
125
126
126
126
125
125
126
126
126
125
126
125
125
125
125
126
126
125
125
125
125
125
125
125
125
125
126
126
126
126
125
125
126
126
125
125
125
125
126
124
125
125
125
125
126
126
125
125
126
126
125
125
126
126
125
125
125
126
126
126
125
125
125
126
125
125
125
125
125
126
126
125
125
126
126
125
125
125
126
126
125
125
126
127
126
125
124
125
126
126
126
125
125
126
126
125
125
125
126
126
124
124
126
127
125
125
125
126
126
126
125
124
125
125
124
125
127
126
124
124
126
126
127
127
125
124
124
125
127
126
125
123
123
125
127
126
125
125
125
126
127
127
126
125
125
125
125
126
125
124
124
125
126
126
126
126
126
125
125
125
126
126
126
126
126
125
124
124
125
126
125
124
123
124
127
126
125
125
128
131
128
122
120
124
126
127
130
130
122
122
127
127
123
123
121
119
124
131
131
128
125
124
126
129
127
119
117
123
130
131
128
125
124
126
126
125
123
122
123
126
128
129
126
120
116
115
122
141
163
162
124
72
59
108
172
178
124
88
107
137
146
140
124
108
114
133
133
119
112
120
140
159
148
105
73
99
156
179
142
87
76
107
140
169
167
103
62
98
164
193
155
96
56
60
136
227
203
90
44
78
141
159
96
127
255
255
31
245
108
255
255
217
175
60
187
255
200
127
42
6
92
210
198
114
69
84
138
167
143
116
99
103
129
152
135
93
75
120
182
157
90
88
141
144
110
106
131
152
137
101
103
140
140
114
114
120
114
139
171
141
79
93
155
166
129
92
82
119
166
160
121
98
98
121
169
166
94
64
113
156
150
137
132
118
108
119
130
128
125
123
124
129
141
129
109
111
129
137
132
127
126
123
126
130
126
118
121
127
118
108
118
142
152
139
120
118
129
139
128
102
88
107
148
159
117
95
124
158
154
126
100
92
139
179
139
79
92
137
143
124
112
128
135
130
132
134
122
99
101
142
151
121
113
141
146
113
93
109
135
149
141
122
119
124
123
118
118
122
136
144
129
110
112
126
137
128
119
118
120
127
152
158
113
81
110
143
137
122
112
111
134
156
133
104
123
146
127
113
119
118
120
135
132
112
117
139
146
132
107
95
115
146
157
143
121
97
90
122
159
158
124
92
95
126
155
151
115
97
132
153
117
105
138
147
110
95
132
157
124
98
113
149
148
122
99
102
131
153
136
109
110
132
144
134
120
116
124
130
121
111
116
134
143
127
109
121
139
129
115
120
128
130
131
125
116
122
135
137
122
109
111
126
141
141
129
117
113
117
121
129
139
138
123
112
116
126
130
131
131
123
111
123
147
142
104
82
122
175
160
102
88
116
132
132
141
136
111
105
131
142
129
122
126
119
106
118
141
142
129
118
116
123
131
130
119
115
126
130
123
124
133
133
122
118
119
125
132
135
132
125
115
113
125
121
121
121
125
129
135
132
130
131
124
113
120
136
133
114
112
133
145
131
110
106
123
141
144
129
111
108
126
147
142
113
105
122
134
128
130
132
125
119
120
125
128
126
120
125
137
134
124
122
122
117
121
131
134
133
127
114
112
131
142
129
119
121
122
121
124
125
123
127
134
138
135
121
104
110
138
145
122
109
121
134
130
125
129
129
122
118
122
126
132
136
126
109
113
134
137
125
121
127
130
128
123
116
115
125
134
129
125
135
141
119
99
119
147
142
121
112
116
126
136
131
118
117
124
126
129
134
129
118
122
130
124
120
128
129
123
123
128
125
122
130
135
125
112
115
128
129
129
127
130
128
124
123
122
122
124
131
133
126
121
124
127
129
129
120
117
129
137
130
119
115
118
130
136
126
117
126
133
127
126
130
129
122
116
116
124
131
133
127
126
126
125
126
127
122
118
122
128
130
130
123
115
127
126
125
128
129
126
123
124
128
129
125
119
118
122
127
129
127
125
124
125
125
125
127
128
123
121
127
128
122
121
127
133
129
123
121
122
126
125
122
123
125
126
129
130
128
126
125
125
122
124
125
124
124
127
129
128
124
124
126
124
120
124
130
128
122
122
126
128
129
127
123
124
126
123
122
126
129
125
123
123
125
127
129
130
125
120
123
128
129
125
122
122
126
129
126
121
122
129
130
127
124
123
123
125
125
124
125
127
126
124
126
127
123
122
126
130
129
123
122
125
127
125
124
126
127
127
127
125
121
121
128
154
89
116
119
129
131
128
125
128
132
127
119
123
132
131
124
119
121
128
130
128
125
127
130
128
126
125
126
127
125
122
125
131
129
126
124
123
126
130
129
126
125
126
126
127
127
125
123
125
128
126
124
124
126
127
124
125
126
127
128
126
134
128
128
128
124
120
121
125
127
127
122
119
118
119
127
123
123
129
131
133
133
128
123
124
125
123
123
124
126
125
124
127
129
128
128
128
132
128
126
114
123
121
121
124
129
127
125
126
131
129
71
126
126
126
126
125
125
126
126
126
125
126
126
125
125
125
126
126
126
126
126
125
126
125
125
125
126
126
126
126
126
125
126
126
125
125
126
126
125
126
126
125
125
125
125
126
125
125
125
125
125
125
125
126
125
126
126
125
125
126
126
126
125
125
125
126
125
125
125
125
125
126
125
126
126
126
126
126
126
125
126
125
126
126
125
126
126
126
125
125
126
125
125
126
126
126
126
125
125
125
126
125
126
126
126
125
125
126
125
125
125
126
126
125
125
125
125
125
125
126
126
125
125
125
126
125
125
125
126
126
126
126
125
126
126
126
125
125
125
125
126
125
125
126
126
126
126
126
126
125
126
126
126
125
125
125
125
125
125
125
125
125
125
126
126
126
126
126
126
126
126
126
125
125
126
125
125
125
126
126
126
126
125
125
126
125
126
126
125
126
126
125
125
125
125
125
125
125
125
125
125
125
125
125
125
125
125
125
125
125
125
125
125
125
125
125
125
125
125
125
125
125
125
125
125
125
125
125
125
125
125
125
125
125
125
125
125
125
125
125
125
125
125
125
125
125
125
125
125
125
125
125
125
125
125
125
125
125
125
125
125
125
125
125
125
125
125
125
125
125
125
125
125
125
125
125
125
125
125
125
125
125
125
125
126
125
125
125
125
125
125
125
125
125
125
125
125
125
125
125
125
125
125
126
126
126
126
126
126
125
125
125
126
126
126
126
126
126
125
125
125
126
125
126
125
125
126
126
126
125
126
125
126
126
125
125
125
125
126
125
126
125
125
126
125
126
126
126
126
126
126
125
125
125
120
