128
130
126
125
127
130
86
126
126
126
126
126
126
126
126
126
125
126
126
126
126
125
125
126
126
126
126
126
126
126
126
126
125
126
126
126
126
126
126
126
125
126
126
126
126
125
126
126
125
126
126
126
126
126
126
125
125
125
125
126
126
126
126
126
126
126
125
126
126
125
126
126
125
126
125
126
125
126
126
126
126
126
125
126
126
126
125
125
125
126
126
125
125
125
125
125
126
126
126
125
126
126
126
125
125
126
125
125
125
126
126
125
125
126
126
126
126
126
126
125
126
126
126
126
125
125
125
125
125
125
125
125
125
125
125
125
125
125
125
125
125
125
125
125
125
125
125
125
125
125
125
125
125
125
125
126
125
125
125
125
125
125
125
125
125
125
125
125
125
125
125
125
125
125
125
125
125
125
125
125
125
125
125
125
125
126
125
125
125
125
125
125
125
125
125
125
125
125
125
125
125
125
125
125
125
125
125
125
125
125
125
125
125
125
125
125
125
125
125
125
125
125
125
125
125
125
125
125
125
125
125
125
125
125
125
125
125
125
125
125
125
125
126
125
125
125
125
125
125
125
125
125
125
125
125
125
125
125
125
126
125
125
125
125
125
125
125
125
125
125
126
125
125
125
125
125
125
125
125
125
126
126
125
126
125
125
125
125
126
125
125
126
125
125
125
125
125
125
125
125
125
125
125
125
125
125
125
125
125
125
125
125
125
125
125
125
125
126
125
125
125
125
125
125
125
125
125
125
125
125
125
125
125
125
125
125
125
126
125
125
126
126
125
125
125
125
125
125
125
125
125
125
125
125
125
125
125
125
125
125
125
125
125
125
125
125
125
125
125
125
125
125
125
125
125
125
125
125
125
125
125
125
125
125
125
125
125
125
125
125
125
125
125
125
125
125
125
125
125
125
125
125
125
125
125
125
125
125
125
125
125
125
125
125
125
125
125
125
125
125
125
125
125
125
125
125
125
125
125
125
125
125
125
126
125
125
125
125
125
125
125
125
125
125
125
125
125
125
125
125
125
125
125
125
125
125
125
125
125
125
125
125
125
125
125
125
125
125
125
125
125
125
125
125
125
125
125
125
125
125
125
125
125
125
125
125
125
125
125
125
125
125
125
125
126
126
126
126
125
125
125
125
125
125
125
125
125
125
125
125
125
125
125
125
125
125
125
125
125
125
125
125
125
125
125
125
125
125
125
125
125
125
125
125
125
125
125
125
126
125
125
125
125
126
125
125
125
125
124
125
125
125
125
125
126
126
126
126
125
125
125
125
125
125
125
125
125
125
125
125
125
125
125
125
125
125
125
125
125
125
125
125
125
125
125
125
125
125
125
125
125
126
125
125
125
126
125
126
126
126
126
125
126
125
126
126
126
126
126
126
126
126
125
125
126
126
126
125
125
126
126
126
126
126
126
125
125
127
127
125
124
125
127
127
126
125
125
126
127
126
126
125
126
126
126
126
126
126
125
125
126
126
126
126
125
125
126
126
126
126
126
126
125
126
126
125
126
125
125
125
126
127
126
126
125
126
126
126
126
125
126
125
126
126
126
126
125
125
126
126
126
125
125
125
126
126
125
125
126
126
126
126
126
125
126
126
126
125
126
126
126
126
126
125
125
126
126
126
125
126
126
126
125
125
126
126
126
126
126
126
126
126
125
126
126
126
125
125
126
125
126
126
125
125
126
126
125
126
126
125
125
127
126
125
126
126
125
126
127
126
125
126
126
125
125
126
125
125
127
126
125
125
126
125
125
125
126
125
125
126
126
125
126
126
125
125
126
126
125
126
126
125
125
126
126
126
125
125
125
125
126
126
126
125
126
126
126
126
125
125
125
126
126
126
126
128
126
125
126
126
124
125
125
125
125
125
126
126
125
126
126
125
125
126
126
125
126
126
125
125
126
126
125
125
126
126
125
125
126
126
125
125
126
125
125
125
125
125
125
126
125
125
125
125
126
125
125
125
125
125
125
125
125
125
126
125
125
125
125
125
125
125
125
125
126
125
125
125
126
125
125
125
125
126
125
125
125
125
125
125
126
126
125
125
126
125
125
126
126
126
125
125
125
126
125
125
125
125
125
125
125
125
125
125
125
125
125
126
125
125
125
125
126
125
125
125
125
125
125
125
125
125
125
125
126
125
125
125
125
126
126
126
125
125
125
125
125
125
126
126
125
125
125
125
125
125
125
125
125
125
125
126
125
125
125
125
125
125
126
126
125
125
126
126
125
125
125
125
125
125
125
125
125
125
125
125
125
126
125
125
125
125
126
125
125
125
125
125
125
125
125
125
125
125
125
126
125
125
128
126
126
125
125
125
124
124
124
125
126
125
125
125
125
126
126
125
125
125
126
126
125
125
125
125
125
125
125
125
125
125
126
126
126
126
126
125
123
125
125
125
125
126
126
126
126
126
125
126
126
126
126
125
125
125
125
125
125
125
125
125
125
125
125
126
126
126
126
125
125
125
125
125
125
125
125
125
125
125
125
125
125
125
126
126
126
125
125
125
125
125
126
125
125
126
124
125
125
125
125
125
125
126
126
125
126
126
126
126
125
125
125
125
126
126
124
124
125
126
127
126
125
125
124
126
126
125
124
125
125
125
125
127
126
125
125
125
125
125
125
124
124
126
128
126
126
126
126
125
124
125
125
124
124
126
126
124
124
127
127
124
122
125
127
127
126
126
127
127
125
123
124
126
125
126
127
125
122
126
130
126
121
122
127
124
119
124
130
126
121
126
130
130
130
130
128
127
124
117
112
113
114
114
120
129
137
144
146
143
139
138
132
120
110
106
106
104
104
109
117
125
131
138
144
147
149
149
138
126
120
120
115
106
102
107
116
127
132
124
121
134
147
139
120
113
125
141
139
122
113
120
128
124
117
120
130
127
124
125
130
127
120
116
124
137
139
129
121
122
125
126
122
115
112
117
126
129
127
127
128
128
129
131
130
126
129
131
124
117
121
127
124
121
124
125
124
129
135
134
121
116
127
132
124
118
120
125
128
127
122
122
127
127
125
125
125
126
128
130
128
124
121
120
122
125
125
125
128
128
125
129
131
124
123
127
124
120
126
131
126
141
113
127
112
122
129
126
123
130
132
125
130
132
122
122
129
120
117
131
130
115
123
138
119
106
135
146
115
113
142
127
94
120
163
138
103
135
156
102
87
151
163
102
101
155
136
76
103
159
130
100
161
201
138
72
87
125
117
128
164
132
63
82
174
190
113
77
119
152
147
141
120
94
93
133
160
152
122
105
94
119
160
157
107
89
118
140
142
150
150
117
89
113
145
137
123
123
113
105
122
141
131
125
137
141
113
99
125
146
137
130
126
109
106
129
140
129
119
122
132
131
120
117
124
130
132
127
123
123
126
129
127
120
118
125
132
129
119
119
130
137
134
127
122
118
118
121
125
128
129
127
127
130
128
120
117
125
131
131
126
120
119
123
126
127
128
131
130
124
121
125
130
131
128
123
121
124
129
130
125
128
120
120
123
128
128
126
122
125
128
128
127
125
122
122
125
128
125
122
126
131
130
125
125
126
127
126
119
114
120
128
128
127
129
132
130
126
123
123
122
124
127
128
131
131
129
124
126
126
126
124
121
124
125
124
124
124
122
124
127
129
129
127
127
125
122
124
128
127
125
125
126
126
125
125
124
122
122
125
126
127
125
126
127
127
124
123
125
123
122
123
127
128
127
127
129
131
126
120
119
120
121
123
129
135
132
124
121
124
126
127
127
123
120
122
128
131
128
122
119
125
134
133
121
114
119
132
135
126
118
120
128
130
127
126
128
127
123
120
121
126
128
125
125
128
127
126
122
122
125
128
125
124
125
128
129
126
85
125
125
125
125
126
126
125
125
125
125
125
125
125
125
125
126
126
125
125
125
125
125
125
125
125
125
125
125
125
125
125
125
125
125
125
125
125
125
125
125
125
125
125
125
125
126
126
125
125
125
125
125
125
125
125
125
125
125
125
125
125
125
125
125
125
125
125
125
125
125
125
125
125
125
125
125
125
125
125
125
125
125
125
125
125
125
125
125
125
125
125
125
125
125
125
125
125
125
125
125
125
125
125
125
125
125
125
125
125
125
125
125
125
125
125
125
125
125
125
125
125
125
125
126
125
125
125
125
125
125
125
125
125
125
125
125
125
125
125
125
125
125
125
125
125
125
125
125
125
125
125
125
125
125
125
125
125
125
125
125
125
125
125
125
125
125
125
125
125
125
125
125
125
125
125
125
125
125
125
125
125
125
125
125
125
125
125
125
125
125
125
125
125
125
125
125
125
125
125
125
125
125
125
125
125
125
125
125
125
125
125
125
125
125
125
125
125
125
125
125
125
125
125
125
125
125
125
125
125
125
125
125
125
125
125
125
125
125
125
125
125
125
125
125
125
125
125
126
125
125
125
125
125
125
125
125
125
125
125
125
125
125
125
125
125
125
125
125
125
125
125
125
125
125
125
125
125
125
125
125
125
125
125
125
125
125
125
125
125
125
125
125
125
125
125
125
125
125
125
125
125
125
125
125
125
125
125
125
125
125
125
125
125
125
125
125
125
125
125
125
125
125
125
125
125
125
125
125
125
125
125
125
125
125
125
125
125
126
126
125
125
125
125
125
125
125
125
125
125
125
125
125
125
122
