127
125
127
129
128
128
47
126
125
125
125
125
125
125
126
125
125
125
125
125
125
125
125
125
125
125
126
125
125
125
125
125
125
125
125
125
125
125
125
125
126
125
125
125
125
125
125
125
125
125
125
125
126
125
125
125
126
126
125
125
125
125
125
125
125
125
125
125
125
125
125
125
125
125
125
125
125
125
125
125
125
125
125
125
125
125
125
125
125
125
125
126
126
125
125
125
125
125
125
125
125
125
125
125
125
125
125
125
125
125
125
125
126
125
125
125
125
125
125
125
125
125
125
125
125
125
125
125
125
125
125
125
125
125
125
125
125
125
125
125
125
125
125
125
125
125
125
125
125
125
125
125
125
125
125
125
125
125
125
125
125
125
125
125
125
125
125
125
125
125
125
125
125
125
125
125
125
125
125
125
125
125
125
125
125
126
125
125
125
125
125
125
125
125
125
125
125
125
125
125
125
125
125
125
125
125
125
125
125
125
125
125
125
125
125
125
125
125
125
125
125
125
125
125
125
125
125
125
125
125
125
125
125
125
125
125
125
125
125
125
125
125
125
125
125
125
125
125
125
125
125
125
125
125
125
125
125
125
125
125
125
125
125
125
125
125
125
125
125
125
125
125
125
125
125
125
125
125
125
125
125
125
125
125
125
125
125
125
125
125
125
125
125
125
125
125
125
125
125
125
125
125
125
125
125
125
125
125
125
125
125
125
125
125
125
125
125
125
125
125
125
125
125
125
125
125
125
125
125
125
125
125
125
125
125
125
125
125
125
125
125
125
125
125
125
125
125
125
125
125
125
125
125
125
125
125
125
125
126
125
125
125
125
125
125
125
125
125
125
125
125
125
125
125
125
125
125
125
125
126
125
126
126
125
125
125
125
125
125
125
125
125
125
125
125
125
125
125
125
125
125
125
125
125
125
125
125
125
125
126
126
125
125
125
125
126
126
126
125
125
126
126
125
125
124
125
125
125
125
126
126
125
125
125
125
126
125
125
125
125
126
125
125
125
125
126
125
125
125
125
125
126
126
125
125
125
125
125
125
125
125
125
125
125
125
125
125
125
125
125
125
125
125
126
126
125
125
125
126
125
125
125
125
125
125
125
125
125
125
125
125
125
125
125
126
126
125
125
125
125
125
125
125
125
125
125
125
125
125
125
125
125
125
126
126
125
125
125
126
126
124
124
125
126
125
124
124
126
127
126
125
126
126
125
125
126
127
126
123
125
126
124
122
125
127
125
125
126
127
127
127
124
122
123
125
126
126
126
127
127
126
125
124
125
126
126
122
121
122
126
126
126
127
131
131
126
122
123
128
131
127
125
124
123
121
119
120
126
133
134
128
123
121
125
128
125
121
123
127
126
124
125
129
131
130
125
121
121
126
131
131
127
124
126
128
124
118
118
126
133
134
128
121
120
126
131
129
122
115
115
126
139
140
125
113
121
136
135
122
119
128
125
115
119
131
129
122
130
142
135
119
108
115
134
146
129
105
108
131
136
128
124
127
126
123
127
124
115
120
136
143
132
113
112
127
134
128
115
114
140
160
127
72
88
173
179
95
84
156
164
107
88
119
146
141
112
96
125
154
135
125
141
131
102
108
139
143
125
112
106
113
139
154
137
109
106
129
149
139
113
108
121
128
123
124
126
126
132
133
119
110
129
151
142
113
105
122
137
131
117
115
125
136
139
127
110
110
137
149
123
101
117
141
139
124
113
116
129
136
128
119
122
128
127
126
132
132
125
120
121
122
122
126
131
132
130
125
121
122
124
125
127
127
125
125
127
127
123
121
125
130
129
126
125
124
124
126
126
125
126
128
128
126
125
124
124
124
125
125
124
124
125
126
126
126
127
126
125
125
125
126
125
125
125
125
125
125
126
127
127
126
125
124
124
125
125
125
125
125
125
126
125
126
125
126
125
126
126
125
125
125
125
126
126
126
126
125
125
125
125
125
126
125
125
125
125
125
125
125
125
125
126
126
125
125
125
125
126
126
126
126
126
125
125
125
124
125
126
126
126
126
126
127
127
126
125
125
125
125
126
127
126
125
124
124
126
123
120
124
130
129
125
124
127
129
129
125
121
122
123
124
126
124
124
130
133
124
118
120
129
131
125
121
125
131
132
127
122
121
125
129
126
121
123
125
129
132
130
121
117
124
129
123
120
126
129
123
123
128
130
127
125
127
128
128
124
120
122
126
128
127
124
124
125
126
126
125
122
122
125
128
128
126
125
125
127
131
130
125
122
124
129
128
123
119
119
123
128
129
125
121
122
126
130
129
125
124
127
128
127
125
124
123
122
124
126
127
125
124
124
127
128
126
124
124
126
127
125
124
124
125
125
125
127
127
125
123
124
126
127
126
124
123
126
128
127
126
125
124
125
126
126
125
124
125
125
125
126
126
126
125
125
126
126
125
124
125
126
127
126
124
123
125
126
126
126
125
124
125
125
126
126
125
126
126
125
125
125
126
126
126
125
125
126
126
125
124
124
125
126
126
125
125
125
125
126
126
125
125
125
125
126
126
126
125
124
124
124
125
125
125
126
126
126
126
126
126
125
125
124
126
126
126
125
124
123
124
125
127
127
126
125
125
125
124
124
128
127
127
125
125
124
125
125
124
124
125
125
125
126
126
125
124
125
126
126
125
124
124
126
126
126
125
125
126
126
126
127
126
125
125
125
125
126
121
125
125
125
125
126
126
126
126
127
126
125
125
125
125
125
125
126
126
126
126
125
125
125
125
126
126
126
125
125
125
125
125
125
126
126
125
125
124
125
126
125
125
125
126
126
125
125
125
125
125
126
126
125
125
125
126
125
125
125
125
125
125
126
126
125
125
125
126
126
126
124
125
125
125
125
125
125
125
125
125
125
125
125
126
126
125
125
125
126
125
125
125
126
126
125
125
125
125
125
125
125
125
125
125
125
125
125
125
125
125
125
125
125
125
125
126
126
125
125
125
125
125
125
126
126
125
126
125
125
126
126
126
125
125
126
126
125
125
125
125
126
126
125
125
125
125
126
125
125
125
126
126
126
125
125
125
125
125
125
126
125
125
125
125
126
126
126
126
126
126
126
126
125
125
125
125
126
126
126
126
125
125
125
125
125
125
125
125
125
125
126
125
126
126
125
125
125
125
125
125
125
125
125
125
125
125
126
125
125
125
125
126
126
125
125
125
125
125
125
128
128
126
124
125
123
124
124
124
125
125
125
125
125
125
125
125
125
126
126
126
126
125
126
126
126
125
125
125
125
125
125
126
126
126
125
125
126
118
124
126
125
127
129
127
127
127
126
126
125
126
125
125
126
123
124
124
125
126
126
125
125
126
126
126
125
126
125
125
126
126
125
125
125
125
126
125
125
125
125
126
125
125
126
126
126
126
125
126
126
125
125
125
125
125
125
125
125
125
126
126
125
125
125
125
125
125
125
125
125
125
126
126
126
126
125
126
125
126
126
125
125
125
125
125
126
126
126
125
124
125
125
125
124
124
125
126
126
125
125
125
126
126
125
126
125
125
125
125
126
125
126
126
125
126
125
125
127
126
125
125
124
125
125
125
125
125
126
126
126
125
125
124
125
125
124
124
125
125
125
126
125
126
127
126
125
125
125
125
124
125
125
125
126
126
126
126
126
126
126
124
125
125
125
125
125
125
125
126
126
126
126
126
124
125
125
125
125
126
125
125
125
125
125
125
125
125
126
126
127
125
125
126
125
125
125
125
125
125
125
126
126
125
125
125
126
127
125
125
125
125
125
124
125
126
125
126
126
155
91
130
116
128
124
126
128
126
126
126
125
125
123
124
125
125
126
125
125
126
126
119
120
124
125
127
131
130
130
129
128
126
126
48
125
125
125
126
126
125
126
125
125
125
125
125
125
126
125
125
125
125
126
125
125
125
125
125
125
125
125
125
125
125
125
125
125
125
125
125
125
125
125
125
125
125
125
125
125
125
125
125
125
125
125
125
125
125
125
125
125
125
125
125
125
125
125
125
125
125
125
125
125
125
125
125
125
125
125
125
125
125
125
125
125
125
125
125
125
125
125
125
125
125
125
125
125
125
125
125
125
125
125
125
125
125
125
125
125
125
125
125
125
125
125
125
125
125
125
125
125
125
125
125
125
125
125
125
125
125
125
125
125
125
125
125
125
125
125
125
125
125
125
125
125
125
125
125
125
125
125
125
125
125
125
125
125
125
125
125
125
125
125
125
125
125
125
125
125
125
126
125
125
125
125
125
125
125
125
125
125
125
125
125
125
125
125
125
125
125
125
125
125
125
125
125
125
125
125
125
125
125
125
125
125
125
125
125
125
125
125
125
125
125
125
125
125
125
125
125
125
125
125
125
125
125
125
125
125
125
125
125
125
125
125
125
125
125
125
125
125
125
125
125
125
125
125
125
125
125
126
125
125
125
126
125
125
125
125
125
125
125
125
125
125
125
125
125
125
125
125
125
125
125
126
125
125
125
125
125
125
125
125
125
125
125
125
125
125
125
125
125
125
125
125
125
125
125
125
125
125
125
125
125
125
125
125
125
125
125
125
125
125
125
125
125
125
125
125
125
125
125
125
125
125
125
125
125
125
125
125
125
125
125
125
125
125
125
125
125
125
125
125
125
125
125
125
125
125
125
125
125
125
125
125
125
125
127
