125
125
124
125
126
127
59
125
126
126
125
125
125
125
125
125
125
126
125
125
125
125
125
126
125
125
125
125
125
125
125
125
125
125
125
126
125
125
125
125
125
125
125
126
126
125
125
126
125
125
125
125
126
125
125
125
125
126
125
126
125
125
125
125
125
125
125
125
125
125
125
126
125
126
125
126
125
125
125
125
125
125
125
125
125
125
125
125
125
126
125
125
125
125
125
125
125
125
125
125
125
125
125
125
125
126
125
125
125
125
125
125
125
125
125
125
125
125
126
126
125
125
125
125
125
125
125
125
125
125
125
125
125
125
125
125
125
125
125
125
125
125
125
125
125
125
125
125
125
125
125
125
125
125
125
125
125
125
125
125
125
125
125
125
125
125
125
125
125
125
125
125
125
125
125
125
125
125
125
125
125
125
125
124
128
125
125
124
125
125
125
125
125
125
125
125
125
125
125
125
125
125
125
125
125
125
125
125
125
125
125
125
125
125
125
125
125
125
125
125
125
125
125
125
125
125
125
125
125
125
125
125
125
125
125
125
125
125
125
125
125
125
125
125
125
125
125
125
125
125
125
125
125
125
125
125
125
125
125
125
125
125
125
125
125
125
125
125
125
125
125
125
125
125
125
125
125
125
125
125
125
125
125
125
125
125
125
125
125
125
125
125
125
125
125
125
125
125
125
125
125
125
125
125
125
125
125
125
125
125
125
125
125
125
125
125
125
125
125
125
125
125
125
125
125
125
125
125
125
125
125
125
125
125
125
126
124
125
125
125
125
126
126
126
126
125
125
126
125
126
125
125
126
125
125
125
126
125
125
125
125
126
125
126
125
126
126
125
125
126
125
124
125
126
125
125
126
126
126
126
126
126
126
126
126
126
125
125
126
125
126
125
126
126
125
126
126
125
125
126
126
126
124
125
126
126
125
125
126
125
126
126
125
125
125
126
126
126
125
125
125
125
125
126
126
125
126
126
125
126
125
125
126
126
126
125
125
125
125
125
126
125
126
126
126
125
125
125
125
125
125
126
126
125
125
126
125
125
125
125
125
125
126
125
125
125
125
125
125
125
125
125
125
125
125
125
125
125
126
125
125
125
125
126
126
125
125
125
125
125
125
125
125
125
125
126
125
126
125
125
125
125
125
125
125
125
125
125
125
126
126
126
126
125
126
126
125
124
125
126
126
124
123
126
127
128
127
124
122
122
126
130
130
127
126
129
131
125
114
110
116
125
134
135
128
126
133
136
127
115
119
131
131
115
108
123
145
151
123
84
71
112
187
206
135
66
78
145
151
117
136
149
117
79
99
144
170
161
153
112
62
62
102
159
200
174
86
28
86
199
232
153
58
48
130
185
140
80
105
155
140
99
107
149
165
135
91
89
135
160
126
88
109
160
161
110
80
110
151
150
122
113
129
138
131
120
115
114
115
124
140
142
126
115
121
129
127
122
123
128
128
121
115
117
126
138
142
135
126
121
118
118
122
128
130
127
122
120
123
125
126
128
131
128
123
119
122
128
132
131
128
124
122
120
120
125
130
133
131
127
123
122
124
126
127
127
128
127
125
122
120
122
125
128
128
125
123
124
125
126
126
125
127
127
127
126
126
126
127
127
126
125
125
125
125
125
125
125
125
125
125
126
126
126
125
125
126
126
125
125
125
125
126
126
126
126
126
125
125
125
125
126
126
126
124
124
125
126
126
126
126
126
126
125
125
125
125
125
125
125
125
125
125
125
125
126
126
125
125
126
126
126
126
126
125
125
125
125
126
126
127
127
126
126
126
125
125
125
125
125
125
125
124
124
125
125
125
126
126
126
126
126
126
125
125
125
125
126
126
126
126
126
126
126
126
125
125
125
125
125
124
125
125
125
125
126
126
126
126
125
126
125
125
126
126
126
126
125
125
125
126
126
125
125
125
125
126
125
125
128
126
125
125
125
124
125
125
125
125
125
125
125
125
125
125
125
125
125
125
126
125
126
125
125
125
125
125
125
125
125
125
125
125
125
125
126
126
126
126
125
125
125
126
125
125
125
125
125
125
125
125
125
125
125
125
125
125
125
125
125
126
126
125
125
125
126
125
125
125
125
125
126
126
125
125
125
125
125
125
125
125
125
125
125
126
126
125
125
125
125
125
125
125
125
125
125
125
125
125
125
125
125
126
126
125
125
126
126
125
125
125
125
125
126
126
123
124
125
125
126
126
126
126
125
125
125
125
125
125
125
126
126
125
126
126
126
126
126
123
125
126
126
126
127
127
126
127
126
125
125
125
126
126
126
126
126
126
126
125
125
125
125
125
125
126
125
125
125
126
126
126
126
126
126
126
126
126
126
125
125
124
123
125
126
126
126
126
126
127
126
126
126
126
125
125
125
125
125
125
126
126
126
126
126
126
126
126
125
125
125
125
125
125
125
125
125
125
126
125
125
126
126
125
125
125
126
125
125
126
125
126
126
125
125
126
125
126
126
126
126
126
126
125
126
125
125
126
126
125
125
126
126
125
125
125
126
125
125
125
125
125
126
126
126
126
126
125
126
126
125
125
124
126
125
125
126
125
126
126
126
126
125
126
125
125
126
126
125
125
125
125
125
125
125
126
126
126
126
126
126
126
126
126
126
126
126
126
126
125
125
125
126
125
125
125
126
125
125
126
126
126
125
126
125
125
126
126
125
125
129
126
125
125
125
123
125
125
125
125
125
126
126
125
126
125
125
125
126
126
126
126
125
125
125
126
125
125
125
125
126
126
130
126
125
125
125
124
124
124
124
124
126
125
125
125
126
126
126
125
125
125
126
125
125
126
126
125
125
125
126
126
126
125
125
125
125
125
125
124
124
124
125
125
125
125
124
124
125
126
126
126
126
127
127
126
125
124
124
125
125
125
125
125
125
125
126
126
125
125
125
125
125
125
125
125
125
125
125
125
125
126
125
126
126
125
125
125
125
125
125
125
125
125
125
125
125
125
125
125
126
125
125
125
125
125
125
125
126
125
125
126
125
125
125
125
126
129
127
122
124
125
125
127
127
126
126
125
125
125
125
125
125
126
126
125
125
125
126
126
125
125
125
125
126
126
126
125
125
125
115
111
128
126
127
129
129
128
128
127
127
126
127
126
126
126
126
126
126
126
125
125
125
126
126
126
126
126
126
126
127
126
126
126
122
122
125
126
126
127
127
126
127
128
127
126
126
126
126
126
124
126
126
126
126
126
126
126
125
125
126
126
125
124
125
126
126
126
126
125
126
126
126
126
125
125
125
126
126
126
125
125
126
126
125
125
126
126
126
126
125
124
125
126
125
125
126
125
125
125
126
126
126
126
127
127
127
125
124
125
125
126
127
127
126
124
124
126
128
127
125
124
124
125
126
126
125
124
125
125
125
126
125
124
125
126
127
128
127
127
127
127
127
125
124
124
124
125
126
126
127
126
126
126
127
127
126
125
124
125
124
125
125
125
125
125
126
127
126
125
126
126
125
125
125
126
126
126
126
126
125
126
129
131
126
124
125
123
125
125
124
124
126
126
125
124
124
126
126
124
124
126
127
126
125
125
127
127
126
125
124
126
126
125
124
125
127
127
126
124
142
100
105
127
130
126
129
129
127
128
126
124
126
126
125
125
125
126
127
127
126
126
126
126
125
127
127
127
126
126
125
125
125
126
125
126
126
126
127
126
127
127
126
126
126
126
125
125
126
126
126
127
127
126
126
125
125
126
126
126
127
125
125
125
124
126
126
117
121
123
125
126
129
128
128
128
129
127
127
126
125
125
126
125
126
126
126
125
125
125
126
125
126
125
124
125
125
125
125
126
126
126
125
125
126
125
126
126
124
125
125
125
126
124
124
125
123
58
125
125
125
125
125
125
125
125
125
125
125
125
125
125
125
125
125
125
125
125
125
125
125
125
125
125
125
125
125
125
125
125
125
125
125
125
125
125
125
125
125
125
125
125
125
125
125
125
125
125
125
125
125
125
125
125
125
125
125
125
125
125
125
125
125
125
125
125
125
125
125
125
125
125
125
125
125
125
125
125
125
125
125
125
125
125
125
125
125
125
125
125
125
125
125
125
125
125
125
125
125
125
125
125
125
125
125
125
125
125
125
125
126
125
125
126
125
126
126
125
125
125
125
126
126
125
125
125
126
126
125
126
125
125
125
126
126
125
125
126
126
126
125
125
126
125
126
126
126
126
125
125
125
125
125
125
125
126
125
126
126
126
126
126
126
126
126
125
125
125
126
125
125
125
126
126
125
125
126
125
125
125
126
125
125
125
125
125
125
125
125
125
125
125
125
125
125
125
125
125
126
125
125
125
125
125
125
125
125
125
125
125
125
125
125
125
125
126
125
125
125
125
125
125
126
125
125
125
125
125
125
125
125
125
126
126
126
125
125
125
125
125
125
125
125
125
125
125
125
125
125
125
125
125
125
125
125
126
125
125
125
125
125
125
126
126
125
125
125
125
126
126
125
125
125
126
126
126
125
125
125
125
125
125
125
125
125
125
125
125
125
125
126
125
125
125
125
125
125
125
125
125
125
125
125
125
126
126
126
125
125
125
125
125
125
125
125
125
125
125
125
125
125
125
125
125
126
126
125
125
125
125
125
125
125
125
125
125
125
125
125
125
125
125
125
125
125
125
125
125
125
125
125
124
