122
131
133
127
122
124
69
125
125
125
125
125
125
125
125
125
125
125
125
125
125
125
125
125
125
125
125
125
125
125
125
125
125
125
125
125
125
125
125
125
125
126
126
125
125
125
125
125
125
125
125
125
125
125
125
125
125
125
125
125
125
125
125
125
125
125
125
125
125
125
125
125
125
125
125
125
125
125
125
125
125
125
125
125
125
125
125
125
125
125
125
125
125
125
125
125
125
125
125
125
125
125
125
125
125
125
125
125
125
125
125
125
125
125
125
125
125
125
125
125
125
125
125
125
125
125
125
125
125
125
125
125
125
125
125
125
125
125
125
125
125
125
125
125
125
125
125
125
125
125
125
125
125
125
125
125
125
125
125
125
125
125
125
125
126
125
125
125
125
125
126
125
125
125
125
126
125
125
125
125
125
125
125
125
125
125
125
125
125
125
125
124
125
125
126
126
125
125
125
126
126
125
125
125
125
125
125
126
126
125
125
126
125
125
125
125
125
126
125
126
126
125
126
126
126
125
125
126
126
126
126
125
126
126
126
125
125
125
125
125
126
126
125
126
126
125
126
126
126
126
125
126
125
126
126
125
125
125
125
126
125
125
125
125
126
126
126
125
125
126
126
126
126
126
125
126
126
126
125
125
126
125
125
125
126
126
126
125
126
125
125
126
126
126
125
125
125
125
126
126
126
125
126
125
125
125
126
125
125
126
126
125
125
125
125
125
126
126
126
125
125
126
126
126
125
125
126
125
125
126
126
126
125
126
126
125
126
125
126
125
125
125
125
126
126
126
125
126
126
126
126
125
126
126
125
126
126
126
126
126
126
126
125
125
125
125
125
125
125
125
126
125
126
125
125
125
125
125
126
126
125
126
125
126
125
125
125
126
125
125
125
126
126
126
126
125
125
125
125
126
126
125
125
125
126
126
126
126
126
126
125
126
125
125
125
125
125
125
125
125
125
125
125
126
126
126
126
125
126
126
125
125
125
125
125
126
126
125
125
125
125
125
125
125
125
125
125
125
125
125
125
125
125
125
125
125
125
125
125
125
125
125
125
125
125
125
125
125
125
125
125
125
125
125
125
125
125
125
125
125
125
125
125
125
125
125
125
125
125
125
125
125
125
125
125
125
125
126
125
125
125
125
125
125
125
125
125
125
125
126
125
125
125
125
125
125
125
125
125
125
125
125
125
125
125
125
125
125
125
125
125
125
125
125
125
125
125
125
125
125
125
125
125
125
125
125
125
125
125
125
125
125
125
125
125
125
125
125
125
125
125
125
125
125
125
125
125
125
125
125
125
125
125
125
125
125
125
125
125
125
125
125
125
125
125
125
125
125
125
125
125
125
125
125
125
125
125
125
125
125
125
125
125
125
125
125
125
125
125
125
125
125
125
126
125
125
125
125
125
125
125
125
125
126
125
125
125
125
126
124
126
126
125
125
125
126
126
125
126
125
125
126
126
126
125
125
125
125
126
125
125
125
126
126
126
126
125
125
125
126
125
126
126
125
125
125
125
126
126
126
126
127
126
126
126
126
125
125
126
126
125
125
125
125
125
125
126
127
126
126
126
126
127
127
126
126
124
125
124
124
125
126
126
125
126
125
125
126
127
126
125
126
127
127
126
125
125
126
126
126
125
125
125
126
126
125
125
125
126
127
126
125
125
126
126
125
125
125
125
125
125
125
125
126
126
126
126
127
127
127
127
126
124
124
123
123
123
123
127
131
129
126
125
127
127
123
123
126
127
124
123
125
126
126
126
125
125
126
126
126
126
126
126
126
125
125
125
125
126
125
125
125
125
125
126
126
125
125
126
126
126
125
126
126
126
126
126
126
125
125
126
126
125
124
125
126
126
125
125
127
126
124
124
126
128
126
124
125
127
127
124
121
122
129
135
131
121
117
124
128
126
127
128
122
120
127
133
128
124
125
123
119
128
148
156
121
52
30
121
252
255
115
23
6
167
255
231
38
35
78
210
211
120
96
157
133
70
114
184
142
76
49
69
199
255
149
10
47
161
179
162
135
72
61
152
196
127
68
127
198
159
66
59
115
156
165
137
102
110
141
144
136
130
93
72
115
159
151
138
149
132
94
97
134
141
120
114
124
119
121
144
148
130
116
103
106
138
150
130
101
116
133
139
136
121
113
119
126
129
130
129
132
133
115
96
117
153
145
112
106
123
138
143
135
119
113
118
123
128
133
124
112
118
131
135
133
125
120
123
126
122
117
123
133
133
130
128
126
121
118
120
128
131
126
122
124
133
132
121
112
110
118
129
137
137
133
132
134
130
115
106
111
122
131
136
130
123
129
136
128
117
119
126
126
120
120
130
137
131
120
115
120
129
136
138
130
117
114
122
127
124
124
128
129
125
126
129
121
118
128
133
125
119
122
130
131
125
119
124
133
132
120
116
125
129
122
124
133
128
117
118
128
134
136
134
126
117
113
118
124
129
129
129
131
132
126
117
117
127
130
125
122
123
121
120
125
133
137
132
122
114
116
122
129
139
137
120
111
127
139
112
85
109
167
179
117
79
119
144
129
137
144
92
72
164
204
96
21
159
219
91
58
159
179
118
96
104
116
143
146
117
114
134
134
121
119
115
105
117
161
178
133
82
89
128
152
144
118
101
110
131
139
134
131
127
118
116
125
133
131
122
118
125
131
122
112
120
135
139
132
124
121
123
127
127
123
121
121
125
128
123
137
163
104
19
98
255
232
65
38
255
255
11
55
224
255
14
34
216
255
115
127
79
255
213
7
11
169
250
174
50
32
119
186
179
111
64
103
167
162
112
103
146
160
110
70
104
155
155
134
123
103
93
126
168
160
121
102
110
125
133
124
115
122
132
129
126
128
128
126
124
119
118
127
133
130
123
118
123
133
133
120
115
121
127
134
138
124
97
102
156
181
115
53
115
190
142
92
115
136
127
122
106
109
151
164
104
85
123
189
130
78
108
158
142
104
104
129
150
146
119
99
119
138
129
118
123
126
121
122
136
142
126
112
120
132
129
123
121
119
120
126
131
132
132
127
118
116
123
126
124
124
124
124
125
125
126
130
135
133
125
120
122
124
126
127
124
120
118
122
123
132
129
125
124
129
129
127
126
127
124
120
120
125
130
128
123
119
121
126
131
131
128
127
120
96
129
121
124
127
131
131
126
125
129
133
131
125
125
127
125
124
127
127
126
126
125
124
126
130
128
124
123
124
126
130
129
126
124
125
125
124
126
130
130
126
124
115
121
125
129
131
131
128
124
123
124
128
128
126
126
129
127
124
123
123
125
126
128
126
124
123
123
125
126
126
125
124
126
130
128
125
125
124
124
123
123
124
126
130
129
124
123
127
128
126
124
124
127
126
124
125
125
123
125
129
130
126
122
125
127
125
125
126
126
126
122
120
124
129
127
124
123
127
130
128
126
126
125
125
125
124
123
125
129
129
124
122
125
127
124
125
129
128
124
123
123
125
126
124
124
126
127
126
126
125
125
125
124
125
122
124
128
131
131
129
124
122
123
125
126
126
128
129
126
121
120
124
131
132
127
121
119
123
129
131
127
123
121
123
126
126
123
125
127
125
125
133
130
127
129
129
127
123
121
121
121
121
124
129
129
125
122
125
128
127
124
125
128
129
125
122
123
123
123
131
127
127
126
125
125
127
125
122
122
124
126
124
123
124
125
127
127
126
126
126
126
128
128
124
121
123
128
129
125
124
126
125
124
123
126
127
126
123
122
125
130
129
125
123
124
127
128
127
124
125
125
126
125
125
124
123
124
125
125
126
128
127
125
123
123
124
124
125
127
125
125
126
127
126
124
123
124
125
127
128
124
122
121
124
128
128
126
124
123
125
68
125
125
125
125
126
125
125
125
125
125
126
125
125
125
125
125
125
125
125
125
125
125
125
125
125
125
125
125
126
125
125
125
125
125
125
125
125
126
125
125
125
125
125
125
125
125
125
125
125
125
125
125
125
125
125
125
125
125
125
125
125
125
125
125
125
125
125
125
125
125
125
125
125
125
125
125
125
125
125
125
125
125
125
125
125
125
125
125
125
125
125
125
125
125
125
125
125
125
125
125
125
125
125
125
125
125
126
125
125
126
125
125
125
125
125
125
125
125
126
126
125
125
125
125
125
125
125
125
125
125
125
125
125
125
125
125
125
125
125
125
125
125
125
125
125
125
125
125
125
125
125
125
125
125
125
125
125
125
125
125
125
125
125
125
125
125
125
125
125
125
125
125
125
125
125
125
125
125
125
125
125
125
125
125
125
125
125
125
125
125
125
125
125
125
125
125
125
125
125
125
125
125
125
125
125
125
125
125
125
125
125
125
125
125
125
125
125
125
125
125
125
125
125
125
125
125
125
125
125
125
125
125
125
125
125
125
125
125
125
125
125
125
125
125
125
125
125
125
125
125
125
125
125
125
125
125
125
125
125
125
125
125
125
125
125
125
125
125
125
125
125
125
125
125
125
125
125
125
125
125
125
125
125
125
125
125
125
125
125
125
125
125
125
125
125
125
125
125
125
125
125
125
125
125
125
125
125
125
125
125
125
125
125
125
125
125
125
125
125
125
125
125
125
125
125
125
125
125
125
125
125
125
125
125
125
125
125
125
125
125
125
125
125
125
125
125
125
125
125
126
124
125
125
124
