122
130
132
131
131
127
67
125
125
125
126
126
125
126
126
126
125
126
125
125
126
126
126
126
125
126
126
126
126
126
126
126
125
126
126
125
126
126
126
126
125
125
126
125
126
125
125
125
126
125
126
126
125
125
126
125
125
125
126
126
125
126
126
125
125
126
126
126
126
126
126
125
126
125
125
125
125
125
125
126
126
126
125
126
125
125
125
125
125
125
125
125
125
125
125
125
125
125
125
125
126
126
125
125
125
125
125
125
125
125
125
125
125
125
125
125
125
125
125
125
125
125
125
125
125
125
125
125
125
125
125
125
125
125
125
125
125
125
125
125
125
125
125
125
125
125
125
125
125
125
125
125
125
125
125
125
125
125
125
126
125
125
125
125
125
125
125
125
125
125
125
125
125
125
125
125
125
125
125
125
125
125
125
125
125
125
125
125
125
125
125
125
125
125
125
125
125
125
125
125
125
125
125
125
125
126
125
125
125
125
125
125
125
125
125
125
125
125
125
125
125
125
125
125
126
126
125
125
125
125
125
125
125
125
125
125
125
125
125
125
125
125
125
125
125
125
125
125
125
125
125
125
125
125
125
125
125
125
125
125
125
125
125
125
125
125
125
125
125
125
125
125
125
125
125
125
125
125
125
125
125
125
125
125
125
125
125
125
125
125
125
125
125
125
125
125
125
125
125
126
124
125
125
125
125
126
126
126
125
125
125
125
126
125
126
126
126
125
125
125
126
126
125
125
125
125
125
125
126
126
126
126
126
126
126
125
126
125
126
126
126
126
126
126
126
126
126
125
125
126
126
125
126
126
126
126
126
126
126
125
126
126
126
125
126
126
126
125
125
125
125
126
126
126
126
126
125
126
126
126
125
125
125
125
125
125
125
125
125
125
125
125
125
125
125
125
125
125
125
126
126
125
125
125
125
125
125
125
125
125
126
125
126
125
125
126
125
125
125
125
125
125
126
125
125
125
125
126
126
125
125
126
125
126
126
125
125
125
125
125
126
125
126
126
125
125
125
126
125
125
125
126
125
125
126
125
126
125
125
125
125
126
126
126
126
126
125
126
125
125
125
126
125
125
126
126
125
125
125
125
125
126
125
126
126
126
126
125
126
126
126
125
125
125
125
125
125
125
125
125
125
125
125
125
126
125
126
125
125
125
125
125
125
126
126
125
126
126
125
125
125
125
125
125
125
125
125
125
125
125
125
125
125
125
126
125
125
126
126
125
125
125
125
125
125
126
125
125
125
125
125
125
125
125
125
125
125
125
125
125
125
126
125
125
125
125
125
125
125
125
126
125
125
125
125
125
125
125
125
125
125
125
125
125
125
125
125
125
125
125
125
125
125
125
125
125
125
125
125
125
125
125
125
125
126
126
125
125
125
126
126
126
125
125
125
125
125
126
125
125
125
125
125
125
125
125
125
125
125
125
125
125
125
125
125
125
125
125
125
125
125
125
125
125
125
125
125
125
125
125
125
125
125
125
125
125
125
125
125
125
126
126
125
125
126
125
125
125
125
125
126
126
126
125
125
125
125
125
125
125
125
126
126
127
127
127
127
126
123
121
123
128
133
132
123
116
122
132
131
122
121
128
132
132
125
113
111
123
135
138
132
128
130
129
119
110
113
121
126
129
131
133
135
135
127
117
112
120
132
137
129
120
117
124
128
125
120
120
127
140
149
132
95
81
112
153
154
130
135
154
128
84
102
143
124
98
126
151
139
129
128
120
115
122
123
117
120
130
134
128
122
122
127
130
129
126
126
129
128
123
119
120
123
127
129
128
124
121
124
128
128
125
126
129
127
123
121
124
127
127
125
123
123
125
127
129
127
125
124
124
124
126
127
126
126
126
127
127
125
123
124
125
125
124
126
127
125
124
125
127
127
124
124
125
127
127
125
125
126
126
124
122
124
126
125
126
129
130
126
123
123
124
122
121
123
128
131
126
120
120
127
132
132
129
127
123
123
124
124
123
124
123
123
129
134
133
123
116
116
124
134
134
126
119
123
126
127
127
124
122
126
130
125
120
122
128
130
127
122
119
123
130
132
126
122
123
127
128
128
125
120
118
122
128
129
128
125
124
125
129
130
126
122
122
125
128
129
127
123
122
124
125
124
125
127
126
123
123
126
127
125
123
123
124
124
126
128
127
128
127
126
124
123
123
125
125
124
126
128
128
126
124
124
124
126
128
127
124
121
121
124
126
128
128
127
125
123
124
126
126
124
122
124
127
128
126
124
124
126
128
128
126
124
124
123
125
127
124
123
125
126
127
127
126
126
126
124
123
126
127
125
124
127
127
126
124
120
124
127
126
126
128
128
125
123
125
128
128
127
126
125
125
126
129
128
124
124
126
127
125
123
125
128
125
121
120
123
126
130
133
133
129
124
124
124
121
118
122
130
132
128
122
124
124
124
125
127
126
128
128
127
127
127
124
122
124
127
126
125
126
128
127
123
121
123
128
130
127
122
121
125
130
130
125
122
124
127
127
126
123
123
126
129
129
125
122
122
126
128
125
124
125
127
127
126
126
125
125
127
128
126
122
120
123
128
130
128
126
125
125
125
126
126
124
124
126
128
126
123
121
123
128
130
129
128
126
123
121
123
127
129
128
125
121
122
128
129
125
124
127
129
126
121
120
124
129
130
128
125
124
123
125
127
126
124
122
124
127
128
127
126
125
126
126
125
126
126
125
125
125
125
124
125
126
127
126
124
125
129
129
124
122
124
127
126
126
126
122
122
129
132
125
124
132
126
113
125
140
125
112
126
138
126
111
114
127
139
140
128
111
111
126
138
137
128
114
113
119
133
139
133
122
118
119
122
127
128
125
124
125
127
125
124
124
125
126
126
126
125
125
125
125
126
126
125
124
124
125
126
126
125
124
124
124
126
128
126
124
125
127
126
125
124
127
128
125
124
125
126
125
123
121
123
129
128
122
125
130
129
122
121
127
128
124
121
124
126
126
128
128
123
122
126
126
126
125
126
125
126
126
124
124
137
130
121
123
124
124
125
125
125
126
127
127
125
123
122
123
124
126
126
125
123
123
126
128
128
127
112
114
126
125
130
131
128
126
124
125
127
128
129
127
126
126
126
126
126
125
126
127
127
125
125
126
126
126
125
126
125
126
126
126
126
125
126
126
127
126
125
125
119
124
124
126
126
128
127
127
127
128
127
126
126
125
125
125
125
126
126
125
126
126
125
125
125
125
125
126
126
126
127
125
125
125
125
125
126
125
126
126
126
126
126
125
125
126
126
127
126
125
126
125
125
126
125
125
125
125
125
125
126
126
125
126
126
126
125
126
126
125
125
125
125
125
126
127
127
126
126
125
126
125
124
125
125
124
125
125
126
126
126
126
126
126
126
126
126
126
125
125
126
126
126
125
126
126
125
126
127
126
125
126
125
126
126
126
126
125
125
126
125
126
126
126
125
124
125
126
126
125
125
126
126
127
126
126
126
126
126
126
125
126
126
125
125
125
126
126
126
128
130
126
125
126
125
124
123
123
123
124
127
128
126
124
123
125
127
127
125
124
124
126
127
126
126
125
125
126
129
131
126
125
126
123
122
124
125
125
125
124
124
125
126
126
124
125
126
126
126
126
126
126
128
123
125
124
124
125
125
126
125
125
125
125
125
126
125
125
125
125
125
126
125
126
125
124
125
125
125
126
125
126
126
125
125
126
126
126
124
125
125
125
125
125
124
125
125
125
125
125
125
127
126
126
125
124
125
124
126
126
139
134
90
122
115
126
130
129
130
128
128
128
128
127
125
125
126
125
124
125
126
126
126
126
126
119
68
124
126
129
131
134
132
133
131
131
129
129
130
128
128
126
126
126
127
127
66
125
125
125
125
125
125
125
125
125
125
125
125
125
125
125
125
125
125
125
125
125
125
125
125
125
125
125
125
125
125
125
125
125
125
125
125
125
125
125
125
125
125
125
125
125
125
125
125
125
125
125
125
125
125
125
125
125
125
125
125
125
125
125
125
125
125
125
125
125
125
125
125
125
125
125
125
125
125
125
125
125
125
125
125
125
125
125
125
125
125
125
125
125
125
125
125
125
125
125
125
125
125
125
125
125
125
125
125
125
125
125
125
125
125
125
125
125
125
125
125
125
125
125
125
125
125
125
125
125
125
125
125
125
125
125
125
126
125
125
125
125
125
125
125
125
125
125
125
125
125
125
125
125
125
125
125
125
125
125
125
125
125
125
125
125
125
125
125
125
125
125
125
125
125
125
125
125
125
125
125
125
125
125
125
125
125
125
125
125
125
125
125
125
125
125
125
125
125
125
125
125
125
125
125
125
125
125
125
125
125
125
125
125
125
125
125
125
125
125
125
125
125
125
125
125
125
125
125
125
125
125
125
125
125
125
125
125
125
125
125
125
125
125
125
125
125
125
125
125
125
125
125
125
125
125
125
125
125
125
125
125
125
125
125
125
125
125
125
125
125
125
125
125
125
125
125
125
125
125
125
125
125
125
125
125
125
124
125
125
125
125
126
125
125
125
126
125
125
125
125
125
125
125
125
125
125
125
125
125
125
125
125
125
125
125
125
125
125
125
125
125
125
125
125
125
125
125
125
125
125
125
125
125
125
125
125
125
125
125
125
125
126
126
125
125
125
126
125
125
125
125
125
125
125
