126
126
125
125
126
126
55
125
125
125
125
125
125
125
125
125
125
125
125
125
125
125
125
125
125
125
125
125
125
125
125
125
125
125
125
125
125
125
125
125
125
125
125
125
125
125
125
125
125
125
125
125
125
125
125
125
125
125
125
125
125
125
125
125
126
125
125
125
125
125
125
125
125
125
125
125
125
125
125
125
125
125
125
125
125
125
125
125
125
125
125
125
125
125
125
125
125
125
125
125
125
125
125
125
125
125
125
125
125
125
125
126
125
125
125
125
125
125
125
125
125
125
125
125
125
125
125
125
125
125
125
125
125
125
125
125
125
125
125
125
125
125
125
125
125
125
125
125
126
127
126
126
126
126
125
125
125
126
126
125
126
126
126
126
126
126
126
126
125
126
126
126
126
126
125
125
126
126
126
126
126
126
126
126
126
126
126
126
126
126
126
126
126
126
126
126
126
126
126
126
125
126
126
125
126
126
126
126
126
126
126
126
125
125
125
125
125
126
125
125
126
125
125
125
125
125
125
125
125
125
125
125
126
125
125
125
126
125
125
125
125
125
125
125
125
125
126
125
125
125
125
125
125
125
126
125
125
125
126
126
125
125
126
125
125
126
125
126
125
125
126
125
125
126
125
125
126
125
126
126
125
125
126
125
125
126
125
125
125
125
126
125
126
126
125
125
125
126
125
126
126
125
125
125
125
125
125
126
126
125
125
125
125
125
126
126
126
125
125
125
125
126
125
125
125
126
126
125
125
125
126
126
125
126
125
125
125
125
125
126
125
126
125
126
126
126
126
125
125
125
126
126
126
125
125
125
126
126
126
125
126
126
126
126
126
125
125
125
125
125
125
125
125
125
125
125
125
125
125
125
125
125
125
125
125
125
125
125
125
125
125
125
125
125
126
125
125
126
125
125
125
125
125
125
125
125
125
125
125
125
125
125
125
125
125
125
125
125
125
125
125
125
125
125
125
125
125
125
125
125
125
125
125
125
125
125
125
125
124
125
125
125
125
126
125
125
125
125
125
125
125
125
125
125
125
125
125
125
125
125
125
125
125
125
125
125
125
125
125
125
125
125
125
125
125
125
125
125
125
125
125
125
125
125
125
125
125
125
125
125
125
125
125
125
125
125
125
125
125
125
125
125
125
125
125
125
125
125
125
125
125
125
125
125
123
123
125
134
142
131
104
100
133
147
117
104
129
145
139
121
101
119
149
124
99
144
164
111
75
82
162
239
167
6
58
237
175
31
88
214
197
58
1
129
255
199
19
20
135
180
159
201
177
16
24
186
255
106
20
101
138
105
192
248
86
21
79
211
208
129
68
59
136
204
133
31
87
188
172
100
96
129
139
140
129
104
98
119
143
146
125
99
98
125
145
140
128
130
135
123
108
111
129
140
134
120
115
124
131
126
118
118
129
136
130
121
123
130
127
121
120
124
125
125
125
129
134
133
123
113
116
127
135
135
131
126
122
119
120
124
127
128
127
126
125
125
126
127
126
124
124
125
126
128
130
129
126
122
120
122
126
128
128
126
126
126
126
126
125
125
125
125
124
124
125
126
127
126
126
126
126
127
128
127
126
124
122
123
124
125
127
127
127
125
125
125
125
126
126
126
126
126
125
124
124
124
125
125
126
127
128
127
126
125
124
124
125
125
125
125
123
125
126
126
126
126
127
127
126
126
126
126
125
124
124
125
125
125
125
126
126
126
126
126
126
126
126
126
125
125
125
125
125
125
125
125
125
125
125
125
126
126
126
126
126
125
125
125
125
125
125
125
126
126
126
125
125
125
125
125
125
125
125
125
125
125
125
126
126
126
126
126
126
126
125
125
125
125
125
125
125
125
125
125
125
125
125
125
125
125
126
126
126
125
125
126
126
125
125
125
125
125
125
125
125
125
125
125
126
125
125
125
125
125
126
125
125
126
126
125
125
125
125
125
125
125
125
125
125
125
125
126
126
125
125
125
126
125
125
125
125
125
125
125
125
125
125
125
125
126
125
125
125
125
125
125
126
126
126
126
126
126
126
126
126
126
126
125
124
125
125
125
125
125
125
125
125
125
126
126
125
125
125
126
125
125
125
125
125
126
126
125
125
125
125
125
125
125
125
125
125
125
125
125
125
125
125
125
125
126
125
125
125
126
126
125
125
125
125
125
126
125
126
127
125
126
126
125
124
125
125
125
125
125
125
125
125
125
125
125
126
126
126
126
125
125
125
126
125
125
125
125
125
126
125
125
126
126
126
126
125
125
126
125
125
125
126
125
125
125
125
125
125
125
125
125
125
125
125
125
125
125
125
125
125
126
126
126
125
125
125
125
124
123
124
125
126
126
126
126
126
126
125
125
125
125
125
125
126
125
125
124
125
125
125
125
125
129
120
124
124
126
125
126
126
126
126
125
125
125
125
126
126
127
127
126
126
126
126
126
125
125
125
125
125
126
126
126
126
126
127
126
126
126
126
126
126
126
126
125
125
125
126
125
126
125
126
126
126
126
126
126
126
126
126
126
126
125
125
125
126
126
126
125
123
123
125
126
125
126
126
126
127
127
126
126
126
126
125
125
125
125
125
125
126
126
126
125
126
126
125
126
125
125
125
125
125
125
125
126
126
125
125
125
125
125
125
125
125
125
126
126
126
126
125
125
125
125
125
125
125
126
125
125
125
125
125
125
125
126
125
125
125
125
126
126
126
126
126
126
126
126
126
126
126
126
126
125
126
126
126
125
125
125
126
126
125
125
125
125
126
125
126
125
125
126
125
126
126
126
126
126
125
125
126
125
126
126
126
126
126
126
126
125
125
126
125
126
126
126
125
125
126
126
126
130
127
126
125
125
124
124
124
124
125
125
126
125
125
126
126
126
127
129
126
125
126
124
125
124
124
124
125
126
125
125
125
125
125
125
125
125
125
124
125
125
125
125
125
124
125
126
126
126
126
127
126
126
126
126
125
125
125
125
125
125
126
126
126
126
126
125
121
124
125
125
126
127
126
126
126
126
125
126
125
126
126
126
125
125
125
125
125
125
125
126
125
125
125
125
125
125
126
125
126
126
125
126
126
126
125
125
126
126
125
126
125
125
125
125
125
125
126
125
125
125
126
126
126
126
126
125
125
125
125
125
125
125
124
130
126
124
123
123
124
124
126
126
127
127
126
126
126
124
126
125
125
125
124
125
125
125
125
125
125
125
125
126
126
125
124
126
127
126
124
125
126
126
126
125
125
125
127
127
126
123
122
126
127
125
125
125
126
128
128
125
124
124
126
127
127
125
122
124
127
126
125
125
126
126
127
126
125
123
126
126
125
126
124
124
125
127
128
125
124
125
126
125
125
124
125
125
125
126
126
125
125
126
126
125
124
124
126
126
125
124
126
127
126
124
125
126
127
126
124
124
126
125
125
125
124
125
124
126
126
126
125
126
126
126
126
126
125
125
125
124
123
124
126
126
125
125
125
126
125
126
125
125
125
126
126
125
125
125
126
126
125
125
125
126
125
125
125
125
125
125
125
124
125
125
126
127
126
126
125
125
125
125
126
125
124
124
125
125
125
127
125
124
124
126
126
125
125
125
126
127
126
124
124
126
126
124
123
125
127
127
126
124
126
127
126
125
123
124
127
127
124
124
124
125
126
127
127
125
124
125
125
124
124
124
126
125
124
124
127
126
126
125
124
126
126
125
125
125
125
125
125
126
125
125
125
125
130
128
125
124
124
124
124
124
124
125
125
125
124
124
125
124
125
125
127
126
126
126
126
126
125
126
125
125
126
125
124
124
125
125
126
123
126
125
125
125
126
125
126
126
126
126
125
125
124
125
125
125
124
125
125
125
125
125
125
125
125
126
125
124
56
126
126
126
126
126
126
126
126
126
125
126
126
126
126
126
125
126
126
126
126
126
126
125
125
125
125
125
125
125
125
125
125
125
125
125
125
126
125
125
125
125
126
125
125
125
125
125
126
125
126
126
126
125
125
125
125
125
126
125
125
125
125
125
125
125
125
125
125
125
126
125
125
125
125
125
125
126
125
125
125
125
125
125
125
125
125
126
125
125
125
126
125
125
125
125
125
125
125
125
125
125
125
125
125
125
125
125
125
125
125
125
125
125
126
125
126
125
125
125
125
126
125
125
125
125
126
126
125
125
125
125
125
125
125
125
125
125
125
125
125
125
125
125
125
125
125
125
125
125
125
125
125
125
125
125
125
125
125
125
125
125
125
125
125
125
125
125
125
125
125
126
125
125
125
125
125
125
125
125
125
125
125
126
126
126
126
125
125
125
125
125
125
125
125
125
125
125
125
125
125
126
125
125
125
125
125
125
125
125
125
125
125
125
125
125
125
125
125
126
126
125
125
125
125
125
125
125
125
125
125
125
125
125
125
125
125
125
125
125
125
125
125
125
125
125
125
125
125
125
125
125
125
125
125
125
125
125
125
125
125
125
125
125
125
125
125
125
125
125
125
125
125
125
125
125
125
125
125
125
125
125
125
125
125
125
125
125
125
125
125
125
125
125
125
125
125
125
125
125
125
125
125
125
125
125
125
125
125
125
125
125
125
125
125
125
125
125
125
125
125
125
125
125
125
125
125
125
125
125
125
125
125
125
125
125
125
125
125
125
125
125
125
125
125
125
125
125
125
125
125
125
125
125
125
