108
128
144
141
125
112
77
125
125
125
125
125
125
125
125
125
125
125
125
125
125
125
125
125
126
125
125
125
125
125
125
125
125
125
125
125
125
125
125
125
125
125
125
125
125
125
125
125
125
125
125
125
125
125
125
125
125
125
125
125
125
125
125
125
125
125
125
125
125
125
125
125
125
125
125
125
125
125
125
125
125
125
125
125
125
125
125
125
125
125
125
125
125
125
125
125
125
125
125
125
125
125
125
125
125
125
125
125
125
125
125
125
125
125
125
125
125
125
125
125
125
125
125
125
125
125
125
125
125
125
125
125
125
125
125
125
125
125
125
125
125
125
125
125
125
125
125
125
125
125
125
125
125
125
125
125
125
125
125
125
125
125
125
125
125
125
125
125
125
125
125
125
125
125
125
125
125
125
125
125
125
125
125
125
125
125
125
125
125
125
125
125
125
125
125
125
125
125
125
125
125
125
125
125
125
125
125
125
125
125
125
125
125
125
125
125
125
125
125
125
125
125
125
125
124
125
125
126
126
126
126
126
126
126
125
126
125
125
125
126
125
125
126
126
125
125
125
125
126
125
125
125
125
126
126
125
125
125
125
125
125
125
126
126
125
126
126
126
126
125
126
125
125
125
125
125
125
125
126
125
125
125
125
125
125
125
126
126
125
126
125
125
125
125
126
125
125
125
125
125
125
125
125
126
125
125
125
126
125
125
125
125
125
125
125
125
126
125
126
126
125
125
126
125
125
126
126
125
125
125
126
125
125
126
125
125
126
126
126
125
125
125
125
125
125
125
125
125
125
126
125
126
126
126
125
126
125
125
125
125
125
125
125
126
126
125
126
125
126
126
125
125
125
125
125
125
125
126
125
125
125
125
125
126
126
125
126
125
125
125
126
125
125
125
125
125
125
125
125
125
126
126
126
125
126
125
126
125
125
125
125
125
125
125
125
125
125
125
125
126
125
125
126
126
126
126
125
125
125
125
125
125
125
125
125
125
126
126
126
125
125
126
125
125
125
125
126
126
125
125
125
125
125
125
125
125
125
125
125
125
125
125
125
125
125
125
125
125
125
125
125
125
125
125
125
125
125
125
125
125
125
125
125
125
125
125
125
125
126
124
125
125
125
125
126
126
126
125
126
125
125
125
125
125
125
125
125
125
125
126
125
126
125
125
125
125
125
125
125
125
125
125
125
125
125
125
125
125
125
125
125
125
125
125
125
125
125
125
125
125
125
125
125
125
126
125
125
125
125
125
125
125
125
125
125
124
125
125
125
125
125
125
125
125
125
125
125
125
126
126
125
125
125
125
125
125
125
125
125
125
125
125
125
125
125
125
125
125
125
125
125
126
127
127
127
127
125
121
121
129
133
124
112
109
123
145
143
116
112
144
150
118
75
70
167
246
147
9
72
218
183
73
81
137
145
146
122
107
122
140
121
99
128
164
149
113
81
71
128
195
180
97
55
116
179
143
92
119
148
129
89
95
142
196
203
92
36
35
255
255
118
73
32
232
255
95
21
108
170
130
124
161
127
75
101
141
138
137
134
106
98
125
140
123
121
138
135
114
106
118
130
137
139
128
113
111
125
136
129
115
116
131
136
127
123
130
129
115
106
115
133
146
144
123
105
115
138
134
105
97
137
176
157
99
70
94
145
175
152
111
103
119
126
131
140
124
102
107
131
138
132
134
133
124
118
124
128
122
119
125
128
125
124
127
127
122
121
127
131
131
128
124
122
123
126
127
125
122
124
127
129
127
123
122
123
126
126
124
124
126
128
129
128
128
125
122
122
125
125
124
123
124
126
127
126
125
127
129
129
126
124
125
126
122
121
128
130
124
122
128
127
121
121
125
126
127
129
125
121
125
129
128
125
125
127
126
124
124
125
125
126
127
127
125
125
127
128
126
124
125
126
127
126
124
124
124
124
125
125
126
127
128
128
127
124
123
125
125
125
125
125
125
124
125
127
128
128
126
125
126
128
127
125
124
124
126
126
124
122
124
127
126
124
124
126
125
124
127
129
128
125
124
126
128
127
123
121
125
128
127
124
122
127
130
128
124
123
126
128
126
124
124
125
126
126
123
123
125
127
127
126
125
124
124
125
126
129
129
124
121
125
129
129
126
123
124
126
125
125
126
127
125
124
125
125
125
125
126
125
125
125
126
126
127
128
126
124
125
127
127
126
124
124
124
125
126
127
126
125
123
124
126
127
125
124
126
127
126
124
125
125
126
126
126
123
124
128
131
128
124
125
124
122
124
127
126
127
125
128
127
126
124
123
125
127
127
126
124
123
125
127
124
120
123
131
130
124
123
127
128
124
124
126
128
126
122
122
126
129
126
123
124
126
127
128
128
126
125
126
127
125
124
123
127
128
124
122
123
126
126
125
125
125
126
126
125
125
125
126
125
125
125
125
125
125
126
126
127
125
124
125
126
126
124
124
125
127
126
125
124
125
125
125
126
125
124
124
125
126
126
125
125
126
126
125
124
125
126
126
125
125
125
126
126
125
125
125
126
125
125
126
123
125
125
125
126
126
126
125
126
126
125
125
125
125
125
125
126
125
125
125
126
126
125
125
126
126
125
125
126
126
125
125
125
125
125
125
126
126
126
126
125
125
125
126
126
125
126
126
126
126
125
125
126
126
125
125
124
125
125
125
125
126
126
126
125
124
122
126
126
124
125
127
127
126
126
126
126
126
125
125
124
125
126
127
126
125
125
125
125
125
126
125
124
124
124
125
126
126
126
125
124
125
126
126
125
124
124
125
124
125
125
126
126
126
125
126
126
126
126
126
125
126
127
126
124
123
124
125
125
125
124
124
125
125
125
126
127
126
124
123
125
126
126
123
122
125
128
127
126
125
125
126
127
125
124
125
127
127
125
124
124
126
126
125
124
125
125
126
125
125
125
125
125
125
125
125
125
124
124
126
126
126
125
124
124
124
126
126
125
125
126
126
126
127
127
126
125
125
125
125
126
126
125
125
125
126
126
125
125
125
125
124
124
123
130
126
125
125
124
123
125
126
125
124
124
125
124
124
125
124
124
125
126
127
126
125
126
126
126
127
127
126
124
125
126
126
126
124
123
122
123
124
125
126
126
126
126
126
127
126
125
124
125
126
126
126
125
125
125
125
124
123
124
124
125
126
126
126
126
126
126
126
126
125
124
124
124
125
126
125
125
126
126
125
126
126
127
126
124
124
126
126
126
125
120
122
127
129
124
123
128
127
121
122
128
129
126
125
126
126
124
124
124
126
126
126
124
121
121
126
128
125
126
128
127
126
127
125
122
122
125
125
125
127
128
125
124
125
127
127
126
128
127
124
124
125
125
123
125
127
125
125
124
125
126
127
126
125
125
126
125
125
123
123
125
126
126
124
125
126
126
126
126
125
125
126
125
126
125
124
125
125
124
123
124
126
127
126
127
126
125
123
124
125
127
128
128
126
127
104
123
126
129
125
127
128
127
126
126
123
124
125
126
126
125
125
127
127
126
125
126
126
126
125
126
126
124
122
75
123
127
130
133
134
131
131
130
129
129
129
128
127
124
124
125
128
132
133
130
125
119
119
122
123
126
131
134
136
133
126
119
120
125
126
124
119
122
127
131
128
128
126
126
128
128
125
126
126
125
125
126
126
126
124
123
124
126
129
128
127
127
126
126
125
123
123
125
126
128
127
125
125
125
126
126
125
124
124
123
125
126
127
127
126
125
126
125
124
125
125
126
124
125
126
127
125
126
125
126
126
126
127
127
127
126
124
123
124
125
125
125
125
125
125
126
127
127
127
127
125
123
124
124
124
124
127
127
124
123
127
127
125
124
124
126
128
127
126
124
125
126
126
127
126
124
78
125
125
125
125
125
125
125
125
125
126
126
125
125
125
126
125
125
125
126
125
125
125
125
125
126
125
126
126
125
126
126
125
125
126
126
125
125
125
125
125
125
126
125
126
126
125
125
125
125
125
125
125
125
125
125
125
125
125
125
125
125
125
125
125
125
125
125
126
125
126
126
125
125
125
125
125
125
125
125
125
125
125
125
125
125
126
125
126
125
125
126
125
125
125
125
125
125
125
125
125
125
125
125
125
125
125
125
125
125
125
125
125
125
125
125
125
125
125
125
125
125
125
125
125
125
125
125
125
125
125
125
125
125
125
126
125
125
125
125
125
125
125
125
125
125
126
125
125
125
125
125
125
125
125
125
125
125
125
125
125
125
125
125
125
125
125
125
125
125
125
125
126
125
125
125
125
125
125
125
125
125
125
125
125
125
125
125
125
125
125
125
125
125
125
125
125
125
125
125
125
125
125
125
125
125
125
125
125
125
125
125
125
125
125
125
125
125
125
125
125
125
125
125
125
125
125
125
125
125
125
125
126
126
125
125
126
126
125
125
125
125
125
125
125
125
125
125
125
125
125
126
126
125
125
125
125
125
125
125
125
125
125
125
125
125
125
125
125
125
125
125
125
125
125
125
125
125
125
125
125
125
125
125
125
125
125
125
125
125
125
125
125
125
125
125
125
125
125
125
125
125
125
125
125
125
125
125
125
125
125
125
125
125
125
126
125
125
125
125
125
125
125
125
125
125
125
125
125
125
125
125
125
125
125
125
125
125
125
125
125
125
125
125
125
125
125
125
126
125
125
125
125
125
105
