126
126
126
126
125
124
65
126
126
125
125
125
125
125
125
125
125
125
125
125
125
125
125
125
125
125
125
125
125
125
125
125
125
125
125
125
125
125
125
125
125
125
125
125
125
125
125
125
125
125
125
125
125
125
125
125
125
125
125
125
125
125
125
125
125
125
125
125
125
125
125
125
125
125
125
125
125
125
125
125
125
125
125
125
125
125
125
125
125
125
125
125
125
125
125
125
125
125
125
125
125
125
125
125
125
125
125
125
125
125
125
125
125
125
125
125
125
125
125
125
125
125
125
125
125
125
125
125
125
125
125
125
125
125
125
125
125
125
125
125
125
125
125
125
125
125
125
125
125
125
125
125
125
125
125
125
125
125
125
125
125
125
125
125
125
125
125
125
125
125
125
125
125
125
125
125
125
125
125
125
125
125
125
125
125
125
125
125
125
125
125
125
125
125
125
125
125
125
125
125
125
125
125
125
125
125
125
125
125
125
125
125
125
125
125
125
125
125
125
125
125
125
125
125
125
125
125
125
125
125
125
125
125
125
125
125
125
125
125
125
125
125
125
125
125
125
125
125
125
125
125
125
125
125
125
125
125
125
125
125
125
125
125
125
125
125
125
125
125
125
125
125
125
125
125
125
125
125
125
125
125
125
125
125
125
125
125
125
125
125
125
125
125
125
125
125
125
125
125
125
125
125
125
125
125
125
125
125
125
125
125
125
125
125
125
125
125
125
125
125
125
125
125
125
125
125
125
125
125
125
125
125
125
125
125
125
125
125
125
125
125
125
125
125
125
125
125
125
125
125
125
125
125
125
125
125
125
125
125
125
125
125
125
125
125
125
125
125
125
125
125
125
125
125
125
125
125
125
125
125
125
125
125
125
125
125
125
125
125
125
125
125
125
125
125
125
125
125
125
125
125
125
125
125
125
125
125
125
125
125
125
125
125
125
125
125
125
125
125
125
125
125
125
125
125
125
125
125
125
125
125
125
125
125
125
125
125
125
125
125
125
125
125
125
125
125
125
125
125
125
125
125
125
125
125
125
125
125
125
125
125
125
125
125
125
125
125
125
125
125
125
125
125
125
125
125
125
125
125
125
125
125
125
125
125
125
125
125
125
125
125
125
125
125
125
125
125
125
125
125
125
125
125
125
125
125
125
125
125
125
125
125
125
125
125
125
125
125
125
125
125
125
125
125
125
125
125
125
125
125
125
125
125
125
125
125
125
125
125
125
125
125
125
125
125
125
125
125
125
125
125
125
125
125
125
125
125
125
125
125
125
125
125
125
125
125
125
125
125
125
125
125
125
125
125
125
125
125
125
125
125
125
125
125
125
125
125
125
126
126
125
125
125
125
124
125
125
125
125
125
125
125
125
125
126
126
125
125
125
125
125
125
125
125
125
125
125
125
125
125
125
125
125
125
125
125
125
125
125
125
125
125
125
125
125
125
125
126
126
125
126
126
125
125
125
125
125
124
125
125
125
125
125
125
125
125
125
125
125
125
125
126
126
125
125
125
125
125
125
125
125
125
125
125
125
125
125
125
125
125
125
125
125
125
124
124
126
128
128
125
122
122
130
130
118
115
124
137
125
131
135
120
96
96
133
176
172
130
97
86
93
110
132
158
166
133
95
101
132
147
138
119
104
104
119
139
153
146
120
96
105
131
143
140
128
110
103
122
148
154
139
113
75
67
129
201
174
88
84
156
175
123
85
92
119
137
136
124
126
140
136
120
116
120
121
124
129
128
122
119
121
127
134
135
128
120
117
120
126
128
129
129
129
125
120
119
123
126
125
124
125
126
129
129
126
123
122
123
124
126
127
125
123
122
125
128
129
128
126
122
122
123
125
126
126
126
125
126
126
125
123
124
126
126
125
124
124
126
126
125
125
125
127
126
124
125
125
125
124
125
125
125
124
124
125
126
129
129
126
124
124
124
125
124
123
121
120
124
130
132
128
123
123
128
131
127
121
120
124
126
125
124
125
124
126
131
129
121
119
123
125
126
128
126
123
124
126
125
126
126
123
124
128
128
122
120
126
129
127
123
123
123
126
130
128
123
121
124
125
124
122
123
125
127
127
126
124
125
128
127
124
123
124
125
126
125
125
125
126
125
124
125
125
124
124
125
125
124
125
126
126
124
124
125
125
125
124
125
126
126
125
126
127
126
124
123
124
124
123
123
126
131
131
126
120
121
125
127
125
123
123
124
127
128
126
124
124
125
126
126
124
123
123
125
126
126
126
125
125
126
126
125
125
125
125
124
124
125
126
126
125
125
125
125
125
125
125
125
125
124
125
126
127
126
125
124
124
125
125
125
125
125
125
126
126
124
123
124
126
126
127
126
125
125
125
125
125
124
124
125
125
123
124
125
125
123
122
124
127
128
128
127
127
126
124
123
123
124
124
125
127
127
126
125
124
123
124
125
126
126
126
126
126
124
124
123
124
126
127
125
125
126
126
125
122
122
124
126
128
126
124
124
125
127
127
124
123
124
126
126
125
123
124
126
127
126
123
122
124
127
126
124
124
125
125
124
125
127
127
124
123
125
126
125
124
123
124
128
130
127
123
122
124
126
126
125
124
124
124
124
126
125
124
125
129
129
126
123
123
124
125
126
126
125
124
124
126
127
125
123
124
126
127
125
123
122
124
127
128
127
125
124
124
124
125
125
125
124
125
127
127
126
125
125
125
125
125
125
124
124
125
125
124
124
126
127
125
124
126
127
125
123
125
127
124
122
125
127
124
122
125
127
125
123
128
129
122
118
126
134
128
118
121
127
126
122
123
126
129
130
126
119
118
125
131
130
125
119
118
123
132
133
128
123
121
121
124
125
127
126
125
126
126
125
125
126
125
124
125
125
125
125
125
124
125
124
124
125
126
126
126
124
123
124
125
125
126
126
126
126
126
124
123
125
127
125
124
124
125
125
125
124
123
123
127
126
125
126
127
125
124
124
123
126
128
125
123
124
125
126
127
127
123
123
126
124
124
124
125
126
127
126
124
124
125
125
125
125
125
125
125
124
125
127
127
125
124
124
124
124
125
126
126
124
123
126
127
128
126
125
123
123
124
125
126
126
124
123
123
125
126
126
127
126
125
124
125
125
126
125
125
125
125
125
125
124
124
124
124
125
125
125
125
126
126
126
125
125
125
125
125
125
125
125
125
125
125
125
124
125
125
126
126
125
124
124
124
124
124
125
126
126
125
125
125
125
125
125
126
125
125
125
125
125
126
124
125
126
125
124
124
125
126
126
126
141
83
129
122
128
127
128
127
127
126
127
126
125
125
126
126
126
125
125
125
125
126
127
126
125
125
124
125
126
126
126
126
126
127
126
125
124
123
125
126
125
126
125
125
127
127
127
129
125
125
124
124
125
125
125
125
125
126
126
129
129
125
124
126
125
123
125
124
125
125
125
125
126
126
125
124
125
126
125
125
125
125
126
126
125
126
126
126
126
126
126
126
125
125
125
126
127
126
125
124
125
126
126
126
126
124
125
126
126
126
127
126
126
125
125
125
126
124
124
124
126
127
125
123
123
125
127
127
125
124
124
126
126
125
125
126
127
127
125
123
124
125
127
126
124
124
126
126
125
125
124
126
127
127
127
126
125
125
125
125
125
124
125
125
125
125
124
125
125
125
125
125
125
125
125
126
127
127
126
124
123
123
124
125
125
124
125
126
127
127
126
126
126
126
125
125
124
123
123
124
125
125
123
125
125
125
127
144
132
109
129
125
125
127
126
126
125
125
124
124
124
125
125
125
125
124
126
126
125
125
124
126
116
74
126
123
131
129
133
132
132
132
130
128
127
126
127
128
128
127
126
125
125
126
127
128
127
126
126
128
127
66
125
125
126
126
125
125
125
125
126
125
125
125
125
125
125
125
125
125
125
125
125
126
125
126
125
125
125
126
125
126
125
126
125
125
125
125
125
126
126
125
126
125
125
125
125
125
125
125
125
125
125
125
125
125
125
125
126
125
126
126
125
125
125
126
125
125
125
125
126
125
125
125
125
125
125
126
125
125
125
125
126
125
125
125
126
125
125
125
125
125
125
125
125
126
125
125
125
125
126
125
125
125
125
126
125
125
125
125
125
125
125
125
125
125
125
125
125
125
125
125
125
125
125
125
125
125
125
125
125
125
125
125
125
125
125
125
125
125
126
125
125
125
125
125
125
125
125
125
125
125
125
125
125
125
125
125
125
125
125
126
125
125
125
125
125
125
125
125
125
125
125
125
125
125
125
125
125
125
125
125
125
125
125
125
125
125
125
125
125
125
125
125
125
125
125
125
125
125
125
125
125
125
125
125
125
125
125
125
125
125
125
125
125
125
125
126
124
125
125
125
126
126
126
125
126
126
125
126
126
126
126
125
126
125
125
125
126
126
125
125
126
126
125
126
125
126
126
126
126
126
126
126
126
126
126
126
126
126
126
126
126
126
126
126
126
126
126
125
126
126
126
126
126
126
126
126
126
126
125
126
126
125
125
125
125
125
125
126
126
126
125
125
125
125
125
126
125
125
125
125
125
125
125
125
125
125
125
125
125
125
125
125
125
125
125
125
125
125
125
125
125
125
125
125
125
125
125
125
125
125
125
125
125
126
125
125
125
125
125
125
125
125
126
125
125
125
125
125
125
125
126
125
125
125
