126
125
125
126
126
125
76
125
125
125
125
125
125
125
126
125
126
126
125
125
126
126
125
125
125
126
125
125
126
125
126
125
125
125
125
125
125
126
126
125
125
126
125
125
125
125
125
126
125
126
125
125
125
126
126
126
125
125
125
125
125
125
125
125
125
125
125
125
125
125
125
126
125
125
125
126
125
125
126
126
126
125
125
125
125
125
126
125
126
126
125
126
126
126
125
125
125
125
125
125
125
125
125
125
125
125
125
125
125
125
125
125
125
125
125
125
125
125
125
125
125
125
125
125
125
125
125
125
125
125
125
125
125
125
125
125
125
125
125
125
125
125
125
125
125
125
125
125
125
125
125
125
125
125
125
125
125
125
125
125
125
125
125
125
125
125
125
125
125
125
125
125
125
125
125
125
125
125
125
125
125
125
125
125
125
125
125
125
125
125
125
125
125
125
125
125
125
125
125
125
125
125
126
124
125
126
125
126
126
126
126
126
126
126
126
126
125
125
126
125
126
126
126
126
125
126
126
126
126
126
126
126
125
126
126
126
126
126
126
126
125
126
126
126
125
126
125
126
126
126
126
126
126
125
126
126
126
126
126
126
126
126
126
126
126
126
126
126
126
125
125
126
125
125
126
126
126
125
126
126
125
126
125
125
125
125
125
125
125
126
125
125
125
125
125
125
125
125
125
125
125
125
125
125
125
125
125
125
125
125
125
125
125
125
125
125
125
125
125
125
125
125
125
125
125
125
126
126
126
125
125
125
125
125
125
125
125
125
125
125
125
125
125
125
125
125
125
125
125
125
125
126
125
125
125
125
125
125
125
125
125
125
126
125
125
125
125
125
125
125
125
125
125
125
125
125
125
125
125
125
125
125
125
126
125
125
125
126
126
125
125
125
125
125
125
125
125
125
126
125
125
125
125
125
125
125
125
125
125
125
125
125
125
125
125
125
125
126
126
125
125
125
125
125
125
125
125
125
125
125
125
125
125
125
125
125
125
125
125
125
125
125
125
125
125
125
125
125
125
125
125
125
125
125
125
125
125
125
125
125
125
125
125
125
125
125
125
125
125
125
125
125
125
125
125
125
125
125
125
125
125
125
125
125
125
125
125
125
125
125
125
125
125
125
125
125
125
125
125
125
125
125
125
125
125
125
125
125
125
125
125
125
125
125
125
125
125
125
125
125
125
125
125
125
125
125
125
125
125
125
125
125
125
125
125
125
125
125
125
125
125
125
125
126
124
125
126
126
126
126
126
126
126
126
125
125
126
125
125
125
126
126
126
126
125
125
126
125
126
126
125
125
126
126
126
126
125
126
126
125
125
125
125
125
125
125
125
126
126
126
126
126
127
126
125
125
126
125
125
125
124
124
124
125
127
129
129
127
126
126
121
120
124
131
134
129
122
122
124
124
121
121
126
131
131
125
122
121
127
138
130
112
112
143
141
118
105
110
127
146
144
122
114
122
117
120
145
145
114
95
106
133
163
180
142
50
25
134
253
210
56
18
121
197
158
95
95
128
141
137
130
124
115
117
126
132
131
126
121
121
122
120
121
132
141
133
116
109
118
128
131
133
136
129
112
110
130
141
128
113
116
129
132
126
134
148
131
83
61
109
199
237
138
19
13
239
255
113
168
29
255
255
1
213
100
255
167
158
187
44
15
152
255
149
31
56
130
152
140
130
119
108
125
154
140
90
81
128
163
143
101
91
124
154
137
99
99
137
158
137
112
111
122
129
128
124
121
120
123
131
134
126
117
120
128
129
121
119
125
131
132
128
124
124
127
129
127
122
119
118
118
124
134
140
133
116
110
125
145
145
127
110
103
112
137
149
135
122
122
118
109
123
140
129
117
122
129
130
131
127
124
127
130
123
116
120
129
133
130
125
122
122
124
126
129
128
125
122
124
128
128
126
123
121
122
125
127
127
126
127
128
128
126
123
121
121
124
126
126
127
128
127
125
124
126
128
126
124
125
127
129
126
126
127
125
121
120
124
129
128
121
120
126
127
124
124
128
129
124
124
130
131
124
122
125
127
125
125
127
125
124
126
127
127
124
127
127
126
124
123
124
126
130
130
126
122
120
121
126
130
130
126
126
127
127
123
121
124
129
129
129
127
126
126
125
121
119
122
127
129
126
124
121
121
127
135
133
122
117
123
131
131
127
125
124
124
125
126
125
126
128
129
125
122
122
123
126
128
127
124
122
124
126
126
125
125
125
123
119
122
130
137
133
125
122
121
122
126
129
126
125
127
125
123
124
124
122
125
128
127
126
129
128
125
128
128
121
117
122
125
126
129
133
132
126
122
120
123
126
127
128
128
126
123
124
126
124
124
129
127
123
124
128
129
128
125
121
122
130
131
123
121
125
126
125
126
127
125
124
126
127
127
127
127
125
123
125
126
125
125
128
128
124
123
126
128
126
125
125
125
124
121
123
127
129
127
124
124
127
128
127
125
125
126
126
125
128
125
123
122
124
126
128
127
126
125
124
125
126
125
124
123
126
127
126
125
125
125
124
125
127
126
125
125
126
125
124
125
126
128
127
125
124
124
125
127
128
129
125
124
124
124
126
127
125
123
123
124
126
127
125
123
123
125
126
126
126
126
126
127
127
125
124
125
126
126
125
124
124
125
127
127
125
124
125
126
125
124
125
125
125
126
125
125
125
125
126
125
126
126
125
126
126
125
125
125
124
124
125
125
125
125
125
125
125
126
126
132
122
123
126
126
125
126
126
126
126
125
125
125
125
125
126
126
126
125
125
125
125
125
125
125
126
126
126
126
126
126
126
126
126
126
126
126
126
126
126
125
125
125
126
126
126
125
125
125
126
126
127
126
125
125
125
126
126
125
125
126
125
126
127
127
126
125
121
127
126
125
124
126
126
143
126
119
116
120
124
125
127
129
129
129
127
126
126
125
125
124
124
125
125
125
125
125
126
126
126
125
125
126
126
126
126
125
125
125
125
126
126
125
126
127
126
125
125
125
125
126
126
125
125
124
124
125
125
125
125
126
126
125
125
126
126
126
125
125
126
127
126
124
124
125
126
125
125
124
125
126
126
126
126
125
126
126
125
125
126
127
126
125
125
125
126
126
126
126
125
125
126
126
126
125
125
124
125
126
126
126
124
124
125
126
125
125
125
125
126
125
125
125
125
126
126
126
126
126
126
126
126
125
125
126
126
126
127
126
125
125
126
126
126
126
129
129
125
122
123
124
125
125
124
125
127
126
124
125
126
125
125
126
127
126
125
125
125
126
125
127
126
123
124
127
126
125
125
126
125
125
126
125
123
124
125
125
126
127
127
126
123
124
127
127
126
124
124
125
126
126
126
124
123
124
126
126
125
125
126
126
126
126
126
126
126
125
125
124
124
125
125
136
128
81
134
123
128
129
130
128
127
126
125
127
126
125
124
126
125
126
126
126
126
126
127
126
126
127
126
127
128
127
127
127
126
126
125
127
126
101
122
125
126
130
130
130
130
129
127
126
126
126
126
126
126
126
126
126
126
128
127
126
126
126
126
125
124
126
122
122
127
126
125
127
129
128
128
127
128
129
127
125
124
124
125
126
126
126
125
126
128
126
125
125
125
124
123
124
126
126
126
126
126
126
125
126
126
125
125
125
125
125
126
125
125
126
125
125
126
125
125
125
126
126
126
126
126
125
125
124
125
126
126
125
126
125
126
126
125
125
125
125
126
125
126
126
125
125
126
126
125
126
125
126
126
127
127
126
126
125
125
126
127
126
126
125
127
127
126
124
123
124
126
125
125
126
126
125
127
127
126
125
124
126
126
126
126
125
126
127
126
126
125
125
126
125
125
125
124
124
126
126
127
127
126
126
126
125
77
125
125
125
125
125
125
125
125
125
125
125
125
125
125
125
125
125
125
125
125
125
125
125
125
126
125
125
125
125
125
125
125
125
125
125
125
125
125
125
125
125
125
125
125
125
125
125
125
125
125
125
125
125
125
125
125
125
125
125
125
125
125
125
125
125
125
125
125
125
125
125
125
125
125
125
125
125
125
125
125
125
125
125
125
125
125
125
125
125
125
125
125
125
125
125
125
125
125
125
125
125
125
125
125
125
125
125
125
125
125
125
125
125
125
125
125
125
125
125
125
125
125
125
125
125
125
125
125
125
125
125
125
125
125
125
125
125
125
125
125
125
125
125
125
125
125
125
125
125
125
125
125
125
125
125
125
125
125
125
125
125
125
125
125
125
125
125
125
125
125
125
125
125
125
125
125
125
125
125
125
125
125
125
125
125
125
125
125
125
125
125
125
125
125
125
125
125
125
125
125
125
125
125
125
125
125
125
125
125
125
125
125
125
125
125
125
125
125
125
125
125
125
125
125
125
125
125
125
125
125
125
125
125
125
125
125
126
126
125
125
125
125
125
125
125
125
125
125
125
125
125
125
125
125
125
125
125
125
125
125
125
125
125
125
125
125
125
125
125
125
125
125
125
125
125
125
125
125
125
125
125
125
125
125
125
125
125
125
125
125
125
125
125
125
125
125
125
125
125
125
125
125
125
125
125
125
125
125
125
125
125
125
125
125
125
125
125
125
125
125
125
125
125
125
125
125
125
125
125
125
125
125
125
125
125
125
125
125
125
125
125
125
125
125
125
125
125
125
125
125
125
125
125
125
