122
128
128
122
118
121
74
126
126
126
126
126
126
126
126
126
126
126
126
126
126
126
126
125
126
126
126
126
125
126
125
126
126
126
126
126
126
126
125
126
125
125
125
125
125
125
126
126
126
126
126
126
126
125
125
126
125
126
126
125
125
126
126
125
125
126
125
126
125
126
125
126
125
126
125
125
125
126
125
126
126
126
125
126
126
126
126
125
125
125
125
125
125
126
126
126
126
125
126
125
126
126
126
126
126
125
125
125
126
125
126
125
126
125
126
126
126
126
125
126
126
126
126
126
125
126
126
126
126
126
126
126
126
125
125
125
126
125
125
126
126
126
126
126
126
126
125
126
125
125
125
125
126
125
125
125
125
126
125
125
125
126
126
126
125
125
126
125
126
126
126
125
126
126
125
126
125
125
126
126
126
126
125
126
126
126
126
126
125
125
126
125
125
125
125
125
125
125
125
125
125
125
125
125
125
125
125
125
125
125
125
125
125
125
125
125
125
125
125
125
125
125
125
125
126
126
125
125
126
125
126
125
125
125
125
125
125
125
125
125
125
125
126
125
125
125
125
125
125
125
125
125
125
125
125
125
125
125
125
125
125
125
125
125
125
125
125
125
125
125
125
125
125
125
125
125
125
125
125
125
125
125
125
125
125
125
125
125
125
125
125
125
125
125
125
125
125
125
125
125
125
125
125
125
125
125
125
125
125
125
125
125
125
125
125
125
125
125
125
125
125
125
125
125
125
125
125
125
125
125
125
125
125
125
126
124
125
125
126
125
126
126
126
126
125
125
125
125
125
125
125
125
126
126
125
125
125
125
125
125
126
125
126
125
126
125
126
125
125
125
125
125
125
125
126
126
126
126
126
126
126
126
126
126
125
126
125
126
126
125
125
126
126
126
126
126
126
126
126
126
125
125
125
125
126
126
126
126
126
126
125
125
125
126
125
126
125
126
125
125
125
126
125
125
125
125
125
125
125
125
125
125
126
125
126
125
125
125
125
125
126
125
125
126
126
125
125
125
125
125
125
125
125
125
126
125
126
125
126
126
126
125
125
125
125
126
126
126
125
125
125
126
126
125
126
125
125
126
125
125
126
125
125
125
125
125
125
125
125
126
126
126
126
126
126
126
126
125
125
125
125
125
125
125
125
126
126
126
126
126
125
125
125
125
126
125
125
126
125
126
125
126
126
126
125
126
126
125
125
125
126
126
125
125
125
125
125
126
125
126
125
126
125
125
126
126
126
126
125
126
126
126
125
125
125
125
125
125
125
125
125
125
125
125
125
125
126
125
125
126
125
125
125
125
125
125
125
125
125
125
126
126
125
125
125
125
125
126
126
126
125
126
125
125
126
126
125
125
125
125
124
124
125
125
125
126
126
125
125
125
132
125
124
124
124
126
125
125
125
125
126
126
125
124
124
125
126
126
127
127
125
124
125
126
126
124
123
124
126
127
127
125
124
125
127
127
124
123
124
126
128
126
125
127
127
124
121
123
126
126
124
123
125
128
127
123
121
125
130
131
126
122
122
125
127
128
127
124
122
123
125
127
126
126
126
125
125
125
125
124
124
125
127
128
127
125
124
124
125
126
125
123
122
126
137
141
125
99
95
125
155
151
124
108
110
125
141
139
109
91
119
164
169
128
79
90
134
150
138
127
123
124
122
121
124
128
122
109
121
149
141
107
104
138
153
132
108
101
120
153
151
113
95
114
137
143
130
116
118
132
136
129
123
122
122
123
125
124
123
127
131
129
125
124
126
126
123
120
122
131
134
114
114
162
156
84
57
123
232
221
54
104
96
255
242
90
5
233
255
80
9
176
255
24
241
231
255
149
179
66
255
170
34
98
164
140
92
84
133
189
145
61
95
155
128
90
110
142
144
124
118
132
130
101
100
134
150
129
110
115
132
136
124
110
112
127
138
140
132
121
117
121
122
121
122
126
126
123
121
122
125
141
161
140
80
72
138
172
144
105
100
138
166
128
83
107
152
154
127
105
101
112
133
147
132
117
130
133
110
105
142
161
119
91
119
143
135
129
139
134
105
89
112
151
166
143
109
103
122
135
128
116
115
122
127
130
132
133
134
130
115
101
116
154
159
112
79
107
154
161
134
116
114
116
120
129
138
139
132
112
94
108
146
154
122
101
113
132
141
141
125
110
113
132
141
134
124
118
117
127
140
134
116
112
122
128
129
131
130
124
119
118
125
132
129
122
120
123
121
118
124
135
136
129
124
118
117
130
140
133
120
118
119
121
126
129
125
124
127
127
125
125
127
126
123
125
130
128
122
120
122
125
126
127
129
129
125
123
125
124
121
125
131
127
121
122
126
127
129
125
123
126
129
126
124
125
125
123
121
122
124
127
129
127
124
123
126
130
130
126
122
122
128
128
122
121
127
128
123
122
127
125
124
130
131
128
126
127
129
127
121
119
122
126
126
126
126
127
128
128
126
125
126
128
127
124
122
124
124
124
125
127
128
128
126
123
122
126
126
125
124
126
128
128
126
123
122
123
127
130
128
124
123
125
126
128
128
124
123
126
128
126
122
123
124
126
128
128
125
123
124
126
127
126
124
125
126
125
124
123
124
124
124
127
128
127
125
125
127
127
127
126
124
124
125
126
127
128
127
125
125
126
126
124
124
124
125
125
124
122
124
125
125
126
127
125
126
128
128
128
127
127
126
124
123
124
124
125
125
128
127
126
124
125
127
126
125
126
127
126
124
124
123
124
125
127
127
125
126
128
125
121
122
118
116
122
126
136
129
125
136
133
120
122
127
122
114
121
140
137
114
114
131
136
125
124
128
110
105
133
153
135
111
116
131
134
123
119
125
120
117
130
139
129
115
117
129
129
119
121
134
133
120
122
132
132
124
118
119
125
130
128
122
123
129
134
125
112
115
132
140
127
113
120
136
139
126
113
113
124
132
131
127
123
124
123
123
135
134
119
113
120
127
130
126
117
123
140
142
125
112
114
127
135
123
112
119
130
132
134
133
124
119
122
121
125
138
136
118
109
114
124
132
136
132
121
113
124
142
133
120
115
120
125
128
132
133
122
111
120
131
129
125
126
126
129
131
127
119
114
121
137
137
118
114
127
144
135
116
114
125
130
122
112
120
136
134
121
117
125
132
131
122
118
127
132
122
116
122
130
129
126
130
131
122
113
122
140
134
114
114
126
132
128
125
126
131
135
125
108
109
129
142
136
123
118
120
124
128
125
123
129
133
123
114
123
134
132
126
126
123
125
130
122
114
127
141
131
114
116
130
134
121
112
122
137
135
123
118
121
130
137
128
109
109
127
136
132
125
123
128
135
127
113
115
126
130
129
128
122
119
127
134
125
123
99
125
129
134
127
120
122
134
139
130
117
112
120
133
136
131
124
121
124
125
114
114
139
154
131
103
111
136
141
124
112
120
130
123
115
125
133
100
132
111
118
134
139
129
125
131
124
115
130
151
143
117
107
117
128
129
127
128
132
129
121
121
129
132
129
124
120
123
121
118
123
133
137
131
126
129
130
121
115
123
136
137
125
116
122
130
129
123
124
127
125
121
122
131
133
124
118
125
130
125
122
124
126
128
128
127
126
125
120
116
125
136
130
119
117
124
132
134
132
124
120
124
130
126
116
116
123
130
133
126
119
123
136
134
117
114
127
133
126
121
125
131
131
122
114
121
133
135
127
123
122
121
124
130
132
128
124
121
120
124
130
129
124
126
130
127
122
121
120
119
126
138
136
120
113
124
134
131
118
117
128
132
128
125
128
129
126
116
117
127
134
128
118
120
125
126
128
131
127
128
124
124
126
127
126
122
119
123
128
130
129
129
130
127
128
128
128
128
126
113
111
73
125
125
125
125
126
125
125
125
126
125
126
125
125
125
125
125
125
125
125
125
125
125
125
125
125
125
125
125
125
125
125
125
125
125
125
125
125
125
125
125
125
125
125
125
125
125
125
125
125
125
125
125
125
125
125
125
125
125
125
125
125
125
125
125
125
125
125
125
125
125
125
125
125
126
126
125
125
125
125
125
125
125
125
126
125
125
125
125
125
125
125
125
125
125
125
125
125
125
125
125
125
125
125
126
126
125
125
125
125
125
125
125
125
125
125
125
125
125
125
125
125
125
125
125
125
125
125
125
125
125
125
125
125
125
125
125
125
125
125
125
125
125
125
125
125
125
125
125
125
125
125
125
125
125
125
125
125
125
125
125
125
125
125
125
125
125
125
125
125
125
125
125
125
125
125
125
125
125
125
125
125
125
125
125
125
125
125
125
125
125
125
125
125
125
125
125
125
125
125
125
125
125
125
125
125
125
125
125
125
125
125
125
125
125
125
125
125
125
125
125
125
125
125
125
125
125
125
125
125
125
125
125
125
125
125
125
125
125
125
125
125
125
125
125
125
125
125
125
125
125
125
125
125
125
125
125
125
125
125
125
125
125
125
125
125
125
125
125
125
125
125
125
125
125
125
125
125
125
125
125
125
125
125
125
125
125
125
125
125
125
125
125
125
125
125
125
125
125
125
125
125
125
125
125
125
125
125
125
125
125
125
125
125
125
125
125
125
125
125
125
125
125
125
125
126
124
125
125
125
125
126
125
125
125
125
125
125
125
125
125
125
125
125
125
125
125
125
124
125
125
125
126
126
119
