136
127
118
117
123
128
97
125
125
125
125
125
125
125
125
125
125
125
125
125
125
125
125
125
125
125
125
125
125
125
125
125
125
125
125
125
125
125
125
125
125
125
125
125
125
125
125
125
125
125
125
125
125
125
125
125
125
125
125
125
125
125
125
125
125
125
125
125
125
125
125
125
125
125
125
125
125
125
125
125
125
125
125
125
125
125
125
125
125
125
125
125
125
125
125
125
125
125
125
125
125
125
125
125
125
125
125
125
125
125
125
125
125
125
125
125
125
125
125
125
125
125
125
125
125
125
125
125
125
125
125
125
125
125
125
125
125
125
125
126
125
125
125
125
125
125
125
125
125
125
125
125
125
125
125
125
125
125
125
125
125
125
125
125
125
125
125
125
125
125
125
125
125
125
125
125
125
125
125
125
125
125
125
125
126
124
125
125
125
125
126
126
126
126
126
126
126
126
126
126
125
126
125
125
125
125
125
126
126
125
125
126
126
126
125
126
126
125
125
125
125
126
125
126
126
125
125
125
126
126
126
125
125
125
125
126
126
126
125
125
125
126
125
126
125
126
126
125
126
126
126
126
125
125
125
125
125
126
126
126
126
126
125
125
125
125
125
125
125
125
125
125
125
126
125
125
125
125
125
125
125
125
125
125
125
125
125
125
125
125
125
125
125
125
125
125
125
125
125
125
125
125
125
125
125
125
125
125
125
125
125
125
125
125
125
125
125
126
125
125
125
125
125
125
125
125
125
125
125
125
125
125
125
125
125
125
125
125
125
125
125
125
125
125
125
125
125
125
125
125
126
125
125
126
125
125
125
125
126
125
125
125
125
125
125
125
126
126
125
125
125
125
125
125
125
125
125
125
125
125
125
125
125
125
125
125
125
125
125
125
125
125
125
125
125
125
125
126
125
125
125
125
126
126
125
125
125
125
125
125
125
125
125
125
125
125
125
125
125
125
125
125
125
125
125
125
125
125
125
125
125
125
125
125
125
125
125
125
125
125
125
125
125
125
125
125
125
125
125
125
125
125
125
125
125
125
125
125
125
125
125
125
125
125
125
125
125
125
125
125
125
125
125
125
125
125
125
125
125
125
125
125
125
125
125
125
125
125
125
125
125
125
125
125
125
125
125
125
125
125
125
125
125
125
125
125
125
125
125
125
125
125
125
125
125
125
125
125
125
125
125
125
125
125
125
125
125
125
125
125
125
125
125
125
126
125
125
125
125
125
125
125
125
125
125
125
125
125
125
125
125
125
125
125
125
125
125
125
125
125
125
125
125
125
125
125
125
125
125
125
125
125
125
125
125
125
125
125
125
125
125
125
125
125
125
125
125
125
125
125
125
125
125
125
125
125
125
125
125
125
125
125
125
125
125
125
125
125
125
125
125
125
125
125
125
125
125
125
125
125
125
125
125
125
125
125
125
125
125
125
125
125
125
125
125
125
125
125
125
125
125
125
125
125
125
125
125
125
125
125
125
125
125
125
125
125
125
125
125
126
126
124
125
126
125
126
126
126
126
126
126
125
125
125
126
126
126
126
126
126
126
126
126
125
126
125
125
125
126
126
126
126
126
126
126
126
126
126
126
126
126
126
126
126
126
125
126
126
126
126
126
126
126
126
126
126
125
126
126
126
126
126
126
126
126
126
126
125
124
125
125
126
126
126
126
126
126
126
126
126
125
126
126
126
126
126
126
126
126
125
125
126
126
125
125
125
125
125
126
126
125
125
126
125
125
125
125
125
125
126
125
125
125
125
125
125
125
126
125
125
126
126
126
125
126
125
126
126
126
126
125
125
125
126
126
126
126
126
126
125
125
126
126
125
125
126
126
125
125
126
126
125
125
125
126
125
125
126
125
126
126
126
126
125
126
126
126
125
125
126
126
125
126
125
126
126
126
125
125
126
126
125
126
125
126
126
125
126
125
126
126
125
125
126
125
125
125
125
125
125
126
126
126
126
126
125
125
126
126
126
126
125
126
126
126
126
125
127
126
125
125
125
125
125
125
125
125
125
125
125
125
125
125
125
125
125
126
125
125
126
125
125
125
125
125
125
128
126
126
125
125
125
125
125
125
125
125
125
125
125
125
125
125
125
125
125
125
125
125
125
125
125
125
125
125
125
125
125
125
125
125
126
126
125
125
125
125
125
125
125
125
125
125
125
125
125
125
125
125
125
126
125
125
125
125
125
125
125
125
125
125
126
125
125
126
125
125
125
126
125
125
125
125
125
125
125
125
125
125
126
126
125
125
125
125
125
125
126
125
125
125
125
125
125
125
125
125
125
125
125
125
126
126
125
125
125
126
125
125
125
125
125
125
126
125
125
125
125
126
125
125
125
125
125
126
126
126
125
125
125
125
125
125
125
125
125
125
125
125
125
125
125
125
125
125
125
125
125
125
125
125
126
128
124
124
126
125
125
126
126
126
125
125
125
125
125
125
125
126
125
126
126
126
124
125
126
126
126
125
126
126
125
126
126
126
125
125
126
126
126
125
126
125
125
125
126
126
125
125
126
126
126
125
126
126
126
125
126
126
126
125
125
126
126
125
125
126
127
126
123
124
125
125
125
127
127
125
125
127
125
122
123
125
126
127
130
134
135
131
127
126
128
126
121
120
117
102
97
116
136
138
127
119
125
145
162
143
111
106
123
132
134
134
127
119
120
124
122
119
118
117
119
126
130
127
121
120
125
130
130
129
131
130
128
128
127
126
126
125
123
122
124
126
126
126
125
123
123
125
125
123
122
125
126
124
124
127
128
125
123
126
129
128
126
125
127
128
126
124
126
128
127
125
125
126
124
122
124
126
126
124
124
126
126
125
125
126
127
125
124
123
126
126
125
124
125
127
127
126
125
126
126
126
126
127
127
126
125
125
125
125
124
124
125
125
125
125
125
126
129
128
126
125
125
125
124
124
124
124
125
126
126
125
125
125
125
125
125
125
125
125
124
124
125
126
125
125
126
127
127
126
127
126
126
126
126
127
127
125
125
126
125
125
124
124
124
124
124
124
125
124
123
123
125
126
125
125
126
126
126
126
126
127
126
127
126
126
126
126
125
124
125
125
125
124
124
125
125
125
125
124
125
125
125
124
125
125
126
125
125
126
126
126
126
125
126
125
127
127
126
125
125
126
125
125
125
125
125
125
125
125
125
125
125
126
125
124
126
126
126
126
126
127
128
124
115
109
121
141
139
117
107
127
160
171
128
69
75
137
165
131
97
99
119
140
157
145
110
101
124
143
148
132
103
101
136
154
129
99
104
131
144
133
119
118
133
144
131
104
99
124
151
142
112
103
120
135
135
126
120
120
124
130
132
128
124
124
128
133
132
127
120
117
120
126
126
121
119
123
127
128
127
128
126
124
124
123
126
127
123
122
124
127
129
128
126
124
125
127
128
134
114
81
135
121
127
130
130
127
129
133
129
122
121
125
127
125
123
125
127
129
129
127
108
116
131
126
128
131
130
130
131
129
126
127
127
127
128
128
126
125
126
127
126
124
122
119
120
125
126
121
123
131
135
138
135
130
133
139
137
129
119
112
114
120
121
113
102
101
137
157
138
114
120
143
160
149
108
90
119
133
121
121
135
134
122
114
117
124
126
141
151
140
108
106
135
139
121
113
116
116
130
158
144
79
70
141
182
137
93
115
140
140
131
121
114
125
132
138
147
128
67
48
120
191
157
112
128
132
120
136
147
126
116
129
128
117
111
101
102
137
165
132
88
104
156
176
147
109
100
119
135
129
109
111
128
132
131
125
119
119
126
129
128
130
131
126
122
124
130
129
120
115
117
129
137
131
120
119
128
131
129
122
120
125
131
131
126
123
123
127
130
124
119
121
126
96
125
125
125
125
125
125
125
125
125
125
125
125
125
125
125
125
125
125
125
125
125
125
125
125
125
125
125
125
125
125
125
125
125
125
125
125
125
125
125
125
125
125
125
125
125
125
125
125
125
125
125
125
125
125
125
125
125
125
125
125
126
126
126
125
125
126
125
126
125
126
126
126
126
126
126
125
125
126
125
125
125
125
125
125
125
126
125
126
125
126
126
126
126
126
125
126
126
125
125
125
125
126
126
126
125
125
126
125
126
126
125
126
126
126
125
126
125
125
125
125
125
125
125
125
125
125
126
125
125
125
125
125
125
125
125
125
125
125
125
125
125
125
126
125
125
125
125
125
125
125
125
126
125
126
125
125
125
125
125
125
125
125
125
126
125
125
125
125
125
125
125
125
125
125
125
125
125
125
125
125
125
125
125
125
125
125
125
125
125
125
125
125
125
125
125
125
125
125
125
125
125
125
125
125
125
125
125
125
125
125
125
125
125
125
125
125
125
125
126
125
125
126
125
126
126
125
125
125
125
125
126
125
125
125
126
126
125
125
125
125
125
126
126
125
125
125
125
125
125
125
125
125
125
126
126
126
125
125
126
126
125
125
125
125
125
125
125
126
126
126
126
126
125
125
125
125
125
125
125
125
125
125
125
125
125
125
125
125
125
125
125
125
125
125
125
125
125
125
125
125
125
125
125
126
126
125
125
125
125
125
125
125
125
125
125
125
125
125
125
125
125
125
125
125
125
125
125
125
125
125
125
125
125
125
125
125
125
125
125
125
125
125
125
125
125
125
125
125
125
125
125
125
125
126
