124
125
124
123
124
126
66
125
125
125
125
125
125
125
125
125
125
125
125
125
125
125
125
125
125
125
125
125
125
125
125
125
125
125
125
125
125
125
125
125
126
125
126
126
126
125
125
126
126
126
126
125
126
126
125
125
126
125
126
126
125
126
125
126
126
125
125
126
126
125
125
126
126
125
126
125
125
126
125
126
126
126
126
126
125
126
125
126
126
126
125
125
126
125
126
125
125
125
125
126
125
125
125
125
125
125
126
126
126
125
125
125
126
125
125
125
125
125
125
125
125
125
125
125
125
125
125
125
125
125
125
125
125
125
125
125
125
126
125
125
125
125
125
125
125
125
125
125
125
125
125
125
125
125
125
125
125
126
125
125
125
126
125
125
125
125
125
125
125
125
125
126
125
125
125
125
126
125
125
125
125
125
125
125
125
125
125
125
125
125
125
125
125
125
125
125
125
125
125
125
125
125
125
125
125
125
125
125
125
125
125
125
125
125
125
125
125
125
125
126
125
125
125
125
125
125
125
125
125
125
125
125
125
125
125
125
125
125
125
125
125
125
126
125
125
125
125
125
125
125
126
126
125
125
125
125
125
125
125
125
125
125
125
125
125
125
125
125
125
125
125
125
125
125
125
125
125
125
125
125
125
125
125
125
125
125
125
125
125
125
125
125
125
125
125
125
125
125
125
125
125
125
125
125
125
125
125
125
125
125
125
125
125
125
125
125
125
125
125
125
125
125
125
125
125
125
125
125
125
125
125
125
125
125
125
125
125
125
125
125
125
125
125
125
125
125
125
125
125
125
125
125
125
125
125
125
125
125
125
125
125
125
126
124
125
126
125
125
126
126
125
126
126
125
125
125
125
126
126
126
125
125
126
125
125
125
125
125
126
126
126
126
126
126
125
125
125
126
126
126
126
126
125
126
126
125
126
125
125
125
125
126
125
126
126
125
126
126
126
126
125
126
125
126
126
125
126
126
126
125
125
125
126
126
126
126
126
126
126
126
126
125
125
125
125
125
125
125
125
125
125
126
126
125
126
126
125
126
125
126
125
125
125
126
125
126
125
125
125
125
126
126
125
125
126
126
125
125
125
125
126
125
125
126
125
125
125
125
125
125
125
125
126
125
126
125
125
125
125
125
125
125
125
125
125
125
125
126
126
125
125
125
125
126
126
126
125
125
125
125
126
126
125
125
125
125
125
125
125
125
125
125
126
125
125
125
126
125
125
126
125
125
125
126
126
125
125
125
126
126
125
125
125
125
126
126
126
125
125
125
126
125
125
126
125
125
125
125
125
126
126
125
125
125
126
126
125
125
126
127
126
125
125
125
125
125
125
125
125
125
125
125
125
125
125
126
126
125
126
126
125
125
125
125
126
126
125
125
125
125
125
125
125
125
126
126
126
126
126
125
125
125
125
125
125
125
125
126
126
126
125
125
125
126
125
125
125
125
125
125
125
125
126
126
126
126
126
126
125
125
124
125
125
125
125
126
126
126
125
124
126
127
127
125
123
122
121
120
123
129
134
133
129
127
125
121
118
122
126
124
122
125
129
127
125
126
131
133
125
114
109
116
128
141
142
133
120
113
118
127
129
126
126
131
130
131
132
119
108
120
125
102
115
175
165
95
98
138
123
106
143
161
123
87
106
142
150
129
112
116
126
130
135
129
107
109
140
157
133
111
117
125
118
113
125
144
157
137
69
22
119
255
255
56
52
91
255
247
91
8
56
181
202
125
88
113
140
147
139
119
108
115
125
124
122
124
125
123
127
131
129
123
120
124
128
129
126
123
122
124
127
126
125
125
127
126
125
124
123
124
126
127
124
125
127
127
124
124
126
128
126
124
124
126
126
126
125
124
125
126
126
126
125
124
124
127
127
126
125
126
125
125
125
126
126
124
125
126
126
128
127
126
124
124
124
124
124
124
124
126
129
129
127
127
128
124
118
117
124
130
127
122
124
132
136
127
116
114
124
135
135
125
119
124
134
137
129
117
113
123
129
125
120
120
123
129
131
125
121
128
132
124
117
123
132
132
127
124
123
122
125
131
132
125
120
122
125
125
129
128
124
119
121
126
129
129
125
120
122
128
128
125
123
124
126
127
128
126
122
122
125
127
126
124
123
126
128
128
124
122
125
128
128
124
121
122
127
130
126
121
121
125
128
127
127
127
128
128
124
118
116
118
125
136
145
141
126
112
102
106
129
151
141
115
111
117
126
135
138
131
121
115
117
125
131
131
126
123
124
125
125
124
124
126
128
127
124
122
124
127
129
126
123
123
124
125
126
126
125
125
129
126
119
121
130
131
125
123
125
124
125
132
128
111
115
137
141
125
114
117
127
133
127
122
125
129
122
118
130
137
126
113
118
129
127
122
124
129
128
126
126
127
127
124
120
121
130
129
127
124
125
126
125
121
122
128
130
125
123
127
127
124
122
123
125
129
128
126
123
117
121
127
130
129
129
129
126
121
121
126
132
130
122
118
123
130
133
130
125
121
121
126
131
129
124
123
125
125
125
125
126
126
126
126
125
125
126
127
124
124
127
130
127
121
117
124
130
131
127
125
126
126
125
126
127
127
125
124
123
124
126
126
125
126
127
125
123
126
130
129
125
122
123
127
130
128
122
118
122
130
135
129
119
118
122
126
129
128
123
122
126
129
128
124
122
123
127
129
127
124
123
125
128
128
125
124
126
126
126
125
124
123
123
125
129
131
127
122
124
127
125
125
126
125
125
128
130
123
118
124
131
127
124
131
131
117
112
132
140
124
116
127
133
124
114
117
128
137
139
127
112
113
127
137
136
126
114
112
120
134
140
133
124
120
121
124
127
127
125
125
125
125
124
124
125
125
127
127
126
126
126
126
126
126
125
124
124
126
127
128
127
124
122
123
130
128
127
125
124
125
125
123
123
126
128
125
123
126
126
125
124
123
123
128
129
123
122
129
129
129
124
123
128
127
121
122
125
126
127
130
125
119
123
126
125
125
127
127
126
126
125
125
127
128
127
124
122
122
124
125
126
128
128
127
125
123
124
125
125
125
125
124
124
125
127
128
128
126
125
123
122
123
125
127
126
125
124
124
125
126
127
128
127
125
125
124
125
124
124
125
126
126
126
124
124
124
124
126
126
126
126
126
126
125
125
126
127
126
125
125
125
124
124
125
127
127
125
125
126
128
126
125
124
125
125
126
126
126
125
123
123
124
125
126
126
127
125
125
125
126
126
128
139
112
125
123
124
125
127
127
128
127
126
125
124
124
125
125
124
124
124
125
124
125
126
126
127
126
124
124
101
108
133
127
129
130
128
129
129
128
127
126
127
128
128
127
125
125
126
126
126
128
126
125
125
126
127
127
126
126
126
126
126
126
126
126
125
126
126
122
122
125
125
126
128
129
128
127
127
127
126
126
125
125
126
126
126
127
126
126
125
125
125
126
127
127
125
124
125
125
126
127
126
126
125
125
125
125
125
125
125
124
124
126
127
126
126
126
126
126
124
123
126
126
126
125
125
126
127
126
126
126
125
125
126
126
126
125
125
125
125
125
125
125
125
126
126
126
126
126
125
124
125
127
127
128
125
124
124
125
126
126
126
126
125
125
125
125
126
126
126
126
126
125
126
127
126
125
125
125
125
125
124
125
125
125
127
126
126
126
126
125
125
125
125
126
126
126
126
127
128
127
126
124
123
123
124
126
126
125
127
127
126
127
126
125
125
125
125
131
127
125
124
125
124
124
123
125
126
126
125
125
125
124
124
125
126
126
125
124
126
126
127
127
129
124
125
124
124
122
131
133
128
124
125
124
123
125
124
124
126
126
125
125
124
124
125
125
127
125
125
127
126
125
126
125
65
125
126
126
126
125
125
126
126
125
126
125
126
126
125
126
125
126
125
125
126
125
126
125
125
126
125
126
126
125
125
126
125
125
126
125
125
126
126
125
125
125
125
125
125
125
125
125
125
125
125
125
125
125
125
125
125
125
125
125
126
126
125
125
125
125
126
125
125
125
125
126
125
126
126
125
125
125
125
125
125
125
125
125
125
125
125
125
125
125
125
125
125
125
125
125
125
125
125
125
125
125
125
125
125
125
125
125
125
125
125
125
125
125
125
125
125
125
123
128
125
125
125
125
125
125
125
126
125
125
125
125
125
125
125
125
125
125
125
125
125
125
125
125
125
125
125
125
124
125
125
125
125
125
126
125
125
125
125
125
125
125
125
125
125
125
125
125
125
125
125
126
125
125
125
125
125
125
125
125
125
125
125
125
126
125
125
125
125
125
125
125
125
125
125
125
125
125
125
125
125
125
125
125
125
125
125
125
125
125
125
125
125
125
125
125
125
125
125
125
125
125
125
125
125
125
125
125
125
125
125
125
125
125
125
125
125
125
125
125
125
125
125
125
125
125
125
125
125
125
125
125
125
125
125
125
125
125
125
125
125
125
125
125
125
125
125
125
125
126
125
125
125
125
125
125
125
125
125
125
125
126
125
125
125
125
125
125
125
125
125
125
125
125
125
125
125
125
125
125
125
125
125
125
125
125
125
125
125
125
125
125
125
125
125
125
125
125
125
125
125
125
125
125
125
125
125
125
125
125
125
125
125
125
125
125
125
125
125
125
125
125
125
125
125
125
125
125
125
125
125
125
125
125
124
