126
124
125
126
124
125
35
125
125
125
125
125
125
125
125
125
125
125
125
125
125
125
125
125
125
125
125
125
125
125
125
125
125
125
125
125
126
125
125
125
125
125
125
125
125
126
126
126
126
126
125
125
125
126
125
126
126
125
125
126
126
126
125
125
125
125
126
126
126
126
126
126
126
126
125
125
126
126
126
126
126
126
126
126
126
126
126
125
125
126
126
126
126
125
126
126
126
126
126
126
126
126
126
126
125
125
125
126
126
126
126
126
126
126
126
125
126
125
125
125
125
126
126
125
125
125
126
126
126
125
125
125
125
125
125
125
126
126
125
126
126
125
125
125
125
125
125
125
125
126
126
125
125
125
125
125
125
125
126
125
125
125
125
125
125
125
126
126
126
126
126
126
126
126
126
126
126
126
126
125
125
126
126
126
126
126
125
125
126
126
126
126
126
126
126
126
125
126
126
126
126
125
125
125
126
125
125
126
126
126
126
126
125
125
126
126
125
125
126
126
125
126
125
126
125
125
125
125
125
126
125
125
125
126
126
126
126
126
126
125
126
125
126
126
125
126
126
126
126
126
125
125
125
125
125
126
126
125
125
126
125
125
126
126
126
126
125
126
125
126
125
126
126
126
126
126
126
126
126
126
126
125
126
125
125
125
126
125
125
125
125
125
126
125
125
126
125
126
125
126
125
125
125
125
125
125
126
126
126
126
126
126
125
125
125
125
125
125
125
125
125
125
125
125
126
125
125
126
126
126
126
126
125
125
126
125
126
126
125
125
125
125
126
126
125
124
124
125
126
126
125
125
125
126
126
126
125
124
125
126
126
125
125
125
126
125
125
125
125
126
126
125
125
125
125
125
125
125
125
125
125
125
125
125
125
125
125
126
125
125
125
126
125
125
125
126
126
126
126
125
124
125
125
125
125
125
125
125
125
125
125
125
126
126
125
125
125
125
126
126
125
125
125
126
126
126
125
125
124
125
125
126
126
125
125
125
125
125
125
125
126
126
126
126
125
125
125
125
125
125
125
126
126
125
124
125
126
126
126
126
126
125
125
125
124
124
124
125
125
126
126
125
125
125
125
125
125
127
128
128
126
127
127
125
118
112
117
131
137
128
119
124
136
139
127
106
107
136
150
123
94
107
143
158
128
95
105
141
144
133
126
117
111
128
140
125
114
121
130
135
135
124
114
116
127
128
122
121
128
136
140
133
114
102
115
137
139
123
119
129
136
132
122
117
119
125
127
128
129
125
119
121
131
135
128
121
120
126
132
131
125
121
123
126
126
121
120
123
128
131
130
127
124
123
124
125
125
123
124
127
129
128
126
126
126
123
122
125
127
126
126
126
126
124
122
123
124
126
126
125
128
132
131
127
124
124
125
122
120
121
124
126
128
128
127
127
128
128
126
124
123
123
124
125
125
127
128
127
126
125
125
125
125
125
125
126
127
127
126
125
124
125
126
126
125
126
127
126
125
125
125
125
125
125
125
125
126
127
127
126
125
125
126
126
125
125
125
126
126
125
124
124
125
126
126
126
126
126
126
125
125
125
126
126
125
126
126
126
126
125
124
124
126
126
126
126
126
126
125
125
126
126
126
126
126
126
126
126
125
125
125
126
126
126
125
125
126
127
126
126
126
126
126
126
126
125
125
125
125
126
126
125
126
126
126
125
125
125
125
126
126
126
126
125
125
125
125
126
126
128
126
126
126
125
125
125
124
125
125
125
126
126
126
125
126
126
125
125
125
125
125
125
125
125
125
125
125
125
125
125
125
126
126
126
125
125
125
125
125
126
126
126
125
125
125
125
125
125
125
125
125
126
125
125
125
126
126
126
125
125
125
125
125
125
125
126
126
125
126
125
126
125
125
125
125
125
125
125
125
125
125
125
125
126
126
125
125
125
125
125
126
126
125
126
125
125
125
126
125
125
125
125
125
126
125
125
125
126
126
126
126
125
125
125
125
126
124
125
125
126
126
126
126
125
125
126
126
125
125
125
125
126
125
126
125
126
125
125
126
126
125
126
125
125
125
126
126
125
126
125
125
125
126
126
126
125
125
125
125
125
126
125
125
126
126
126
126
125
126
126
126
126
126
125
125
125
125
126
126
125
125
125
125
123
125
126
125
125
126
126
126
125
125
126
126
126
125
125
125
126
126
125
125
125
125
125
124
125
125
126
126
125
125
126
126
126
125
125
126
126
126
126
125
125
124
125
125
125
125
125
126
126
125
126
126
125
126
126
125
124
125
126
126
125
125
125
125
125
125
125
125
125
125
126
126
126
125
125
126
127
126
124
124
125
125
125
126
126
126
124
124
125
126
126
126
125
125
124
125
126
126
127
126
124
123
125
126
126
125
126
126
125
125
126
127
126
126
126
125
125
125
125
125
125
125
125
125
125
126
126
126
126
125
125
126
125
125
126
126
125
125
126
126
126
125
125
126
125
125
124
125
125
127
126
125
125
125
125
124
125
124
125
125
125
125
125
125
126
125
125
125
126
126
126
126
125
125
125
126
124
125
125
125
125
125
125
126
125
126
126
126
125
125
125
126
126
125
125
125
125
125
125
125
125
125
125
126
126
126
125
126
126
125
125
125
125
125
126
125
125
125
125
125
125
125
125
125
125
126
125
125
125
125
125
125
125
126
125
125
125
125
125
125
125
125
126
127
125
126
125
125
125
126
125
125
125
124
125
125
126
125
125
125
125
125
125
125
125
125
125
126
127
125
125
125
125
125
126
125
125
125
125
125
125
125
126
126
125
125
125
125
125
125
125
124
126
125
125
125
126
129
122
126
124
125
125
125
125
126
126
126
126
125
126
125
126
125
125
125
125
125
125
125
125
125
125
126
126
126
125
126
126
125
126
126
126
126
125
125
125
125
125
125
125
126
126
125
125
125
125
126
126
125
125
125
126
125
125
125
125
125
125
125
125
125
125
127
126
121
125
126
125
127
127
126
127
127
127
125
125
125
126
126
126
124
125
125
125
125
125
124
125
125
125
124
125
125
124
125
125
125
126
126
126
126
125
125
125
125
125
126
126
126
125
126
125
126
126
126
125
126
125
125
125
125
125
126
126
126
126
126
124
125
125
125
125
125
126
126
126
125
126
126
125
125
126
127
126
126
126
125
125
125
125
125
126
125
126
125
126
126
126
124
125
125
125
125
127
125
125
126
126
125
124
125
125
126
125
126
126
126
125
125
125
126
127
125
125
126
125
125
125
126
125
125
125
125
125
125
125
125
125
125
125
126
126
125
125
125
125
125
126
125
126
125
125
126
127
131
126
124
126
125
123
126
124
124
124
125
126
126
123
125
125
125
127
126
126
126
125
126
126
126
125
125
125
125
125
126
126
126
125
127
126
125
125
125
125
125
125
126
125
124
124
124
124
125
125
126
126
126
126
126
124
126
125
125
125
125
125
127
124
125
125
125
127
127
126
125
125
125
124
125
124
124
124
125
126
126
126
125
125
126
126
125
125
125
125
126
126
125
124
124
124
125
125
126
125
125
125
126
126
125
125
124
126
125
125
126
125
126
126
125
124
126
125
125
126
126
126
127
125
126
125
125
125
126
124
125
125
127
127
126
125
126
127
126
125
125
127
124
124
125
126
125
125
124
107
128
125
126
127
128
127
127
127
126
125
125
125
126
126
125
124
125
115
70
136
121
132
133
135
132
130
128
129
129
128
126
126
126
126
126
128
126
126
126
126
127
128
128
126
126
126
127
128
125
125
125
126
126
127
129
128
129
127
125
126
125
125
126
125
125
120
118
124
126
125
129
130
130
132
127
126
125
127
127
126
125
125
126
127
126
124
125
129
127
124
124
124
125
125
124
126
126
126
36
126
126
126
125
125
126
126
126
125
126
126
126
126
126
126
126
126
126
126
126
125
125
125
126
126
126
126
126
125
126
126
125
126
125
126
125
125
126
125
125
126
126
126
126
125
126
126
126
126
125
126
126
125
126
125
125
126
126
126
126
125
125
126
126
126
125
125
126
126
126
126
126
126
126
126
126
126
125
126
126
126
126
125
126
126
125
126
126
126
125
125
126
126
126
126
125
126
125
126
125
126
126
126
125
126
125
125
125
126
125
125
126
125
125
126
125
126
125
126
125
126
125
126
125
125
125
125
126
126
126
126
126
126
126
126
126
126
125
125
126
126
125
125
125
125
126
125
125
125
125
125
125
125
125
125
125
125
125
125
125
125
125
125
125
125
125
125
125
126
126
125
125
125
125
125
125
125
125
125
125
125
125
125
125
125
125
125
125
125
125
125
125
125
125
125
125
125
125
125
125
125
125
125
125
125
125
125
125
125
125
125
125
125
125
125
125
125
125
125
125
125
125
125
125
125
125
125
125
125
125
125
125
125
125
126
126
125
125
125
125
125
125
125
125
125
125
125
125
125
125
125
125
126
126
125
125
125
125
125
125
125
125
125
125
125
125
125
125
125
126
126
126
126
125
125
125
125
125
125
125
125
125
125
125
125
126
125
125
125
125
125
125
125
125
125
125
125
125
125
125
126
125
125
126
125
126
126
125
125
125
125
126
125
125
126
125
125
125
126
126
125
125
125
126
126
125
125
125
126
126
126
126
126
126
125
125
126
126
126
125
125
125
125
126
127
126
125
126
126
126
126
126
125
123
