124
126
127
126
125
123
60
125
125
125
125
125
125
125
125
125
125
125
125
125
125
125
125
125
125
125
125
125
125
125
125
125
125
125
125
125
125
125
125
125
125
125
125
125
125
125
125
125
125
125
125
125
125
125
125
125
125
125
125
125
125
125
125
125
125
125
125
125
125
125
125
125
125
125
125
125
125
125
125
125
125
125
125
125
125
125
125
125
125
125
125
125
125
125
125
125
125
125
125
125
125
125
125
125
125
125
125
125
125
125
125
125
125
125
125
125
125
125
125
125
125
125
125
125
125
125
125
125
125
125
125
125
125
125
125
125
125
125
125
125
125
125
125
125
125
125
125
125
125
125
125
125
125
125
125
125
125
125
125
125
125
125
125
125
125
125
125
125
125
125
125
125
125
125
125
125
125
125
125
125
125
125
125
125
125
125
125
125
125
125
125
125
125
125
125
125
125
125
125
125
125
125
125
125
125
125
125
125
125
125
125
125
125
125
125
125
125
125
125
125
125
125
125
125
125
125
125
125
125
125
125
125
125
125
125
125
125
125
125
125
125
125
125
125
125
125
125
125
125
125
125
125
125
125
125
125
125
125
125
125
125
125
125
125
125
125
125
125
125
125
125
125
125
125
125
125
125
125
125
125
125
125
125
125
125
125
125
125
125
125
125
125
125
125
125
125
125
125
125
125
125
125
125
125
125
125
125
125
125
125
125
125
125
125
125
125
125
125
125
125
125
125
125
125
125
125
125
125
125
125
125
125
125
125
125
125
125
125
125
125
125
125
125
125
125
125
125
125
125
125
125
125
125
125
125
125
125
125
125
125
125
125
125
125
125
125
125
125
125
125
125
125
125
125
125
125
125
125
125
125
125
125
125
125
125
125
125
125
125
125
125
124
125
125
125
126
126
126
125
126
126
125
125
125
126
126
125
125
125
126
125
125
125
125
125
125
126
125
126
125
125
125
125
125
125
125
125
125
125
126
125
125
126
126
125
125
125
125
125
126
125
125
125
126
125
125
126
126
125
125
125
126
125
125
126
125
125
124
125
125
125
125
126
125
126
125
126
125
125
125
125
125
125
125
125
125
125
125
125
125
125
125
125
125
125
124
124
124
126
128
130
132
133
127
115
108
114
128
132
124
121
135
153
143
105
79
102
169
193
95
17
135
255
161
20
50
216
246
131
62
49
128
104
90
237
234
93
38
78
48
99
255
255
79
48
74
235
211
92
73
97
110
150
197
159
58
36
113
191
186
124
88
101
123
133
136
130
118
108
109
131
149
145
133
121
102
94
115
144
145
129
123
125
125
126
126
118
110
117
134
141
135
128
126
124
121
121
120
121
123
126
126
126
128
128
125
125
128
127
125
128
131
127
118
116
122
127
128
125
122
125
131
132
129
126
126
125
123
122
123
125
126
125
124
122
123
124
126
128
128
128
128
127
126
125
123
121
122
124
127
128
127
125
125
126
126
126
125
125
125
126
126
125
124
125
126
126
125
124
123
125
126
127
127
127
126
126
125
123
123
125
126
127
127
127
126
126
124
123
122
124
125
127
127
126
126
127
126
124
122
123
125
126
125
125
125
125
126
127
127
126
126
126
126
125
125
125
126
124
123
123
124
125
126
126
126
125
125
125
125
125
125
125
126
126
126
126
126
126
125
125
125
125
125
125
125
125
125
125
125
125
125
125
126
125
125
125
125
125
125
125
125
126
126
126
126
126
125
125
125
125
124
124
124
125
125
125
125
126
126
126
126
126
125
125
125
125
125
125
125
125
125
125
126
125
125
125
125
125
125
125
125
125
125
125
125
125
126
126
126
125
126
126
125
125
125
125
125
125
125
125
125
125
125
125
125
125
125
125
125
125
126
126
126
126
125
125
126
125
125
125
125
125
125
126
126
125
125
125
126
126
125
125
125
125
125
125
125
126
125
125
125
126
126
125
125
125
125
125
126
126
125
125
125
125
125
125
125
125
126
125
125
126
126
126
126
126
126
125
125
126
125
125
125
125
125
125
125
125
125
125
125
125
125
125
125
125
125
125
125
126
126
126
125
125
125
125
125
125
125
125
125
125
125
125
125
124
124
125
125
125
125
125
125
125
125
126
126
126
125
125
126
126
125
125
125
125
125
125
125
125
125
125
125
125
126
125
125
125
126
126
125
127
124
125
126
126
125
125
126
126
126
125
125
125
125
125
125
125
126
126
125
125
125
125
125
124
125
125
126
126
126
127
127
126
126
125
126
126
126
126
126
126
126
126
126
126
126
126
125
126
126
126
125
125
126
126
126
126
126
126
126
126
126
126
126
126
126
125
124
124
126
125
125
126
127
126
126
126
125
125
126
126
125
125
125
126
126
126
126
125
125
125
126
126
125
125
125
125
126
125
125
125
125
126
126
126
126
126
126
126
126
125
125
125
125
125
125
126
126
126
126
126
126
126
126
126
125
125
126
126
125
125
125
125
126
126
125
125
125
126
126
125
125
125
126
125
126
126
125
126
125
126
126
125
126
125
125
125
125
125
125
125
125
125
126
126
126
126
126
125
125
125
126
125
125
125
126
126
126
126
126
126
126
126
126
126
125
126
125
125
125
125
125
125
125
126
125
125
126
125
125
126
125
125
125
125
126
126
125
126
125
126
125
125
126
126
127
128
125
125
125
125
124
125
125
125
125
125
125
126
125
125
125
125
126
126
126
126
125
125
126
125
125
126
126
125
126
126
128
128
125
125
125
124
123
124
124
124
125
125
125
125
125
125
125
125
126
125
125
126
126
125
125
125
125
125
125
125
126
126
125
125
125
126
125
125
125
125
126
126
126
126
126
125
126
126
125
125
125
125
125
125
125
125
125
126
125
126
126
125
125
125
125
124
125
126
126
124
124
125
125
125
125
125
125
125
126
126
125
125
124
124
125
125
125
125
125
124
126
125
126
126
126
126
126
126
125
125
125
125
125
125
126
125
125
125
126
126
126
125
125
125
125
125
125
125
126
135
119
124
125
125
126
126
125
125
125
125
124
125
125
125
125
125
125
124
126
125
125
126
126
126
126
126
126
126
112
117
129
125
127
129
128
128
128
127
126
126
126
126
126
126
126
126
126
126
126
126
127
126
126
126
126
126
126
126
126
125
126
126
126
126
126
124
120
125
125
125
127
127
127
126
127
127
126
126
126
125
126
126
126
125
126
126
126
126
126
125
125
126
125
125
125
125
126
126
125
126
126
125
125
126
125
125
126
127
126
125
126
125
124
125
126
125
125
125
126
124
122
126
130
127
120
118
129
140
132
113
114
133
147
133
96
85
127
165
144
100
93
133
175
158
102
95
139
154
123
93
96
124
142
133
118
119
132
139
136
132
126
122
122
120
115
116
121
127
130
129
130
132
131
130
129
127
124
120
118
119
121
124
126
127
128
128
126
127
128
129
127
124
123
124
123
123
124
127
128
127
126
126
125
125
125
125
125
124
125
126
127
128
127
126
133
127
123
125
125
122
122
124
127
128
125
124
126
127
125
124
123
125
128
127
125
123
125
126
124
124
125
125
126
127
126
125
126
126
125
124
125
132
126
126
126
124
122
124
125
124
124
125
125
125
126
125
125
126
126
127
126
125
126
126
125
125
124
125
126
126
125
126
125
125
127
124
127
124
124
124
126
126
125
125
125
125
125
125
125
125
126
125
126
126
126
125
126
125
125
123
123
125
125
125
125
125
126
124
124
126
126
125
124
125
126
126
125
126
153
83
130
117
129
126
130
128
127
127
125
124
125
125
125
126
127
126
126
126
126
126
125
124
125
124
125
126
127
126
125
126
127
127
126
126
117
71
124
123
131
133
135
133
132
132
130
128
128
59
125
125
126
125
126
126
126
126
126
126
126
126
126
126
126
125
126
125
125
126
126
126
126
126
126
126
126
126
126
126
125
126
125
125
126
126
126
126
126
126
126
126
125
125
125
125
126
125
125
125
125
125
126
125
126
126
125
126
125
125
126
126
125
126
125
126
126
126
126
126
126
126
126
126
126
125
125
125
125
126
125
125
126
126
126
125
126
126
126
126
125
126
125
126
125
126
126
126
126
126
126
126
125
125
125
126
125
125
125
126
125
125
126
126
126
126
125
126
125
125
126
125
126
126
125
126
125
126
125
125
125
126
126
126
125
125
125
126
126
125
126
125
126
126
126
125
126
126
126
125
126
126
125
125
125
125
125
125
126
126
126
126
126
125
125
126
126
125
125
126
126
125
125
125
125
126
126
125
126
126
126
125
125
125
125
125
125
125
125
125
125
125
125
125
125
125
125
125
125
125
125
126
126
126
125
125
125
125
125
125
126
125
125
125
126
125
125
126
125
125
126
126
125
125
125
125
125
125
125
125
125
125
125
125
125
125
125
125
125
125
125
125
125
125
125
125
125
125
125
125
125
126
126
125
125
125
125
125
125
125
125
125
125
125
125
125
125
126
125
125
125
125
125
125
125
125
125
125
125
125
125
125
125
125
125
125
125
125
125
125
125
126
124
125
126
126
126
126
125
126
125
126
125
125
125
126
125
125
125
125
126
126
125
126
126
125
126
125
125
126
126
126
126
126
126
125
126
126
126
126
126
126
125
125
125
126
126
126
126
126
126
126
126
125
125
125
126
126
126
126
126
125
125
125
