-0.957031
-0.949219
-0.941406
-0.949219
-0.957031
-0.949219
-0.957031
-0.972656
-0.964844
-0.964844
-0.964844
-0.972656
-0.964844
-0.972656
-0.972656
-0.988281
-0.972656
-0.980469
-0.980469
-0.980469
-0.996094
-0.980469
-0.980469
-0.980469
-0.980469
-0.988281
-0.980469
-0.996094
-0.980469
-0.988281
-0.988281
-0.996094
-0.996094
-0.996094
-0.980469
-0.980469
-0.980469
-0.980469
-0.988281
-0.988281
-0.980469
-0.972656
-0.980469
-0.996094
0.988251
-0.980469
-0.964844
-0.996094
-0.980469
-0.980469
-0.972656
-0.972656
-0.972656
-0.980469
-0.972656
-0.972656
-0.964844
-0.964844
-0.972656
-0.972656
-0.980469
-0.980469
-0.972656
-0.980469
-0.972656
-0.972656
-0.972656
-0.972656
-0.972656
-0.972656
-0.964844
-0.972656
-0.964844
-0.964844
-0.964844
-0.964844
-0.964844
-0.964844
-0.972656
-0.972656
-0.964844
-0.964844
-0.964844
-0.949219
-0.964844
-0.964844
-0.964844
-0.964844
-0.964844
-0.972656
-0.964844
-0.972656
-0.972656
-0.964844
-0.964844
-0.964844
-0.972656
-0.964844
-0.964844
-0.964844
-0.964844
-0.964844
-0.972656
-0.957031
-0.964844
-0.964844
-0.972656
-0.957031
-0.964844
-0.972656
-0.964844
-0.972656
-0.972656
-0.972656
-0.964844
-0.957031
-0.949219
-0.957031
-0.964844
-0.996094
0.996063
-0.972656
-0.878906
-0.839844
-0.988281
0.824188
0.863251
-0.847656
-0.722656
-0.933594
0.878876
0.941376
-0.933594
-0.894531
-0.941406
0.988251
0.964813
-0.964844
-0.910156
-0.980469
0.941376
0.996063
-0.910156
-0.878906
-0.941406
0.925751
0.925751
-0.941406
-0.832031
-0.941406
0.972626
-0.996094
-0.941406
-0.972656
0.980438
0.980438
-0.917969
-0.847656
-0.917969
0.933563
0.933563
-0.949219
-0.878906
-0.894531
-0.964844
0.964813
0.957001
-0.949219
-0.886719
-0.917969
-0.980469
0.996063
0.980438
-0.996094
-0.925781
-0.910156
-0.980469
-0.996094
-0.941406
-0.957031
0.972626
0.964813
-0.933594
-0.886719
-0.949219
-0.996094
-0.988281
-0.957031
-0.964844
-0.964844
-0.957031
-0.941406
-0.972656
-0.964844
-0.988281
-0.980469
-0.949219
-0.917969
-0.925781
-0.980469
0.957001
0.988251
-0.949219
-0.941406
-0.957031
-0.964844
-0.988281
0.988251
0.988251
-0.980469
-0.957031
-0.949219
-0.972656
-0.996094
-0.996094
-0.972656
-0.996094
0.972626
-0.988281
-0.933594
-0.964844
0.988251
0.988251
-0.972656
-0.949219
-0.957031
-0.996094
0.972626
0.957001
-0.980469
-0.894531
-0.910156
-0.996094
0.917938
0.933563
-0.972656
-0.871094
-0.894531
0.957001
0.886688
-0.980469
-0.863281
-0.949219
0.933563
0.964813
-0.941406
-0.925781
-0.988281
0.988251
-0.988281
-0.941406
-0.964844
0.988251
0.980438
-0.972656
-0.933594
-0.964844
-0.996094
0.980438
0.964813
-0.988281
-0.917969
-0.917969
-0.949219
0.988251
0.980438
-0.972656
-0.910156
-0.910156
-0.949219
-0.996094
0.972626
-0.972656
-0.886719
-0.878906
-0.972656
0.949188
0.988251
-0.949219
-0.917969
-0.941406
-0.964844
0.996063
0.980438
-0.941406
-0.855469
-0.925781
0.957001
0.925751
-0.980469
-0.847656
-0.824219
-0.972656
0.871063
0.933563
-0.902344
-0.832031
-0.894531
0.980438
0.910126
-0.996094
-0.878906
-0.917969
0.980438
-0.996094
-0.933594
-0.957031
-0.980469
-0.933594
-0.964844
0.925751
0.957001
-0.886719
-0.863281
-0.964844
0.972626
0.980438
-0.996094
-0.949219
-0.917969
-0.988281
0.980438
-0.980469
-0.957031
-0.980469
-0.980469
-0.980469
-0.996094
-0.988281
-0.957031
-0.972656
-0.996094
-0.972656
-0.980469
-0.972656
-0.949219
-0.996094
0.957001
-0.996094
-0.910156
-0.925781
0.996063
0.964813
0.957001
-0.964844
-0.839844
-0.878906
0.933563
0.855438
-0.996094
-0.847656
-0.871094
0.996063
0.910126
0.957001
-0.949219
-0.878906
-0.894531
0.988251
0.902313
0.972626
-0.925781
-0.902344
-0.941406
-0.933594
-0.988281
0.925751
0.949188
-0.949219
-0.863281
-0.902344
-0.988281
0.972626
0.988251
-0.996094
-0.957031
-0.925781
-0.941406
-0.972656
-0.964844
-0.980469
0.964813
0.957001
-0.910156
-0.832031
-0.925781
0.933563
0.925751
-0.988281
-0.910156
-0.917969
-0.972656
-0.996094
-0.996094
-0.980469
-0.964844
-0.949219
-0.925781
-0.988281
0.972626
-0.996094
-0.910156
-0.957031
0.996063
-0.964844
-0.941406
0.980438
0.949188
-0.988281
-0.902344
-0.910156
-0.996094
0.949188
-0.988281
-0.933594
-0.988281
0.949188
-0.988281
-0.886719
-0.917969
0.996063
0.925751
0.957001
-0.902344
-0.847656
-0.964844
0.917938
0.964813
-0.925781
-0.933594
-0.980469
-0.972656
-0.988281
0.964813
-0.996094
-0.925781
-0.933594
0.980438
0.972626
-0.949219
-0.941406
0.996063
0.972626
-0.941406
-0.886719
-0.972656
0.949188
-0.996094
-0.941406
-0.996094
0.980438
-0.917969
-0.863281
-0.996094
0.886688
0.980438
-0.855469
-0.894531
0.964813
0.941376
-0.933594
-0.886719
-0.996094
0.964813
-0.933594
-0.910156
0.996063
0.949188
-0.964844
-0.925781
-0.964844
-0.988281
-0.996094
-0.988281
-0.964844
-0.988281
0.996063
-0.949219
-0.910156
-0.957031
0.964813
0.964813
-0.957031
-0.886719
-0.886719
-0.972656
0.964813
-0.996094
-0.933594
-0.980469
0.941376
-0.980469
-0.832031
-0.871094
0.980438
0.917938
0.996063
-0.933594
-0.941406
-0.949219
-0.925781
-0.964844
0.957001
0.980438
-0.949219
-0.988281
-0.996094
-0.902344
-0.871094
0.996063
0.886688
0.996063
-0.886719
-0.949219
0.941376
-0.996094
-0.839844
-0.886719
0.925751
0.863251
0.988251
-0.863281
-0.824219
-0.902344
0.941376
0.847626
0.917938
-0.894531
-0.785156
-0.910156
0.910126
0.933563
-0.917969
-0.933594
0.957001
0.988251
-0.886719
-0.878906
0.980438
0.886688
0.988251
-0.894531
-0.894531
-0.980469
0.980438
0.980438
0.980438
-0.980469
-0.902344
-0.941406
0.957001
0.933563
-0.957031
-0.863281
-0.941406
0.933563
0.949188
-0.917969
-0.910156
0.980438
0.964813
-0.933594
-0.878906
-0.980469
0.894501
0.964813
-0.863281
-0.839844
-0.980469
0.886688
0.941376
-0.910156
-0.839844
-0.917969
0.941376
0.925751
-0.972656
-0.886719
-0.957031
0.972626
-0.988281
-0.933594
-0.988281
0.964813
-0.996094
-0.878906
-0.894531
0.972626
0.902313
-0.996094
-0.839844
-0.886719
0.941376
0.917938
-0.917969
-0.863281
-0.972656
0.972626
-0.980469
-0.949219
-0.980469
-0.972656
-0.972656
-0.996094
-0.957031
-0.910156
-0.988281
0.925751
-0.996094
-0.832031
-0.863281
0.972626
0.878876
0.980438
-0.878906
-0.871094
-0.996094
0.949188
-0.972656
-0.949219
0.988251
0.980438
-0.933594
-0.894531
-0.917969
0.964813
0.886688
0.996063
-0.855469
-0.863281
-0.996094
0.941376
0.980438
-0.964844
-0.949219
-0.941406
-0.972656
0.980438
0.988251
-0.949219
-0.949219
-0.972656
-0.980469
-0.980469
-0.996094
0.988251
0.972626
-0.972656
-0.855469
-0.894531
0.949188
0.902313
-0.988281
-0.941406
-0.933594
-0.925781
-0.949219
0.972626
0.941376
-0.980469
-0.855469
-0.933594
0.949188
0.957001
-0.933594
-0.878906
-0.949219
0.964813
0.964813
-0.964844
-0.902344
-0.910156
0.957001
0.925751
-0.917969
-0.800781
-0.964844
0.863251
0.957001
-0.871094
-0.894531
-0.980469
-0.933594
-0.925781
0.933563
0.917938
-0.917969
-0.886719
-0.972656
-0.964844
-0.964844
0.964813
0.996063
-0.933594
-0.886719
-0.886719
-0.988281
0.917938
0.949188
-0.910156
-0.816406
-0.910156
0.902313
0.902313
-0.941406
-0.847656
-0.949219
0.949188
0.949188
-0.972656
-0.902344
-0.910156
0.980438
0.941376
-0.957031
-0.902344
0.996063
-0.996094
-0.886719
-0.949219
0.894501
0.957001
-0.855469
-0.839844
0.972626
0.847626
0.980438
-0.839844
-0.863281
-0.988281
0.910126
0.886688
-0.996094
-0.800781
-0.855469
0.886688
0.863251
-0.894531
-0.816406
0.964813
0.886688
-0.980469
-0.894531
-0.949219
-0.996094
-0.972656
-0.996094
0.949188
0.980438
-0.902344
-0.917969
0.988251
-0.996094
-0.925781
-0.957031
0.941376
0.933563
-0.941406
-0.824219
-0.902344
0.941376
0.917938
-0.972656
-0.925781
-0.957031
-0.949219
-0.925781
-0.980469
0.941376
0.933563
-0.941406
-0.839844
-0.910156
0.972626
0.980438
-0.980469
0.996063
-0.980469
-0.894531
-0.886719
-0.980469
0.925751
0.957001
-0.941406
-0.871094
-0.886719
-0.972656
0.957001
0.941376
-0.980469
-0.886719
-0.902344
-0.964844
-0.996094
-0.980469
0.996063
0.972626
-0.933594
-0.855469
-0.917969
0.988251
0.949188
0.972626
-0.972656
-0.847656
-0.839844
0.964813
0.855438
-0.988281
-0.816406
-0.902344
0.949188
0.996063
-0.957031
-0.988281
0.996063
-0.957031
-0.941406
-0.941406
-0.949219
0.996063
0.925751
0.996063
-0.871094
-0.847656
-0.972656
0.925751
0.910126
-0.996094
-0.902344
-0.886719
-0.949219
0.996063
0.957001
0.949188
-0.980469
-0.871094
-0.894531
0.972626
0.925751
-0.988281
-0.910156
-0.964844
0.988251
-0.996094
-0.957031
-0.949219
-0.972656
-0.996094
-0.996094
-0.980469
-0.972656
-0.980469
-0.957031
-0.933594
-0.988281
0.925751
0.988251
-0.886719
-0.878906
-0.964844
0.957001
0.949188
-0.972656
-0.910156
-0.933594
0.988251
-0.996094
-0.941406
-0.933594
-0.988281
-0.988281
0.980438
0.964813
-0.917969
-0.792969
-0.902344
0.878876
0.863251
-0.957031
-0.816406
-0.832031
0.996063
0.886688
0.972626
-0.910156
-0.902344
-0.964844
-0.980469
-0.941406
-0.972656
0.949188
0.972626
-0.910156
-0.878906
-0.980469
-0.996094
-0.972656
-0.980469
-0.972656
-0.988281
0.972626
-0.996094
-0.863281
-0.878906
0.949188
0.894501
-0.957031
-0.863281
-0.933594
-0.996094
-0.980469
-0.917969
-0.996094
0.925751
-0.949219
-0.792969
-0.933594
0.878876
0.941376
-0.878906
-0.886719
0.957001
0.902313
-0.925781
-0.816406
-0.949219
0.902313
0.941376
-0.964844
-0.910156
-0.917969
-0.941406
-0.996094
0.941376
0.933563
-0.957031
-0.816406
-0.917969
0.917938
0.941376
-0.925781
-0.941406
0.964813
-0.980469
-0.855469
-0.941406
0.902313
0.949188
-0.902344
-0.902344
0.988251
0.996063
-0.925781
-0.933594
0.988251
0.957001
-0.972656
-0.910156
-0.917969
-0.988281
0.980438
-0.996094
-0.988281
-0.964844
-0.925781
-0.949219
0.988251
0.964813
-0.964844
-0.917969
-0.988281
0.980438
-0.949219
-0.917969
-0.964844
0.988251
0.972626
-0.964844
-0.855469
-0.933594
0.910126
0.949188
-0.878906
-0.871094
-0.996094
0.980438
-0.980469
-0.972656
-0.988281
-0.964844
-0.917969
-0.917969
-0.996094
0.949188
-0.996094
-0.902344
-0.933594
-0.996094
-0.933594
-0.902344
0.980438
0.917938
-0.941406
-0.832031
-0.941406
0.964813
-0.972656
-0.933594
0.988251
0.964813
-0.878906
-0.847656
0.980438
0.886688
-0.988281
-0.886719
-0.910156
0.980438
0.996063
-0.933594
-0.964844
0.957001
-0.996094
-0.871094
-0.894531
0.964813
0.933563
-0.980469
-0.910156
-0.917969
-0.972656
0.980438
0.964813
-0.996094
-0.902344
-0.871094
-0.964844
0.902313
0.894501
-0.949219
-0.808594
-0.886719
0.957001
0.910126
0.988251
-0.964844
-0.949219
-0.894531
-0.871094
-0.996094
0.839813
0.925751
-0.855469
-0.816406
-0.980469
0.941376
0.964813
-0.996094
-0.941406
-0.917969
-0.957031
-0.996094
-0.996094
-0.972656
-0.996094
-0.980469
-0.933594
-0.941406
0.996063
0.980438
-0.957031
-0.925781
-0.964844
-0.988281
-0.996094
-0.980469
-0.964844
-0.949219
-0.949219
-0.996094
0.972626
-0.988281
-0.910156
-0.925781
-0.988281
-0.996094
0.996063
0.996063
-0.941406
-0.902344
-0.941406
0.988251
0.972626
-0.980469
-0.941406
-0.949219
-0.957031
-0.957031
-0.996094
0.996063
-0.996094
-0.972656
-0.925781
-0.917969
-0.980469
0.972626
0.988251
-0.949219
-0.910156
-0.933594
-0.996094
0.949188
-0.996094
-0.925781
-0.925781
-0.996094
0.996063
-0.980469
-0.988281
-0.980469
-0.917969
-0.917969
-0.996094
0.972626
-0.964844
-0.886719
-0.925781
0.980438
0.957001
-0.949219
-0.910156
-0.972656
-0.996094
-0.964844
-0.964844
-0.996094
0.972626
-0.996094
-0.933594
-0.910156
-0.957031
-0.996094
0.964813
0.972626
-0.980469
-0.878906
-0.878906
0.988251
0.933563
-0.988281
-0.941406
-0.980469
-0.949219
-0.910156
-0.988281
0.957001
0.996063
-0.941406
-0.917969
-0.972656
0.957001
0.972626
-0.941406
-0.917969
-0.980469
-0.996094
-0.972656
-0.988281
0.972626
-0.988281
-0.894531
-0.917969
0.988251
0.964813
0.996063
-0.972656
-0.925781
-0.925781
-0.964844
-0.996094
0.980438
0.972626
-0.957031
-0.878906
-0.910156
0.957001
0.910126
-0.972656
-0.886719
-0.941406
-0.988281
-0.988281
0.996063
0.996063
-0.972656
-0.925781
-0.964844
-0.972656
-0.988281
0.988251
-0.996094
-0.902344
-0.902344
0.988251
0.949188
-0.980469
-0.910156
-0.941406
-0.957031
-0.996094
0.972626
-0.996094
-0.933594
-0.917969
-0.980469
0.980438
-0.996094
-0.925781
-0.941406
0.980438
-0.964844
-0.902344
-0.996094
0.933563
-0.964844
-0.855469
-0.933594
0.949188
0.964813
-0.941406
-0.902344
-0.933594
-0.996094
0.988251
-0.988281
-0.941406
-0.949219
-0.972656
-0.988281
-0.972656
-0.988281
-0.996094
-0.957031
-0.933594
-0.957031
0.980438
0.996063
-0.933594
-0.933594
-0.972656
-0.957031
-0.972656
0.957001
-0.996094
-0.894531
-0.925781
0.972626
-0.996094
-0.949219
-0.988281
-0.996094
-0.949219
-0.949219
-0.988281
-0.949219
-0.917969
-0.996094
0.933563
0.988251
-0.886719
-0.855469
-0.949219
0.957001
0.933563
0.941376
-0.980469
-0.808594
-0.808594
-0.996094
0.941376
-0.996094
0.996063
0.863251
0.832001
0.980438
-0.871094
-0.761719
-0.761719
-0.941406
0.769501
0.730438
-0.941406
-0.527344
-0.480469
-0.925781
0.582001
0.558563
0.972626
-0.824219
-0.832031
-0.605469
-0.683594
0.675751
0.480438
-0.988281
-0.644531
-0.738281
-0.917969
0.949188
0.886688
0.925751
0.996063
-0.988281
-0.949219
-0.941406
-0.949219
-0.941406
-0.980469
0.972626
0.996063
-0.925781
-0.925781
-0.996094
-0.980469
-0.933594
-0.972656
0.996063
-0.957031
-0.925781
-0.996094
0.957001
-0.972656
-0.933594
0.964813
0.917938
-0.972656
-0.824219
-0.855469
0.988251
0.894501
0.964813
-0.933594
-0.910156
-0.925781
-0.972656
-0.980469
-0.925781
-0.917969
0.980438
0.925751
-0.988281
-0.886719
-0.917969
0.980438
0.964813
-0.949219
-0.910156
-0.980469
0.941376
0.980438
-0.996094
-0.996094
-0.972656
-0.894531
-0.902344
-0.996094
0.972626
-0.980469
-0.917969
-0.957031
0.988251
-0.996094
-0.925781
-0.949219
0.957001
0.964813
-0.933594
-0.886719
-0.949219
0.980438
0.980438
-0.996094
-0.972656
-0.949219
-0.949219
-0.972656
-0.996094
-0.972656
-0.949219
-0.964844
-0.980469
-0.980469
-0.949219
-0.949219
-0.996094
0.957001
0.996063
-0.902344
-0.871094
-0.972656
0.949188
0.972626
-0.964844
-0.917969
-0.925781
-0.980469
0.980438
-0.980469
-0.933594
-0.941406
-0.996094
-0.988281
-0.964844
-0.972656
-0.972656
-0.980469
-0.996094
-0.996094
-0.988281
-0.933594
-0.933594
-0.988281
0.996063
-0.988281
-0.949219
-0.933594
-0.917969
-0.949219
0.996063
0.964813
0.988251
-0.925781
-0.878906
-0.933594
0.941376
0.941376
-0.949219
-0.910156
-0.941406
-0.988281
0.988251
0.980438
-0.996094
-0.957031
-0.941406
-0.933594
-0.964844
0.988251
0.972626
-0.964844
-0.894531
-0.917969
0.988251
0.957001
-0.996094
-0.933594
-0.925781
-0.972656
0.988251
-0.996094
-0.972656
-0.980469
-0.980469
-0.972656
-0.972656
-0.980469
-0.980469
-0.980469
-0.972656
-0.980469
-0.972656
-0.972656
-0.964844
-0.972656
-0.972656
-0.988281
-0.996094
-0.980469
-0.949219
-0.925781
-0.972656
0.980438
0.996063
-0.957031
-0.941406
-0.949219
-0.988281
0.988251
0.980438
-0.980469
-0.933594
-0.933594
-0.972656
-0.980469
-0.988281
-0.996094
-0.964844
-0.933594
-0.949219
-0.996094
0.972626
-0.996094
-0.941406
-0.910156
-0.941406
-0.996094
0.996063
-0.996094
-0.964844
-0.949219
-0.957031
-0.988281
-0.996094
-0.988281
-0.972656
-0.972656
-0.980469
-0.957031
-0.941406
-0.964844
-0.988281
0.996063
-0.980469
-0.949219
-0.964844
-0.980469
-0.980469
-0.972656
-0.988281
-0.972656
-0.964844
-0.972656
-0.980469
-0.996094
-0.972656
-0.941406
-0.980469
0.988251
-0.980469
-0.941406
-0.949219
-0.996094
-0.996094
-0.996094
-0.980469
-0.972656
-0.957031
-0.988281
0.996063
-0.964844
-0.941406
-0.949219
-0.972656
-0.980469
-0.996094
-0.964844
-0.941406
-0.957031
-0.996094
-0.996094
-0.980469
-0.972656
-0.980469
-0.988281
-0.988281
-0.980469
-0.996094
-0.996094
-0.957031
-0.949219
-0.988281
0.996063
-0.980469
-0.972656
-0.980469
-0.980469
-0.964844
-0.964844
-0.988281
-0.980469
-0.980469
-0.996094
-0.980469
-0.972656
-0.949219
-0.941406
-0.996094
0.988251
-0.972656
-0.941406
-0.949219
-0.988281
-0.996094
-0.996094
-0.964844
-0.949219
-0.949219
-0.980469
0.996063
-0.996094
-0.949219
-0.949219
-0.996094
0.996063
-0.988281
-0.957031
-0.957031
-0.972656
-0.980469
-0.988281
-0.964844
-0.941406
-0.964844
-0.996094
-0.996094
-0.972656
-0.941406
-0.957031
-0.980469
-0.996094
-0.972656
-0.964844
-0.964844
-0.964844
-0.988281
-0.996094
-0.964844
-0.941406
-0.964844
-0.996094
-0.996094
-0.964844
-0.949219
-0.957031
-0.996094
-0.988281
-0.972656
-0.972656
-0.996094
-0.980469
-0.980469
-0.972656
-0.972656
-0.980469
-0.980469
-0.972656
-0.964844
-0.980469
-0.988281
-0.972656
-0.980469
-0.957031
-0.964844
-0.996094
-0.980469
-0.957031
-0.957031
-0.980469
-0.996094
-0.980469
-0.949219
-0.972656
-0.996094
-0.996094
-0.957031
-0.988281
-0.988281
-0.972656
-0.941406
-0.988281
0.996063
-0.988281
-0.949219
-0.949219
-0.980469
-0.996094
-0.996094
-0.988281
-0.964844
-0.972656
-0.972656
-0.988281
-0.972656
-0.980469
0.996063
0.996063
-0.957031
-0.941406
-0.957031
-0.988281
-0.980469
-0.972656
-0.972656
-0.972656
-0.972656
-0.964844
-0.972656
-0.980469
-0.996094
-0.964844
-0.972656
-0.957031
-0.964844
-0.972656
-0.980469
-0.988281
-0.980469
-0.972656
-0.972656
-0.972656
-0.972656
-0.972656
-0.980469
-0.980469
-0.972656
-0.972656
-0.964844
-0.972656
-0.996094
-0.996094
-0.988281
-0.941406
-0.957031
-0.988281
-0.996094
-0.964844
-0.941406
-0.964844
-0.996094
-0.972656
-0.949219
-0.964844
-0.988281
-0.980469
-0.972656
-0.964844
-0.972656
-0.972656
-0.972656
-0.980469
-0.996094
-0.996094
-0.972656
-0.972656
-0.980469
-0.988281
-0.972656
-0.972656
-0.972656
-0.957031
-0.964844
-0.988281
-0.996094
-0.980469
-0.957031
-0.972656
-0.972656
-0.988281
0.988251
0.996063
-0.980469
-0.941406
-0.941406
-0.972656
-0.996094
-0.996094
-0.980469
-0.949219
-0.957031
-0.980469
-0.972656
-0.972656
-0.980469
-0.980469
-0.980469
-0.980469
-0.988281
-0.988281
-0.980469
-0.980469
-0.980469
-0.980469
-0.980469
-0.964844
-0.949219
-0.957031
-0.988281
-0.996094
-0.980469
-0.964844
-0.980469
-0.988281
-0.988281
-0.949219
-0.964844
-0.972656
-0.980469
-0.980469
-0.972656
-0.964844
-0.964844
-0.941406
-0.964844
-0.996094
-0.996094
-0.980469
-0.941406
-0.941406
-0.964844
-0.996094
0.988251
-0.980469
-0.949219
-0.925781
-0.949219
-0.996094
0.996063
-0.996094
-0.964844
-0.949219
-0.964844
-0.980469
-0.980469
-0.980469
-0.980469
-0.957031
-0.964844
-0.980469
-0.988281
-0.980469
-0.972656
-0.949219
-0.972656
-0.980469
-0.980469
-0.972656
-0.980469
-0.972656
-0.972656
-0.972656
-0.988281
-0.972656
-0.964844
-0.964844
-0.964844
-0.972656
-0.980469
-0.980469
-0.980469
-0.972656
-0.972656
-0.972656
-0.972656
-0.972656
-0.988281
-0.980469
-0.980469
-0.964844
-0.972656
-0.972656
-0.980469
-0.980469
-0.988281
-0.972656
-0.972656
-0.964844
-0.980469
-0.988281
-0.980469
-0.972656
-0.972656
-0.988281
-0.980469
-0.972656
-0.972656
-0.964844
-0.972656
-0.972656
-0.972656
-0.980469
-0.980469
-0.972656
-0.964844
-0.972656
-0.972656
-0.972656
-0.972656
-0.980469
-0.972656
-0.972656
-0.980469
-0.980469
-0.980469
-0.972656
-0.972656
-0.972656
-0.980469
-0.972656
-0.964844
-0.949219
-0.964844
-0.972656
-0.980469
-0.988281
-0.972656
-0.957031
-0.964844
-0.988281
-0.988281
-0.972656
-0.964844
-0.972656
-0.972656
-0.972656
-0.972656
-0.980469
-0.972656
-0.964844
-0.972656
-0.988281
-0.980469
-0.972656
-0.972656
-0.972656
-0.972656
-0.980469
-0.972656
-0.972656
-0.972656
-0.972656
-0.980469
-0.972656
-0.964844
-0.980469
-0.996094
-0.996094
-0.988281
-0.980469
-0.957031
-0.957031
-0.980469
-0.996094
-0.980469
-0.972656
-0.972656
-0.972656
-0.980469
-0.972656
-0.972656
-0.972656
-0.972656
-0.972656
-0.972656
-0.988281
-0.972656
-0.972656
-0.972656
-0.964844
-0.972656
-0.980469
-0.980469
-0.988281
-0.972656
-0.980469
-0.972656
-0.964844
-0.964844
-0.972656
-0.980469
-0.980469
-0.964844
-0.972656
-0.980469
0.996063
-0.996094
-0.957031
-0.949219
-0.988281
-0.972656
-0.964844
-0.972656
-0.972656
-0.972656
-0.980469
-0.972656
-0.957031
-0.941406
-0.949219
-0.980469
-0.988281
-0.980469
-0.972656
-0.972656
-0.980469
-0.988281
-0.988281
-0.980469
-0.972656
-0.980469
-0.988281
-0.980469
-0.964844
-0.972656
-0.957031
-0.972656
-0.972656
-0.972656
-0.964844
-0.964844
-0.972656
-0.980469
-0.996094
-0.996094
-0.980469
-0.972656
-0.980469
-0.980469
-0.980469
-0.972656
-0.972656
-0.957031
-0.964844
-0.980469
-0.972656
-0.980469
-0.972656
-0.980469
-0.972656
-0.972656
-0.972656
-0.980469
-0.988281
-0.972656
-0.972656
-0.972656
-0.980469
-0.972656
-0.972656
-0.972656
-0.972656
-0.988281
-0.980469
-0.980469
-0.972656
-0.972656
-0.964844
-0.972656
0.498286
0.499143
0.500001
