129
127
123
122
126
126
72
125
125
125
125
125
125
125
125
125
125
125
125
125
125
125
125
125
125
125
125
125
125
125
125
125
125
126
126
125
125
125
125
125
125
125
125
125
125
125
125
125
125
125
126
125
125
125
126
125
125
125
125
125
125
125
125
125
125
125
125
125
125
125
125
125
125
125
125
125
125
125
125
125
126
125
125
126
125
126
125
125
125
125
125
125
126
126
125
125
125
126
125
125
125
125
125
125
125
125
125
125
125
125
125
125
125
125
125
125
125
125
125
125
125
126
125
125
125
125
125
125
125
125
125
125
125
125
125
125
125
125
126
126
125
125
125
125
125
125
125
125
125
125
125
125
125
125
125
125
125
125
125
125
125
125
125
125
125
125
125
125
125
125
125
125
125
125
125
125
125
125
125
125
125
125
125
125
125
125
125
125
125
125
125
125
125
125
125
125
125
125
125
125
125
125
125
125
125
125
125
125
125
125
125
125
125
125
125
125
125
125
125
125
125
125
125
125
125
125
125
125
125
125
125
125
125
125
125
125
125
125
125
125
125
125
125
125
125
125
125
125
125
125
125
125
125
125
125
125
125
125
125
125
125
125
126
125
125
125
125
125
125
125
125
125
125
125
125
125
125
125
125
125
125
125
126
125
125
125
125
125
125
125
125
125
125
125
125
125
125
125
125
125
125
125
125
125
125
125
125
125
125
125
125
125
125
125
125
125
125
125
125
125
125
125
125
125
125
125
125
126
124
125
126
125
125
126
125
125
125
125
125
125
125
125
125
125
125
125
125
125
125
125
125
125
125
125
125
125
125
125
126
126
126
126
126
126
125
125
126
126
125
125
126
126
126
126
126
125
126
125
125
126
126
126
125
125
125
125
125
125
125
125
125
125
125
126
125
125
125
125
126
126
126
126
126
125
125
125
126
126
125
126
125
125
125
125
125
125
125
125
125
125
125
125
125
125
125
125
125
125
125
125
125
125
126
126
125
126
125
125
125
125
125
125
125
125
125
125
125
125
125
125
125
125
125
125
125
125
125
125
126
125
126
125
125
126
125
125
125
126
125
126
125
125
125
125
125
125
125
125
126
125
125
125
125
125
126
125
125
125
125
125
125
125
125
125
125
126
126
125
126
126
125
125
125
125
125
125
125
125
125
125
125
125
125
126
126
126
125
126
126
126
125
125
125
125
125
125
126
126
125
125
126
126
126
125
125
126
125
125
125
126
125
125
126
126
125
125
125
125
125
125
125
125
125
125
125
125
125
125
125
125
125
126
125
125
126
125
125
126
125
125
125
125
125
125
125
125
126
126
126
125
125
125
125
125
125
125
125
125
125
125
125
125
125
125
125
125
125
125
125
125
125
125
125
125
125
126
126
125
125
125
126
126
125
125
125
125
125
125
125
125
125
126
126
125
125
125
125
125
125
126
126
125
125
125
125
126
125
125
125
125
125
125
125
125
125
125
126
126
126
125
125
125
126
126
125
125
125
125
126
126
125
124
125
125
126
125
125
125
126
126
125
125
126
125
125
125
126
125
125
125
125
125
125
125
125
125
125
125
126
126
125
125
125
125
126
126
126
126
125
125
125
126
126
126
125
124
124
125
125
125
125
125
126
126
125
125
126
126
125
124
124
127
127
126
122
125
126
126
127
126
124
124
125
126
126
126
125
124
124
125
125
126
126
126
124
124
126
128
127
125
124
124
125
126
126
126
125
125
126
127
127
126
125
123
123
125
126
126
125
124
126
127
127
126
126
126
125
125
126
126
126
126
126
127
127
125
124
125
126
126
123
123
123
125
127
127
126
128
131
130
124
120
124
126
125
129
131
125
120
125
128
126
123
120
118
123
131
131
127
126
126
127
130
128
120
116
121
129
131
129
126
125
126
127
125
124
123
123
125
128
129
127
123
118
114
115
128
156
176
155
91
43
73
157
196
144
82
93
137
151
140
128
122
123
127
122
121
126
125
124
131
140
132
105
97
126
157
156
129
105
96
97
118
163
167
112
83
112
149
163
149
99
63
96
166
192
137
77
101
156
170
136
64
46
140
194
111
64
212
255
180
141
174
109
255
255
52
111
50
249
248
131
41
26
88
170
193
146
83
67
129
195
171
86
43
79
162
204
163
86
56
105
167
164
114
84
111
144
142
129
130
128
114
108
124
140
137
121
117
116
120
136
142
132
118
104
110
141
160
132
102
107
121
131
147
146
109
79
103
154
171
136
101
105
129
137
138
142
131
107
104
130
144
126
106
102
127
149
145
125
117
112
121
151
143
95
87
140
174
137
84
86
130
168
161
113
101
134
144
112
97
113
130
136
135
135
131
122
111
110
124
143
142
130
129
129
111
98
112
141
156
139
115
103
110
132
147
132
112
114
118
125
138
134
115
125
135
144
132
118
107
114
118
118
132
134
130
139
146
126
99
112
144
140
111
105
116
123
135
143
125
111
125
153
155
125
92
96
121
127
117
136
155
137
114
110
124
142
142
117
98
114
135
134
131
135
126
117
121
117
111
131
153
146
113
94
111
137
149
137
121
113
111
122
132
130
119
124
142
132
108
115
143
146
115
105
125
132
114
121
149
146
115
99
110
133
145
132
116
118
125
123
125
133
136
131
121
112
117
129
133
129
126
122
114
116
132
143
135
121
112
116
127
123
118
133
142
121
112
136
139
115
112
126
125
123
136
135
123
121
126
122
119
123
121
120
135
143
137
129
113
102
115
133
128
117
132
142
122
118
140
137
106
108
147
149
102
91
132
154
130
108
116
133
136
130
123
122
124
131
129
113
118
143
134
109
116
130
119
112
133
147
135
123
123
120
116
125
132
130
126
124
118
118
123
125
129
138
134
116
111
125
135
131
126
126
122
116
116
127
142
141
122
110
118
129
129
122
122
127
130
127
123
122
125
127
127
124
116
114
131
144
132
113
113
128
133
126
125
134
133
118
108
117
129
132
135
133
121
116
126
134
125
117
121
128
128
124
124
125
126
129
131
125
117
115
124
134
136
125
115
119
125
129
131
125
117
122
138
140
124
111
111
122
130
131
127
125
129
133
132
125
118
117
123
123
123
133
135
120
105
118
140
144
131
119
118
122
126
129
127
121
122
128
126
118
117
129
140
134
117
108
126
143
135
118
116
118
120
129
137
128
118
123
129
124
128
136
125
112
119
130
131
126
124
123
122
124
124
119
126
139
135
118
109
126
141
133
117
114
121
130
127
118
122
139
143
125
111
114
125
132
130
120
114
124
134
132
124
123
128
125
118
121
134
138
126
112
117
133
133
122
119
120
126
122
121
125
127
128
127
126
125
125
125
123
122
124
128
129
127
125
122
124
127
127
127
125
123
123
125
127
126
123
123
125
128
128
126
125
126
125
124
126
127
125
123
124
127
126
123
123
126
129
127
127
138
117
90
130
122
126
130
134
132
126
123
126
129
125
121
125
131
130
124
122
123
129
130
124
120
125
131
129
124
122
126
131
130
125
122
124
129
130
128
124
122
126
129
129
125
125
126
128
128
125
123
125
128
127
123
123
123
126
129
131
128
125
121
124
127
128
128
127
124
123
126
126
124
126
118
129
123
124
126
129
127
126
129
132
126
124
126
127
126
126
125
126
127
125
124
124
125
127
125
124
126
126
125
124
126
128
127
123
123
125
124
126
126
126
125
126
127
126
124
124
124
126
134
126
123
127
129
126
123
122
124
123
122
122
124
127
125
121
122
127
130
129
127
128
128
126
123
114
118
125
127
126
128
128
129
129
126
127
127
125
123
125
127
126
125
125
128
127
124
122
124
129
127
125
123
123
124
127
127
127
125
125
126
126
125
125
125
128
126
122
71
126
125
125
125
125
126
126
126
125
125
126
125
126
125
125
125
125
125
126
126
126
125
125
126
126
126
126
126
126
126
126
126
126
125
125
125
126
126
126
126
126
126
126
126
126
126
125
125
126
126
126
125
125
126
126
126
126
126
126
126
126
126
126
126
125
125
126
126
126
126
126
126
126
126
126
126
126
126
126
126
126
125
126
126
126
126
125
126
126
126
125
126
126
125
125
125
125
125
125
126
126
126
126
126
125
125
125
126
126
126
125
126
126
125
125
126
126
126
126
126
126
126
126
126
125
126
126
126
126
125
125
126
126
125
126
125
126
126
126
126
126
126
125
125
125
125
125
125
125
126
126
126
126
126
126
126
126
126
125
125
125
125
125
125
125
125
125
126
126
126
126
126
126
126
125
126
126
125
126
125
126
126
126
126
126
126
126
126
126
125
126
126
125
126
126
126
125
126
126
126
126
126
126
126
126
126
126
126
126
126
126
126
125
126
126
126
126
125
126
125
125
125
125
125
126
126
126
126
126
125
126
126
126
126
126
126
125
125
125
125
125
125
125
125
125
125
125
125
125
125
125
125
126
125
125
125
125
125
125
125
125
125
125
125
125
126
126
126
125
125
125
125
125
126
126
125
125
126
126
126
125
125
125
126
125
126
125
125
125
125
125
125
125
125
125
125
125
126
126
125
125
126
125
125
125
125
125
125
125
125
125
125
125
125
126
126
125
125
125
125
125
125
125
125
125
125
126
125
125
125
125
125
126
125
125
125
125
126
126
125
125
125
125
125
125
125
125
125
125
126
125
125
125
129
