123
124
125
127
129
127
49
125
125
125
125
125
125
125
125
125
125
125
125
125
125
125
125
126
126
125
125
125
125
126
126
126
125
125
126
126
126
125
126
125
125
126
126
125
125
125
125
125
125
125
125
125
125
125
125
125
125
125
125
125
125
125
125
125
125
125
125
125
126
126
125
125
126
125
125
125
125
125
125
125
125
125
125
125
125
125
125
125
125
125
125
125
125
125
125
125
125
125
125
125
125
125
125
125
125
125
125
125
125
125
125
125
125
125
125
125
125
125
125
125
125
125
125
125
125
125
125
125
125
125
125
125
125
125
125
125
125
125
125
125
125
125
125
125
125
125
125
125
125
125
125
125
125
125
125
125
125
125
125
125
125
125
125
125
125
125
125
125
125
125
125
125
125
125
125
125
125
125
125
125
125
125
125
125
125
125
125
125
125
125
125
125
125
125
125
125
125
125
125
125
125
125
125
125
125
125
125
125
125
125
125
125
125
125
125
125
125
125
126
125
125
125
125
125
125
125
125
125
125
125
125
125
125
125
125
125
125
125
125
125
125
125
125
125
125
125
125
125
125
125
125
125
125
125
125
125
125
125
125
125
125
125
125
125
125
125
125
125
125
125
125
125
125
125
125
125
125
125
125
125
125
125
125
125
125
125
125
125
125
125
125
125
125
125
125
125
125
125
125
125
125
125
125
125
125
125
125
125
125
125
125
125
125
125
125
125
125
125
125
125
125
125
125
125
125
125
125
125
125
125
125
125
125
125
125
125
125
125
125
125
125
125
125
125
125
125
125
125
125
125
125
125
125
125
125
125
125
125
125
125
125
125
125
125
125
125
125
125
125
125
125
125
125
125
125
125
125
125
125
125
125
125
125
125
125
125
125
125
125
125
125
125
125
125
125
125
125
125
125
125
125
125
125
125
125
125
125
125
125
125
125
125
125
125
125
125
125
125
125
125
125
125
125
125
125
125
125
125
125
125
125
125
125
125
125
125
125
125
125
125
125
125
125
125
125
125
125
125
125
125
125
125
125
125
125
125
125
125
125
125
125
125
125
125
125
125
125
125
125
125
125
125
125
125
125
125
125
125
125
125
125
125
125
125
125
125
125
125
125
125
125
125
125
125
125
125
125
125
126
125
125
125
125
126
125
125
125
125
125
125
125
125
125
125
125
125
125
125
125
125
125
125
125
125
125
125
126
125
125
125
125
125
125
125
125
125
125
125
125
126
125
125
126
126
127
129
126
122
121
126
129
124
119
117
119
122
128
132
131
128
127
126
127
126
120
116
130
145
136
105
93
113
141
150
138
119
115
124
124
121
129
128
112
117
140
141
121
109
120
135
132
116
113
130
136
127
122
126
127
125
122
118
124
136
133
121
121
129
126
115
113
124
133
129
120
124
134
134
128
124
120
117
120
126
130
128
125
124
127
127
122
120
127
131
122
113
121
135
134
123
119
127
130
125
123
128
135
133
119
108
113
126
130
126
128
131
124
121
127
129
123
124
131
131
124
116
111
120
137
134
123
124
129
126
120
118
124
130
129
121
118
125
137
143
124
99
107
141
153
128
103
100
123
155
156
117
83
97
138
155
153
143
111
67
71
154
214
165
60
43
145
214
155
65
66
125
168
165
128
95
96
126
147
137
122
115
117
125
138
137
124
120
123
122
119
125
130
122
114
127
142
128
111
125
146
133
110
115
134
132
118
118
128
126
118
122
134
136
127
120
120
124
127
127
125
124
126
126
123
124
126
126
125
127
127
125
122
124
126
127
124
122
123
126
128
127
124
124
126
127
125
123
124
125
125
124
125
126
127
126
125
125
125
125
125
126
126
125
124
124
124
125
125
126
125
125
125
126
127
126
124
124
125
125
124
123
124
125
126
125
125
125
126
127
126
125
124
124
126
128
127
124
122
122
125
127
126
124
123
125
128
128
126
124
124
125
126
125
125
126
127
126
124
122
124
128
129
125
119
119
127
134
130
119
115
123
133
132
122
116
122
132
132
124
120
124
129
128
125
122
124
126
126
123
122
125
127
126
124
124
126
128
127
125
123
123
125
126
127
126
124
123
124
125
125
125
125
125
125
125
126
126
124
123
125
127
127
125
124
124
125
127
127
124
123
124
125
126
126
126
125
124
124
124
124
125
125
124
125
126
126
125
125
125
126
126
125
124
125
126
126
125
125
125
124
123
124
125
125
124
124
126
126
125
125
126
126
126
126
125
124
124
125
125
125
125
125
125
124
125
125
126
126
126
126
126
126
125
125
124
124
124
125
127
126
126
125
126
125
125
125
125
125
124
124
125
125
125
125
125
124
124
126
126
126
125
125
126
125
125
125
125
125
125
125
125
125
125
125
126
125
126
125
125
125
126
125
124
124
125
126
125
124
125
126
125
125
126
126
124
124
125
125
125
125
125
125
126
126
125
124
125
125
125
125
125
124
125
125
125
125
125
125
125
125
125
125
125
125
125
125
125
125
125
125
125
125
125
125
125
125
125
125
125
125
125
125
125
125
125
125
124
124
125
126
126
126
124
126
125
126
126
126
125
124
123
124
125
126
126
125
125
125
126
125
125
125
125
125
124
125
124
125
126
125
125
125
125
125
125
125
125
125
125
125
125
125
125
125
125
126
125
125
125
125
125
125
123
122
125
125
125
127
126
126
126
126
125
125
125
125
125
125
125
125
125
124
124
125
125
125
125
125
126
126
126
126
125
125
125
125
126
125
124
124
125
126
126
125
125
124
125
125
127
128
128
128
128
126
125
125
126
125
125
125
125
125
126
126
126
126
126
126
125
125
125
125
125
125
125
125
125
125
125
126
126
126
126
126
126
126
126
125
125
125
126
126
125
126
126
125
125
126
125
125
124
125
125
125
126
126
125
126
126
126
126
126
125
125
125
126
127
126
125
125
126
125
126
126
126
126
125
126
125
125
125
125
126
125
125
126
125
126
125
125
126
126
125
125
124
126
126
126
126
126
126
126
126
126
125
125
126
126
126
126
126
126
126
126
126
126
125
126
126
126
126
125
125
125
125
125
126
126
125
126
125
126
126
125
126
125
126
126
125
126
125
125
125
129
128
126
125
125
125
124
125
125
125
125
126
125
125
125
125
125
125
126
125
124
125
126
126
126
126
132
128
127
126
124
123
123
123
124
126
124
122
123
127
127
127
127
126
126
125
125
126
125
124
123
123
125
124
123
124
124
126
127
129
130
128
127
127
126
126
126
124
122
122
123
124
125
126
127
127
127
127
126
127
126
125
125
124
123
123
124
125
127
126
124
124
126
128
126
125
124
123
125
126
125
125
124
124
124
125
126
126
126
124
126
126
126
126
126
126
125
126
126
126
126
126
125
125
125
124
124
124
124
124
123
124
125
125
126
126
127
127
126
126
125
124
125
125
125
125
126
126
127
126
126
126
126
124
125
125
125
124
124
125
125
126
125
125
125
126
125
124
125
125
125
125
125
126
125
125
124
125
125
126
126
126
126
125
127
144
68
134
122
129
129
129
129
128
128
128
126
126
126
125
125
125
124
126
126
127
126
104
81
132
126
132
133
133
131
131
131
129
128
127
128
127
128
127
127
128
128
128
128
127
128
127
127
127
127
127
127
127
126
126
126
124
126
127
128
127
127
128
128
129
127
125
120
116
122
125
129
128
125
126
129
132
130
129
127
126
125
125
126
125
123
122
122
124
125
126
124
125
126
128
130
129
129
128
127
128
127
124
122
121
121
123
124
125
126
126
127
129
129
128
127
124
124
123
123
123
122
123
126
127
127
126
126
127
125
125
124
123
124
124
125
125
124
125
125
124
126
127
126
127
127
127
126
126
126
126
126
126
50
126
126
126
126
126
126
126
126
125
126
126
125
126
125
125
126
126
126
126
126
125
126
126
125
125
125
126
125
125
126
125
126
126
126
126
126
126
126
126
126
126
126
125
125
126
126
126
126
126
126
126
126
126
126
125
126
125
125
126
126
125
125
126
125
125
126
125
126
125
126
125
125
125
125
125
125
125
125
125
125
125
125
125
125
126
125
125
125
125
125
125
125
126
125
126
125
125
125
125
125
125
125
125
125
125
125
125
125
125
125
125
126
126
125
125
125
125
125
125
125
126
125
125
126
125
125
125
125
125
125
125
125
125
126
125
125
125
126
125
125
125
125
126
125
125
125
125
125
125
125
126
125
126
125
126
125
125
125
126
125
125
126
126
125
125
125
125
125
125
125
125
125
125
126
125
125
125
125
125
125
125
125
125
125
126
125
125
125
125
125
125
125
125
125
125
125
125
125
125
125
125
125
125
125
125
126
126
125
125
125
125
125
125
125
125
125
125
125
125
125
125
125
125
125
125
125
125
125
125
125
125
125
125
125
125
125
125
125
125
125
125
125
125
125
125
125
125
125
125
125
125
125
125
125
125
125
125
125
126
125
125
125
125
125
125
125
125
125
125
125
125
125
125
125
125
125
125
125
125
125
125
125
125
125
125
125
126
125
125
125
126
125
126
126
126
126
126
125
126
126
126
126
126
125
125
126
125
126
126
126
126
126
126
126
125
126
126
125
125
125
125
125
125
126
125
125
126
126
125
125
125
125
126
125
126
126
125
126
125
126
126
126
125
125
126
126
126
125
126
126
126
125
126
124
