121
126
132
131
128
129
81
125
125
125
125
125
125
126
125
125
125
125
125
125
125
125
125
125
125
126
125
125
125
125
125
125
125
125
125
125
125
125
126
125
125
125
125
125
125
125
125
125
125
125
125
125
125
125
125
125
125
125
125
125
125
125
125
125
125
125
125
125
125
125
125
125
125
125
125
125
125
125
125
125
125
125
126
125
125
125
125
126
125
125
125
125
125
125
125
125
125
125
125
125
125
125
125
125
125
125
126
125
125
125
125
125
125
125
125
125
125
125
125
126
125
125
125
125
125
125
125
125
125
125
125
125
125
125
125
125
125
125
125
125
125
125
125
125
125
125
125
125
125
125
125
125
125
125
125
125
125
125
125
125
125
125
125
125
125
125
125
125
125
125
125
125
125
125
125
125
125
125
125
125
125
125
125
125
125
125
125
125
125
125
125
125
125
125
125
125
125
125
125
125
125
125
125
125
125
125
125
125
125
125
125
125
125
125
125
125
125
125
125
125
125
125
125
125
125
125
125
125
125
125
125
125
125
125
125
125
125
125
125
125
125
125
125
125
125
125
125
125
125
125
125
125
125
125
125
125
125
125
125
125
125
125
125
125
125
125
125
125
125
125
125
125
125
125
125
125
125
125
125
125
125
125
125
125
125
125
125
125
125
125
125
125
125
125
125
125
125
125
125
125
125
125
125
125
125
125
125
125
125
125
125
125
125
125
125
125
125
125
125
125
125
125
125
125
125
125
125
125
125
125
125
125
125
125
125
125
125
125
125
125
125
125
125
125
125
125
125
125
125
125
125
125
125
125
125
125
125
125
125
125
125
125
125
125
125
125
125
125
125
125
125
125
125
125
125
124
125
125
125
125
125
125
125
125
125
125
125
125
125
125
125
125
125
125
125
125
125
125
125
125
125
125
125
125
125
125
125
125
125
125
125
125
125
125
125
125
125
125
125
125
125
125
125
125
125
125
125
125
125
125
125
125
125
125
125
125
125
125
125
125
125
125
125
125
125
125
125
125
125
125
125
125
125
125
125
125
125
125
125
125
125
125
125
125
125
125
125
125
125
125
125
125
125
125
125
125
125
125
125
125
125
125
125
125
125
125
125
125
125
125
125
125
125
125
125
125
125
125
125
125
125
125
125
125
125
125
125
125
125
125
125
125
125
125
125
125
125
125
125
125
125
125
125
125
125
125
125
125
125
125
125
125
125
125
125
125
125
125
125
125
125
125
125
125
125
125
125
125
125
125
125
125
125
125
125
125
125
125
125
125
125
125
125
125
125
125
125
125
125
125
125
125
126
126
125
125
125
125
125
125
125
125
125
125
125
125
125
125
125
125
126
126
126
125
125
126
125
125
124
124
124
124
124
125
126
127
126
125
125
126
126
125
124
125
125
124
124
125
125
124
125
125
126
126
124
122
125
129
128
124
122
125
128
126
124
123
123
123
126
128
127
125
125
125
125
125
125
124
124
125
125
125
126
125
125
125
126
124
123
125
126
126
125
124
125
125
125
125
126
127
127
126
126
125
125
125
126
126
125
124
124
125
126
126
125
125
125
125
126
126
125
125
125
126
126
125
125
125
125
126
126
125
124
125
126
126
125
125
125
125
126
126
125
125
125
125
125
125
125
125
125
125
125
125
125
125
126
126
126
125
125
126
125
125
125
125
125
125
125
125
125
125
125
126
126
126
125
125
125
125
125
125
125
125
125
125
125
125
125
126
126
125
125
125
125
125
125
125
125
125
125
125
125
126
125
125
126
125
125
125
126
126
125
125
125
125
125
126
126
125
125
125
126
125
125
125
125
125
125
125
125
125
125
125
125
126
126
125
125
125
125
125
125
125
125
125
125
125
125
125
125
125
125
125
125
125
126
125
125
125
125
125
125
125
126
125
125
125
125
125
125
126
125
125
125
125
125
125
125
125
125
125
125
125
125
125
125
125
125
125
125
125
125
125
125
125
125
125
125
125
125
126
126
125
125
125
125
125
127
126
125
124
124
125
125
125
125
124
125
126
125
125
125
125
126
125
125
125
125
125
125
125
125
125
125
125
125
125
125
125
125
125
126
125
124
125
125
125
125
125
125
125
125
124
125
126
126
125
125
125
125
125
126
125
124
124
125
125
126
125
125
124
125
125
126
125
125
125
125
125
126
125
125
125
125
126
125
125
125
125
125
125
125
125
125
125
125
125
125
125
125
125
125
125
125
125
125
125
125
125
125
125
125
125
125
125
125
125
125
125
125
125
125
125
125
125
125
125
125
125
125
125
125
125
125
125
125
125
125
126
125
125
125
125
126
125
124
124
125
126
126
125
125
125
125
125
125
125
125
124
124
125
125
125
125
125
125
125
126
126
125
125
125
126
125
125
124
125
124
125
125
125
125
125
126
126
125
125
125
125
124
125
125
125
125
125
125
125
122
124
125
126
126
127
126
126
125
126
126
125
124
124
126
126
124
124
126
125
124
125
127
127
124
123
124
126
127
125
124
124
126
127
124
122
125
127
125
125
125
125
123
126
128
126
123
123
126
129
127
122
122
125
127
123
124
129
129
124
123
125
123
123
127
125
122
128
129
123
123
128
127
125
125
123
121
125
128
122
120
127
132
129
127
124
124
121
118
123
128
127
125
129
132
127
123
123
123
123
124
124
126
129
129
128
124
121
120
122
125
126
126
128
129
126
121
125
128
123
118
125
131
126
124
127
127
124
123
126
127
127
125
124
125
126
123
118
119
124
127
129
132
133
131
128
125
121
121
119
118
117
117
118
120
124
130
137
141
142
141
140
134
124
114
109
110
109
107
109
117
126
131
133
137
141
141
138
135
133
128
120
113
111
113
115
117
118
120
125
130
133
133
131
132
133
133
129
124
122
122
123
121
119
118
120
123
127
129
128
126
124
125
126
126
126
129
131
128
126
127
121
116
123
127
121
122
124
118
126
139
129
120
131
129
114
123
137
124
121
131
117
106
132
141
118
129
149
110
91
147
162
107
105
146
107
83
157
174
88
98
167
113
62
153
196
100
86
177
146
55
101
182
132
83
140
159
88
86
169
170
94
102
155
128
81
121
161
127
109
150
145
91
88
140
152
120
115
138
129
103
120
149
141
124
124
124
103
92
122
155
152
119
106
120
128
122
128
134
127
120
123
118
111
124
147
145
128
120
118
114
122
132
124
117
131
139
121
101
108
132
149
149
146
136
105
86
112
132
127
130
135
118
107
120
138
145
132
111
105
129
151
142
120
114
115
118
120
119
127
141
139
122
114
120
128
130
129
123
115
116
131
141
133
117
113
126
135
126
112
115
131
139
134
124
117
119
127
130
120
115
122
131
134
133
127
120
118
125
127
127
129
127
120
116
122
129
129
125
125
127
129
131
127
120
117
119
124
126
124
123
128
131
126
122
122
127
127
126
126
127
128
125
122
124
128
129
126
121
118
118
123
129
133
132
128
124
121
124
128
130
127
121
120
119
120
124
127
129
128
127
125
124
123
122
121
124
131
131
123
116
118
127
133
132
128
123
119
122
129
131
122
113
125
145
144
118
102
114
131
134
130
124
118
117
125
132
130
125
120
118
123
135
136
124
115
118
124
127
127
115
103
127
118
122
132
136
133
126
123
125
129
132
131
126
121
121
126
130
128
124
122
122
124
126
126
126
126
126
126
127
128
126
120
117
122
129
132
128
123
120
121
126
130
128
129
126
122
123
127
131
129
124
122
121
123
126
127
127
128
127
126
127
125
123
122
120
122
126
128
128
124
123
125
128
127
124
122
123
122
122
125
125
127
132
130
123
119
128
137
131
116
107
113
130
137
131
127
128
127
124
121
119
119
123
127
127
126
82
125
125
125
125
125
125
125
125
125
125
125
125
125
125
125
125
125
125
125
125
125
125
125
125
125
125
125
125
125
125
125
125
125
125
125
125
125
125
125
125
125
125
125
125
125
125
125
125
125
125
125
125
125
125
125
125
125
125
125
125
125
125
125
125
125
125
125
125
125
125
125
125
125
125
126
125
125
125
125
125
125
125
125
125
125
125
125
125
125
125
125
125
125
125
125
126
125
125
125
125
125
125
125
124
125
126
125
126
126
126
126
126
126
126
126
125
126
126
125
125
125
126
125
126
126
125
125
126
126
126
126
126
126
126
125
126
126
125
125
126
126
126
125
125
125
125
125
125
125
126
125
126
126
125
125
125
126
126
126
125
126
125
125
126
126
125
125
126
125
125
125
125
125
125
125
126
125
126
125
125
125
125
125
125
125
125
125
125
125
125
125
125
125
125
125
125
125
125
125
125
125
125
125
125
125
125
125
125
125
125
126
125
125
125
125
125
125
125
125
125
125
125
125
125
125
125
125
125
125
125
125
125
125
125
125
125
125
125
126
125
125
125
125
125
125
125
125
125
125
125
125
125
125
125
125
125
125
125
125
125
125
125
125
125
125
125
125
125
125
125
125
125
126
125
125
125
125
125
125
125
125
125
125
125
125
125
125
125
125
125
125
125
125
126
125
125
125
125
125
125
125
125
125
126
125
125
125
126
126
126
125
125
125
125
125
126
125
126
125
125
125
125
125
125
125
125
125
125
125
125
125
125
125
125
125
125
125
125
125
125
125
125
125
125
125
125
125
125
125
125
125
125
125
123
