125
123
127
130
125
123
91
125
126
125
125
125
126
126
126
126
126
126
126
125
126
126
126
126
126
126
125
126
125
126
125
126
125
125
125
125
125
126
125
125
125
125
126
126
125
126
125
125
126
125
125
125
125
126
126
125
126
125
125
126
125
125
125
125
125
125
126
125
125
125
126
125
125
125
125
125
126
125
125
125
126
126
125
125
125
125
125
125
125
125
125
125
125
125
125
125
125
125
125
125
125
125
125
125
126
125
125
125
125
125
125
125
125
125
125
125
125
125
126
125
125
125
125
125
125
125
126
125
125
125
125
125
126
125
125
125
125
125
125
125
125
125
125
125
125
125
125
125
125
125
125
126
125
125
125
125
125
125
125
125
125
125
125
125
125
125
125
125
126
125
125
125
125
125
125
125
125
125
125
125
125
125
125
125
125
125
125
125
125
125
125
125
125
125
125
125
125
125
125
125
125
125
125
125
125
125
125
125
125
125
125
125
125
125
125
125
125
125
125
125
125
125
125
126
125
125
125
125
125
125
125
125
125
125
125
125
125
125
125
125
125
125
125
125
125
125
125
125
125
125
125
125
125
125
125
125
125
125
125
125
125
125
125
125
125
125
125
125
125
125
125
125
125
125
125
125
125
125
125
125
125
125
125
125
125
125
125
125
125
125
125
125
125
125
125
125
125
124
125
125
125
126
126
126
126
126
126
125
125
125
125
125
126
125
125
125
125
125
125
125
125
125
126
125
125
125
125
125
125
125
126
126
125
125
125
125
126
125
125
125
125
125
124
125
125
125
125
126
126
126
126
126
126
126
126
126
125
126
126
126
126
126
125
124
126
126
126
125
126
126
126
126
126
125
125
125
125
125
126
125
125
125
126
125
126
126
125
125
126
125
125
125
125
125
125
126
126
125
125
125
126
126
126
126
125
125
125
125
126
125
125
126
125
126
125
125
125
126
126
125
125
125
125
125
126
125
125
125
125
126
125
125
125
125
125
126
125
125
126
125
125
126
126
126
125
125
126
125
125
125
125
125
125
125
125
125
125
125
126
126
125
125
126
125
125
125
125
125
125
126
125
125
125
125
126
125
125
125
126
125
125
126
125
125
125
126
125
125
125
125
125
125
126
125
125
125
126
126
126
125
125
126
125
126
126
125
125
125
125
126
126
127
126
126
125
125
125
125
125
125
125
125
125
125
125
125
125
125
125
125
125
125
125
125
125
125
125
125
125
125
125
125
125
125
125
125
125
125
125
125
125
125
126
124
125
125
126
125
126
126
126
126
126
125
126
127
126
126
126
126
125
125
125
125
125
125
125
125
125
125
126
126
126
126
125
126
126
126
126
125
125
125
125
126
126
126
125
125
126
125
126
126
125
125
125
126
126
125
125
125
125
125
125
125
125
126
126
126
126
125
125
126
126
126
126
126
125
125
126
126
125
125
126
126
125
125
125
125
126
125
125
125
125
125
126
125
125
125
126
126
125
125
125
126
125
125
125
125
125
125
126
125
125
125
125
125
125
126
125
125
125
125
125
125
125
125
125
125
125
125
125
125
126
125
125
125
125
125
125
125
126
126
125
126
125
125
126
125
125
126
125
125
125
125
125
125
126
125
125
126
126
125
126
126
125
125
125
125
125
125
125
125
125
125
125
125
126
126
125
125
125
125
125
125
125
125
126
125
125
125
125
125
125
125
126
126
126
125
125
125
125
126
125
125
125
126
126
126
125
125
125
125
125
126
125
125
125
126
127
125
125
125
125
125
125
125
125
125
125
125
125
125
125
125
125
125
125
126
125
126
126
125
126
125
125
125
125
125
125
126
125
125
125
125
125
125
125
125
125
125
125
125
125
125
125
125
125
126
125
125
126
126
126
125
125
125
125
125
126
126
125
125
125
126
125
126
126
125
125
125
125
125
125
125
125
125
125
125
125
125
125
126
126
126
126
126
126
125
126
125
125
125
125
125
125
125
125
125
125
126
126
125
125
125
125
125
125
125
125
125
125
125
125
125
125
126
125
126
125
125
127
123
125
125
126
126
126
126
126
126
125
126
126
125
124
126
126
126
126
126
126
125
125
126
125
125
126
126
126
125
125
126
126
125
126
126
125
122
125
126
125
125
127
127
126
126
127
126
125
126
126
126
125
126
126
126
125
126
127
126
125
125
126
126
125
126
126
123
125
126
126
125
126
126
127
126
126
126
126
125
125
126
126
125
125
126
126
125
125
126
126
126
125
126
126
125
125
125
126
126
125
126
126
125
125
125
126
126
126
126
126
125
125
125
126
126
125
126
126
126
125
125
126
126
125
125
126
126
126
125
126
126
126
125
125
125
125
125
126
126
126
125
125
126
126
125
125
128
126
125
124
124
125
125
126
126
126
126
126
126
126
126
125
126
126
126
126
125
125
125
126
126
126
126
125
125
125
126
126
125
125
125
126
126
126
126
125
125
125
125
125
125
125
125
125
126
126
126
126
126
126
126
126
125
125
125
125
125
125
126
126
126
126
126
126
128
126
126
125
125
124
124
124
125
125
125
126
125
125
126
126
125
125
125
126
125
125
126
125
125
125
125
125
125
126
125
125
126
127
129
128
125
122
123
127
129
129
120
122
124
130
127
125
124
123
125
125
124
124
126
127
126
126
126
126
127
127
126
125
126
127
126
124
123
124
126
127
127
127
127
128
125
122
123
126
126
125
124
124
125
126
127
125
124
125
126
127
127
127
126
126
126
126
125
125
125
125
125
125
125
126
125
124
120
125
126
125
126
126
127
128
128
128
127
127
126
126
126
125
125
125
125
125
124
124
125
125
125
125
125
126
125
125
127
127
126
123
122
123
125
127
128
127
127
127
125
126
126
123
122
126
127
123
122
125
128
127
125
123
124
128
131
128
123
124
128
127
123
123
125
125
124
124
127
128
126
125
126
126
126
127
125
122
122
124
126
127
127
127
125
127
131
131
128
125
123
118
118
123
127
126
119
121
125
130
132
131
126
122
124
128
129
129
124
123
125
126
123
121
122
123
126
128
129
130
130
122
118
126
133
130
123
122
124
125
122
120
121
125
129
132
131
127
125
125
127
126
124
122
122
121
126
130
140
129
110
112
128
131
120
119
131
138
131
120
121
134
131
113
109
126
135
126
123
132
135
126
116
115
124
127
124
120
120
128
141
144
133
121
114
113
118
125
127
126
128
127
126
130
132
126
120
122
126
127
123
123
129
132
126
116
118
131
134
115
98
109
139
153
136
116
113
118
127
144
149
125
107
125
150
143
112
90
96
119
145
149
125
106
114
132
135
127
124
130
134
125
116
120
133
138
130
114
106
119
152
89
113
118
124
130
139
135
123
117
124
138
138
121
109
118
132
131
122
125
136
137
126
120
124
132
131
123
120
125
133
133
128
125
125
127
127
125
126
127
125
123
123
126
127
125
111
80
131
126
132
129
132
135
133
130
128
130
133
128
121
121
128
130
126
121
123
119
127
129
130
129
129
126
127
130
130
125
121
120
122
126
124
121
121
126
133
134
130
126
128
133
131
127
125
124
122
121
125
128
124
121
123
123
124
126
127
125
125
126
127
126
126
125
124
123
124
125
125
125
125
127
125
125
128
126
125
127
128
127
126
124
122
122
126
127
123
121
123
127
129
129
124
120
123
129
132
128
124
124
125
128
127
125
124
125
125
124
123
124
126
125
127
127
125
125
127
127
124
123
125
127
127
126
124
122
124
127
129
128
125
122
126
130
132
129
122
121
124
128
128
122
121
124
126
127
125
123
123
125
125
125
126
127
126
123
125
129
128
127
125
124
126
129
128
133
127
124
124
126
125
125
121
121
124
127
127
125
125
126
125
90
125
125
125
126
125
125
125
126
126
126
125
125
125
125
126
126
125
126
125
125
125
125
126
125
125
125
125
125
125
125
125
125
125
125
125
126
125
125
125
125
125
125
125
125
125
125
125
125
125
125
125
125
125
125
125
125
125
125
125
125
125
126
125
125
125
125
125
125
125
125
125
125
125
125
125
125
125
126
126
125
125
125
125
125
125
125
125
125
125
125
125
126
126
125
125
125
125
125
125
125
125
125
125
125
125
125
125
125
125
125
125
125
125
125
125
125
125
125
125
125
125
125
125
125
125
125
125
125
125
125
125
125
125
125
125
125
125
125
125
125
125
125
125
125
125
125
125
125
125
125
125
125
125
125
125
125
125
125
125
125
125
125
125
125
125
125
125
125
125
125
125
125
125
125
125
125
125
125
125
125
125
125
125
125
125
125
125
125
125
125
125
125
125
125
125
125
125
125
125
125
125
125
125
126
125
125
125
125
125
125
126
125
126
126
125
125
125
125
125
126
126
126
126
125
125
125
126
126
125
126
125
125
126
126
125
126
125
126
126
126
125
125
125
125
126
125
126
126
125
125
125
126
126
125
125
125
126
126
126
126
125
126
126
126
126
125
125
125
125
126
125
125
125
125
125
125
126
126
125
126
126
125
125
125
125
125
125
125
125
125
125
125
125
125
125
125
125
125
125
125
125
125
125
125
125
125
125
125
126
125
125
125
125
125
125
125
125
125
125
126
125
125
125
125
125
125
125
125
125
125
125
126
125
125
125
126
125
125
125
125
125
125
125
125
125
126
125
125
125
125
125
125
125
127
