126
126
124
125
126
125
36
125
125
125
125
125
125
125
125
125
125
125
125
125
125
125
125
125
125
125
125
125
125
125
125
125
125
125
125
125
125
125
125
125
125
125
125
125
125
125
125
125
125
125
125
125
125
125
125
125
125
125
125
125
125
125
125
125
125
125
125
125
125
125
125
125
125
125
125
125
125
125
125
125
125
125
125
125
125
125
125
125
125
125
125
125
125
125
125
125
125
125
125
125
125
125
125
125
125
125
125
125
125
125
125
125
125
125
125
125
125
125
125
125
125
125
125
125
125
125
125
125
125
125
125
125
125
125
125
125
125
125
125
125
125
125
125
125
125
125
125
125
125
125
125
125
125
125
125
125
125
125
125
125
125
125
125
125
125
125
125
125
125
125
125
125
125
125
125
125
125
125
125
125
125
125
125
125
125
125
125
125
125
125
125
125
125
125
125
125
125
125
125
125
125
125
125
125
125
125
125
125
125
125
125
125
125
125
125
125
125
125
125
125
125
125
125
125
125
125
125
125
125
125
125
125
125
125
125
125
125
125
125
125
125
125
125
125
125
125
125
125
125
125
125
125
125
125
125
125
125
125
125
125
125
125
125
125
125
125
125
125
125
125
125
125
125
125
125
125
125
125
125
125
125
125
125
125
125
125
125
125
125
125
125
125
125
125
125
125
125
125
125
125
125
125
125
125
125
125
125
125
125
125
125
125
125
125
125
125
125
125
125
125
125
125
125
125
125
125
125
125
125
125
125
125
125
125
125
125
125
125
125
125
125
125
125
125
125
125
125
125
125
125
125
125
125
125
125
125
125
125
125
125
125
125
125
125
125
125
125
125
125
125
125
125
125
125
125
125
125
125
125
125
125
125
125
125
125
125
125
125
125
125
125
125
125
125
125
125
125
125
125
125
125
125
125
125
125
125
125
125
125
125
125
125
125
125
125
125
125
125
125
125
125
125
125
125
125
125
125
125
125
125
125
125
125
125
125
126
125
125
125
126
126
125
124
124
124
125
125
125
125
125
125
125
125
125
125
125
125
125
125
125
125
125
125
125
125
125
125
125
125
124
125
125
125
125
125
125
125
125
125
125
124
124
125
125
126
126
125
125
125
125
125
125
125
125
125
126
125
125
125
125
125
124
124
124
125
126
125
124
125
126
126
126
125
124
124
124
125
125
126
125
125
126
125
125
125
125
125
125
125
125
125
125
125
125
126
125
125
125
125
125
125
125
125
125
125
125
125
125
125
125
125
125
125
125
125
125
125
126
126
126
126
124
124
125
125
123
122
121
122
124
125
129
133
130
123
124
129
127
123
125
134
132
76
31
137
255
255
32
70
163
255
182
58
75
82
23
77
255
255
109
41
165
241
14
58
255
255
47
255
147
255
255
6
121
1
208
255
210
11
14
151
253
141
36
78
151
132
96
119
150
137
123
127
115
103
114
125
122
122
125
121
123
130
130
124
121
119
121
126
126
122
119
125
135
136
124
113
116
130
137
122
106
114
136
142
129
117
116
122
131
136
132
123
118
118
121
126
128
128
127
129
129
125
119
121
128
131
128
125
125
123
121
124
127
124
121
125
130
129
126
129
129
124
121
122
125
126
126
127
126
126
125
125
128
129
127
122
121
121
122
125
128
128
128
127
126
126
127
126
123
122
124
127
127
125
124
126
128
127
124
123
126
127
125
124
125
125
125
125
127
128
126
123
123
124
124
124
125
126
126
125
126
126
126
124
124
125
126
127
126
125
124
124
125
126
126
126
125
126
125
125
125
124
124
124
125
125
126
126
126
126
126
126
125
126
122
123
124
125
125
126
126
126
126
125
125
125
125
125
125
125
125
126
125
125
126
126
122
124
125
126
126
127
127
126
126
126
125
125
126
126
125
125
125
126
126
125
125
125
126
126
126
126
125
125
125
125
126
126
126
126
126
125
125
125
125
125
125
125
126
126
126
125
124
125
125
125
126
126
126
126
126
126
126
126
126
125
125
125
125
125
125
125
125
125
126
126
125
125
126
126
125
125
125
124
124
126
126
125
125
126
126
126
126
126
125
125
125
126
125
125
125
125
125
125
126
126
126
125
125
125
125
125
125
125
124
126
126
125
125
125
126
126
125
125
126
127
126
125
125
125
125
126
126
125
125
125
125
125
125
125
126
125
125
126
126
125
125
126
126
126
125
125
125
126
126
126
125
125
125
126
126
125
125
125
126
126
125
125
125
125
125
126
126
125
125
125
126
125
126
125
125
124
124
126
127
127
126
125
125
126
126
125
125
125
125
125
126
126
126
126
126
128
126
126
126
124
124
124
124
124
124
125
125
126
125
125
125
126
125
125
125
126
126
125
125
125
126
127
125
125
125
125
125
125
125
125
125
125
125
125
125
125
125
125
125
125
125
125
125
125
125
125
125
125
125
125
125
125
126
125
125
125
125
125
125
125
124
125
125
125
125
125
125
125
125
125
125
125
125
125
125
125
125
125
125
125
125
125
125
125
125
125
125
125
125
125
125
125
125
125
125
125
125
125
125
125
125
125
125
125
125
125
125
125
125
125
125
125
125
125
125
125
125
125
125
125
125
125
125
125
125
125
125
125
125
125
125
125
125
125
125
125
125
125
125
125
125
125
125
125
125
125
125
125
125
125
125
125
125
125
125
125
125
125
125
125
125
125
125
125
125
125
125
125
125
125
125
125
125
125
125
125
124
125
124
125
125
126
125
125
125
126
125
125
125
124
124
125
126
126
124
123
125
126
125
125
125
125
125
125
125
125
124
124
124
125
125
125
125
124
125
126
126
127
126
125
125
126
125
125
124
124
125
125
125
125
125
125
125
126
126
126
125
124
125
125
125
125
125
125
125
125
125
125
125
125
125
125
125
125
125
125
125
125
125
124
124
125
125
125
125
126
125
125
125
125
125
125
125
125
125
125
125
125
125
125
125
125
125
124
125
125
125
125
125
125
125
125
125
125
126
126
125
124
125
125
126
126
125
125
125
125
124
123
125
127
127
124
123
124
125
125
126
125
124
125
128
125
123
123
126
127
125
123
123
124
125
125
124
124
125
125
126
126
125
126
126
126
125
125
125
125
125
125
125
125
125
125
125
125
125
125
124
125
126
125
125
125
125
125
125
124
125
126
124
124
125
125
125
125
126
126
124
125
125
127
127
125
123
124
125
125
125
124
125
126
126
125
125
125
124
125
126
126
125
126
126
125
125
125
124
125
125
126
125
124
124
124
125
126
126
125
123
123
127
128
127
126
125
126
126
125
125
125
124
124
124
125
125
125
125
126
127
123
126
125
124
124
125
125
124
124
124
124
125
126
125
125
125
127
126
126
126
127
125
125
125
125
124
123
123
125
126
127
126
126
126
127
125
124
124
125
126
124
123
124
124
124
124
125
125
125
125
126
125
126
126
126
126
125
125
125
125
124
123
124
125
125
124
126
126
126
125
125
126
125
125
126
126
125
125
126
126
125
125
124
125
125
125
126
126
126
125
124
126
127
125
124
124
126
126
125
125
124
124
125
125
125
126
126
125
125
125
125
125
124
124
125
125
125
124
124
124
124
125
125
125
125
126
125
125
125
125
125
125
125
125
124
126
124
124
124
125
126
127
124
126
127
126
126
125
125
125
125
126
125
124
125
126
125
125
125
125
125
125
125
126
125
124
124
125
125
125
125
125
124
125
125
125
125
125
126
125
125
125
125
125
126
125
124
125
125
125
125
126
126
125
125
125
126
124
125
125
125
126
124
125
125
125
125
125
125
125
124
125
125
125
125
125
125
151
120
103
109
117
128
130
133
131
131
128
124
124
123
124
127
125
122
121
124
127
127
126
125
125
35
125
125
125
125
125
125
125
126
125
125
125
125
125
125
125
125
125
125
125
125
125
125
125
125
125
125
125
125
125
125
125
125
126
125
125
126
125
125
125
125
125
125
125
126
126
125
125
125
125
125
125
125
125
125
125
125
125
125
125
125
125
126
126
125
126
125
125
126
126
125
125
125
125
125
125
125
125
125
125
125
125
125
125
125
126
125
125
125
125
125
125
125
125
125
125
125
125
126
125
125
125
125
125
125
125
125
125
125
125
125
125
125
125
125
125
125
125
125
126
125
125
126
125
125
125
125
125
125
125
125
125
126
126
125
125
125
125
125
125
125
125
125
125
125
125
125
125
125
125
125
125
125
125
125
125
125
125
125
125
125
125
125
125
125
125
125
125
125
125
125
125
125
125
125
125
125
125
125
125
125
125
125
125
125
125
125
125
125
125
125
125
125
125
125
125
125
125
125
125
125
125
125
125
125
125
125
125
125
125
125
125
125
125
125
125
125
125
125
124
125
126
126
126
126
125
125
126
126
126
126
126
125
126
126
126
126
126
126
126
126
126
126
125
125
125
125
126
126
125
126
126
126
126
126
126
126
126
126
126
126
125
126
126
126
126
126
126
125
126
126
126
126
125
126
126
126
126
126
126
126
126
126
125
126
125
125
125
126
126
126
125
126
126
126
126
126
125
125
126
126
126
125
126
125
125
125
125
125
125
126
126
126
126
125
125
126
125
125
126
126
125
126
125
126
126
125
125
125
125
125
126
126
126
126
125
125
126
125
126
126
126
126
125
125
126
125
126
126
126
125
125
125
126
126
