125
126
131
132
131
126
85
125
125
125
125
125
125
125
125
125
125
125
125
125
125
125
125
125
125
125
125
125
125
125
125
125
125
125
125
125
125
125
125
125
125
125
125
125
125
125
125
125
125
125
125
125
125
125
125
125
125
125
125
125
125
125
125
125
125
125
125
125
125
125
126
125
125
125
125
125
126
125
126
125
125
125
125
125
125
126
126
125
125
125
125
125
126
125
125
125
125
125
126
125
125
125
125
125
125
125
125
125
126
125
125
125
125
125
125
125
126
125
125
125
125
125
125
126
126
125
125
125
125
125
125
125
125
125
125
125
125
125
125
125
125
125
125
126
125
125
125
125
125
125
125
125
125
125
125
125
125
125
125
125
125
125
125
125
125
125
125
125
125
125
125
125
125
125
125
125
125
125
125
125
125
125
125
125
125
125
125
125
125
125
125
125
125
125
125
125
125
125
125
125
125
125
125
125
125
125
125
125
125
125
125
125
125
125
125
125
125
125
125
125
125
125
125
125
125
125
125
125
125
125
125
125
125
125
125
125
125
125
125
125
125
125
125
125
125
125
125
125
125
125
125
125
125
125
125
125
125
125
125
125
125
125
125
125
125
125
125
125
126
125
125
125
125
125
125
125
125
125
125
125
125
125
125
125
125
125
125
126
126
125
125
125
125
125
125
125
125
125
125
125
125
125
125
125
125
125
125
125
125
125
125
125
125
125
125
125
125
125
125
125
125
125
125
125
125
125
125
125
125
125
125
125
125
125
125
125
125
125
125
125
125
125
125
125
125
125
125
125
125
125
125
125
125
125
125
125
125
125
125
125
125
125
125
125
125
125
125
125
125
125
125
125
125
125
125
125
125
125
125
125
125
125
125
125
125
125
125
125
125
125
125
125
125
125
125
125
125
125
125
125
125
125
125
125
125
125
125
125
125
125
125
125
125
125
125
125
125
125
125
125
125
125
125
125
125
125
125
125
125
125
125
125
125
125
125
125
125
125
125
125
125
125
125
125
125
125
125
125
125
125
125
125
125
125
125
125
125
125
125
125
125
125
125
125
125
125
125
125
125
125
125
125
125
125
125
125
125
125
125
125
125
125
125
125
125
125
125
125
125
125
125
125
125
125
125
125
125
125
125
125
125
125
125
125
125
125
125
125
126
125
125
125
125
125
126
125
125
125
125
125
125
126
125
125
125
125
125
125
126
125
125
125
125
125
125
125
125
124
125
125
125
126
126
126
126
126
125
125
126
126
125
125
125
125
125
125
126
125
125
126
125
125
125
125
125
126
126
126
125
125
126
125
125
125
125
125
125
125
125
125
126
126
125
126
125
125
125
125
125
126
125
125
125
126
125
125
125
126
126
125
125
125
125
126
126
126
125
125
126
126
126
125
125
125
126
125
125
125
126
126
125
125
126
126
126
125
124
126
127
126
124
125
127
126
125
125
125
125
126
126
126
126
125
125
126
126
125
125
125
126
126
125
126
126
125
125
125
126
126
126
126
126
125
125
125
126
126
126
125
125
125
126
126
126
125
125
125
126
126
126
125
125
125
125
126
126
125
125
126
125
126
126
126
125
125
126
126
126
126
125
125
126
126
125
125
126
126
125
125
126
126
126
126
125
125
126
126
125
125
126
126
126
126
126
126
125
127
126
125
125
125
125
125
125
125
125
125
125
125
126
126
126
125
125
126
126
125
125
126
125
125
126
126
125
125
126
125
127
126
126
125
125
125
125
125
126
125
124
125
126
125
125
126
126
125
125
126
125
125
125
125
125
125
125
125
125
125
125
125
125
125
126
125
125
125
125
125
126
126
125
125
125
125
125
125
126
126
125
125
125
125
125
125
125
125
125
125
125
125
125
125
125
125
125
125
125
125
125
125
125
125
125
125
126
126
125
125
126
125
125
125
126
125
125
126
125
125
125
126
125
125
125
126
125
125
126
126
125
125
126
126
125
125
126
125
125
125
126
125
125
125
126
125
127
123
126
125
125
126
126
126
125
125
125
125
125
126
125
126
125
125
125
125
125
125
124
123
126
125
126
127
127
126
126
126
126
126
126
126
126
126
126
126
125
125
126
126
125
125
126
126
125
125
126
126
125
125
126
126
125
125
125
125
126
126
126
125
125
126
126
126
123
125
126
125
125
126
126
126
126
126
126
126
125
125
125
126
126
126
125
125
125
126
126
125
126
125
125
125
125
125
125
126
126
126
125
125
125
125
126
125
125
126
126
125
126
125
125
125
125
126
126
125
125
125
125
126
125
126
125
125
125
125
126
126
125
125
126
126
126
125
125
126
126
125
125
125
125
126
126
125
125
125
125
126
126
126
125
125
126
126
126
126
125
125
125
125
126
125
125
126
125
126
125
125
125
126
126
126
126
125
126
125
126
126
126
126
125
125
126
125
125
125
125
126
126
126
126
125
125
125
125
126
126
126
126
125
126
126
126
126
126
126
125
126
126
126
125
125
125
127
128
126
125
126
125
125
125
125
125
124
125
125
126
125
125
126
126
126
126
125
125
126
125
126
127
128
126
125
125
124
124
125
125
125
125
125
126
126
125
125
124
125
125
126
126
126
125
125
126
126
125
125
125
126
126
125
125
125
125
125
125
126
125
124
125
126
126
125
125
125
124
125
125
126
127
126
125
125
126
126
124
124
124
125
125
124
125
127
127
125
125
126
126
125
124
126
127
126
124
125
125
126
125
125
125
125
125
127
127
124
123
125
128
119
125
128
126
123
124
127
129
128
127
128
130
127
121
118
117
116
114
118
125
132
140
145
143
138
137
133
121
110
107
110
109
110
115
119
122
128
140
143
139
139
142
140
133
125
120
118
117
112
109
111
116
119
121
124
132
143
145
139
134
129
123
118
119
119
124
128
120
122
127
134
130
119
111
105
113
135
152
148
131
120
123
127
122
111
116
126
129
128
127
126
125
122
120
122
125
126
128
130
129
127
124
127
128
126
124
122
124
133
139
129
106
93
121
168
173
116
71
107
144
133
115
117
121
128
136
136
128
122
121
121
123
127
129
127
124
122
124
127
127
124
126
127
126
123
124
126
129
132
129
122
119
119
120
123
125
127
129
130
128
128
129
126
126
128
126
120
121
128
127
123
125
126
121
122
131
128
121
125
128
119
122
133
131
122
125
126
118
121
135
132
117
121
133
124
118
131
133
120
125
136
123
107
114
122
116
130
163
165
134
109
103
104
115
149
149
94
74
132
181
134
79
116
164
146
127
132
109
72
104
170
171
113
94
113
130
139
151
141
106
81
115
158
147
108
117
151
141
99
97
138
150
116
103
126
124
115
143
156
116
94
126
144
119
121
154
140
93
102
140
133
114
124
137
126
120
129
128
114
123
142
127
102
122
146
130
108
122
143
138
118
114
121
125
128
135
137
128
117
116
120
120
121
128
130
124
122
129
133
126
120
122
128
133
133
125
114
114
127
133
128
121
126
132
127
122
124
129
126
121
121
126
126
122
121
123
123
122
123
124
128
133
131
123
120
126
131
133
128
123
121
126
131
128
121
121
124
125
126
127
126
124
126
128
125
123
125
125
122
123
124
126
126
128
128
124
122
124
125
127
129
127
123
122
121
128
126
126
125
125
126
127
126
125
125
127
129
129
125
121
119
114
112
126
131
131
129
125
127
129
128
125
123
122
122
125
128
128
126
125
123
125
124
101
83
132
125
129
136
143
140
131
125
123
126
129
126
121
122
132
136
129
124
125
124
123
131
135
128
119
119
126
133
132
124
120
125
130
128
125
124
125
126
123
124
129
130
123
114
118
134
128
123
125
129
131
128
125
126
131
130
125
123
125
128
126
122
123
125
131
127
121
84
126
126
126
126
126
126
125
126
126
126
126
126
125
126
126
126
126
126
125
126
126
126
126
126
126
126
125
125
125
125
125
126
125
126
125
125
125
126
125
125
126
126
126
125
126
125
126
125
126
126
125
126
125
125
126
126
125
125
126
126
126
126
126
125
125
125
125
125
125
125
126
126
126
126
126
126
125
125
125
126
126
125
126
125
126
125
125
125
126
125
125
125
125
125
126
125
125
126
125
126
126
125
125
125
125
126
126
125
126
126
126
126
125
126
126
126
125
125
126
126
126
126
125
126
125
125
125
125
126
125
125
126
126
126
126
126
125
125
125
126
126
126
126
125
125
126
126
126
125
125
125
126
126
126
126
125
125
125
125
125
125
125
125
125
126
126
126
126
126
126
126
125
125
125
125
125
125
125
125
126
126
126
126
126
125
125
125
125
126
125
125
125
125
126
125
126
125
125
125
126
126
126
125
125
125
125
125
125
125
125
125
125
125
125
125
125
125
125
125
125
125
125
125
125
125
125
125
125
125
125
125
125
125
125
125
125
125
125
125
125
125
125
125
125
125
125
125
125
125
125
125
125
125
125
125
125
125
125
125
125
125
126
126
125
125
125
125
125
125
126
125
125
125
125
126
125
125
125
125
125
125
125
125
125
125
125
125
125
125
125
125
125
125
125
126
125
125
125
125
125
125
125
125
125
125
125
125
125
125
125
125
125
125
125
125
125
125
125
125
125
125
125
125
125
125
125
125
125
125
125
125
125
125
125
125
125
125
125
125
125
125
125
125
125
125
125
125
125
125
125
125
125
125
120
