127
126
125
126
126
124
59
125
125
125
125
125
125
125
125
125
125
125
125
125
125
125
125
125
125
125
125
125
125
125
125
126
125
125
126
126
126
126
126
126
126
126
126
126
126
126
126
126
125
125
125
125
125
126
126
126
126
126
126
126
126
126
126
126
126
126
126
126
126
126
125
126
126
126
126
126
126
126
126
126
126
126
126
126
126
126
126
126
126
126
126
126
126
126
126
125
126
126
125
126
126
125
125
126
126
126
126
126
126
126
126
126
125
126
125
125
125
125
126
125
125
125
125
126
126
126
126
126
126
126
126
125
126
126
125
126
126
126
126
125
126
126
126
126
125
126
126
125
125
126
126
126
126
126
126
126
125
126
126
125
125
125
125
125
126
125
125
126
126
126
126
126
126
125
126
126
125
125
125
125
125
125
126
126
126
126
125
126
126
125
126
126
125
126
126
126
125
126
125
125
126
126
126
126
126
126
126
126
126
126
125
126
126
126
126
126
125
126
126
126
125
126
126
125
125
125
126
125
126
126
125
125
126
125
125
126
125
126
125
125
126
126
126
126
126
126
125
126
125
125
125
125
125
126
126
125
125
125
125
126
126
126
125
125
125
126
126
125
125
125
125
125
125
126
126
126
126
125
125
125
125
125
125
125
125
125
125
126
125
125
125
125
125
125
125
125
125
125
125
125
125
125
125
125
125
125
125
125
125
125
125
125
125
125
125
125
125
125
125
125
125
125
125
125
125
125
125
125
125
125
125
125
125
125
125
125
125
125
125
125
125
125
125
125
125
125
125
125
125
125
125
125
125
125
125
126
125
125
125
125
125
126
126
126
125
126
126
125
125
125
126
126
126
126
126
125
125
126
126
125
125
125
125
125
125
125
125
125
126
125
126
126
126
126
126
126
126
126
126
125
126
126
126
126
126
126
126
126
126
125
126
126
126
126
126
126
126
126
126
126
126
126
125
125
126
126
126
126
126
126
126
126
125
126
126
126
125
125
125
126
125
125
125
126
126
126
126
125
126
125
126
126
125
125
125
125
125
126
126
126
126
126
126
126
125
125
125
125
126
125
125
125
125
125
126
125
125
126
125
125
126
126
126
125
125
125
125
125
126
125
125
125
125
125
125
125
125
123
122
124
132
139
141
141
131
102
64
55
102
189
240
188
104
67
66
106
180
184
75
47
144
218
143
43
62
160
239
159
64
50
105
199
211
69
21
148
220
116
59
140
159
103
97
141
148
124
108
107
130
161
157
114
88
103
129
139
131
119
117
133
143
134
119
111
118
130
130
120
118
128
139
137
125
115
114
117
125
133
134
128
123
126
129
127
122
120
123
127
129
124
118
119
126
131
130
127
127
129
127
123
123
125
127
125
122
123
126
128
126
123
124
128
129
127
125
125
127
128
124
120
121
127
130
127
124
123
125
126
126
125
124
125
127
127
126
125
124
125
126
126
125
124
125
126
128
128
126
124
124
125
126
126
125
123
124
125
126
127
126
125
124
125
125
126
127
127
126
125
124
123
124
126
128
128
128
126
125
124
124
124
125
125
125
124
125
125
126
126
126
126
126
125
125
125
125
126
126
126
125
125
126
125
124
125
125
126
126
126
125
126
126
125
124
125
125
125
125
125
125
126
127
127
126
125
125
125
125
125
126
126
126
125
124
124
125
125
125
125
125
126
126
126
126
126
126
125
124
125
124
125
125
125
125
125
125
125
126
126
126
126
126
125
125
126
126
126
127
124
125
125
124
125
125
125
125
125
126
125
126
126
126
126
126
126
126
125
125
125
125
126
125
125
125
126
126
126
125
123
125
126
126
126
127
126
126
126
126
126
126
126
126
126
126
126
126
126
126
125
125
125
126
126
125
126
126
126
126
126
126
125
126
126
126
124
125
126
125
125
127
126
126
126
126
126
125
126
126
125
125
126
126
125
125
126
126
126
126
126
127
126
126
126
126
125
125
126
126
125
125
125
125
125
125
125
126
126
126
126
125
126
126
126
125
125
126
126
126
125
125
126
126
126
125
125
126
126
126
125
125
126
126
125
126
125
125
125
127
127
125
124
125
126
126
126
125
126
126
125
125
125
125
126
125
125
126
126
126
126
125
126
126
126
126
126
126
125
125
126
126
125
125
126
126
126
125
126
126
125
125
126
126
125
125
126
126
125
125
126
126
125
125
126
125
126
126
126
125
126
126
126
125
126
126
126
126
126
127
126
125
124
125
128
128
127
125
125
124
125
125
124
124
125
126
125
125
125
125
125
126
126
126
126
126
126
126
126
125
125
126
126
125
126
126
125
125
126
126
126
126
126
128
126
125
125
125
124
124
124
125
125
125
125
125
126
125
125
125
126
125
125
125
126
126
125
125
126
125
125
125
125
125
125
125
126
126
126
125
125
129
126
123
124
126
125
126
126
125
125
125
125
125
125
125
126
126
127
127
126
126
125
126
126
125
125
125
125
126
126
126
126
126
126
126
126
126
125
126
125
125
126
126
125
125
125
126
126
126
125
126
125
126
126
126
125
125
125
126
126
126
126
126
126
126
126
126
124
123
125
125
125
126
127
126
126
126
126
126
126
126
125
125
125
125
126
126
125
125
126
126
126
125
125
125
125
125
125
125
125
125
125
125
125
125
125
125
125
126
126
126
126
125
126
126
125
125
125
125
125
125
125
126
126
125
125
126
126
126
126
125
125
125
125
124
125
125
125
125
125
125
126
126
126
126
126
126
125
126
126
125
126
126
125
125
126
126
126
125
125
126
125
125
125
125
125
125
125
126
125
125
126
126
125
125
126
125
125
126
125
125
126
126
125
126
126
125
126
126
125
126
125
125
125
125
125
126
125
125
125
125
125
125
125
126
125
126
125
126
126
126
125
126
125
126
126
129
125
125
125
125
124
124
124
125
125
126
126
126
125
125
125
125
125
125
125
125
125
125
126
126
126
126
125
126
126
126
125
125
125
125
126
125
125
126
126
126
126
126
126
125
125
125
125
125
125
125
125
125
125
125
125
125
125
125
125
125
125
126
126
125
125
125
125
125
125
125
125
125
125
126
125
125
125
125
125
125
125
125
126
126
125
125
125
125
125
126
125
124
125
125
125
126
125
125
125
125
125
125
125
125
125
126
125
125
125
125
125
125
125
126
126
125
125
125
125
125
126
126
126
125
125
126
125
125
126
127
126
125
126
125
124
125
125
125
125
125
125
125
125
126
125
124
125
126
126
126
125
126
126
125
125
124
124
125
126
126
127
125
124
125
126
126
126
125
124
123
126
128
126
123
123
125
126
125
125
125
127
127
125
125
127
127
125
122
124
131
130
120
117
124
128
130
124
120
123
129
128
126
125
125
127
129
128
123
121
124
127
125
123
124
126
128
125
123
124
126
129
127
124
124
126
127
130
125
122
124
125
123
125
124
124
125
126
125
125
125
124
124
126
129
125
123
125
127
127
123
123
126
128
126
122
122
126
130
128
123
124
128
129
125
122
124
129
128
118
117
128
133
124
120
125
130
129
125
123
125
129
128
124
123
124
124
124
125
125
126
126
126
128
124
122
125
127
126
124
124
126
127
125
124
124
125
127
125
124
126
126
126
125
125
126
125
125
125
125
125
126
126
126
125
125
126
125
125
125
125
126
125
124
126
126
125
125
126
125
126
126
125
125
124
125
126
125
125
123
125
126
125
125
125
124
123
125
126
126
123
123
125
126
126
128
127
126
124
126
129
125
122
126
128
123
120
123
128
126
123
126
135
98
116
125
128
127
127
124
128
129
127
123
125
128
127
126
126
126
128
129
127
124
124
126
129
126
122
124
125
128
126
125
126
128
127
127
125
125
125
124
60
126
126
126
126
126
125
125
126
126
126
126
126
126
125
126
126
125
126
125
126
125
126
125
126
126
125
126
125
126
125
125
125
125
125
125
125
126
126
126
125
125
125
126
126
125
125
125
126
126
125
125
125
125
125
125
126
126
125
125
125
126
126
126
125
126
126
126
125
125
125
125
125
125
125
126
125
125
125
126
125
125
126
126
125
126
126
125
125
125
125
126
126
125
125
126
126
126
126
126
125
126
126
126
126
125
125
126
126
126
126
125
126
126
126
126
125
126
126
126
125
125
125
125
126
125
126
126
125
125
125
125
126
125
126
126
125
126
125
125
126
126
126
126
126
125
126
125
126
126
125
126
125
126
125
126
126
126
126
126
125
125
125
126
126
126
126
125
125
125
125
126
125
125
126
125
126
125
125
125
125
126
125
125
125
125
125
125
125
126
126
125
126
125
125
125
125
125
125
125
125
125
125
125
125
125
125
125
125
125
125
125
125
125
125
125
125
125
125
125
125
125
125
125
125
125
125
125
125
125
125
125
125
125
125
125
125
125
125
125
125
125
125
125
125
125
125
125
125
125
125
125
125
125
125
125
125
125
125
125
125
125
125
125
125
125
125
125
125
125
125
125
125
125
125
125
125
125
125
125
125
125
125
125
125
125
125
125
125
125
125
125
125
125
125
125
125
125
125
125
125
125
125
125
125
125
125
125
125
125
125
126
125
125
125
125
125
125
125
126
125
126
125
125
126
126
125
125
125
125
125
125
125
125
125
126
126
126
125
125
126
125
125
125
126
125
125
125
125
125
125
125
125
126
128
