125
127
126
126
125
123
55
125
125
125
125
125
125
125
125
125
125
126
125
125
125
125
125
125
125
125
125
125
125
125
125
125
125
125
125
125
125
125
125
125
125
125
125
125
125
125
125
125
125
125
125
125
125
125
125
125
125
125
125
125
125
125
125
125
125
125
125
125
125
125
125
125
125
125
125
125
125
125
125
125
126
125
125
126
125
125
125
125
125
125
125
125
125
125
125
125
126
125
125
125
125
125
125
125
125
125
125
125
125
125
125
125
125
125
125
125
125
125
125
125
125
125
126
125
125
125
125
126
126
126
125
125
125
125
125
125
125
125
125
125
125
125
125
125
125
125
125
125
125
125
125
125
125
125
125
125
125
125
125
125
125
125
125
125
125
125
125
125
125
125
125
125
125
125
125
125
125
125
125
125
125
125
125
125
125
125
125
125
125
125
125
125
125
125
125
125
125
125
125
125
125
125
125
125
125
125
125
125
125
125
125
125
125
125
125
125
125
125
125
125
125
125
125
125
125
125
125
125
125
125
125
125
125
125
125
125
125
125
125
125
125
125
125
125
125
125
125
125
125
125
125
125
125
125
125
125
125
125
125
125
125
125
125
125
125
125
125
125
125
125
125
125
125
125
125
125
125
125
125
125
125
126
125
125
125
125
125
125
125
125
125
125
125
125
125
125
125
125
125
125
125
125
125
125
125
125
125
125
125
125
125
125
125
125
125
125
125
125
125
125
125
125
125
125
125
125
125
125
125
125
125
125
125
125
125
125
125
125
125
125
125
125
125
126
125
125
125
125
125
125
125
125
125
125
125
125
125
125
125
125
125
125
126
125
125
125
125
125
125
126
125
125
125
125
125
125
125
125
125
125
125
125
126
125
125
125
125
125
125
125
125
125
125
125
125
125
125
125
125
125
125
125
125
125
125
125
125
125
125
125
126
126
126
125
125
125
125
125
125
125
125
125
125
125
125
125
125
125
125
125
125
125
125
125
125
125
125
125
125
125
125
125
125
125
125
125
125
125
125
125
125
125
125
125
125
125
125
125
125
125
125
125
125
125
125
125
125
125
125
125
125
125
125
125
125
125
125
125
125
125
125
125
125
125
125
125
125
125
125
125
125
125
125
125
125
125
125
125
125
125
124
121
120
127
137
143
146
149
124
58
28
71
151
215
241
232
153
36
33
7
188
255
228
20
63
106
255
255
102
1
78
192
198
93
52
123
146
104
137
159
94
59
137
191
133
79
107
158
143
83
92
159
165
105
84
125
155
136
98
106
151
162
129
102
103
119
137
138
120
110
123
133
127
123
127
124
119
125
135
131
121
123
132
130
119
116
125
133
130
122
120
128
130
123
116
120
130
134
132
129
125
121
120
126
131
129
122
115
115
123
135
139
132
122
119
122
126
128
128
127
127
125
124
124
125
126
127
125
124
124
125
125
126
128
128
127
124
121
121
123
126
127
127
127
128
129
128
125
123
124
125
125
125
124
124
124
125
126
126
126
126
126
125
125
126
126
125
125
125
125
126
126
126
125
125
125
125
125
126
126
126
126
127
126
126
124
124
124
124
124
124
124
124
126
127
127
127
127
127
126
125
125
125
126
126
126
125
125
124
124
124
125
126
126
126
125
125
125
126
126
126
126
125
126
125
125
125
125
126
126
126
126
126
125
125
125
125
125
125
125
126
126
126
126
126
126
126
125
125
125
125
125
125
125
125
125
125
125
126
126
126
125
125
126
126
126
126
125
125
125
125
125
125
124
125
125
125
125
126
126
126
125
126
125
125
126
125
125
125
125
125
125
125
125
125
125
125
125
125
125
125
125
125
126
125
125
126
125
125
125
125
125
125
125
125
125
125
125
125
126
126
125
125
125
125
125
125
126
126
125
125
126
126
126
126
125
125
126
125
125
124
124
125
125
125
124
125
125
124
125
126
126
125
126
125
125
126
126
125
125
125
126
126
126
125
125
125
125
125
125
125
125
125
125
125
125
125
124
125
126
126
125
125
125
126
126
126
125
127
126
126
125
124
124
125
125
125
125
125
125
125
125
126
126
125
125
125
125
125
125
126
126
124
124
125
125
125
125
125
126
126
125
123
124
126
126
126
125
126
126
126
125
125
125
126
126
127
124
124
124
126
125
126
126
126
126
126
125
125
125
126
126
126
126
126
125
124
125
126
126
125
125
126
126
126
126
126
126
126
126
126
126
126
126
127
126
126
125
126
126
126
127
126
125
124
125
126
127
126
125
126
125
126
125
125
125
126
126
126
125
125
126
125
124
124
125
126
125
126
126
126
126
127
126
126
126
125
126
125
125
125
126
125
125
125
126
125
125
125
125
125
125
125
125
126
126
125
125
126
126
126
125
125
125
125
125
125
125
125
126
126
126
126
126
126
126
126
125
125
125
125
125
126
126
125
125
125
126
126
125
125
125
125
125
125
126
125
125
125
125
125
125
125
125
125
125
127
127
126
126
126
126
126
125
125
125
125
125
125
126
126
126
126
126
126
126
125
125
125
125
125
126
125
125
125
125
126
126
126
126
126
126
126
125
125
125
125
125
125
125
125
125
125
125
125
125
126
126
126
126
126
126
126
125
128
127
126
125
126
125
124
125
128
125
124
125
124
124
124
125
125
125
126
126
125
125
125
125
125
126
125
126
126
125
126
125
125
125
125
124
122
125
126
125
126
127
126
126
126
125
125
125
125
125
125
125
125
125
125
125
126
126
125
125
125
125
125
125
125
125
126
125
125
126
126
125
125
125
126
125
125
125
125
125
125
125
125
125
126
125
125
125
125
125
125
125
125
126
125
125
126
126
125
125
125
125
125
125
126
125
126
125
125
125
126
125
125
125
125
125
125
125
125
125
126
125
125
125
125
125
125
125
126
126
126
125
125
125
125
125
125
125
125
124
125
125
126
126
125
126
126
126
126
125
125
125
125
126
126
125
124
124
126
127
126
125
125
124
125
126
126
125
124
124
125
125
125
125
125
125
125
126
127
127
126
126
126
126
126
125
124
124
124
125
126
125
125
125
126
126
126
125
125
125
125
125
126
126
125
125
125
125
125
125
125
126
125
126
126
125
125
125
125
125
125
125
125
125
125
126
126
125
125
125
126
126
125
126
125
126
126
126
125
125
125
125
125
125
125
125
125
125
125
125
125
126
125
126
125
125
126
125
129
128
126
125
125
124
124
124
125
125
125
126
126
126
126
125
125
125
125
125
125
125
125
125
125
125
125
126
126
125
125
118
124
125
125
125
127
127
127
127
127
127
126
126
124
122
124
129
128
124
122
124
128
128
127
128
129
129
126
122
122
128
130
125
121
124
127
126
124
125
126
127
127
126
126
126
125
125
127
127
124
120
120
125
127
127
127
126
125
126
125
122
124
132
133
122
117
123
128
125
125
125
124
125
129
129
125
125
124
123
123
125
127
125
123
126
128
124
123
128
132
125
124
127
126
122
125
128
123
123
126
126
125
127
128
126
125
126
126
125
125
126
125
124
125
125
125
126
126
125
124
126
127
127
125
125
123
124
125
126
127
126
125
125
126
127
125
124
125
126
126
125
125
125
126
126
127
126
126
126
125
125
125
126
126
125
124
126
126
127
124
123
125
127
126
125
135
127
125
123
124
124
123
125
126
125
126
125
125
125
125
124
124
123
125
126
126
126
125
126
127
127
126
124
123
125
126
126
125
124
124
126
126
126
125
124
126
127
126
126
125
125
125
126
126
125
125
125
125
125
125
125
125
126
124
125
125
126
126
125
125
126
125
125
124
124
126
126
125
124
125
126
125
124
125
126
125
125
125
126
126
126
124
123
125
126
127
125
124
126
126
126
124
123
56
125
125
125
125
125
125
125
125
125
125
125
125
125
125
125
125
125
125
125
125
125
125
125
125
125
125
125
125
125
125
125
125
125
125
125
125
125
125
125
125
125
125
125
125
125
125
125
125
125
125
125
125
125
125
125
125
125
125
125
125
125
125
125
125
125
125
125
125
125
125
125
125
125
125
125
125
125
125
125
125
125
125
125
125
125
125
126
126
125
125
125
125
125
125
125
125
125
125
125
125
125
125
125
125
125
125
125
125
125
125
125
125
125
125
125
125
125
125
125
125
125
125
125
125
125
125
125
125
125
125
125
125
125
125
125
125
125
125
125
125
125
125
125
125
125
125
125
125
125
125
125
125
125
125
125
125
125
125
125
125
125
125
125
125
125
125
125
125
125
125
125
125
125
125
125
125
125
125
125
125
125
125
125
125
125
125
125
125
125
125
125
125
125
125
125
125
125
125
125
125
125
125
125
125
125
125
125
125
125
125
125
125
125
125
125
125
125
125
125
125
125
125
125
125
125
125
125
125
125
125
125
125
125
125
125
125
125
125
125
125
125
125
125
125
125
125
125
125
125
125
125
125
125
125
125
125
125
125
125
125
125
125
125
125
125
125
125
125
125
125
125
125
125
125
125
125
125
125
125
125
125
125
125
125
125
125
125
125
125
125
125
125
125
125
125
125
125
125
125
125
125
125
125
125
125
125
125
125
125
125
125
125
125
125
125
125
125
125
125
125
125
125
125
125
125
125
125
125
125
125
125
125
125
125
125
125
125
125
125
125
125
125
125
125
125
125
125
125
125
125
125
125
125
124
