125
126
129
127
125
125
87
126
125
125
125
125
125
125
125
125
125
126
126
125
125
125
125
125
125
125
125
126
125
125
125
125
125
125
125
125
125
125
125
125
125
125
125
125
125
125
125
125
125
125
125
125
125
125
125
125
125
125
125
125
125
125
125
125
125
125
125
125
125
125
125
125
125
125
125
125
125
125
126
125
126
125
125
125
125
125
125
125
125
125
125
125
125
125
125
126
125
125
125
125
125
125
125
125
125
125
125
125
125
125
125
125
125
125
125
125
125
125
125
125
125
126
125
125
125
125
125
125
125
125
125
125
125
125
125
125
125
125
125
125
125
125
125
125
125
125
125
125
125
125
125
125
125
125
126
125
125
125
125
125
125
125
126
126
125
125
125
125
125
125
125
125
125
125
125
125
125
125
125
125
125
125
125
125
125
125
125
125
125
125
126
125
125
125
125
125
125
125
125
125
125
125
125
125
125
125
125
125
125
125
125
125
125
125
125
125
125
125
125
125
125
125
125
125
125
125
125
125
125
125
125
125
125
125
125
125
125
125
125
125
125
125
125
125
125
125
125
125
125
125
125
125
125
125
125
125
125
125
125
125
125
125
125
125
125
125
125
125
125
125
125
125
125
125
125
125
125
125
125
125
125
125
125
125
125
125
125
125
125
125
125
125
125
125
125
125
126
125
125
125
125
125
125
125
125
125
125
125
125
125
125
125
125
125
125
125
125
125
125
125
125
125
125
125
125
125
125
125
125
125
126
125
125
125
125
125
125
125
125
125
125
125
125
125
125
125
125
125
125
125
125
125
125
125
125
125
125
125
125
125
125
125
125
125
125
125
126
126
125
125
125
125
126
125
125
125
125
125
125
125
125
125
125
125
125
125
125
125
125
125
125
125
125
125
125
125
125
125
125
125
125
125
125
125
125
125
125
125
125
125
125
125
125
125
125
125
125
125
125
125
125
125
125
125
125
125
125
125
125
125
125
125
125
125
125
125
125
125
125
125
125
125
125
125
125
125
125
125
125
125
125
125
125
125
125
125
125
125
125
125
125
125
125
125
125
125
125
125
125
125
125
125
125
125
125
125
125
125
125
125
125
125
125
125
125
125
125
125
125
125
125
125
125
125
125
125
125
125
125
125
125
125
125
125
125
125
125
125
125
125
125
125
125
125
125
125
125
125
125
125
125
125
125
125
125
125
125
125
125
125
125
125
125
125
125
125
125
125
125
125
125
125
125
125
125
125
125
125
125
125
125
125
125
125
125
125
125
125
125
125
125
125
125
125
125
125
125
125
125
125
125
125
125
125
125
125
125
125
125
125
125
125
125
125
126
125
125
125
125
125
125
125
125
125
125
125
125
125
125
125
125
125
125
126
126
125
125
125
125
125
125
125
125
125
126
125
125
126
125
125
125
125
124
124
125
125
125
126
126
125
125
126
126
126
125
125
125
126
126
124
125
125
125
126
126
126
126
125
126
126
125
126
126
126
126
126
125
126
126
126
126
125
126
126
126
126
126
126
126
126
126
126
126
126
126
126
126
126
126
126
126
126
126
126
126
126
126
126
126
126
126
126
125
126
126
126
126
126
126
126
126
126
126
126
126
124
125
126
126
126
126
126
126
126
126
126
126
126
126
125
126
126
126
125
125
126
126
126
125
125
125
126
125
125
125
125
125
125
125
126
125
126
125
125
125
126
126
125
126
125
125
126
126
126
125
125
126
126
126
126
125
125
126
126
125
125
125
125
126
125
125
126
126
125
125
125
126
126
126
126
125
125
126
126
125
125
126
126
125
125
126
125
126
126
126
125
126
126
126
125
126
126
125
125
125
126
126
126
126
125
125
126
126
126
125
126
126
126
126
126
125
125
125
126
125
125
125
126
126
125
125
126
126
125
126
126
125
125
125
125
125
126
126
126
125
127
127
126
125
126
125
125
125
127
125
125
125
125
125
125
125
125
125
125
126
126
125
125
125
126
125
125
126
126
125
125
126
126
125
126
126
125
125
125
126
125
125
126
126
125
125
125
126
125
125
126
126
125
125
126
126
125
125
126
125
125
125
126
126
125
125
125
125
125
123
125
124
125
126
127
126
125
126
126
126
125
125
126
126
125
125
126
126
125
125
125
126
125
125
125
125
125
125
125
125
125
125
125
126
125
125
125
125
125
126
126
125
125
126
126
126
125
125
125
125
125
126
126
125
125
125
126
126
125
125
126
125
125
125
125
125
125
125
126
126
125
125
125
125
125
125
125
126
125
125
125
125
125
125
125
125
126
125
125
125
125
126
126
126
125
124
125
127
126
125
125
125
125
125
126
125
125
125
126
125
125
125
125
125
125
126
126
125
125
125
125
126
125
125
125
125
125
125
125
125
126
125
125
125
126
125
125
125
125
126
126
125
125
125
125
126
126
125
126
125
125
125
125
125
125
125
125
126
126
125
125
125
126
126
125
126
126
124
125
125
125
125
125
126
126
125
125
125
125
125
125
125
126
125
126
125
125
125
126
125
125
125
125
125
125
125
125
125
125
125
125
125
125
125
125
125
125
125
125
125
125
125
125
125
126
125
125
126
126
126
125
124
128
126
126
126
125
123
124
125
125
125
124
124
124
125
125
125
126
126
126
126
126
126
126
127
125
124
125
126
126
126
126
126
124
122
122
124
125
126
127
127
126
126
126
126
126
125
124
125
125
126
126
126
125
124
124
125
126
125
125
125
125
126
126
125
124
124
125
125
125
126
126
126
126
126
126
125
124
125
124
124
123
123
124
124
125
125
127
128
128
129
130
132
132
129
125
120
115
113
113
117
124
128
129
130
130
129
129
130
132
131
127
125
123
121
120
120
122
125
126
124
122
123
124
119
119
130
139
135
130
132
131
119
116
128
135
122
112
121
129
123
115
120
127
126
125
133
139
132
121
121
128
128
115
112
127
143
136
116
112
124
127
119
114
124
139
136
116
112
125
138
138
138
146
153
130
84
72
114
149
155
140
121
99
96
116
140
149
143
129
105
99
126
147
134
120
128
129
119
111
117
139
154
137
104
96
123
149
141
112
106
118
130
147
147
113
91
127
169
143
84
81
133
163
142
114
115
127
126
126
129
129
125
124
126
123
124
132
129
116
113
126
132
129
127
128
125
119
120
124
126
125
125
125
126
125
119
126
134
136
126
123
123
124
125
128
126
122
125
130
125
114
110
121
135
137
128
122
126
143
155
128
86
97
136
136
102
90
122
164
163
121
92
112
147
144
117
109
124
138
137
134
127
116
116
124
127
124
120
130
150
135
92
90
139
163
132
100
105
127
138
131
121
122
126
122
124
133
131
122
131
142
131
114
112
119
127
129
123
119
121
126
128
128
128
128
126
124
123
125
123
122
125
129
125
123
129
133
126
119
121
127
130
127
125
126
128
127
124
122
121
121
130
131
125
115
116
128
137
133
126
122
118
118
126
132
127
122
122
123
124
127
133
131
120
116
124
132
127
119
124
132
129
122
121
125
127
127
126
124
124
129
130
125
122
124
129
126
121
123
127
127
125
122
123
128
130
129
122
118
123
130
131
129
125
133
113
83
132
130
134
126
121
129
132
128
123
124
127
129
130
128
130
129
123
119
120
124
128
128
130
133
127
119
120
128
132
130
127
123
126
129
127
123
123
124
129
135
130
122
120
120
125
132
130
122
121
123
123
124
129
129
124
124
130
133
126
120
122
127
129
125
120
118
127
126
124
127
132
132
127
125
126
129
129
126
123
121
124
126
129
131
126
123
125
126
124
123
126
128
126
123
123
126
129
126
120
122
126
129
125
122
122
126
125
126
129
129
133
126
125
123
123
123
126
123
121
123
127
128
86
125
125
125
125
125
125
125
126
125
125
125
125
125
125
125
125
125
125
125
125
125
125
125
125
125
125
125
125
125
125
125
125
125
125
125
125
125
125
125
125
125
125
125
125
125
125
125
125
125
125
125
125
125
126
125
125
125
125
125
126
125
125
125
125
125
125
125
125
125
125
125
125
125
125
125
125
125
125
125
125
125
125
125
125
125
125
125
126
125
125
125
125
125
125
125
125
125
125
125
125
125
126
125
125
125
125
125
125
125
125
125
126
126
126
126
126
126
126
126
126
126
125
125
125
125
126
125
125
125
125
125
125
125
125
125
125
126
125
125
125
125
125
126
125
126
125
125
125
125
126
126
125
126
126
126
125
125
125
126
125
125
125
125
125
125
125
126
125
125
125
125
126
126
126
126
125
126
125
125
125
126
126
126
125
125
125
126
126
125
126
125
126
125
125
125
126
125
125
125
126
126
125
125
125
125
125
125
125
126
125
125
125
125
125
125
125
126
126
125
126
125
125
125
126
126
125
126
126
126
125
126
125
125
126
125
125
126
125
126
125
126
125
125
126
126
125
126
126
125
125
126
126
125
126
126
125
126
126
126
126
125
126
126
125
125
125
125
125
126
126
125
126
125
126
125
125
125
126
125
125
125
125
125
125
126
126
126
125
125
126
126
126
125
126
125
126
126
126
126
125
125
125
126
126
125
125
126
126
126
126
126
125
125
125
125
125
125
125
125
125
126
126
126
126
126
125
126
126
125
125
126
126
126
125
125
125
125
125
126
125
125
125
125
125
125
125
125
125
125
125
125
125
125
125
