124
126
127
126
128
127
71
125
125
125
125
125
125
125
125
125
125
125
125
125
125
125
125
125
125
125
125
125
126
125
125
125
125
126
125
125
125
125
125
125
125
125
125
125
125
125
125
125
125
125
125
125
125
125
126
125
125
125
126
125
125
125
125
125
125
125
125
125
125
125
125
125
125
125
125
125
125
126
125
125
125
125
125
125
125
125
125
125
125
125
125
125
125
125
125
125
125
125
125
125
125
125
125
125
125
125
125
125
125
125
125
125
125
126
125
125
125
125
125
125
125
125
125
125
125
125
125
125
125
125
125
125
125
125
125
125
125
125
125
125
125
125
125
125
125
126
126
125
125
125
125
125
125
125
125
125
125
126
125
125
125
125
125
125
125
125
125
125
126
126
126
125
125
125
126
125
125
125
125
125
125
125
125
125
125
125
125
125
126
125
125
125
126
126
125
125
125
125
125
126
126
126
126
126
126
126
126
126
126
126
126
126
126
126
126
126
126
126
126
126
126
126
126
126
126
126
126
126
126
126
126
125
126
126
126
126
126
126
126
126
126
126
126
126
126
126
126
126
126
126
126
126
126
126
126
126
126
126
126
126
125
125
125
126
126
126
126
126
125
125
126
126
126
126
125
126
126
125
126
126
126
126
126
126
126
125
125
125
125
125
125
126
126
125
126
126
126
125
126
125
125
125
125
125
126
125
126
125
125
125
125
125
126
126
125
126
126
126
126
126
126
126
126
126
126
126
125
126
126
126
125
125
126
125
126
126
126
126
126
126
125
125
126
125
125
125
125
126
126
126
125
126
126
126
126
126
125
125
125
125
126
126
126
126
126
126
126
126
126
126
125
126
126
125
126
125
126
126
126
125
126
125
126
125
125
125
126
126
125
126
126
126
126
126
126
125
125
125
125
126
126
125
126
126
126
126
126
125
125
126
126
125
125
125
125
125
125
125
125
125
125
125
126
126
126
125
126
126
126
126
125
125
125
125
125
125
125
125
126
125
126
126
126
125
125
125
125
125
125
125
125
125
125
125
125
125
125
126
125
125
125
125
125
125
125
125
125
125
126
126
126
126
125
125
125
125
125
126
125
125
125
125
125
125
125
125
125
125
125
125
125
125
125
125
125
125
125
125
125
125
125
125
125
125
125
125
125
125
125
125
125
125
125
126
125
125
125
125
125
125
125
125
125
125
125
125
125
125
125
125
125
125
125
125
125
125
125
125
125
125
125
125
125
125
125
125
125
125
125
125
125
125
125
125
125
125
125
125
125
125
125
125
125
125
125
125
125
125
125
125
125
125
125
125
125
125
125
125
125
125
125
125
125
125
125
125
125
125
126
125
125
125
125
125
125
126
125
125
125
125
125
125
125
125
125
125
126
126
126
125
125
126
126
125
125
125
125
125
125
125
125
125
125
126
125
125
125
126
126
126
126
126
125
125
125
126
126
125
125
126
126
126
126
125
125
125
126
126
125
125
125
125
125
125
126
126
124
124
125
126
126
125
125
126
126
125
125
125
126
126
126
125
125
125
126
127
127
126
125
125
126
126
125
125
125
125
126
127
125
125
125
126
125
125
125
124
125
126
126
126
125
125
126
126
126
126
125
124
123
124
126
128
126
124
124
126
127
128
125
122
122
126
129
127
125
124
123
123
127
130
126
121
122
128
130
126
123
123
124
124
127
129
127
124
122
125
127
129
127
124
123
124
125
126
125
124
124
124
125
127
128
127
125
124
124
126
127
125
123
123
124
126
127
127
125
125
125
125
125
125
125
126
126
127
127
126
124
124
125
126
128
126
121
120
125
127
128
132
133
127
118
119
128
131
121
118
130
134
123
121
132
133
118
107
117
133
135
125
120
124
131
135
133
124
114
114
123
129
130
129
127
127
128
127
124
122
121
122
125
129
131
129
125
119
115
112
114
134
175
194
135
31
11
130
239
183
62
53
145
184
134
90
127
182
143
48
69
173
181
114
92
132
157
124
96
114
142
138
134
148
124
64
73
162
179
115
103
145
122
80
137
203
139
46
76
159
185
162
108
69
91
139
143
97
135
255
255
19
173
24
255
255
211
117
64
161
255
221
106
13
6
118
221
193
121
88
81
95
153
187
140
84
89
126
150
141
105
89
119
158
149
111
100
111
122
135
141
132
121
112
116
135
149
127
97
103
133
154
155
130
98
95
130
152
141
119
95
103
146
161
120
98
123
142
135
124
118
108
112
127
135
133
131
136
133
118
110
122
133
130
128
128
126
122
121
118
118
128
137
131
123
128
135
128
115
114
121
128
133
129
119
120
133
136
121
116
125
133
134
123
100
103
149
171
124
80
103
148
154
126
105
111
141
158
134
103
110
132
132
119
113
124
138
131
112
117
127
131
119
126
136
129
122
125
127
122
120
132
136
117
108
132
147
131
120
119
111
116
135
140
135
133
125
116
118
122
120
123
130
136
140
136
121
111
117
128
132
127
121
120
125
128
125
129
132
126
123
131
128
117
119
136
139
124
116
118
123
129
128
118
116
132
143
140
121
112
117
127
135
130
115
116
134
136
118
104
113
137
149
139
126
119
118
125
133
128
123
128
128
119
119
125
120
113
124
141
137
121
120
127
129
130
130
123
116
119
129
137
135
120
110
114
127
137
135
127
120
116
117
125
137
136
127
123
122
119
119
129
140
135
115
104
115
134
147
141
120
105
111
130
145
144
126
109
112
127
132
128
122
121
124
126
127
129
127
125
130
132
119
111
126
140
131
117
118
124
124
124
131
137
131
124
122
120
118
124
130
128
129
134
128
119
117
116
116
126
143
145
129
110
110
123
132
131
132
130
119
116
126
132
132
129
123
115
116
125
133
130
124
122
125
133
138
132
116
108
120
137
140
128
118
114
117
121
128
136
138
127
114
116
130
135
126
117
118
123
129
136
134
123
115
116
122
130
132
128
124
120
121
128
133
127
119
120
125
132
135
127
118
115
120
125
128
132
134
128
119
117
124
130
128
123
126
132
127
121
127
126
114
113
129
141
136
123
118
120
123
128
133
136
126
111
107
121
140
137
124
120
126
126
122
124
131
132
126
122
119
119
123
126
125
122
128
137
134
119
107
116
135
142
132
123
122
120
118
128
138
129
114
116
128
131
127
129
130
125
121
121
126
129
126
118
115
129
142
135
118
113
119
124
125
129
133
131
122
117
123
128
126
127
133
131
121
115
120
128
128
125
125
127
126
126
128
128
120
118
130
136
124
118
125
130
128
127
126
122
120
120
125
133
133
125
123
129
128
121
118
122
128
127
122
124
131
130
124
122
123
123
124
131
134
126
120
123
130
133
126
115
109
117
134
141
131
118
113
121
136
138
125
117
121
127
128
125
123
121
120
123
128
133
135
132
123
118
123
126
121
118
128
136
135
125
118
119
125
132
132
123
117
122
126
127
126
128
124
123
125
129
128
122
120
127
129
123
120
128
128
120
120
129
132
127
125
126
128
127
123
121
123
127
126
124
122
121
125
131
131
124
117
118
127
136
130
120
118
125
130
128
124
124
126
126
123
124
127
128
121
118
122
120
123
134
136
129
126
128
127
124
122
120
126
134
132
123
120
124
127
121
123
130
124
119
124
132
132
124
119
122
127
126
120
115
120
132
138
130
116
113
126
135
136
133
129
126
124
121
120
123
128
129
126
125
125
125
121
120
126
134
135
130
122
113
115
126
132
127
122
121
120
123
133
138
127
113
119
128
129
123
118
124
133
133
126
122
123
125
127
126
124
125
130
133
127
115
110
118
134
141
131
121
124
132
128
117
115
122
128
127
125
125
125
124
125
130
133
130
123
118
118
122
127
128
121
119
128
136
70
125
125
125
125
125
125
125
125
125
126
126
125
125
125
125
125
125
125
125
125
125
125
125
125
125
125
125
125
125
125
125
125
125
125
125
125
125
125
125
125
125
125
125
125
125
125
126
125
125
125
125
125
125
125
125
125
125
125
125
125
125
125
125
125
125
125
125
125
125
125
125
125
125
125
125
125
125
125
125
126
125
125
125
125
125
125
125
125
126
125
126
125
125
125
125
125
125
125
125
125
125
125
125
125
125
125
125
125
125
125
125
125
125
125
125
125
125
125
125
125
125
125
125
125
125
125
125
125
125
125
125
125
125
125
125
125
125
125
125
125
125
125
125
125
125
125
125
125
125
125
125
125
125
125
125
125
125
125
125
125
125
125
125
125
125
125
125
125
125
125
125
125
125
125
125
125
125
125
125
125
125
125
125
125
125
125
125
125
125
125
125
125
125
125
125
125
125
125
125
125
125
125
125
125
125
125
125
125
125
125
125
125
125
125
125
125
125
125
125
125
125
125
125
125
125
125
125
125
125
125
125
125
125
125
125
125
125
125
125
125
125
125
125
125
125
125
125
125
125
125
125
125
125
125
125
125
125
125
125
125
125
125
125
125
125
125
125
125
125
125
125
125
125
125
125
125
126
125
125
125
126
125
125
125
125
125
125
125
125
126
125
125
125
125
124
125
126
125
126
126
126
126
126
125
125
126
125
126
125
126
125
126
126
125
125
125
125
125
126
126
125
126
125
126
126
125
125
126
125
125
125
126
126
126
126
125
126
126
125
126
125
125
125
125
125
126
126
126
126
126
126
126
126
125
