120
113
121
133
132
123
69
125
125
125
125
125
125
125
125
125
125
125
125
125
125
125
125
125
125
125
125
125
125
125
125
125
125
125
125
125
125
125
125
125
125
125
125
125
125
125
125
125
125
125
125
125
125
125
125
125
125
125
125
125
125
125
125
125
125
125
125
125
125
125
125
125
125
125
125
125
125
125
125
125
125
125
125
125
125
125
125
125
125
125
125
125
125
125
125
125
125
125
125
125
125
125
125
125
125
125
125
125
125
125
125
125
125
125
125
126
125
125
126
125
125
125
125
125
126
125
125
125
125
125
126
125
125
125
125
125
125
125
125
126
126
126
126
126
126
125
126
125
125
126
126
126
126
126
125
126
125
126
126
125
126
126
126
125
125
125
125
125
126
126
125
126
125
126
125
125
125
126
126
126
126
126
125
125
125
125
125
126
126
125
126
126
125
126
125
125
126
125
125
125
125
125
126
125
126
125
125
126
126
126
126
126
125
125
125
126
125
125
125
125
125
125
125
125
125
125
125
125
125
126
126
126
126
126
125
125
125
125
126
125
125
126
125
125
126
126
125
125
126
126
125
126
125
126
126
126
125
125
125
126
125
126
126
125
126
125
125
125
125
125
126
126
125
126
125
125
125
125
125
126
125
126
125
125
125
125
125
126
126
126
125
126
126
125
125
125
126
125
125
125
125
125
125
125
125
125
125
125
125
126
125
126
125
125
126
125
125
126
125
126
125
126
126
125
126
126
125
125
125
125
125
126
126
126
126
125
125
125
126
125
125
125
125
125
125
125
126
126
125
125
126
125
126
125
125
126
126
126
125
125
125
125
125
125
125
125
125
125
125
125
125
125
125
125
125
125
125
125
125
125
125
125
125
125
125
125
125
125
125
125
125
125
125
125
125
125
125
125
125
125
125
125
125
125
125
125
125
125
125
125
125
125
125
125
125
125
125
125
125
125
125
125
125
125
125
125
125
125
125
125
125
126
125
125
125
125
125
125
125
125
125
125
125
125
125
125
125
125
125
125
125
125
125
125
125
125
125
125
125
125
125
125
125
125
125
125
125
125
125
125
125
125
125
125
125
125
125
125
125
126
125
125
125
125
125
125
125
125
125
125
125
125
125
125
125
125
125
125
125
125
125
125
125
125
125
125
125
125
125
125
125
125
126
125
125
125
125
125
125
125
125
125
125
126
125
125
125
125
125
125
125
125
125
125
125
125
125
125
125
125
125
125
125
125
125
125
125
125
125
125
125
125
126
125
125
125
126
125
125
125
125
125
125
125
125
125
126
125
125
125
125
125
125
125
125
125
126
126
126
125
125
125
125
125
125
124
125
125
125
125
126
126
126
126
125
125
126
125
125
125
126
126
125
125
125
126
125
125
125
125
125
126
126
125
125
125
125
125
125
125
125
125
125
125
125
125
125
126
125
125
125
125
125
125
125
125
125
126
125
125
125
125
125
125
126
125
123
130
126
124
123
123
124
126
126
126
126
126
126
125
125
125
125
125
125
125
125
125
125
126
126
125
125
125
126
126
126
125
125
126
126
126
125
125
124
125
125
125
126
126
126
126
126
126
126
125
125
125
125
126
125
125
125
125
125
125
126
126
125
125
126
126
126
126
126
126
125
125
126
126
125
125
125
126
126
126
125
124
125
126
126
125
125
125
127
126
125
125
125
125
124
124
125
126
127
126
125
126
126
126
126
124
124
124
124
125
125
126
126
126
126
125
125
125
125
125
125
125
125
126
126
127
126
125
125
125
124
124
125
126
126
125
125
125
125
125
125
125
125
125
125
126
126
125
126
126
125
125
126
126
126
125
125
126
125
125
125
126
125
124
124
126
126
124
124
125
126
125
125
126
127
125
124
125
127
126
124
124
127
127
126
124
125
126
126
124
124
126
126
125
122
123
127
129
126
124
128
131
127
121
114
111
122
145
150
120
85
94
152
191
138
62
89
164
184
148
64
21
109
224
186
93
145
168
48
6
159
255
182
19
12
135
220
176
93
41
77
183
215
118
96
140
112
92
122
134
122
134
144
144
130
110
101
108
126
140
137
114
119
155
161
119
85
86
116
142
143
130
142
158
132
89
84
125
164
154
112
80
93
148
188
158
98
76
103
145
161
129
92
110
149
149
132
123
111
106
122
134
132
132
133
124
115
117
118
122
139
146
127
115
124
129
122
121
128
129
124
116
120
133
133
120
117
126
133
135
129
120
118
123
123
123
123
122
130
139
134
125
125
125
122
125
125
113
110
125
138
134
124
121
124
128
131
132
129
125
126
126
120
113
114
121
131
136
132
125
127
134
133
124
116
116
120
125
126
127
132
132
122
113
119
131
135
130
129
133
133
122
113
116
121
121
127
134
129
125
129
124
114
121
135
134
126
124
129
124
116
117
128
134
133
125
119
126
132
122
115
124
131
125
121
128
138
140
132
119
110
112
122
131
131
126
125
132
135
129
119
120
125
125
118
116
124
128
127
129
137
137
125
116
121
125
127
124
128
132
125
115
125
144
123
85
92
155
190
139
78
102
137
126
138
164
112
45
127
219
140
15
113
239
127
42
136
186
120
94
113
115
132
154
129
105
125
141
131
120
107
93
112
167
194
142
69
67
122
157
152
129
113
112
123
132
135
134
126
116
117
125
129
126
122
120
122
128
127
123
127
137
137
125
115
118
128
129
122
119
125
130
127
120
118
133
166
133
32
53
248
255
4
113
196
255
107
104
131
255
99
73
126
255
221
105
34
255
255
46
21
114
235
216
91
22
87
177
199
138
64
72
148
172
127
104
139
161
121
76
95
145
155
135
126
113
97
112
151
165
138
110
97
118
135
126
113
123
136
128
121
130
136
127
118
117
120
126
131
131
128
124
122
124
128
128
128
124
119
123
134
134
110
93
130
182
152
68
78
171
166
104
103
134
131
126
111
103
133
165
121
90
108
173
159
90
94
142
156
120
102
114
140
150
132
102
104
129
136
123
122
126
126
122
131
139
128
115
121
134
132
124
121
119
118
123
129
132
132
126
119
120
128
130
125
122
125
128
128
123
119
125
133
133
124
116
118
127
133
130
124
122
123
122
123
126
128
127
125
125
127
129
127
123
121
122
125
127
126
123
121
122
125
127
129
130
131
129
124
119
118
121
124
126
127
127
125
123
126
130
129
126
125
126
123
122
124
124
120
123
129
129
126
125
128
128
126
126
126
125
123
120
120
124
130
129
125
125
128
128
126
124
122
124
125
126
126
124
123
124
125
126
128
128
126
124
124
125
124
122
123
127
128
129
127
126
125
123
147
123
104
109
129
139
130
121
119
124
134
139
128
109
116
122
125
130
133
126
120
125
132
129
124
125
128
130
129
126
121
118
119
125
130
131
126
121
121
123
126
129
129
128
127
121
121
127
131
126
118
121
131
133
126
120
122
127
128
125
126
128
125
122
123
129
131
126
119
118
129
137
125
114
120
129
126
127
136
133
118
110
119
130
134
135
130
120
120
126
125
118
119
134
139
126
115
119
130
133
122
117
127
137
131
117
114
124
132
131
126
123
123
123
127
130
127
120
122
126
129
128
125
122
123
131
132
124
120
127
130
124
121
123
126
127
124
124
125
128
127
126
124
127
130
126
119
118
129
133
127
118
113
119
133
141
139
128
115
108
116
133
142
129
115
120
127
126
122
125
131
130
123
119
123
127
126
125
127
126
121
123
129
130
124
117
122
133
133
121
117
127
133
124
118
124
131
130
128
124
122
126
131
128
119
116
120
123
128
138
137
122
115
122
129
124
123
130
128
120
119
124
131
136
131
121
118
126
133
125
116
115
127
140
141
121
115
116
137
139
121
111
70
126
125
126
126
126
126
126
126
126
126
126
126
126
126
126
126
126
126
125
126
125
126
126
126
126
126
125
126
126
126
126
125
126
126
126
125
126
125
125
125
126
125
125
125
125
125
125
125
125
125
125
126
125
126
126
125
125
125
126
126
125
125
126
125
125
126
125
126
126
126
126
125
126
126
126
125
126
125
125
126
125
125
125
125
125
126
126
126
125
125
125
125
125
125
125
125
125
125
125
125
125
126
125
125
126
125
125
125
125
125
125
125
125
125
125
126
125
125
125
125
125
125
125
125
125
125
125
125
125
125
125
125
125
126
126
125
125
125
125
125
125
125
125
125
125
125
125
125
125
125
125
125
125
126
125
125
125
125
125
125
125
125
125
125
125
125
125
125
125
125
125
125
126
125
125
125
125
125
125
125
125
125
125
125
125
125
125
125
125
125
125
125
125
125
125
125
125
125
125
125
125
125
125
125
125
125
125
125
125
125
125
125
125
125
125
125
125
125
125
125
125
125
125
125
125
126
125
125
125
125
125
125
125
125
125
125
125
125
125
125
125
125
125
125
125
125
125
125
125
125
125
125
125
125
125
125
125
125
125
125
125
125
125
125
125
125
126
125
125
125
125
125
125
125
125
125
125
125
125
125
125
125
125
125
125
125
125
125
125
125
125
125
125
125
125
125
125
125
125
125
125
125
125
125
125
125
125
125
125
125
125
125
125
125
125
125
125
125
125
125
125
125
125
125
125
125
125
125
125
125
125
125
125
125
125
125
125
125
125
125
125
125
125
125
125
125
125
125
125
125
125
126
125
131
