127
130
125
122
126
127
89
125
125
126
126
125
126
125
125
125
125
125
125
125
125
125
125
125
125
125
125
125
125
125
125
125
125
125
125
125
125
125
125
125
125
125
125
125
125
125
125
125
125
125
125
125
125
125
125
125
125
125
125
125
125
125
125
125
125
125
125
125
125
125
125
125
125
125
125
125
125
125
125
125
125
125
125
125
125
125
125
125
125
125
125
125
125
125
125
125
125
125
125
125
125
125
125
125
125
125
125
125
125
125
125
125
125
125
125
125
125
125
125
125
125
125
125
125
125
125
125
125
125
125
125
125
125
125
125
125
125
125
125
125
125
125
125
125
125
125
126
125
125
125
125
125
125
125
125
125
125
125
125
125
125
125
125
125
125
125
125
125
125
125
125
125
125
125
125
125
125
125
125
125
125
125
125
125
125
125
125
125
125
125
125
125
125
125
125
125
125
125
125
125
125
125
125
125
125
125
125
125
125
125
125
125
125
125
125
125
125
125
125
125
125
125
125
125
125
125
125
125
125
125
125
125
125
125
125
125
125
125
125
125
125
125
125
125
125
125
125
125
125
125
125
125
125
125
125
125
125
125
125
125
125
125
125
125
125
125
125
125
125
126
125
125
125
125
125
125
125
125
125
125
125
125
125
125
125
125
125
125
125
125
125
125
125
125
125
125
125
125
125
125
125
125
125
125
125
125
125
125
125
125
125
125
125
125
125
125
125
125
125
125
125
125
125
125
125
125
125
125
125
125
125
125
125
125
125
125
125
125
125
125
125
125
125
125
125
125
125
125
125
125
125
125
125
125
125
125
125
125
125
125
125
125
125
125
126
126
125
125
125
125
125
125
125
125
125
125
125
125
125
125
125
125
125
125
125
125
125
125
125
125
125
125
125
125
125
125
125
125
125
125
125
125
125
125
125
125
125
125
125
125
125
125
125
125
125
125
125
125
125
125
125
125
125
125
125
125
125
125
125
125
125
125
125
125
125
125
125
125
125
125
125
125
125
125
125
125
125
125
125
125
125
125
125
125
125
125
125
125
125
125
125
125
125
125
125
125
125
125
125
125
125
125
125
125
125
125
125
125
125
125
125
125
125
125
125
125
125
125
125
125
125
125
125
125
125
125
125
125
125
125
125
125
125
125
125
125
125
125
125
125
125
125
125
125
125
125
125
125
125
125
125
125
125
125
125
125
125
125
125
125
125
125
125
125
125
125
125
125
125
125
125
125
125
125
125
125
125
125
125
125
125
125
125
125
125
125
125
125
125
125
125
125
125
125
125
125
125
125
125
125
125
125
125
125
125
125
125
125
125
125
125
125
125
125
125
125
125
125
125
125
125
125
125
125
125
125
125
125
125
125
125
125
125
125
125
125
125
125
125
125
125
125
125
125
125
125
124
125
125
125
125
126
126
125
125
125
125
125
125
126
125
125
125
126
126
125
125
125
125
125
126
125
125
125
125
126
125
125
125
125
125
125
125
125
125
125
125
125
125
125
126
125
125
125
125
125
125
125
125
125
125
125
125
125
125
125
125
125
125
125
125
125
125
125
125
125
125
125
125
125
125
125
125
125
125
125
125
125
125
125
125
125
125
125
125
125
125
125
125
125
125
125
125
125
125
125
125
125
125
125
125
125
125
125
125
127
123
125
126
126
126
126
126
126
126
125
125
126
126
126
126
126
126
125
126
126
126
126
125
125
126
126
126
126
125
126
126
126
126
126
126
126
126
126
126
126
125
126
126
126
126
125
126
125
126
126
126
126
126
126
126
126
126
126
126
126
126
126
125
126
126
125
124
125
125
126
126
126
126
126
126
126
126
125
125
126
125
126
126
125
125
126
126
125
126
126
125
125
126
125
125
125
125
125
125
125
125
125
125
125
126
125
125
125
125
125
126
126
125
126
127
126
125
125
125
125
125
125
125
125
125
125
125
125
125
125
125
125
126
126
125
125
126
126
125
126
126
125
125
126
126
125
125
126
126
125
125
125
125
126
126
125
125
125
126
126
125
126
125
125
125
126
125
125
126
126
125
125
126
126
125
126
126
125
123
124
125
125
125
127
126
125
126
127
126
125
126
126
125
125
126
126
126
125
126
126
125
125
125
126
125
125
126
126
126
125
126
126
125
125
127
128
125
125
126
124
124
125
126
125
125
125
125
125
125
125
125
125
125
126
126
125
125
125
126
126
126
126
125
125
125
126
126
125
125
126
126
125
125
125
125
125
125
125
126
125
125
125
126
126
125
125
125
125
125
125
126
126
125
125
126
125
125
125
125
125
125
125
125
125
125
125
125
126
125
125
125
126
125
125
125
125
125
126
125
125
125
125
125
125
125
125
125
125
125
126
125
125
125
126
125
125
125
125
125
125
125
126
126
125
125
125
125
125
125
125
126
125
125
125
125
126
126
126
125
125
125
125
125
125
125
125
125
125
125
125
125
125
125
125
125
125
126
125
125
125
125
125
126
125
125
125
125
125
125
125
125
125
125
125
125
126
126
126
125
125
125
125
125
125
126
125
125
125
125
125
125
125
125
125
125
125
125
125
125
125
125
125
129
125
124
124
124
124
125
125
125
126
127
127
125
123
123
127
128
127
125
124
124
125
125
125
123
123
125
127
126
124
124
126
128
126
125
125
125
127
127
125
123
125
126
126
124
123
123
124
126
127
127
126
125
127
125
122
122
126
126
126
125
124
125
126
126
126
125
124
125
126
127
126
125
126
126
125
125
125
125
124
124
125
125
125
124
123
124
125
124
125
126
126
126
127
127
127
126
126
126
126
126
125
125
125
124
124
124
124
124
125
125
124
124
126
127
127
127
126
124
123
124
125
128
128
125
123
123
125
125
124
123
123
125
125
125
126
125
126
127
128
127
125
126
126
126
124
124
124
124
123
122
122
123
126
127
127
126
125
126
128
129
126
125
125
123
122
123
123
123
123
124
126
128
128
124
124
123
122
123
123
119
121
137
147
135
121
126
135
134
124
113
113
123
125
114
110
123
135
129
122
125
130
127
124
124
124
122
123
124
127
133
131
121
123
133
134
127
111
109
132
141
128
120
123
123
125
132
129
120
119
128
127
116
120
132
126
117
123
133
132
129
128
119
113
125
138
133
124
121
115
114
127
140
137
123
116
121
128
129
125
120
122
127
126
125
125
125
126
126
124
121
124
128
129
127
123
124
126
123
118
120
132
137
130
121
121
129
132
123
120
128
130
126
122
130
130
120
108
107
118
126
123
113
120
140
139
123
123
129
127
127
134
135
139
145
139
130
126
107
87
89
111
142
151
123
98
113
144
148
103
111
122
136
140
129
120
130
142
136
121
114
114
116
118
123
130
132
131
129
129
129
128
127
128
126
122
121
124
127
125
122
124
128
128
125
125
127
129
126
122
122
124
126
124
126
128
129
126
123
123
125
127
127
125
121
122
128
131
127
122
123
128
128
124
121
121
125
131
123
122
124
128
129
126
123
125
125
126
130
126
119
121
126
126
125
125
126
125
126
128
128
125
126
129
130
124
121
124
127
126
122
122
126
126
122
123
127
127
125
127
125
122
124
132
128
120
121
128
127
124
125
126
125
123
124
125
127
128
127
124
123
124
124
126
127
127
127
127
127
124
123
124
125
126
127
124
122
124
126
127
124
123
125
129
128
125
124
122
125
127
127
124
122
125
127
127
127
126
122
123
125
126
124
123
125
127
125
126
126
127
126
124
125
126
126
125
123
125
126
127
128
127
123
123
125
126
125
124
120
125
125
127
127
125
124
125
127
126
125
126
128
126
123
123
125
127
127
123
122
125
128
127
135
125
126
125
124
123
122
120
122
127
127
122
122
125
128
126
90
125
125
125
125
125
125
125
125
125
125
125
125
125
125
125
126
125
125
126
125
125
125
125
125
125
125
125
125
125
125
125
125
125
125
125
125
125
125
125
126
125
125
125
125
125
125
125
125
125
125
125
125
125
125
125
125
125
125
125
125
125
125
125
125
125
126
126
125
125
125
125
125
125
125
126
126
126
125
125
125
125
125
125
125
125
125
125
125
125
125
125
125
125
125
125
125
125
125
126
126
125
125
125
125
125
125
125
125
125
125
125
125
125
125
125
125
125
125
125
125
125
125
125
125
125
125
125
125
125
125
125
125
125
125
125
125
125
125
125
125
125
125
125
125
125
125
125
125
125
125
125
125
125
125
125
125
125
125
125
125
125
125
125
125
125
125
125
125
125
125
125
125
125
125
125
125
125
125
125
125
125
125
125
125
125
125
125
125
125
125
125
125
125
125
125
125
125
125
125
125
125
125
125
125
125
125
125
125
125
125
125
125
125
125
125
125
125
125
125
125
125
125
125
125
125
125
125
125
125
125
125
125
125
125
125
125
125
125
125
125
125
125
125
125
125
125
125
125
125
125
125
125
125
125
125
125
125
125
125
125
125
125
125
125
125
125
125
125
125
125
125
125
125
125
125
125
125
125
125
125
125
125
125
125
125
125
125
125
125
125
125
125
125
125
125
125
125
125
125
125
125
125
125
125
125
125
125
125
125
125
125
125
125
125
125
125
125
125
125
125
125
125
125
125
125
125
125
125
125
125
125
125
125
125
125
125
125
125
125
125
125
125
125
125
125
125
125
125
125
125
125
125
125
121
