125
125
126
125
126
126
61
126
125
126
126
126
126
126
126
126
126
126
126
126
126
126
126
126
125
126
126
125
126
125
125
126
126
125
126
125
126
125
125
126
126
125
125
126
126
125
126
125
125
125
126
126
125
126
125
125
125
125
126
125
126
125
126
126
126
126
126
126
125
126
125
125
126
125
126
126
126
125
125
125
126
126
125
125
126
126
125
126
125
126
126
125
126
126
126
126
126
126
125
125
126
125
126
126
125
126
126
126
126
126
126
125
125
126
126
126
125
125
125
126
126
125
126
126
126
126
126
125
125
126
126
126
125
125
126
126
125
125
125
125
125
125
125
126
125
125
125
126
125
125
125
125
126
125
126
125
126
126
125
125
125
125
125
125
125
125
125
125
125
125
125
125
125
125
125
125
126
125
125
125
125
125
125
125
125
125
125
125
125
125
125
125
125
125
125
125
125
125
125
125
125
125
125
125
125
125
125
125
125
125
125
125
125
125
125
125
125
125
125
125
125
125
125
125
125
125
125
125
125
125
125
125
125
125
125
125
125
125
125
125
125
125
125
125
125
125
125
125
125
125
125
125
125
125
125
125
125
125
125
125
125
125
126
125
125
125
125
125
125
125
125
125
125
125
125
125
125
126
125
125
126
126
125
126
125
125
125
125
125
125
125
125
125
125
125
125
125
125
125
124
125
126
126
126
125
126
126
126
125
126
125
126
126
126
126
126
126
126
126
126
125
125
125
125
126
126
126
126
126
125
126
126
125
125
125
125
126
125
126
125
125
126
126
126
125
125
125
126
125
126
126
126
126
126
125
125
126
126
126
125
126
125
125
125
125
125
126
125
125
126
126
125
125
126
125
126
125
125
125
125
125
125
125
125
125
125
125
125
125
125
125
125
125
125
125
126
126
125
125
125
126
125
126
126
126
125
125
125
125
125
125
125
125
125
125
125
126
125
125
125
125
126
126
126
126
126
126
126
125
125
125
126
125
125
125
126
126
126
126
126
126
125
125
125
126
126
125
126
126
126
126
125
126
125
126
126
126
125
125
126
126
125
125
126
126
125
125
126
126
126
125
126
125
126
125
125
125
126
126
126
125
125
125
126
126
125
126
125
125
125
125
126
126
126
125
125
125
125
125
125
125
125
126
126
125
125
125
125
125
126
126
126
126
126
126
126
125
125
125
125
125
125
126
126
125
124
125
124
122
123
128
129
127
127
129
129
121
112
112
123
138
143
131
116
119
134
131
109
105
128
150
154
128
96
99
136
153
124
92
110
151
145
93
87
142
182
153
105
88
116
147
147
117
93
115
156
162
108
76
111
153
150
135
133
111
86
105
154
169
134
90
88
132
164
144
111
109
114
111
121
149
160
135
100
101
134
149
126
100
101
125
145
141
124
116
126
139
139
127
112
107
112
127
141
141
126
113
116
128
134
129
121
120
127
130
127
123
121
122
126
129
128
122
120
126
133
131
122
116
121
128
133
131
126
123
122
121
122
125
128
128
127
125
125
125
127
127
125
123
122
124
126
126
126
127
126
124
124
126
129
130
128
125
122
122
123
125
126
127
125
125
125
126
126
125
124
126
128
128
127
126
124
121
121
124
128
130
129
126
124
123
125
127
127
126
124
124
124
124
124
125
126
127
126
126
126
125
126
126
125
123
124
124
125
126
126
127
127
127
126
126
125
124
123
124
124
125
125
125
125
126
126
126
127
126
126
125
124
124
124
125
125
126
126
127
127
126
126
126
126
125
125
125
125
125
125
125
125
125
126
126
126
126
126
126
125
125
125
125
126
125
125
125
125
125
125
125
125
125
126
126
126
126
126
125
125
125
125
125
125
125
125
126
125
125
125
126
125
125
125
126
126
126
126
125
125
125
125
125
125
126
126
125
126
127
126
125
125
125
125
125
125
125
125
125
125
125
125
125
125
126
125
125
125
126
126
126
126
126
125
125
126
126
125
124
125
126
125
124
125
125
125
125
127
126
124
125
126
126
125
125
125
125
124
125
126
126
127
127
125
124
126
127
126
126
125
125
124
124
126
126
125
126
128
128
127
124
125
128
128
125
124
125
126
126
126
127
126
125
126
126
126
125
125
126
126
126
125
125
127
127
125
125
125
125
126
126
125
125
125
126
125
125
127
128
126
125
126
125
124
124
125
126
127
126
126
126
127
127
126
125
127
127
125
125
125
125
125
126
126
125
126
126
125
125
126
126
125
125
124
125
126
127
126
125
125
126
126
126
125
126
126
125
125
126
126
125
125
125
126
125
125
125
125
125
126
127
127
125
125
126
126
124
123
125
126
127
127
126
126
126
126
125
125
126
127
126
124
124
124
126
128
128
125
123
124
128
128
125
123
124
126
125
125
125
127
126
126
127
128
126
122
123
127
130
128
122
122
127
130
127
122
122
126
128
126
126
127
126
124
123
125
128
128
126
125
125
126
124
125
127
130
127
122
121
124
127
129
126
124
122
124
128
129
125
121
123
128
133
130
123
121
124
128
126
123
121
124
126
126
126
126
124
125
128
128
125
124
127
125
124
125
127
126
126
125
125
126
126
125
125
125
125
123
123
125
127
128
127
124
124
125
126
127
126
122
121
124
129
131
129
124
121
123
127
129
127
124
119
123
126
128
127
127
126
126
126
124
124
125
126
127
128
126
124
124
126
126
124
124
125
127
127
125
125
125
125
125
125
125
124
124
125
126
127
126
125
125
125
126
126
125
125
125
125
124
125
126
127
126
125
125
127
125
125
125
126
125
125
125
126
126
125
123
124
126
126
125
126
126
125
126
126
126
125
125
124
125
125
126
126
126
126
125
125
126
125
125
126
125
125
125
125
126
125
125
125
126
126
126
125
125
125
125
125
125
126
126
126
125
125
125
126
126
125
125
126
126
125
125
125
125
126
125
124
124
125
125
126
126
125
125
126
126
125
125
126
126
125
124
125
125
125
125
125
125
126
126
126
125
125
125
125
126
126
125
125
125
125
126
125
126
126
124
125
125
125
126
125
126
126
126
126
126
125
124
125
126
126
126
125
125
125
125
126
125
125
125
125
125
125
125
125
126
126
126
126
125
125
125
126
125
125
125
125
125
125
125
126
126
126
125
125
125
125
125
126
125
128
129
126
124
125
124
125
125
125
124
124
124
125
126
125
126
125
125
126
126
125
126
126
125
125
124
126
125
125
126
125
126
126
126
126
125
125
126
126
121
123
125
125
126
128
127
126
126
126
126
126
126
126
126
126
126
125
125
124
125
125
125
126
124
124
125
125
125
126
126
125
124
125
125
125
125
125
125
126
125
126
126
126
125
126
125
126
125
124
123
125
126
126
125
126
126
126
126
126
126
126
124
125
127
126
123
124
126
126
125
125
126
126
125
125
126
126
125
126
126
125
124
124
125
124
125
125
126
127
127
126
127
127
126
125
124
124
124
125
126
125
126
126
126
126
126
126
126
125
124
124
124
125
125
124
124
125
126
126
126
127
125
126
126
124
123
125
127
127
126
125
125
127
126
125
126
126
124
125
125
126
125
124
125
126
127
127
126
124
125
125
126
125
124
125
124
124
125
125
126
125
126
126
127
127
128
126
125
123
124
126
126
125
124
125
126
127
127
125
125
125
127
127
125
125
126
126
126
125
124
124
123
124
126
127
125
124
125
127
126
127
126
125
124
124
125
126
125
125
124
124
124
126
125
123
123
125
127
127
131
134
127
125
126
122
122
122
122
123
124
124
125
125
126
127
126
126
127
125
126
123
124
125
124
124
126
124
126
126
127
126
125
125
126
126
123
124
121
118
127
128
125
127
129
128
128
128
127
126
126
126
125
125
124
125
126
125
124
62
126
126
125
126
125
125
125
126
125
125
125
125
125
125
125
125
126
125
125
125
126
126
125
125
125
125
125
125
125
125
125
125
125
125
125
126
125
125
125
125
126
125
125
125
125
125
125
125
125
125
125
126
125
125
125
125
125
125
125
125
125
125
125
125
125
125
126
125
126
125
125
125
125
125
125
125
125
125
125
125
125
125
125
125
125
125
125
126
126
126
125
125
125
125
125
125
125
126
126
125
125
125
125
126
126
125
125
125
125
125
125
125
126
125
126
125
125
125
125
125
125
125
125
125
125
126
126
125
125
125
125
125
125
125
125
125
125
125
125
125
126
125
125
125
125
125
125
125
125
125
125
125
125
125
125
125
125
125
125
125
125
125
125
125
125
125
126
126
125
125
125
125
125
126
125
125
125
125
125
125
125
125
125
125
125
125
125
125
125
125
125
125
125
125
125
125
125
125
125
125
125
125
125
125
125
125
125
125
125
125
125
125
125
125
125
125
126
125
125
125
125
125
125
125
125
125
125
125
125
125
125
125
125
125
125
125
125
125
125
125
125
125
125
125
125
125
125
125
125
125
125
125
125
125
125
125
125
125
125
125
125
125
125
125
125
125
125
125
125
125
125
125
125
126
125
125
125
125
125
125
125
126
125
125
125
126
126
125
125
125
125
125
126
125
125
125
125
125
125
125
125
125
125
125
125
125
125
125
125
125
124
125
126
126
126
126
126
126
126
126
126
126
125
126
125
125
126
126
126
126
125
126
126
125
126
126
126
126
126
126
125
125
125
126
125
126
126
126
126
126
126
125
126
125
