127
126
130
135
126
123
33
125
125
125
125
125
125
125
125
125
125
125
125
125
125
125
125
125
125
125
125
125
125
125
125
125
125
125
125
125
125
125
125
125
125
125
125
125
125
125
125
125
125
125
125
125
125
125
125
125
125
125
125
125
125
125
125
125
125
125
125
125
125
125
125
125
125
125
125
125
125
125
125
125
125
125
125
125
125
125
125
125
125
125
125
125
125
125
125
125
125
125
125
125
125
125
125
125
125
125
125
125
125
125
125
125
125
125
125
125
125
125
125
125
125
125
125
125
125
125
125
125
125
125
125
125
125
125
125
125
125
125
125
125
125
125
125
125
125
125
125
125
125
125
125
125
125
125
125
125
125
125
125
125
125
125
125
125
125
125
125
125
125
125
125
125
125
125
125
125
125
125
125
125
125
125
125
125
125
125
125
125
125
125
125
125
125
125
125
125
125
125
125
125
125
125
125
125
125
125
125
125
125
125
125
125
125
125
125
125
125
125
125
125
125
125
125
125
125
125
125
125
125
125
125
125
125
125
125
125
125
125
125
125
125
125
125
125
125
125
125
125
125
125
125
125
125
125
125
125
125
125
125
125
125
125
125
125
125
125
125
125
125
125
125
125
125
125
125
125
125
125
125
125
125
125
125
125
125
125
125
125
125
125
125
125
125
125
125
125
125
125
125
125
125
125
125
125
125
125
125
125
125
125
125
125
125
125
125
125
125
125
125
125
125
125
125
125
125
125
125
125
125
125
125
125
125
125
125
125
125
125
125
125
125
125
125
125
125
125
125
125
125
125
125
125
125
125
125
125
125
125
125
125
125
125
125
125
125
125
125
125
126
126
125
125
125
125
125
125
125
125
125
125
125
125
125
125
125
125
125
125
126
125
125
125
125
125
125
125
125
125
125
125
125
125
126
126
125
125
125
125
125
124
124
125
127
127
125
123
123
125
127
127
124
122
122
126
129
128
125
121
122
126
130
129
122
117
123
133
130
120
120
128
131
124
120
123
126
127
128
126
123
124
127
126
124
123
122
123
127
130
126
122
124
128
126
124
125
124
123
126
129
122
122
127
126
123
126
126
122
126
129
125
121
123
125
124
126
126
127
127
125
122
124
127
126
122
121
126
130
128
124
123
125
128
126
121
122
126
127
125
124
125
125
126
127
127
125
123
123
124
125
125
125
125
126
126
125
124
125
126
125
124
124
125
125
125
126
125
125
125
126
125
125
125
125
124
124
124
125
126
126
125
125
125
125
124
125
125
125
125
126
126
124
122
124
126
125
124
126
125
124
125
124
124
127
129
126
124
125
123
123
128
140
140
97
35
92
255
255
50
219
187
255
151
69
94
137
93
137
169
157
168
125
97
165
168
28
34
82
229
221
144
96
99
118
166
168
71
81
147
131
74
109
154
146
132
130
122
116
112
119
133
136
122
111
121
142
146
122
93
94
128
154
145
124
110
105
117
142
147
127
113
122
130
126
122
123
124
120
120
130
137
128
115
117
129
134
130
121
115
118
126
131
131
130
128
125
122
123
124
125
124
122
122
124
128
128
127
126
126
125
124
125
125
127
129
128
125
121
121
124
126
126
126
125
125
125
124
125
126
129
128
126
124
124
125
126
125
125
124
124
125
124
124
126
129
129
124
122
126
131
128
119
115
120
130
137
137
126
109
106
123
142
143
128
112
109
119
131
137
133
124
118
119
125
133
133
125
118
118
123
129
128
124
120
122
126
129
129
126
124
125
125
125
124
124
124
125
125
125
125
126
126
125
124
125
126
126
124
124
125
125
125
124
124
125
125
126
125
125
125
125
126
125
125
126
125
125
124
124
125
125
125
125
124
125
126
125
125
125
125
125
125
125
125
125
125
125
125
125
125
125
125
125
124
125
125
125
125
125
125
125
125
126
126
125
125
125
125
125
124
124
125
125
125
125
125
125
126
126
125
125
125
126
126
125
125
124
124
125
125
125
125
125
125
125
125
125
125
125
125
125
124
125
125
125
125
125
125
125
125
124
124
125
125
125
125
125
124
125
126
126
125
125
125
124
123
125
125
124
125
126
126
126
124
125
125
125
125
125
125
125
124
125
125
124
125
125
125
125
126
126
125
126
126
125
125
125
125
125
125
126
123
124
125
125
125
125
125
125
126
127
126
125
125
126
126
126
125
126
126
125
125
125
126
126
126
125
126
126
126
125
125
125
125
125
125
125
125
125
126
126
126
126
126
125
126
126
126
125
125
126
126
125
125
125
126
126
126
126
125
125
126
126
125
125
126
126
125
123
125
125
125
126
127
126
125
125
126
126
126
124
125
126
126
126
125
125
125
126
126
125
124
126
126
126
125
125
125
126
125
125
125
125
126
126
125
125
125
125
125
125
125
125
125
126
125
125
125
125
125
125
126
126
126
126
126
125
125
125
125
125
125
125
125
126
125
126
126
125
125
125
126
125
125
126
125
125
125
125
125
125
125
125
125
125
125
125
125
126
125
125
125
125
125
125
125
125
125
125
125
125
126
126
125
125
125
125
125
125
125
125
125
125
126
125
129
126
125
125
125
124
124
125
125
125
125
126
125
125
125
125
125
126
126
126
126
126
126
127
125
126
125
125
125
125
126
126
126
127
125
125
126
125
124
125
125
124
125
124
125
124
124
124
125
125
125
125
125
126
126
126
126
126
126
126
126
126
125
124
125
124
125
125
125
125
125
126
126
126
125
125
125
125
125
124
124
125
125
125
125
125
125
125
125
125
125
125
125
125
125
125
125
125
125
125
125
125
125
125
125
125
125
125
125
125
125
125
125
125
125
125
125
125
125
125
125
125
125
125
125
125
125
125
126
125
126
126
125
126
125
125
125
125
125
125
125
125
125
125
125
119
124
125
124
127
127
126
126
126
125
124
125
126
125
126
125
125
125
125
125
126
126
125
125
125
125
126
126
125
125
126
125
125
125
125
125
123
125
125
125
126
125
126
126
126
126
125
125
126
125
126
125
125
126
126
126
125
125
125
125
125
125
124
124
125
125
126
126
125
125
125
125
125
126
126
125
125
125
125
126
125
125
125
125
125
125
125
125
125
125
125
125
126
126
125
125
125
126
125
124
123
124
126
126
123
123
124
126
128
129
127
124
124
125
125
125
127
127
120
117
124
133
133
124
119
122
128
131
127
119
120
127
129
124
120
121
123
126
131
132
125
118
121
131
135
130
123
122
123
126
127
124
119
118
125
130
130
127
125
123
125
127
128
125
123
122
124
126
128
125
122
124
129
129
125
122
121
123
127
126
125
125
127
127
125
125
125
123
123
125
126
126
126
126
125
125
127
126
124
123
125
127
127
125
125
126
125
124
124
126
126
124
125
126
124
126
127
126
125
125
130
128
125
124
124
123
122
124
126
126
124
123
125
126
125
125
125
125
125
125
126
125
125
125
125
125
125
123
125
127
124
121
123
127
130
126
124
126
126
125
124
125
126
125
125
126
126
125
125
125
126
128
126
125
124
127
126
122
121
125
126
125
125
125
127
126
125
124
124
125
126
124
123
125
126
126
125
125
128
127
126
124
125
124
125
124
125
123
125
124
125
124
125
125
125
127
126
126
125
127
123
125
124
125
125
125
126
127
126
126
124
126
125
123
125
125
125
125
125
126
127
127
126
125
125
124
124
126
126
123
122
124
126
127
126
126
125
125
125
126
124
123
123
122
123
123
124
124
124
125
126
127
128
128
129
129
130
127
125
123
123
124
123
122
122
125
127
125
126
127
128
127
126
124
125
124
123
123
123
123
124
125
126
126
127
128
127
126
125
124
124
124
123
124
125
125
125
125
125
126
126
126
126
126
125
125
124
32
125
125
125
125
125
125
125
125
125
125
125
125
125
125
125
125
125
125
125
125
126
125
125
125
125
125
125
125
125
125
125
125
125
125
125
125
125
125
125
125
125
126
125
125
125
125
125
125
125
125
125
125
125
125
125
125
125
125
125
125
125
125
125
125
125
125
125
125
125
125
125
125
125
125
125
125
125
125
126
125
125
125
125
125
125
125
125
125
125
125
125
125
125
125
125
125
125
125
125
125
125
125
125
125
125
125
125
125
125
125
125
125
125
125
125
125
125
125
125
125
125
125
125
125
125
125
125
125
125
125
125
125
125
125
125
125
125
125
125
125
125
125
125
125
125
125
125
125
125
125
125
125
126
125
125
125
125
125
125
125
125
125
125
125
125
125
125
125
125
125
125
125
125
125
125
125
125
125
125
125
125
125
125
125
125
125
125
125
125
125
125
125
125
125
125
125
125
125
125
125
125
125
125
125
125
125
125
125
125
125
125
125
125
125
126
126
126
126
126
126
126
126
126
125
125
125
125
125
126
125
126
126
126
126
126
126
126
125
126
126
126
125
125
125
125
126
126
126
125
125
125
126
126
126
126
126
126
125
126
126
126
125
126
126
126
126
126
126
126
125
126
126
126
126
125
125
125
126
125
125
125
126
126
126
125
125
125
126
126
126
125
125
125
126
125
125
125
125
125
125
126
125
125
125
125
125
125
125
125
125
126
126
126
125
125
126
126
125
125
125
125
125
125
126
126
126
126
126
126
126
125
125
125
126
126
126
126
125
125
125
125
125
125
126
126
126
126
126
125
125
125
126
126
127
