125
125
124
125
125
125
25
126
126
126
126
126
126
126
126
125
126
125
125
126
126
126
126
126
126
126
126
126
126
126
126
126
125
125
127
128
127
127
124
116
120
133
138
124
122
133
123
108
114
141
153
129
98
112
143
146
114
104
135
135
114
125
144
121
98
118
156
156
116
90
112
139
140
133
129
111
106
134
154
132
98
99
129
158
148
115
98
118
145
144
121
103
109
128
140
140
131
123
119
117
120
129
130
121
123
134
134
126
123
123
122
121
125
128
128
128
126
123
123
126
129
126
122
123
128
130
127
123
123
125
126
127
126
125
125
125
125
126
127
127
126
124
125
126
126
126
126
125
124
124
125
126
126
127
127
126
125
124
124
125
125
126
126
126
126
126
125
125
125
125
125
125
126
126
126
126
126
125
125
127
127
126
125
125
125
126
126
126
126
126
126
125
124
125
126
126
126
126
125
125
126
126
124
124
125
126
126
126
125
125
125
125
126
125
125
125
125
125
125
125
125
125
126
126
125
125
125
126
126
126
126
125
126
125
125
125
125
125
126
126
126
126
126
126
125
125
125
125
125
125
125
125
125
125
125
125
125
125
126
126
125
125
126
126
126
126
125
125
125
125
125
125
125
125
126
126
126
124
124
125
126
126
125
125
126
126
126
125
125
125
126
126
125
125
125
125
125
125
125
125
125
125
125
125
125
125
125
125
126
126
125
125
125
125
126
126
126
125
125
125
125
125
125
125
125
125
126
126
125
125
125
125
125
126
125
126
125
126
126
126
125
125
125
125
125
125
125
125
125
125
125
125
125
126
126
124
122
125
129
128
124
122
124
128
128
125
124
124
125
126
126
124
124
126
128
126
123
122
125
127
127
125
126
126
125
123
123
125
127
127
125
125
126
126
125
124
125
126
125
124
125
126
125
125
125
125
126
126
125
125
125
125
125
125
125
125
125
125
125
125
126
126
126
125
125
126
125
125
125
125
125
126
126
126
126
126
126
126
126
125
125
125
126
125
125
125
126
126
126
126
126
126
126
126
126
125
125
125
125
125
126
126
126
125
125
126
126
126
125
126
126
126
126
126
126
126
126
125
126
125
125
126
126
126
125
125
126
126
126
126
124
125
126
125
126
126
126
126
126
126
126
125
125
125
125
125
125
125
125
126
126
126
125
125
125
125
125
125
125
125
125
125
126
126
126
125
125
126
125
125
125
125
126
126
125
125
126
126
125
124
125
125
125
125
125
126
127
127
126
125
125
125
126
126
125
125
125
126
126
126
125
125
126
125
125
125
126
126
125
125
125
126
127
126
125
125
126
126
126
126
125
125
125
126
126
125
125
126
126
126
125
125
125
126
126
126
124
124
125
127
126
125
125
126
126
126
125
125
125
125
125
125
125
125
126
126
126
125
126
126
126
126
126
125
124
125
125
126
126
126
126
126
126
126
125
125
125
126
127
124
123
125
126
126
125
125
126
125
125
125
125
125
125
125
126
126
126
125
125
125
125
125
125
125
125
125
126
126
126
126
125
126
126
126
125
125
124
124
125
125
126
126
126
124
124
125
127
126
124
124
125
127
128
126
124
123
124
125
126
127
127
125
122
123
126
128
127
126
124
124
124
125
126
125
125
125
125
126
125
125
126
126
126
125
124
125
126
126
125
125
125
125
125
126
126
126
125
125
126
126
126
124
126
125
125
125
126
126
126
126
125
125
125
125
125
126
126
126
126
126
126
126
126
126
126
125
125
126
126
126
124
125
125
126
126
127
127
126
126
126
126
126
125
126
126
126
126
125
126
126
126
126
126
126
126
126
126
126
126
126
126
126
126
126
126
126
126
124
125
125
126
126
127
126
126
126
125
125
126
126
126
126
126
125
125
126
127
126
126
126
126
126
126
125
125
126
126
126
126
126
126
126
125
125
125
125
126
126
125
126
126
126
126
125
125
126
126
126
125
125
125
125
125
126
126
126
125
125
126
126
126
125
125
125
126
126
126
126
126
125
125
126
126
126
126
126
126
126
126
125
125
125
126
126
125
126
126
126
126
125
126
126
125
126
125
126
125
126
125
126
126
126
126
126
125
125
125
125
126
126
126
125
126
125
126
125
126
126
126
126
125
125
125
126
126
126
125
125
126
127
126
125
125
126
126
126
126
125
126
126
126
125
125
126
126
128
126
125
125
126
125
125
125
124
125
126
127
126
124
124
126
126
126
126
126
126
125
124
126
126
126
125
125
126
127
127
125
123
125
128
126
123
125
128
126
125
126
126
125
125
124
125
127
126
124
124
125
125
126
126
125
124
125
126
127
126
126
124
125
125
125
125
127
125
124
125
126
127
126
125
125
125
125
125
125
125
125
125
125
125
125
126
126
125
125
125
125
125
125
125
125
125
126
126
126
126
125
125
125
125
125
126
125
125
125
126
125
124
125
126
126
126
126
125
125
125
125
125
125
126
127
125
124
126
127
126
125
126
126
123
123
126
128
126
124
123
124
126
127
126
124
124
125
126
126
125
124
124
125
126
127
126
129
119
123
126
127
126
126
125
126
126
125
125
125
125
125
126
126
126
126
126
126
125
125
125
125
126
126
126
125
126
124
123
124
126
125
127
127
127
126
127
127
126
125
126
126
126
125
125
126
126
126
125
125
126
126
126
126
125
126
126
126
126
126
125
126
125
125
122
125
125
126
126
127
127
127
127
126
126
126
126
126
126
125
126
126
125
126
126
126
126
126
126
126
125
126
125
126
125
125
126
126
125
126
125
126
126
125
125
125
126
125
125
126
126
126
126
126
126
126
125
126
126
126
126
126
126
126
125
125
126
126
126
126
125
125
125
125
125
126
126
126
126
126
126
126
126
125
126
126
126
126
126
126
125
125
126
126
126
126
125
125
126
126
126
125
125
125
125
127
126
126
125
125
125
126
126
126
126
125
126
126
126
126
126
125
126
125
125
126
126
126
126
126
126
126
126
126
125
125
125
125
126
126
125
125
126
125
126
125
125
125
126
126
126
126
128
128
125
125
125
125
124
125
125
125
125
126
125
125
126
126
126
126
125
126
126
126
126
126
125
125
125
125
125
126
125
125
124
126
125
125
125
125
125
131
126
125
125
124
123
124
124
125
125
125
125
125
126
126
125
125
125
126
126
126
126
126
126
125
126
125
126
126
125
125
125
125
126
125
125
125
125
125
126
125
125
125
125
126
125
125
126
125
125
126
125
125
125
125
126
125
125
125
125
126
126
125
125
125
125
126
125
126
125
125
126
125
125
126
126
133
128
102
132
124
126
128
127
127
126
126
125
126
126
126
126
125
125
125
125
126
125
124
125
126
125
125
126
125
126
125
126
126
125
125
126
126
126
126
126
126
126
125
127
126
126
126
125
125
126
126
126
125
125
125
125
126
125
125
125
125
125
126
125
125
125
125
125
126
126
125
125
125
125
125
125
126
126
126
126
126
126
125
126
125
125
125
125
125
126
126
125
126
126
126
126
126
125
126
126
126
126
125
126
126
126
125
125
126
126
125
125
125
125
126
125
124
126
127
126
126
126
127
127
126
126
124
125
125
125
127
127
124
123
125
127
127
125
126
126
125
125
127
127
133
125
123
124
123
122
123
123
124
125
128
128
127
127
127
126
126
126
125
124
125
125
125
125
127
127
127
126
127
126
126
125
124
125
125
124
125
124
124
126
125
125
126
126
127
136
127
126
125
123
121
122
124
123
123
124
125
125
126
125
125
126
126
126
127
127
126
126
125
125
126
126
126
124
124
126
126
140
110
100
124
125
125
130
129
131
129
127
127
126
125
125
125
125
125
125
125
126
126
127
126
126
127
127
126
126
125
126
126
125
26
126
126
126
126
126
125
125
125
125
126
125
125
125
125
125
125
126
125
125
125
125
126
125
125
125
125
125
126
128
128
127
121
113
122
143
137
106
117
151
132
90
112
154
148
121
112
112
127
141
129
117
119
124
128
134
123
108
119
144
146
122
103
121
143
123
106
133
149
123
103
119
139
142
116
98
121
150
146
113
105
128
145
133
113
107
115
130
143
137
122
120
127
126
118
119
124
126
129
133
133
127
119
119
124
127
124
122
129
133
126
119
121
127
128
125
124
124
125
128
128
126
124
124
124
125
126
125
125
125
126
125
126
127
126
124
123
125
127
127
125
123
124
125
125
125
125
126
127
127
126
124
123
124
125
126
126
126
126
127
125
124
123
125
125
126
126
125
125
125
125
125
125
125
126
126
125
124
125
126
126
126
125
125
125
125
124
124
125
126
126
126
125
125
126
125
124
124
125
126
126
125
125
125
125
125
126
125
125
124
125
125
126
125
125
125
125
125
125
125
125
125
126
126
125
125
125
125
125
125
126
126
126
126
126
126
126
125
126
125
125
125
125
125
126
125
125
125
126
126
126
126
126
126
126
126
126
126
126
126
126
125
125
125
125
125
126
126
126
125
125
126
126
126
125
125
126
126
126
126
125
126
126
126
126
125
125
126
126
126
125
125
126
125
126
126
126
125
125
126
126
125
126
126
126
125
125
126
126
126
126
125
126
126
125
126
126
125
125
125
126
126
126
125
125
125
126
126
126
126
126
126
126
126
125
125
125
125
126
126
126
125
125
125
125
126
126
126
125
124
125
126
127
126
125
