125
126
128
128
125
123
85
125
125
125
126
126
125
125
125
125
125
125
125
125
125
125
125
125
125
125
125
125
125
125
125
125
125
126
125
125
125
125
125
125
125
125
125
125
125
125
125
125
125
125
125
125
125
125
125
125
125
125
125
125
125
125
125
126
126
125
125
125
125
125
125
125
125
125
125
125
125
125
125
126
125
125
125
125
125
125
125
125
125
125
125
125
125
125
125
125
125
125
125
125
125
125
125
125
125
125
125
125
125
125
125
125
125
125
125
125
125
125
125
125
125
125
125
125
125
125
125
125
125
125
125
125
125
125
125
125
125
125
125
125
125
125
125
125
125
125
125
125
125
125
125
125
125
125
125
125
125
125
125
125
125
125
125
125
125
125
125
125
125
125
125
125
125
125
125
125
126
125
125
125
125
125
125
126
125
125
125
125
125
126
125
125
125
125
125
125
125
125
125
125
125
125
125
125
125
125
125
125
125
125
125
126
125
125
125
125
125
125
125
125
125
125
125
125
125
126
125
125
125
125
125
125
125
125
125
125
125
125
125
125
126
125
125
125
125
125
125
125
125
125
125
125
125
125
125
125
125
125
125
125
125
125
125
125
125
125
125
125
125
125
125
125
125
125
125
125
125
125
125
124
125
125
125
125
126
125
125
125
125
125
125
125
125
125
125
125
125
125
125
125
125
125
125
125
125
125
125
125
125
125
125
125
125
125
125
125
125
125
125
125
125
126
125
125
125
125
125
125
125
125
125
125
125
125
125
125
125
125
125
125
125
126
125
125
125
125
125
125
125
125
125
125
125
125
125
125
125
125
125
125
125
125
125
125
125
125
125
125
125
125
125
125
125
125
125
125
125
125
125
125
125
125
125
125
125
125
125
125
125
125
125
125
125
125
125
125
125
125
125
125
125
125
125
125
125
125
125
125
125
126
126
125
125
125
125
125
125
125
125
125
125
125
125
126
125
125
125
125
126
126
125
125
125
125
125
125
125
125
125
125
125
125
125
125
125
125
125
125
125
125
125
125
125
125
125
125
125
125
125
125
125
125
125
125
125
125
125
125
125
125
125
125
125
125
125
125
125
125
125
125
125
125
125
125
125
125
125
125
125
125
125
125
125
125
125
125
125
125
125
125
125
125
125
125
125
125
125
125
125
125
125
125
125
125
125
125
125
125
125
125
125
125
125
125
125
125
125
125
125
125
125
125
125
125
125
125
125
125
125
125
125
125
125
125
125
125
125
125
126
124
125
125
125
125
125
126
125
125
125
125
125
125
125
125
125
125
126
125
125
125
125
125
125
125
125
125
125
125
125
125
125
125
125
125
125
125
125
125
125
125
125
125
125
125
125
125
125
125
125
125
125
125
125
126
126
125
125
125
126
126
126
125
125
126
125
125
124
125
125
126
125
126
126
126
125
125
125
127
126
124
124
126
127
126
125
124
125
126
126
126
126
125
125
126
126
125
125
125
125
125
125
125
126
125
125
125
126
125
125
125
125
125
125
125
125
125
125
125
125
125
125
126
125
126
125
125
126
126
126
125
125
125
125
125
125
125
125
125
125
125
126
126
125
125
125
125
125
125
125
125
125
126
125
125
126
126
125
125
126
126
126
126
125
125
126
126
125
125
125
126
126
126
125
125
125
125
126
125
125
126
125
125
125
126
126
125
125
125
126
125
126
125
125
125
126
125
125
125
126
125
125
126
125
125
126
125
125
126
126
125
125
126
126
125
126
126
126
125
126
125
124
125
125
125
125
125
125
125
125
125
125
125
126
125
125
125
126
125
125
126
126
125
125
125
126
125
125
126
126
125
125
125
125
125
126
126
125
125
125
125
125
125
125
125
125
125
125
125
125
125
125
125
125
125
125
126
126
125
125
126
125
125
126
126
124
125
126
126
125
125
126
126
125
126
126
125
125
126
126
125
125
126
125
122
125
126
126
126
126
127
126
125
126
126
125
125
126
125
125
125
126
126
126
126
126
126
126
126
126
126
125
125
125
126
127
126
125
125
126
126
126
125
125
126
126
126
126
125
125
125
124
124
125
125
125
126
126
126
127
127
126
126
126
126
126
126
125
125
125
125
125
125
126
126
126
126
126
126
125
125
125
125
126
126
125
125
125
126
126
126
126
125
126
126
126
125
125
126
126
125
125
125
125
125
125
126
126
126
126
125
125
125
125
126
126
126
126
126
125
125
126
126
126
125
125
125
125
126
126
126
125
126
126
126
126
125
126
125
126
126
126
125
125
125
126
126
125
125
126
126
126
125
126
125
126
126
125
125
125
125
125
125
126
126
125
125
125
126
126
125
126
125
125
125
125
125
125
125
125
125
126
126
126
125
126
125
126
126
125
126
126
125
125
125
126
125
126
125
125
125
127
127
126
125
125
124
125
125
125
125
125
126
125
125
125
125
125
126
126
126
125
125
127
128
126
125
125
125
124
125
125
125
125
125
125
125
125
125
125
126
125
125
125
125
125
125
125
125
125
125
125
125
125
125
125
126
125
125
125
126
126
126
125
125
125
125
125
126
126
125
124
125
126
126
125
125
125
125
126
125
124
124
125
125
125
125
125
124
125
125
125
125
126
126
126
126
125
125
125
125
125
125
125
124
125
126
126
126
126
126
125
126
124
125
126
126
124
124
125
126
124
125
125
125
125
125
126
127
127
125
125
126
126
124
122
125
127
126
125
125
126
126
126
126
125
124
125
127
129
124
122
125
126
124
123
127
128
124
123
127
130
129
127
126
128
127
121
117
116
116
115
118
125
133
140
145
144
138
134
128
122
111
105
108
111
111
116
122
127
130
137
143
140
138
140
136
127
121
119
120
116
111
109
114
122
129
130
122
119
130
141
137
128
127
129
127
128
127
125
124
120
117
121
127
124
114
115
122
128
131
132
129
133
134
128
125
125
124
122
121
122
124
123
120
120
123
126
130
132
126
113
111
126
144
143
126
114
120
132
133
130
129
130
129
124
117
116
121
130
135
131
117
111
116
120
122
130
137
135
129
123
117
115
121
128
130
129
128
128
128
125
112
104
126
161
158
118
96
107
127
137
137
131
120
115
118
129
137
130
120
121
122
121
125
129
124
120
127
130
125
127
133
127
121
126
124
115
121
132
133
124
131
129
116
118
129
122
119
131
130
115
119
139
134
118
129
138
114
106
134
139
114
120
142
122
98
117
135
111
118
171
180
128
97
108
113
106
137
158
102
59
113
188
156
84
101
160
155
133
134
115
76
93
154
174
130
100
99
118
145
166
140
98
79
108
145
161
141
115
109
131
139
121
111
130
129
111
115
130
122
126
142
132
102
108
141
142
124
136
141
110
101
131
134
114
117
132
130
124
127
125
114
121
141
141
117
114
130
131
119
126
116
134
120
122
127
126
123
126
131
133
131
123
118
117
123
131
132
125
120
123
127
126
123
123
126
133
136
126
115
117
128
134
128
121
123
126
128
130
127
120
119
125
128
127
125
126
125
126
124
119
117
122
129
134
132
126
125
125
127
125
124
124
124
127
124
78
125
122
129
125
130
133
134
131
129
130
126
125
128
128
124
125
127
127
127
128
126
124
125
128
126
126
128
128
127
127
126
125
125
126
126
123
123
124
124
123
127
130
127
123
123
128
127
122
122
125
128
129
129
127
126
125
126
127
124
123
125
128
124
121
125
130
131
128
125
120
119
124
130
129
123
124
130
130
127
121
118
121
125
127
126
127
131
129
119
117
126
134
133
125
120
119
122
128
131
129
121
118
125
129
127
123
122
126
129
127
122
123
128
129
125
124
128
130
124
117
120
127
130
127
124
127
128
126
125
126
129
128
124
120
122
129
130
126
123
84
125
125
125
125
125
125
125
125
125
125
125
125
125
125
125
125
125
125
125
125
125
125
125
125
125
125
125
125
125
125
125
125
125
125
125
125
125
125
125
125
125
125
125
125
125
125
126
125
126
125
125
125
126
125
125
126
125
125
126
125
125
125
125
126
126
126
125
125
125
125
125
125
126
125
126
125
126
126
125
125
125
125
126
126
126
126
126
126
126
126
126
126
125
126
126
126
126
126
126
126
126
126
126
126
126
125
125
126
126
126
126
126
126
125
126
125
126
125
126
125
126
126
126
126
125
125
125
125
125
125
125
126
125
125
126
126
125
126
126
126
125
125
125
125
125
126
125
126
125
126
126
125
126
126
126
125
126
125
126
125
126
126
125
125
126
126
125
126
125
125
126
126
126
126
125
125
125
126
126
126
125
126
125
126
126
125
125
125
126
126
125
125
125
125
125
126
125
126
125
125
125
125
126
125
126
125
125
126
125
126
126
125
125
125
126
125
125
125
125
126
125
126
126
126
126
125
125
126
126
125
125
125
125
126
125
125
126
125
126
125
125
126
126
126
125
125
125
126
126
126
125
126
126
126
125
126
126
126
126
126
126
126
126
126
126
126
125
125
125
125
125
125
125
125
125
125
125
125
126
126
125
125
125
125
126
126
125
126
125
126
125
125
125
125
125
125
126
125
125
125
126
126
126
125
125
125
125
125
125
125
125
125
125
125
125
125
125
125
125
125
125
125
125
125
125
125
125
125
125
125
125
125
125
125
125
125
125
125
126
125
125
125
126
125
126
126
126
125
126
125
125
126
125
125
