131
130
127
125
124
122
97
126
126
126
126
126
126
126
126
126
125
126
126
126
126
126
125
126
126
126
126
126
126
126
126
126
126
125
125
125
125
126
126
125
125
126
126
126
125
126
125
125
125
126
126
126
126
126
125
125
126
125
125
125
125
126
125
126
125
125
125
125
125
126
125
125
125
126
126
126
125
126
126
125
126
126
126
126
125
126
126
126
126
126
126
125
126
125
126
125
125
125
125
125
125
125
125
125
125
125
125
126
125
125
125
126
125
126
125
125
125
125
126
125
125
126
125
125
125
125
125
126
125
125
125
125
125
125
126
126
125
125
125
125
125
125
125
125
125
125
125
125
125
125
125
125
126
125
125
125
125
125
125
125
125
125
125
125
125
125
125
125
125
125
125
125
125
125
125
125
125
125
125
125
125
125
125
125
125
125
125
125
125
125
125
125
125
125
125
125
125
125
125
125
125
125
125
125
125
125
125
125
125
125
125
125
125
125
125
125
125
125
125
125
125
125
125
125
125
125
125
125
125
125
125
125
125
125
125
125
125
125
125
125
125
125
125
125
125
125
125
125
125
125
125
125
125
125
125
125
125
125
125
125
125
125
125
125
125
125
125
125
125
125
125
125
125
125
125
125
125
125
125
125
125
125
125
125
125
125
125
125
125
125
125
125
125
125
125
125
125
125
125
125
125
125
125
125
125
125
125
125
125
125
125
125
125
125
125
125
125
125
125
125
125
125
125
125
125
125
125
125
125
125
125
125
125
125
125
125
125
125
125
125
125
125
125
125
125
125
125
125
125
125
125
125
125
125
125
125
125
125
125
125
125
125
125
125
125
125
125
125
125
125
125
125
125
125
125
125
125
125
125
125
125
125
125
126
124
125
125
125
125
126
126
126
126
126
125
126
126
125
126
126
126
126
125
125
125
126
125
126
125
125
126
125
126
126
126
125
125
126
126
125
125
125
125
126
125
125
126
126
125
126
125
125
126
125
125
125
125
125
126
126
126
126
126
126
125
126
126
125
125
125
126
124
125
125
125
125
126
126
126
126
126
126
125
125
125
125
125
125
125
125
125
125
125
125
125
125
125
125
125
125
125
125
125
125
125
125
125
125
125
125
125
125
125
125
125
125
125
125
125
125
125
125
125
125
125
125
125
125
125
125
125
125
125
125
125
125
125
126
125
125
125
125
125
125
125
125
125
125
125
125
125
125
125
125
125
125
125
125
125
125
125
125
125
125
125
125
125
125
125
125
125
125
125
125
125
125
125
125
125
125
125
125
125
125
125
125
126
125
125
125
125
125
125
125
125
126
125
125
125
125
125
125
125
125
125
125
125
125
125
125
125
126
125
125
126
125
125
126
125
126
125
127
126
125
125
125
125
125
125
125
125
125
125
125
125
125
125
125
125
125
125
125
125
125
125
125
125
125
125
125
125
125
125
125
125
125
125
125
125
125
125
125
125
125
125
125
125
125
125
125
125
125
125
125
125
126
125
125
125
125
125
125
125
125
125
125
125
125
125
125
125
125
125
125
125
125
125
125
125
125
125
125
125
125
125
125
125
125
126
126
125
125
125
125
125
125
125
125
125
125
125
125
125
126
125
125
126
126
125
125
125
125
125
125
125
125
125
125
125
125
125
125
125
125
125
125
125
125
125
125
125
125
125
125
126
125
126
125
125
125
125
125
125
125
125
125
125
125
125
125
125
125
125
125
125
125
125
125
125
125
125
125
126
125
125
125
125
125
125
125
125
125
125
125
125
125
125
125
125
125
125
125
125
125
125
125
125
125
125
125
125
125
125
125
125
125
125
125
125
125
125
125
125
125
125
125
125
125
125
125
125
125
125
125
125
125
125
125
125
125
125
126
126
124
125
125
125
126
126
126
126
126
126
125
125
125
125
125
126
126
126
125
125
125
124
125
125
126
126
127
126
126
126
126
126
126
126
126
126
126
125
126
126
126
125
126
125
125
126
126
126
126
126
126
126
126
126
126
126
125
125
126
126
126
126
126
126
126
126
124
124
125
125
126
126
126
126
125
126
126
126
126
126
125
125
126
126
126
125
125
125
125
126
125
125
125
125
126
126
126
126
126
126
126
125
125
125
125
125
126
126
126
125
126
126
126
126
126
126
125
125
125
125
125
125
125
125
125
126
126
125
125
126
126
125
125
125
125
125
125
125
125
125
125
126
126
125
125
125
126
126
125
125
126
126
125
125
126
126
125
125
126
126
125
126
126
125
125
126
126
125
125
126
126
126
126
126
125
125
126
126
125
125
126
126
126
125
126
126
125
125
126
125
125
125
126
126
125
125
126
125
125
126
126
125
125
125
126
126
125
125
125
125
126
126
126
126
125
126
128
126
126
126
125
124
124
125
125
125
124
125
126
125
125
126
126
125
125
126
125
125
126
126
125
126
128
126
125
125
125
124
124
125
125
125
125
125
125
125
125
126
126
125
124
124
126
126
126
125
125
125
125
125
126
126
125
125
126
126
125
125
125
125
125
126
126
125
124
124
125
125
125
125
125
126
125
125
126
126
125
124
125
125
125
125
125
125
125
125
126
126
126
125
125
126
126
123
124
125
123
121
122
124
126
127
131
134
133
129
126
127
129
125
119
121
118
102
98
115
136
139
127
118
124
147
162
143
110
106
123
133
134
133
125
118
119
123
121
119
118
117
120
126
130
127
120
120
126
130
129
129
131
130
128
127
126
126
126
125
122
122
124
125
125
127
125
123
123
125
125
123
122
125
125
124
124
127
128
125
123
125
129
128
124
125
126
128
126
124
126
128
127
125
125
125
124
123
124
126
125
124
124
126
126
125
124
126
127
125
123
123
125
126
125
124
124
126
127
126
125
125
125
126
126
126
126
126
125
125
125
125
124
124
125
125
125
125
125
125
126
126
126
125
125
125
126
126
124
124
124
126
126
126
125
125
124
124
135
121
125
124
122
124
127
126
124
125
126
127
126
126
126
126
126
126
126
126
126
125
121
120
124
125
125
126
128
127
127
127
125
124
124
126
126
126
126
126
126
127
126
126
126
127
127
127
127
127
127
126
126
125
125
125
125
125
126
126
124
124
125
126
126
126
126
124
120
126
125
124
125
127
127
127
126
126
125
126
127
128
129
127
126
126
127
126
125
124
124
125
125
125
124
124
126
126
126
126
126
127
127
126
126
127
127
124
114
112
125
141
135
115
109
130
159
165
126
72
76
133
167
137
98
99
128
148
144
128
114
113
126
140
141
125
109
116
138
149
131
104
106
127
135
132
126
125
127
126
115
115
134
146
133
115
113
123
129
127
124
123
125
126
125
122
124
130
129
124
124
129
133
133
127
120
114
117
128
131
125
121
123
127
129
128
126
126
126
123
123
126
127
125
123
126
128
126
125
126
127
123
125
125
128
126
125
125
124
126
125
127
128
126
123
127
130
133
129
129
130
124
116
119
125
127
126
125
123
123
125
123
123
125
128
127
123
125
129
130
127
126
129
135
123
120
115
114
119
124
123
122
123
128
134
137
127
117
126
142
141
130
121
122
125
123
115
104
100
118
139
139
131
144
169
142
71
81
142
152
129
124
116
113
131
133
120
121
127
125
115
115
132
146
139
127
125
127
122
112
108
114
126
135
137
131
120
117
124
127
128
129
126
123
124
117
115
143
169
146
98
95
116
113
100
116
168
184
112
73
120
153
136
124
134
127
107
110
132
141
127
104
97
119
142
136
120
126
133
138
146
143
108
84
108
145
154
126
90
109
152
151
120
112
123
122
126
129
120
114
122
136
138
131
127
122
112
110
124
141
134
113
114
135
141
128
120
122
125
124
126
124
121
124
129
132
128
125
126
96
125
125
125
125
125
125
125
125
125
125
125
125
125
125
125
125
125
125
125
126
125
125
125
125
125
125
125
125
125
125
125
125
126
125
125
125
125
125
125
125
125
125
125
125
125
125
125
125
125
125
125
125
125
125
125
125
125
125
125
125
125
125
125
125
125
125
125
125
125
125
125
125
125
125
125
125
125
125
125
125
125
125
125
125
125
125
125
125
125
125
125
125
125
125
125
125
125
125
125
125
125
125
125
125
125
125
125
125
125
125
125
125
125
125
125
125
125
125
125
125
125
125
125
125
125
125
125
125
125
125
125
125
125
125
125
125
125
125
125
125
125
125
125
125
125
125
125
125
125
125
125
125
125
125
125
125
125
125
125
125
125
125
125
125
125
125
125
125
125
125
125
125
125
125
125
125
125
125
125
125
125
125
125
125
125
125
125
125
125
125
125
125
125
125
125
125
125
125
125
125
125
125
125
125
125
125
125
125
125
125
125
125
125
125
125
125
126
125
125
125
125
125
125
126
125
125
125
125
125
125
125
125
125
125
125
126
125
125
125
125
125
125
125
125
125
125
125
125
126
126
126
125
125
126
126
126
126
126
126
125
125
125
125
125
126
126
126
126
126
126
126
125
126
126
126
126
125
125
125
125
125
126
126
126
126
126
126
126
126
125
126
125
126
126
126
126
126
126
126
126
126
126
126
126
125
126
126
126
126
125
126
126
126
126
126
125
125
125
126
126
126
126
126
126
126
125
126
125
126
125
125
125
126
126
125
125
125
126
125
126
125
126
126
125
126
125
125
125
126
126
125
125
125
128
