126
123
123
125
127
126
49
125
125
125
125
126
125
125
125
125
125
125
125
125
125
125
125
125
125
125
125
125
125
125
125
125
125
125
125
125
125
125
125
125
125
125
125
125
125
125
125
125
125
125
125
125
125
125
125
125
125
125
125
125
125
125
125
125
125
125
125
125
125
125
125
125
125
125
125
125
125
125
125
125
125
125
125
125
125
125
125
125
125
125
125
125
125
125
125
126
125
125
125
126
125
125
125
126
126
126
126
126
126
126
126
126
126
126
126
126
126
126
126
126
126
126
125
125
126
126
126
126
126
126
126
126
126
126
126
126
126
126
126
126
126
126
126
126
126
126
126
126
126
126
126
126
126
126
126
126
126
126
126
125
126
126
126
126
126
126
126
125
126
125
126
126
126
126
126
126
126
126
126
126
126
126
125
125
125
126
125
126
125
125
126
126
125
126
126
126
125
126
125
126
125
126
126
126
126
126
126
126
125
125
126
125
126
126
125
125
125
125
125
126
126
125
126
126
126
125
126
125
125
126
126
126
126
125
125
126
126
125
125
126
125
125
126
125
126
126
125
125
125
126
126
126
126
126
125
126
126
126
126
126
126
126
126
126
126
126
126
126
126
126
126
126
126
126
125
126
126
126
126
125
125
126
126
125
125
126
126
126
126
126
126
126
126
125
126
126
126
126
126
125
126
126
125
126
126
126
126
125
125
126
126
125
125
126
126
125
125
126
126
126
125
125
125
125
125
126
125
126
125
125
125
126
125
125
125
125
125
125
125
125
125
125
126
126
125
125
125
125
125
125
125
125
125
125
125
125
125
125
125
125
125
125
125
125
125
125
125
125
126
125
125
125
125
125
125
125
125
125
125
125
125
125
125
125
125
125
125
125
125
125
125
125
125
125
125
125
125
125
125
125
125
125
125
125
125
125
125
125
125
125
125
125
125
125
125
125
125
125
125
125
125
125
125
125
125
125
125
125
125
125
125
125
125
125
125
125
125
125
125
125
125
125
125
125
125
125
125
125
125
125
125
125
125
125
125
125
125
125
125
125
125
125
125
125
125
126
124
125
126
125
126
126
126
126
126
126
125
125
126
126
126
125
125
125
125
126
126
125
124
125
126
126
126
126
126
126
126
126
126
126
126
126
126
125
126
126
126
125
126
126
126
125
125
125
126
125
125
126
126
126
126
126
126
126
126
126
126
126
125
124
126
128
127
123
124
126
126
125
124
123
122
123
126
127
129
131
130
127
127
129
127
124
121
121
120
121
123
128
130
126
120
121
128
132
130
127
125
126
127
126
125
124
124
125
127
126
124
123
125
125
123
125
126
125
124
128
130
127
125
125
125
125
125
125
126
128
126
122
122
125
126
125
125
128
134
134
126
119
120
122
121
124
128
128
128
129
128
124
124
125
126
126
126
126
125
122
123
127
126
123
125
128
128
126
128
129
126
123
123
125
125
126
127
125
121
121
128
132
129
125
123
123
121
123
129
133
129
124
124
124
122
123
126
127
126
126
129
129
125
122
123
125
127
131
133
129
123
120
118
114
118
131
140
135
126
124
127
124
113
107
130
159
146
102
85
124
168
154
95
78
126
173
156
98
94
133
142
119
119
133
129
123
125
119
88
112
187
193
99
52
115
149
132
131
157
115
64
111
175
165
152
120
42
48
171
240
146
44
63
146
186
161
100
86
140
159
107
76
117
157
144
120
127
124
110
127
145
137
134
125
93
92
145
166
125
95
115
146
141
110
103
137
157
133
99
101
127
145
142
127
113
111
127
141
130
109
110
129
137
133
130
127
122
121
125
126
121
119
124
131
132
127
123
122
122
123
127
131
131
124
118
120
126
128
126
124
124
124
125
128
130
129
125
121
121
125
128
129
127
124
122
122
126
126
121
121
126
131
132
127
123
123
125
126
125
125
125
126
127
127
125
124
124
125
126
126
127
128
128
126
124
124
125
126
127
127
126
124
123
124
127
127
127
124
122
124
126
129
130
129
126
122
122
124
128
129
126
124
124
126
125
125
127
128
127
126
124
125
124
126
124
123
124
128
129
127
126
127
126
126
126
125
124
125
125
125
124
123
125
126
128
127
125
124
125
126
127
127
126
124
124
125
126
126
125
125
125
126
126
126
127
126
127
125
125
125
125
125
125
125
124
125
127
128
124
122
124
127
127
126
125
125
127
128
127
125
124
126
126
125
123
126
127
126
125
124
125
126
126
124
123
125
127
127
126
125
123
124
126
127
125
124
126
128
127
126
127
126
125
125
125
126
125
124
124
125
127
127
126
124
125
126
126
125
125
126
127
127
126
124
124
125
126
125
125
126
126
126
125
126
126
127
127
125
125
124
126
126
125
123
124
126
126
126
127
126
125
125
129
126
125
125
126
125
125
124
125
126
126
126
125
125
126
126
125
124
126
126
124
124
127
125
124
125
126
126
125
125
125
127
127
125
125
126
126
124
123
125
126
125
125
125
126
126
125
125
126
126
125
125
124
125
127
127
125
125
126
125
125
125
126
126
125
125
125
125
125
125
125
125
126
125
125
124
125
125
125
125
125
125
126
126
125
125
125
125
125
126
125
125
126
126
125
125
126
126
126
126
126
125
124
125
126
126
126
125
125
125
126
127
125
122
126
124
125
127
125
124
126
128
126
125
125
125
126
126
126
125
125
125
125
125
126
126
126
121
124
127
127
126
127
126
127
127
126
125
126
126
126
126
126
126
126
126
125
125
126
126
126
126
126
126
126
126
125
126
126
126
126
125
126
126
126
126
125
125
125
122
125
125
125
126
128
127
126
126
127
127
126
125
126
126
126
125
125
126
126
126
125
126
126
126
125
125
126
126
125
125
125
125
126
126
126
125
125
125
125
126
126
125
125
125
125
126
126
125
125
125
125
126
126
125
125
126
126
124
126
126
126
126
126
126
126
126
126
125
125
125
126
125
125
125
126
126
125
125
126
126
125
126
126
126
126
126
126
126
125
126
126
125
126
126
126
126
126
126
126
125
126
126
126
125
125
126
126
126
126
126
126
126
125
125
126
126
126
126
126
126
126
126
126
125
126
126
126
126
125
125
126
126
126
125
126
126
126
126
126
126
125
126
126
125
125
125
125
126
127
131
125
125
126
125
123
124
125
124
126
126
125
126
125
126
125
125
125
125
125
126
126
126
125
126
126
126
126
128
130
125
124
125
125
124
125
125
125
126
126
125
125
125
125
125
125
125
126
126
125
125
125
125
126
126
125
126
125
126
126
125
126
125
125
125
125
125
125
125
126
126
125
125
124
126
126
125
125
126
125
125
125
125
126
126
125
125
125
126
125
125
125
126
125
126
125
125
126
125
125
124
124
125
126
126
126
125
125
126
126
125
125
125
126
126
127
126
126
126
126
126
125
125
125
125
126
125
125
125
125
126
124
125
124
125
125
126
125
126
125
125
126
125
126
125
125
125
126
126
127
126
125
126
125
125
125
125
125
125
125
125
125
126
127
125
125
125
126
126
126
125
125
125
126
126
125
125
125
125
126
125
125
125
125
155
128
115
125
123
124
126
126
125
125
124
123
124
125
127
125
124
124
124
124
125
124
122
97
122
127
126
129
130
129
129
129
127
127
127
127
126
127
126
126
126
126
127
126
127
127
126
126
126
126
126
126
126
127
126
126
126
126
126
125
125
127
126
126
126
125
126
127
114
125
124
125
127
129
128
128
128
127
126
127
128
127
127
127
126
125
125
125
125
127
126
126
125
126
126
126
126
126
125
125
126
125
125
125
125
125
125
125
125
125
125
125
126
127
126
125
126
125
126
126
125
126
125
124
125
125
125
125
125
125
126
125
126
126
125
48
125
125
125
125
125
125
125
125
125
125
125
125
125
125
125
125
125
125
125
125
125
125
125
125
125
125
125
125
125
125
125
125
125
125
125
125
125
125
125
125
125
125
125
125
125
125
125
125
125
125
125
125
125
125
125
125
125
125
125
125
125
125
125
125
125
125
125
125
125
125
125
125
125
125
125
125
125
125
125
125
125
125
125
125
125
125
125
125
125
125
125
125
125
125
125
125
125
125
125
125
125
125
125
125
125
125
125
125
125
125
125
125
125
125
125
125
125
125
125
125
125
125
125
125
125
125
124
125
125
125
125
125
125
125
125
125
125
125
125
125
125
125
125
125
125
125
125
125
125
125
125
125
125
125
125
125
125
125
125
125
125
125
125
125
125
125
125
125
125
125
125
125
125
125
125
125
125
125
125
125
125
125
125
125
125
125
125
125
125
125
125
125
125
125
125
125
125
125
125
125
125
125
125
125
125
125
125
125
125
125
125
125
125
125
125
125
125
125
125
125
125
125
125
125
125
125
125
125
125
125
125
125
125
125
125
125
125
125
125
125
125
125
125
125
125
125
125
125
125
125
125
125
125
125
125
125
125
125
125
125
125
125
125
125
125
125
125
125
125
125
125
125
125
125
125
125
125
125
125
125
125
125
125
125
125
125
125
125
125
125
125
125
125
125
125
125
125
125
125
125
125
125
125
125
125
125
125
125
125
125
125
125
125
125
125
125
125
125
125
125
125
125
125
125
125
125
125
125
125
125
125
125
125
125
125
125
125
125
125
125
125
125
125
125
125
125
125
125
125
125
126
125
125
125
