124
125
124
126
128
124
36
125
125
125
125
125
125
125
126
125
125
126
126
126
126
125
125
125
125
126
125
125
125
125
126
125
125
125
126
125
125
125
125
126
125
125
126
125
125
125
126
125
125
125
125
125
125
126
125
125
125
125
125
126
125
125
125
125
125
125
125
125
125
126
125
126
125
125
125
125
125
125
125
126
126
125
125
125
125
126
125
126
125
126
126
126
125
125
125
125
125
126
126
126
126
126
125
125
125
125
125
125
125
125
125
125
125
125
125
125
125
125
125
126
125
125
125
125
125
125
125
125
126
126
125
125
125
125
125
125
125
125
125
125
125
125
125
125
125
125
125
125
125
125
125
125
125
125
125
125
125
125
125
125
125
125
125
125
125
125
125
125
125
125
125
125
125
125
125
125
125
125
125
125
125
125
125
125
125
125
125
125
125
125
125
125
125
125
125
125
125
125
125
125
125
125
125
125
125
125
125
125
125
125
125
125
125
125
125
125
125
125
125
125
125
125
125
125
125
125
125
125
125
125
125
125
125
125
125
125
125
125
125
125
125
125
125
125
125
125
125
125
125
125
125
125
125
125
125
125
125
125
125
125
125
125
125
125
125
125
125
125
125
125
125
125
125
125
125
125
125
125
125
125
125
125
125
125
125
125
125
125
125
125
125
125
125
125
125
125
125
125
125
125
125
125
125
125
125
125
125
125
125
125
125
125
125
125
125
125
125
125
125
125
125
125
125
125
125
125
125
125
125
125
125
125
125
125
125
125
125
125
125
125
125
125
125
125
125
125
125
125
125
125
125
125
125
125
125
125
125
125
125
125
125
125
125
125
125
125
125
125
125
125
125
125
125
125
125
125
125
125
125
125
125
125
125
125
125
125
125
125
125
125
125
125
125
125
125
125
125
125
126
125
125
125
125
125
126
125
125
125
125
125
125
125
125
125
125
125
126
125
122
122
125
127
128
128
126
124
123
124
126
126
126
125
124
125
124
124
125
126
126
126
125
125
125
125
125
125
126
125
124
124
126
127
126
125
124
125
126
126
126
126
125
124
124
124
126
127
127
126
123
123
124
126
126
125
125
126
126
126
125
124
123
124
127
126
124
124
126
126
126
126
126
125
125
124
123
124
124
126
127
127
126
125
124
124
124
125
126
126
125
124
125
127
127
125
122
122
125
128
128
125
124
125
126
125
125
124
124
125
128
127
124
123
124
127
128
126
124
124
124
124
124
124
125
125
125
126
126
125
125
127
127
125
124
127
128
125
123
124
126
124
122
123
127
128
126
124
125
126
127
125
124
129
133
125
107
105
138
171
125
47
58
149
204
181
158
154
149
108
17
77
114
255
255
9
255
111
255
255
167
255
87
255
255
141
111
93
81
133
176
154
110
79
75
103
161
184
134
84
99
133
137
129
124
120
120
120
118
124
135
132
122
120
121
118
119
127
133
130
121
125
137
131
111
112
130
136
126
122
128
131
124
115
116
125
134
134
127
121
121
124
128
129
127
122
120
123
128
128
123
120
123
128
129
128
128
128
127
127
127
124
122
122
122
123
123
125
127
128
128
126
124
124
125
124
123
125
126
127
127
127
126
125
125
126
125
124
124
125
127
129
127
125
125
127
125
120
118
123
132
135
129
118
114
119
128
133
132
131
128
122
119
120
125
128
127
123
123
127
130
129
123
119
119
123
129
131
129
126
124
123
124
124
124
124
125
125
125
124
124
125
126
127
127
126
126
125
125
125
125
124
124
124
124
124
124
125
126
127
127
126
125
124
125
125
125
125
124
125
126
125
125
126
125
125
125
125
124
125
126
126
125
125
125
125
126
126
125
125
125
126
125
124
124
125
125
125
125
125
125
126
125
125
126
125
125
125
125
125
125
125
125
125
124
123
124
125
125
125
126
126
125
126
126
125
125
125
125
125
125
125
125
125
125
125
125
125
125
125
125
125
126
125
125
125
125
125
126
125
125
125
125
126
126
126
126
125
125
125
125
125
125
125
125
126
126
125
125
126
126
125
125
125
125
125
125
125
125
125
125
125
125
125
125
126
126
125
125
126
125
125
125
126
126
125
125
125
125
125
125
125
125
125
126
125
125
125
125
125
125
125
125
125
125
125
125
125
125
125
125
125
125
125
125
125
125
125
125
126
125
125
124
126
126
126
125
125
125
126
125
125
125
126
126
125
125
125
125
125
126
125
125
125
125
125
125
124
125
126
126
125
125
125
125
125
125
125
125
125
124
125
125
126
126
125
125
125
125
126
126
125
125
125
125
125
125
125
125
125
125
125
125
125
125
125
125
125
125
125
125
125
126
125
125
125
125
125
125
125
125
126
126
125
125
125
126
125
125
125
125
125
125
125
125
125
125
125
125
125
125
125
125
125
125
126
127
126
125
125
124
124
125
125
125
125
125
125
125
125
125
125
125
125
125
125
125
125
125
125
125
125
125
125
125
125
125
125
125
125
126
125
125
125
125
125
126
125
125
125
125
125
125
125
125
125
125
125
125
125
125
125
125
125
125
125
125
125
125
125
125
125
125
125
125
125
125
123
123
125
125
126
126
127
126
126
126
125
125
125
125
125
125
126
125
125
125
125
125
125
125
125
125
125
125
125
126
125
125
125
125
125
125
125
125
125
125
125
125
125
125
125
125
125
125
125
125
125
125
125
125
125
125
125
125
125
125
125
126
125
125
125
125
125
125
125
125
125
125
126
125
125
125
125
125
125
125
125
125
125
125
125
125
125
125
125
125
125
125
125
125
125
126
125
125
125
125
125
125
125
125
125
125
125
125
125
125
125
125
125
125
126
125
125
125
125
125
125
125
125
125
125
125
126
125
125
125
125
125
125
125
125
125
125
125
125
126
126
125
125
125
125
125
125
125
125
125
125
125
125
125
125
125
125
125
125
125
125
125
125
125
126
125
125
125
125
126
125
125
126
125
126
126
125
125
125
125
125
125
125
125
125
124
125
125
125
125
125
125
125
125
125
126
125
126
123
125
125
125
126
126
126
125
125
126
126
126
126
126
126
125
125
125
125
125
125
125
125
129
126
125
124
124
123
124
125
125
125
125
125
124
124
125
126
125
124
125
125
127
128
126
124
124
126
126
126
125
123
123
125
126
126
125
124
125
125
126
127
126
125
125
125
125
125
125
125
124
124
125
125
125
125
125
126
126
125
125
125
125
126
126
125
125
125
126
125
124
125
125
125
125
124
125
125
125
125
126
126
126
126
125
125
125
125
124
125
125
125
126
126
126
126
126
125
124
124
125
126
126
125
125
124
124
125
125
125
125
124
126
125
125
125
123
125
125
125
125
126
125
123
124
125
126
126
126
126
127
127
125
124
124
126
125
125
124
125
126
125
125
125
125
126
125
124
125
124
124
125
125
124
125
125
125
126
126
126
125
126
126
125
125
125
125
125
125
125
125
125
125
125
125
124
125
125
125
125
126
126
125
125
126
124
125
125
125
125
125
125
125
125
125
126
125
125
125
125
125
125
125
125
125
126
126
125
125
125
124
125
125
124
125
125
125
125
125
124
125
124
124
125
125
125
125
125
125
126
126
125
125
124
124
125
126
125
125
125
124
125
124
125
125
125
124
125
125
127
126
126
126
126
125
124
125
125
125
125
125
125
125
126
97
100
131
125
129
131
129
129
129
128
127
127
127
127
126
126
126
125
126
126
125
125
126
126
126
126
125
125
125
125
127
126
126
126
126
126
125
125
125
126
125
125
125
126
126
125
126
125
125
126
125
126
126
125
126
126
126
126
125
124
125
125
125
125
125
124
126
124
125
126
125
126
126
124
126
125
125
126
125
126
126
125
126
125
125
125
125
125
37
125
125
125
125
125
125
125
125
125
125
125
125
125
125
125
125
125
125
125
125
125
125
125
125
125
126
125
125
125
125
125
125
125
125
125
125
125
125
125
125
125
125
125
125
126
125
125
125
125
125
125
125
125
125
125
125
125
125
125
125
125
125
125
125
125
125
125
125
125
125
125
125
125
125
125
125
125
125
125
125
125
125
125
125
125
126
125
125
125
125
125
125
125
125
125
125
125
125
125
125
125
125
125
125
125
125
125
125
125
125
125
125
125
125
126
125
125
125
126
126
126
126
126
126
125
126
125
126
126
126
126
126
126
126
126
126
125
126
126
126
126
125
125
125
126
126
126
126
126
126
126
126
125
126
126
126
126
126
126
126
126
125
126
126
125
125
126
126
125
126
126
126
126
126
126
126
126
126
126
126
126
125
125
126
125
125
126
125
126
125
125
126
125
126
126
125
125
125
125
125
126
125
125
126
125
125
126
125
125
125
125
125
125
125
126
125
125
125
125
125
125
125
125
126
126
125
125
125
125
126
125
125
125
126
126
125
125
125
125
125
125
126
126
126
125
126
125
125
125
125
125
125
126
125
126
126
126
125
125
125
126
126
126
126
125
126
125
126
125
125
125
126
126
126
125
125
125
126
126
126
125
125
126
126
126
126
125
125
126
125
126
125
125
126
126
125
126
125
125
126
126
125
125
125
126
125
125
126
125
125
125
125
125
126
126
126
126
126
126
125
125
125
125
125
125
126
126
125
125
125
126
126
126
125
125
125
125
125
125
125
125
125
125
125
125
125
125
125
125
125
125
125
125
123
