125
126
125
126
127
127
57
125
125
125
125
125
125
125
125
125
125
125
125
125
125
125
125
125
125
125
125
125
125
125
125
125
125
125
125
125
125
125
125
125
125
125
125
125
125
125
125
125
125
125
125
125
125
125
125
125
125
125
125
125
125
125
125
125
125
125
125
125
125
125
125
125
125
125
125
125
125
125
125
125
125
125
125
125
125
125
125
125
125
125
125
125
125
125
125
125
125
125
125
125
125
125
125
125
125
125
125
125
125
125
125
125
125
125
125
125
125
125
125
125
125
125
125
125
125
125
125
125
125
125
125
125
125
125
125
125
125
125
125
125
125
125
125
125
125
125
125
125
125
125
125
125
125
125
125
125
125
125
125
125
125
125
125
125
125
125
125
125
125
125
125
125
125
125
125
125
125
125
125
125
125
125
125
125
125
125
125
125
125
125
125
125
125
125
125
125
125
125
125
125
125
125
125
125
125
125
125
125
125
125
125
125
125
125
125
125
125
125
125
125
125
125
125
125
125
125
125
125
125
125
125
125
125
125
125
125
125
125
125
125
125
125
125
125
125
125
125
125
125
125
125
125
125
125
125
125
125
125
125
125
125
124
125
126
125
126
126
126
126
125
125
125
125
125
125
126
126
125
125
125
125
125
125
125
126
125
126
126
126
125
126
125
125
125
125
125
125
126
125
125
125
125
125
125
125
125
126
126
126
125
125
125
125
125
126
126
126
126
125
125
125
125
125
125
125
125
125
125
125
125
125
125
126
125
125
125
125
125
125
125
125
125
125
125
125
125
125
125
125
125
125
125
125
125
125
125
125
125
125
125
125
125
125
125
125
125
125
125
125
125
125
125
125
125
125
125
125
125
125
125
125
125
125
125
125
125
125
125
125
125
125
125
125
125
125
125
125
125
125
125
125
125
125
125
125
125
125
125
125
125
125
125
126
125
125
125
125
125
125
125
125
125
125
125
125
125
125
125
125
125
125
126
126
125
125
125
125
125
125
125
125
125
125
125
125
125
125
125
126
125
125
125
125
125
125
125
125
125
125
125
125
125
125
125
125
125
125
125
126
125
125
125
125
125
125
126
126
125
125
125
125
125
125
125
125
125
125
125
125
125
125
125
125
125
125
125
125
125
125
125
125
125
125
125
125
125
125
125
125
125
125
125
125
125
125
125
125
125
125
125
125
125
125
125
125
125
125
125
125
125
125
125
125
127
129
128
123
118
118
123
130
135
134
125
119
120
119
113
114
127
139
141
131
119
109
102
101
152
250
222
44
17
135
169
45
64
255
255
249
206
128
228
202
166
237
16
154
255
255
60
163
181
255
79
30
118
225
162
72
51
124
189
120
42
112
200
156
77
86
136
143
121
110
126
146
133
100
96
126
149
135
108
106
128
140
131
118
114
123
133
132
124
121
124
128
130
127
119
113
119
132
139
129
116
115
125
128
121
119
129
139
133
119
113
120
128
131
130
128
126
125
126
127
124
120
122
128
132
129
123
121
123
124
125
125
126
127
127
126
125
123
123
126
128
128
129
127
125
124
125
126
126
125
125
126
127
127
126
124
124
125
127
127
126
125
125
125
126
126
126
125
126
127
127
127
126
125
125
125
127
128
128
126
125
124
124
124
125
126
126
126
126
125
125
125
126
126
126
125
125
125
126
126
126
126
126
126
126
127
127
125
125
125
125
125
125
125
125
125
125
125
125
125
125
125
125
126
126
126
126
125
125
125
125
126
127
127
127
126
126
125
125
125
125
125
125
125
125
125
126
126
125
125
125
125
125
125
125
125
125
126
126
126
126
126
126
126
126
126
126
126
126
125
125
125
125
125
125
125
125
125
126
126
126
125
125
125
125
125
125
126
125
125
125
125
125
125
125
125
126
126
126
126
126
125
125
125
125
125
125
125
125
125
126
126
125
125
125
125
125
125
125
125
126
126
125
126
125
125
125
125
126
126
126
126
125
125
125
125
125
125
125
125
125
125
125
126
126
125
126
125
125
126
126
126
127
126
125
125
125
125
125
125
125
125
125
125
125
125
124
125
126
126
125
125
125
125
126
125
125
125
125
125
125
125
126
125
125
125
125
125
126
125
125
125
125
125
125
124
125
125
125
125
125
125
125
125
125
126
126
125
125
125
125
125
125
126
126
125
126
125
125
125
125
125
125
125
126
124
125
125
125
125
125
125
125
125
125
125
125
125
125
125
125
125
125
125
125
125
125
125
125
125
125
125
125
125
125
125
125
125
125
125
125
125
125
125
125
125
125
125
125
125
125
125
125
126
125
125
125
126
125
125
125
125
125
125
125
125
125
125
125
125
125
125
125
125
125
125
125
125
125
125
125
125
125
125
125
125
125
126
125
125
125
125
125
125
125
125
125
125
125
125
125
125
125
125
125
125
125
125
125
125
125
125
125
125
125
125
125
125
125
125
125
125
125
126
125
125
125
125
125
125
125
125
125
125
125
124
125
125
126
126
125
125
125
125
125
125
125
125
125
125
125
125
125
125
126
125
125
125
124
125
125
125
125
124
125
125
125
126
125
125
125
125
125
125
125
125
125
125
125
125
125
125
128
119
122
125
127
126
127
127
126
126
126
125
125
124
125
125
126
126
126
126
126
126
125
125
125
125
125
126
126
126
126
126
126
126
126
125
126
126
126
126
126
126
126
126
126
126
125
125
126
125
126
126
125
125
125
125
126
126
125
126
126
126
126
126
126
125
125
124
123
125
125
125
127
127
126
127
126
127
126
126
126
125
125
125
125
126
125
125
126
126
125
125
126
125
125
124
125
125
125
125
125
125
125
125
125
125
125
125
125
125
125
125
125
125
125
125
125
125
125
126
125
125
125
125
125
125
125
125
126
125
125
125
125
125
125
125
126
125
126
125
125
126
125
126
126
125
125
126
125
126
125
125
125
125
125
125
125
125
125
125
125
126
125
125
125
125
126
126
125
125
125
126
126
125
125
125
125
125
125
125
126
125
125
126
126
126
125
126
126
126
126
125
125
126
125
125
125
125
125
125
124
125
125
125
125
125
125
126
125
126
125
125
124
125
125
129
129
125
123
125
125
125
125
126
125
125
126
125
124
124
124
124
125
124
125
125
125
125
126
126
127
126
126
126
127
126
125
125
124
124
125
125
125
125
126
126
126
126
126
126
125
125
125
124
124
125
125
125
125
126
125
125
125
125
125
126
125
125
125
125
125
125
125
125
125
125
125
125
125
125
125
126
126
126
125
125
125
126
126
126
125
125
125
126
125
124
125
125
125
125
125
126
126
125
126
125
125
125
125
127
128
127
127
127
128
127
127
127
127
126
126
126
125
125
126
126
126
126
126
126
126
125
124
125
126
127
126
126
125
124
123
123
125
126
127
127
127
126
125
124
124
125
124
125
125
126
127
127
127
127
127
127
126
124
123
123
124
126
127
125
125
125
127
128
126
126
125
125
127
126
126
126
124
122
124
125
127
127
127
126
126
126
125
125
125
125
124
125
125
126
127
126
126
125
124
125
126
126
126
125
125
126
126
126
126
125
125
126
126
126
126
126
126
126
126
125
124
125
126
126
126
125
126
126
126
125
126
125
125
126
126
126
125
126
126
126
125
125
126
126
126
126
126
130
131
126
124
125
123
122
124
124
123
125
126
125
125
125
126
126
125
125
125
125
125
125
126
126
126
126
126
125
125
125
125
126
125
125
126
126
126
125
125
125
125
124
126
126
126
127
126
125
126
125
125
126
126
131
130
125
124
124
131
123
120
118
120
122
125
126
127
129
128
126
125
125
124
124
124
125
125
125
125
125
126
125
126
126
126
125
126
124
125
126
125
126
125
124
126
126
125
58
125
125
125
126
125
125
125
125
125
125
125
125
125
125
125
125
125
125
125
125
125
125
125
125
125
125
125
125
125
125
125
125
125
125
125
125
125
125
125
125
125
125
125
125
125
125
125
125
125
125
125
125
125
125
125
125
125
125
125
126
125
125
126
126
126
126
126
126
126
126
125
126
126
126
126
126
126
125
126
125
126
126
126
125
126
126
126
126
126
125
126
126
126
125
125
126
126
126
126
126
126
126
126
126
126
125
126
126
126
126
126
126
126
126
126
126
126
126
126
126
126
126
125
125
125
126
126
126
126
126
126
126
126
126
125
125
125
125
125
125
125
126
125
126
126
126
125
126
126
126
126
125
125
126
125
125
126
126
126
126
125
126
126
126
126
126
126
125
125
125
125
125
125
126
126
125
126
126
126
126
126
126
126
126
125
126
125
126
126
126
125
126
126
125
125
126
125
126
125
126
125
126
125
126
126
126
126
126
126
126
125
125
126
125
125
125
125
125
126
126
125
125
125
125
125
125
125
125
125
126
126
126
125
126
126
125
126
126
125
126
126
126
126
126
125
125
126
126
126
126
126
126
125
126
125
125
126
126
125
125
125
126
125
125
126
125
126
126
126
125
126
125
125
126
126
125
125
125
126
125
125
125
125
125
125
125
125
125
125
125
125
125
125
125
125
126
125
125
125
125
125
125
125
125
125
125
126
125
125
125
125
125
125
125
126
125
125
125
125
125
125
125
125
125
125
125
125
125
125
125
125
125
125
125
125
125
125
125
125
125
125
125
125
125
125
125
125
125
125
125
125
125
125
126
