127
126
125
126
127
131
57
125
125
125
125
125
125
125
125
125
125
125
125
125
125
125
125
125
125
125
125
125
125
125
125
125
125
125
125
125
125
125
125
125
125
125
125
125
125
125
125
126
125
125
125
125
125
125
125
125
125
125
125
125
125
125
125
125
125
125
125
125
125
125
125
125
125
125
125
125
125
125
125
125
125
125
125
125
125
125
125
125
125
125
125
125
125
125
125
125
125
125
125
125
125
125
125
125
125
125
125
125
125
125
125
125
125
125
125
125
125
125
125
125
125
125
125
125
125
125
125
125
125
125
126
125
125
125
125
125
125
125
125
125
125
125
125
125
125
125
125
125
125
125
125
125
125
125
125
125
125
125
125
125
125
125
125
125
125
125
125
125
125
125
125
125
125
125
125
125
125
125
125
125
125
125
125
125
125
125
125
125
125
125
125
125
125
125
125
125
125
125
125
125
125
125
125
125
125
125
125
125
125
125
125
125
125
125
125
125
125
125
125
125
125
125
125
125
125
125
125
125
125
125
125
125
125
125
125
125
125
125
125
125
125
125
125
125
125
125
125
125
125
125
125
125
125
125
125
125
125
125
125
125
125
125
125
125
125
125
125
125
125
125
125
125
125
125
125
125
125
125
125
125
125
125
125
125
125
125
125
125
125
125
125
125
125
125
125
125
125
125
125
125
125
125
125
125
125
125
125
125
125
125
125
125
125
125
125
125
125
125
125
125
125
125
125
125
125
125
125
125
125
125
125
125
125
125
125
125
125
125
125
125
125
125
125
125
125
125
125
125
125
125
125
125
125
125
125
125
125
125
125
125
125
125
125
125
125
125
125
125
125
125
125
125
125
125
125
125
125
125
125
125
125
125
125
125
125
125
125
125
125
125
125
125
125
125
125
125
125
125
125
125
125
125
125
125
125
125
125
125
125
125
125
125
125
125
125
125
125
125
125
125
125
125
125
125
125
125
125
125
125
125
125
125
125
125
125
125
125
125
125
125
125
125
125
125
125
125
125
125
125
125
125
125
125
125
125
125
125
125
125
125
125
125
125
125
125
125
125
125
125
125
125
125
125
125
125
125
125
125
125
125
125
125
125
125
125
125
125
125
125
125
125
125
124
121
115
119
141
163
160
129
91
64
54
85
164
243
208
85
41
106
201
159
68
85
159
87
71
209
193
57
87
160
134
134
176
118
52
80
128
173
184
119
48
94
187
169
84
90
161
151
91
100
147
144
115
111
120
131
137
127
122
142
149
113
80
102
147
152
119
100
116
139
145
137
126
116
113
120
130
132
129
127
122
114
113
121
131
134
131
126
123
123
126
127
126
124
121
119
121
128
131
127
122
124
131
133
127
118
115
121
128
130
128
126
123
121
122
126
127
127
127
128
127
126
124
124
124
124
124
124
125
125
125
125
125
125
125
125
125
125
125
125
125
125
126
125
125
126
127
127
125
124
124
124
124
124
125
127
127
127
125
125
125
125
125
124
124
124
125
125
124
124
125
127
127
127
125
124
124
124
125
125
125
125
126
126
126
125
125
125
125
124
124
124
125
126
126
125
125
124
124
125
125
125
125
126
126
126
127
126
125
125
125
125
125
124
124
125
125
125
125
125
126
126
126
125
125
125
125
125
123
125
125
126
127
126
126
125
125
124
125
126
126
125
125
125
126
126
126
125
125
125
125
125
125
125
125
125
125
125
125
125
125
126
126
126
126
126
125
125
125
125
124
124
125
126
126
126
126
126
125
125
125
125
125
125
125
125
125
125
125
125
125
125
125
125
125
125
125
125
125
125
125
126
126
125
125
125
125
125
125
125
125
126
126
126
125
125
125
125
125
125
125
125
125
125
125
125
125
125
125
125
125
125
126
125
125
125
125
126
126
125
125
126
125
124
125
126
125
125
126
126
125
125
126
125
125
125
125
125
124
125
126
126
125
125
126
126
125
125
125
125
125
125
125
126
125
125
125
125
125
126
125
125
125
126
126
125
125
125
125
126
126
125
125
125
126
126
125
125
125
125
125
125
125
124
125
127
125
124
125
126
126
125
124
125
125
126
125
125
125
125
125
125
124
125
125
125
125
125
126
126
125
126
126
125
125
125
125
124
124
124
126
126
125
125
126
126
125
125
126
125
124
126
126
126
124
124
125
125
124
124
125
125
125
125
125
124
125
126
125
125
126
125
125
125
126
126
126
125
124
124
126
126
125
124
125
125
125
125
125
125
125
125
125
125
125
125
125
125
125
125
125
125
125
125
125
125
125
125
125
125
125
125
125
125
125
125
125
125
125
125
125
125
125
125
125
125
125
125
125
125
125
125
125
125
125
125
125
125
125
125
125
125
125
125
125
125
125
125
125
125
125
125
125
125
125
125
125
126
125
125
125
125
125
125
125
125
125
125
125
125
125
125
125
125
125
125
125
125
125
125
125
125
125
125
125
125
125
125
125
125
125
125
125
125
125
125
125
125
124
124
124
125
126
125
125
125
125
125
125
125
125
125
125
125
125
125
125
125
125
125
125
125
125
125
125
125
125
125
124
125
125
125
125
125
125
125
125
125
125
125
125
125
125
125
125
124
125
125
126
125
125
125
125
125
125
125
124
124
124
125
125
125
125
125
125
126
125
125
125
125
126
126
125
125
125
125
125
125
125
126
125
126
125
125
125
125
125
125
125
125
124
125
125
125
125
125
125
125
125
125
125
125
125
125
125
125
125
125
125
125
125
125
125
125
126
125
125
125
125
125
125
125
125
125
125
125
125
125
125
125
125
125
125
125
125
125
125
125
125
125
125
125
125
125
125
125
125
125
125
125
125
125
125
125
125
125
125
125
125
125
125
125
125
125
125
125
125
125
125
125
125
125
125
125
125
125
125
125
125
125
125
125
125
125
125
125
125
125
125
125
125
125
125
125
125
125
125
125
125
125
126
125
125
125
125
125
125
125
125
125
125
125
125
125
125
125
125
126
125
125
125
125
125
125
125
125
125
125
125
125
125
125
125
125
125
125
125
125
125
125
125
125
125
125
125
125
125
125
125
126
125
125
125
125
125
126
125
125
125
125
125
125
125
125
125
125
125
125
125
125
125
125
125
125
126
125
125
124
124
125
125
125
125
124
124
126
126
126
126
126
125
125
126
125
124
123
124
124
124
124
124
125
125
125
127
127
126
126
125
126
126
125
125
124
125
125
125
124
126
125
125
126
125
126
125
125
124
124
124
126
125
124
124
125
124
124
125
125
125
126
127
127
125
125
124
124
124
124
125
125
124
125
126
126
125
125
126
125
124
124
126
126
126
124
123
125
127
129
129
124
120
125
127
118
117
130
128
117
118
125
126
126
142
165
148
93
81
128
152
123
96
108
134
136
121
118
127
135
140
137
132
126
118
112
117
125
125
121
121
123
120
121
128
133
133
130
129
128
126
122
118
119
123
125
123
125
126
127
125
122
123
127
131
131
128
123
122
123
124
126
125
125
125
124
126
127
126
125
123
123
124
124
126
127
125
124
123
124
125
124
125
126
127
127
126
125
126
127
127
125
122
120
123
126
126
126
126
126
125
124
126
126
127
126
125
124
124
124
124
125
124
125
125
126
127
126
125
125
125
126
125
125
126
126
124
124
125
126
124
123
125
126
125
125
124
125
125
124
125
125
125
125
125
125
126
126
126
126
125
123
126
126
126
123
122
123
125
125
124
123
123
125
125
127
128
127
128
126
127
126
125
123
123
124
125
124
125
127
124
124
126
127
125
125
126
126
123
122
123
124
123
126
125
123
124
125
126
126
125
126
126
126
125
125
125
124
123
124
125
125
125
125
125
125
125
125
126
125
127
126
125
125
127
126
58
126
126
126
126
126
126
126
126
126
126
126
126
126
126
126
126
126
126
126
126
126
125
125
126
126
126
125
125
126
126
126
126
126
126
126
125
126
126
126
126
126
126
126
126
125
126
126
126
126
126
126
126
126
125
125
125
125
125
125
126
125
125
125
126
125
125
126
125
125
125
125
125
125
125
126
125
126
125
125
126
126
126
126
126
126
125
125
125
125
125
125
125
125
125
125
125
125
125
126
125
126
126
125
125
125
125
125
125
125
126
125
125
125
125
126
125
126
125
125
125
125
125
125
125
125
125
125
125
125
125
125
125
125
125
125
125
125
125
125
125
125
125
125
125
126
125
125
125
125
125
125
126
125
125
125
125
126
126
125
125
125
125
125
125
125
125
125
125
126
125
125
125
126
126
125
125
125
125
125
125
126
125
125
125
126
126
126
125
125
125
125
125
125
125
125
125
125
125
125
125
125
125
125
126
125
126
125
125
125
125
125
125
125
125
125
125
125
125
125
125
125
125
125
125
125
125
125
125
125
125
125
125
125
125
125
125
125
125
126
125
125
125
125
125
125
125
125
125
125
125
125
125
125
125
125
125
125
125
125
125
125
125
125
125
125
125
125
125
125
125
125
125
125
125
125
125
125
125
125
125
125
125
125
125
125
125
125
125
125
125
125
125
125
125
125
125
125
125
125
125
125
125
125
125
125
125
125
125
125
125
125
125
125
125
126
125
125
126
126
126
126
126
126
125
125
125
125
125
125
126
125
126
126
126
126
126
126
126
126
126
126
126
126
126
125
126
126
125
125
126
125
126
125
125
