126
126
126
127
127
125
43
126
125
126
125
126
126
126
126
125
125
125
126
126
125
126
126
126
126
125
125
125
125
126
125
125
125
126
125
125
126
126
125
126
125
125
126
125
126
125
125
125
125
125
126
126
125
126
125
125
126
125
125
125
125
125
125
125
125
125
125
125
125
125
125
125
125
125
125
125
126
125
125
125
126
126
125
125
125
125
125
125
125
125
125
125
125
125
125
125
125
125
125
126
125
125
125
125
125
125
125
125
125
125
125
125
125
125
125
125
125
125
125
125
125
125
125
125
125
125
126
125
125
125
125
125
126
126
125
125
125
125
125
125
125
125
125
125
125
125
125
125
125
126
125
125
125
125
125
125
125
125
125
125
125
125
125
125
125
125
125
125
125
125
125
126
125
125
125
125
125
126
126
125
125
125
125
125
125
125
125
125
125
125
125
125
125
126
126
125
125
125
125
125
125
125
125
125
125
125
125
125
125
125
125
125
125
125
125
125
125
125
125
125
125
125
125
125
125
125
125
125
125
125
125
125
125
125
125
125
125
125
125
125
125
125
125
125
125
125
125
125
125
125
125
125
125
125
125
125
125
125
125
125
125
125
125
125
126
125
125
125
126
125
126
126
126
125
125
126
126
125
126
126
125
125
126
126
126
126
126
125
125
125
125
125
126
125
125
125
125
125
125
126
125
125
125
125
125
125
125
126
125
126
125
126
125
125
125
125
125
125
125
126
125
125
125
125
126
125
126
126
126
126
125
125
125
125
126
125
126
126
125
126
126
125
125
125
125
125
125
125
125
125
125
125
125
125
125
125
125
125
125
125
125
125
125
125
125
125
125
125
125
125
125
125
125
126
125
125
125
125
125
126
125
125
125
126
125
125
125
125
125
125
125
125
125
125
125
125
125
125
125
125
125
125
125
125
125
125
125
125
125
125
125
125
125
125
125
125
125
125
126
125
125
125
125
125
125
125
125
125
125
125
125
125
125
125
125
125
125
125
125
125
125
125
125
125
125
125
125
125
125
125
125
125
125
125
125
125
125
125
125
125
125
125
125
125
125
125
125
125
125
125
125
125
125
125
125
125
125
125
125
126
126
126
125
125
125
125
125
125
125
125
125
125
125
125
125
125
125
125
125
125
125
125
125
125
125
125
125
125
125
125
125
125
125
125
125
125
125
126
125
125
125
125
125
125
125
125
125
125
125
125
125
125
125
126
126
125
125
125
126
126
125
125
125
125
125
125
125
125
125
125
125
125
125
125
125
125
125
125
125
125
125
126
124
125
126
127
128
128
126
123
120
119
120
123
129
136
137
129
126
127
124
117
116
121
122
121
125
131
132
133
132
121
115
132
154
136
91
83
123
163
159
130
108
96
102
145
174
111
45
116
212
182
80
73
127
137
120
156
174
86
49
174
208
52
40
163
198
145
148
121
38
63
207
208
63
50
155
175
123
109
140
166
133
79
70
112
160
162
117
104
126
142
126
110
129
141
133
108
113
133
139
126
120
126
113
97
115
154
161
132
108
111
121
124
122
127
135
131
117
123
139
128
103
110
136
142
127
122
130
128
120
124
130
126
123
125
125
126
129
125
120
124
130
127
119
120
126
130
130
129
125
120
121
128
130
123
120
123
127
129
129
130
130
127
122
118
122
128
127
121
121
127
130
128
125
123
123
125
126
126
128
130
129
124
121
120
123
127
128
127
126
125
123
125
127
127
125
125
125
124
123
124
126
126
128
129
128
126
123
121
120
122
126
129
129
129
128
127
125
124
124
124
125
125
125
124
125
126
126
125
124
123
125
126
127
127
126
124
123
124
125
127
126
125
126
126
126
125
125
126
126
126
126
125
124
124
125
125
126
125
126
126
126
126
125
125
125
125
125
125
125
126
127
127
126
125
124
125
126
125
125
126
127
127
125
124
125
126
126
126
126
126
126
125
125
125
125
125
123
126
126
125
126
127
127
126
126
126
126
126
126
126
125
125
126
127
125
125
126
128
127
125
124
124
125
125
127
126
124
125
125
125
124
126
129
130
128
124
122
124
127
128
127
126
126
125
122
122
123
127
130
128
123
120
123
128
129
127
125
125
126
125
124
123
124
125
128
129
126
121
122
129
130
125
121
125
129
128
125
124
124
125
125
125
126
124
122
125
129
127
123
125
128
128
126
124
125
126
127
127
125
124
126
127
126
124
123
126
127
125
124
125
126
127
125
124
125
126
127
126
125
125
125
126
126
126
126
125
126
126
124
124
125
127
126
126
126
126
125
126
126
125
125
126
126
125
125
125
126
126
126
125
125
126
127
126
125
125
125
125
127
127
125
124
125
126
125
125
125
126
126
126
126
129
126
125
125
125
125
125
125
124
125
125
125
125
125
125
126
126
125
126
127
126
125
126
126
125
125
125
126
126
125
126
126
125
125
125
126
125
125
125
125
126
126
126
128
118
124
125
127
129
127
127
126
125
124
124
125
125
125
125
126
125
125
125
125
126
126
126
126
125
126
126
126
126
125
126
125
126
126
126
126
126
125
126
126
126
125
125
125
125
125
125
125
124
125
125
125
126
126
126
125
126
126
126
126
125
126
126
126
126
126
123
124
124
125
125
126
126
126
126
126
126
125
126
126
126
125
125
125
125
125
125
125
126
126
126
125
125
125
125
125
125
126
125
125
125
125
125
125
125
125
125
125
125
125
125
125
125
125
125
126
125
125
125
126
126
126
126
125
126
125
125
126
125
125
126
126
125
125
125
125
125
125
125
125
125
125
125
125
125
125
125
125
125
126
126
126
126
126
125
126
125
126
125
125
126
125
125
125
125
126
125
125
125
125
125
125
125
125
125
126
125
125
125
125
125
126
126
124
125
125
125
125
126
126
126
126
125
125
125
125
126
126
125
125
125
125
125
125
125
125
126
125
125
125
125
125
126
125
127
129
125
124
125
124
124
125
125
125
125
126
126
125
125
125
125
125
125
125
126
125
125
125
125
125
125
125
125
125
125
126
126
125
125
125
126
126
125
125
125
132
104
127
125
127
126
129
126
126
126
126
126
126
125
125
126
126
126
126
126
126
126
126
126
126
125
126
126
126
126
126
126
126
125
126
125
125
103
120
126
127
128
130
129
128
128
128
127
127
126
126
127
127
127
127
126
125
125
126
126
126
126
126
126
126
126
126
120
125
124
126
126
128
127
127
128
127
127
126
126
125
126
126
126
126
126
126
125
125
126
125
125
125
126
126
125
126
125
126
125
125
125
125
126
126
125
126
126
125
125
125
125
125
125
126
125
126
126
126
125
125
126
126
125
124
125
126
126
125
125
125
125
125
126
125
125
125
125
124
127
125
125
126
127
126
125
126
127
126
125
126
125
126
126
125
125
126
125
126
125
126
126
125
126
126
126
125
126
126
126
125
126
126
125
125
125
125
126
126
126
125
125
126
126
125
125
125
125
126
126
125
126
125
126
126
125
125
126
126
125
125
125
126
126
126
126
125
125
126
125
126
125
126
127
127
134
128
127
126
126
122
124
123
123
125
125
125
125
125
125
125
125
126
125
125
125
126
126
126
126
126
126
125
126
126
125
126
125
125
125
126
126
126
126
126
126
126
126
126
126
130
129
126
125
125
123
122
124
125
124
125
125
125
126
125
125
125
126
125
126
126
125
125
126
126
124
125
125
126
126
126
125
126
126
125
126
125
125
125
125
125
126
125
126
125
125
126
125
125
126
125
125
126
125
126
125
124
125
125
125
126
124
125
126
125
125
125
126
126
125
125
125
125
125
126
125
125
125
125
126
126
125
125
126
125
125
125
125
125
126
126
126
125
125
126
125
125
125
126
127
124
125
125
125
44
125
125
125
125
125
125
125
125
125
125
125
125
125
125
125
125
125
125
125
125
125
125
125
125
125
125
125
125
125
125
125
125
125
125
125
125
125
125
125
125
125
125
125
125
125
125
125
125
125
125
125
125
125
125
125
125
125
125
125
125
125
125
125
125
125
125
125
125
125
125
125
125
125
125
125
126
124
125
125
126
125
126
126
125
126
125
126
126
125
125
125
125
125
126
126
126
125
125
125
125
125
125
126
125
125
126
125
125
125
126
126
126
125
125
125
125
125
125
126
125
125
125
126
126
125
125
126
125
126
125
126
125
125
126
126
125
125
125
125
125
125
125
125
125
125
125
125
125
126
125
126
125
125
125
125
125
125
125
125
125
125
125
125
125
126
125
125
125
125
125
125
125
125
125
125
125
125
125
125
125
125
125
125
125
125
125
125
125
125
125
125
125
125
125
125
125
125
125
125
125
125
125
125
125
125
125
125
125
125
125
125
125
125
125
125
125
125
125
125
125
125
125
125
125
125
125
125
125
125
125
125
125
125
125
125
125
125
125
125
125
125
125
125
125
125
125
125
125
125
125
125
125
125
125
125
126
125
125
125
125
125
125
125
125
125
125
125
125
125
125
125
125
125
125
125
125
125
125
125
125
125
125
125
125
125
125
125
125
125
125
125
125
126
126
125
125
125
125
125
125
125
125
125
125
125
125
125
125
125
125
125
125
125
125
125
125
125
125
125
125
125
125
125
125
125
125
125
125
125
125
125
125
125
125
125
125
125
125
125
125
125
125
125
125
125
125
125
125
125
125
125
125
125
127
