126
126
126
126
90
98
52
125
125
125
126
126
126
126
125
126
125
126
126
126
126
126
126
126
126
126
126
126
126
126
126
126
126
126
126
126
126
125
125
126
126
126
126
126
126
126
126
126
126
126
126
126
126
126
126
126
126
126
126
126
126
126
126
126
126
126
126
126
126
126
126
126
126
126
126
126
126
126
126
126
126
126
126
126
126
126
126
126
126
126
126
126
126
125
126
125
126
126
125
126
125
126
125
126
126
125
126
126
126
126
126
126
125
126
126
126
126
126
126
126
126
126
126
125
126
125
126
126
126
126
126
126
125
125
125
125
125
125
125
125
125
125
125
125
125
125
125
125
126
125
125
125
125
125
125
125
125
125
126
126
126
125
126
125
125
125
125
125
125
125
125
125
125
125
125
125
125
125
126
126
126
125
126
125
126
125
125
125
125
125
125
125
125
125
125
125
125
125
125
125
125
125
125
125
125
125
125
125
125
125
125
125
125
125
125
125
125
125
125
125
125
125
125
125
125
125
125
125
125
125
125
125
125
125
125
125
125
125
125
125
125
125
125
125
125
125
125
125
125
125
125
125
125
125
125
125
125
125
125
125
125
125
125
125
125
125
125
125
125
125
125
125
125
125
125
125
125
125
126
125
125
126
126
126
126
126
126
126
126
126
126
126
126
126
125
126
126
126
126
126
126
126
125
126
126
126
126
126
126
126
126
126
126
126
126
126
126
126
126
126
126
126
126
126
126
126
126
126
126
126
125
126
125
126
125
126
126
125
125
126
126
126
126
126
125
125
125
125
125
126
126
126
126
126
126
126
125
125
125
125
126
125
125
125
125
125
125
125
125
126
126
125
125
126
126
125
125
125
125
125
126
125
125
125
126
126
126
125
125
126
125
125
126
126
125
125
125
126
126
126
126
125
125
125
125
125
125
125
125
125
125
125
125
125
125
126
126
126
126
126
126
126
125
125
125
125
125
125
125
126
126
125
126
126
126
125
125
126
125
125
125
125
125
125
126
125
126
126
126
126
125
126
126
126
125
126
126
125
125
125
125
125
125
125
125
125
125
126
125
125
125
126
126
126
126
126
126
125
125
126
126
125
125
126
126
124
122
122
127
133
133
128
119
101
101
154
174
114
86
137
138
91
141
186
120
59
103
145
137
162
150
83
69
121
165
193
178
59
17
99
255
243
10
31
182
255
192
4
16
160
225
117
34
56
112
194
231
173
76
48
100
148
119
67
120
234
223
83
8
62
144
175
150
124
127
136
127
112
113
117
115
120
136
144
132
113
104
112
130
140
133
119
115
123
135
140
133
119
113
118
124
124
122
124
130
133
128
120
118
124
130
132
130
126
124
125
125
124
124
124
125
124
124
125
125
124
123
124
127
131
133
130
126
123
121
121
122
123
125
127
128
128
127
126
125
126
126
126
124
123
124
125
125
126
125
125
125
127
127
127
127
126
126
127
124
124
123
124
125
126
127
127
126
127
128
128
127
124
123
123
124
126
127
127
128
127
125
125
125
124
125
126
126
126
126
126
126
126
126
127
126
125
124
125
126
127
127
127
128
128
128
126
125
125
126
127
126
123
123
125
126
126
125
125
126
127
127
125
124
125
127
126
126
126
128
127
125
124
125
127
128
127
126
125
126
126
125
125
125
125
125
125
126
125
125
125
125
126
127
126
125
125
126
125
125
125
126
127
127
126
126
126
126
126
126
126
126
126
126
126
126
126
125
125
125
125
125
125
125
126
127
126
125
125
126
126
125
124
125
126
126
127
127
126
125
125
126
125
125
125
126
126
126
125
126
126
126
125
126
126
127
126
125
125
126
126
125
124
125
126
126
126
125
126
127
126
126
125
126
126
126
126
126
125
126
126
126
125
125
126
126
126
126
125
125
126
126
126
126
126
126
125
125
126
126
126
125
126
126
126
125
125
125
125
126
126
126
126
126
126
127
128
126
125
125
125
125
125
125
124
125
126
126
126
126
125
125
126
125
125
125
125
125
125
126
126
127
126
126
126
126
125
126
125
125
125
126
126
125
125
125
125
125
126
126
126
125
125
125
126
126
125
125
125
125
125
125
125
125
126
126
126
126
126
125
126
126
126
125
125
125
125
125
125
126
125
125
125
126
126
125
125
126
126
125
125
126
125
125
125
125
126
126
125
125
125
126
125
125
125
126
126
126
125
125
125
126
125
125
125
125
125
125
126
125
125
125
125
125
125
126
126
126
125
125
125
125
126
125
125
125
125
125
125
125
125
125
126
125
125
125
125
125
125
125
125
126
126
126
125
125
125
125
125
126
126
125
125
125
125
125
125
126
126
125
125
125
125
125
125
125
126
126
125
125
125
125
125
126
126
126
125
125
125
126
127
123
126
126
125
126
126
126
125
125
126
125
125
125
125
125
126
126
126
126
126
125
124
123
126
126
126
127
127
127
127
127
126
126
126
126
126
125
126
126
126
126
126
125
125
125
126
126
126
126
126
126
127
126
126
126
125
125
126
126
127
126
125
125
126
127
126
124
123
125
125
126
127
127
126
126
126
126
126
126
125
125
126
126
127
127
126
126
126
126
126
125
125
125
125
126
125
125
125
125
126
127
126
125
125
125
125
125
125
125
125
125
125
126
126
126
125
125
125
126
126
126
126
125
125
125
126
126
126
126
125
126
126
126
125
125
125
126
126
125
125
126
126
126
126
126
125
126
126
125
125
125
125
125
125
125
126
126
126
126
124
125
126
125
126
126
126
126
126
126
126
126
126
126
126
126
126
126
126
126
125
126
125
125
125
125
126
126
125
125
125
125
126
126
126
126
125
126
126
126
126
126
126
126
125
126
126
126
126
126
126
126
126
126
126
126
126
129
126
126
125
125
124
124
125
125
125
125
125
125
125
125
125
126
125
126
126
126
126
126
126
125
127
129
126
125
125
124
124
124
125
125
125
125
125
125
125
125
125
125
125
126
125
126
126
126
126
125
125
125
126
126
125
125
125
125
125
125
125
125
125
125
125
124
125
125
126
125
125
126
127
126
125
125
125
125
125
126
125
125
124
125
127
127
126
126
125
125
126
125
125
124
125
125
124
125
125
125
125
125
126
127
126
126
127
126
127
126
125
124
124
124
125
125
125
125
125
126
126
126
126
126
125
125
125
125
125
125
125
125
125
126
126
125
125
125
125
126
126
125
125
126
126
126
124
141
77
109
128
127
130
131
130
128
128
130
129
126
125
126
128
128
127
124
124
127
128
121
112
124
129
128
129
131
131
130
126
122
129
137
130
116
118
132
134
125
120
125
129
128
125
126
129
127
122
123
129
129
126
124
125
126
125
127
128
127
119
118
129
141
132
112
113
126
139
124
114
123
135
131
125
125
126
126
127
127
126
125
127
128
128
127
126
125
125
126
126
124
123
124
125
126
127
125
124
126
128
126
123
123
125
125
124
124
125
125
125
125
126
125
126
126
126
125
125
126
126
126
125
126
125
125
126
125
125
126
126
126
125
126
126
125
124
127
128
126
124
125
127
126
125
124
125
125
125
126
125
125
125
125
124
125
127
127
126
126
127
128
127
126
126
125
124
124
127
128
126
123
125
128
128
127
125
124
125
126
126
124
123
123
124
125
125
125
125
126
125
125
127
129
129
128
126
127
126
127
125
123
124
125
126
125
125
126
127
126
127
127
125
125
125
125
128
131
126
124
128
123
124
124
124
122
124
126
126
125
124
125
126
125
124
125
126
126
124
125
126
127
135
126
125
125
124
122
124
125
126
125
126
125
125
127
125
124
124
125
126
127
124
124
126
127
126
125
125
126
126
126
125
124
125
126
126
126
125
125
126
126
125
126
125
51
126
126
126
126
126
126
126
126
126
125
126
126
126
126
126
126
126
126
126
126
126
126
126
126
126
125
125
126
125
126
126
125
126
126
126
126
126
125
125
125
126
126
126
126
125
125
126
126
126
126
126
126
126
126
126
126
126
126
126
126
126
126
125
126
125
126
126
126
126
126
126
126
126
125
126
125
126
126
126
126
126
126
126
126
126
126
126
126
126
126
126
126
125
126
126
126
126
125
126
126
126
126
126
126
126
126
126
126
126
126
126
126
126
126
126
126
126
126
126
126
126
126
125
126
126
126
126
126
126
126
126
125
126
126
126
126
126
126
126
125
126
126
126
126
126
126
125
126
126
125
126
126
126
126
126
126
126
126
126
126
126
126
125
125
125
125
125
126
125
126
125
125
126
126
125
126
125
125
126
125
125
126
126
125
125
126
126
125
126
125
125
126
125
126
126
125
125
125
125
125
126
125
126
126
126
126
126
125
125
125
125
125
125
125
125
125
125
125
125
125
125
125
125
125
126
125
125
125
125
125
125
125
125
125
125
125
125
125
125
125
125
125
125
125
125
125
125
125
125
125
125
125
125
125
125
125
125
125
126
125
125
125
125
125
125
125
125
125
125
125
125
126
125
125
125
125
125
126
125
125
125
125
125
125
125
125
125
125
125
125
125
125
125
125
125
125
125
125
125
125
125
125
125
125
125
125
125
125
125
125
125
125
125
125
125
125
125
125
125
125
125
125
125
125
125
125
125
125
125
125
125
125
125
125
125
125
125
125
125
125
125
125
125
125
125
125
125
125
125
125
125
125
125
125
