128
132
126
121
122
122
54
126
126
126
125
126
126
126
126
126
125
125
126
126
126
125
125
126
126
126
126
126
126
126
126
126
126
126
126
126
126
126
126
126
126
126
126
126
126
126
125
125
126
126
125
126
126
126
125
125
126
125
126
126
126
126
125
126
125
125
125
125
125
125
125
126
126
125
125
125
125
126
125
125
125
126
125
125
125
126
125
126
126
125
125
125
125
125
125
125
125
125
126
126
125
126
125
125
125
125
125
125
126
125
125
125
125
125
126
126
126
126
126
125
126
125
125
125
126
125
126
126
125
125
125
125
125
125
125
125
125
125
126
125
126
125
125
125
125
125
126
125
125
125
125
125
126
125
126
126
126
125
126
126
126
125
125
126
126
126
125
126
125
126
125
125
126
126
125
126
125
125
125
125
125
125
125
125
126
125
125
126
125
125
125
126
125
125
125
125
126
126
125
125
125
125
125
125
125
125
125
125
125
125
125
125
125
125
125
125
125
125
125
125
125
125
125
125
125
125
125
126
125
125
125
125
125
125
125
125
125
126
126
126
125
125
125
125
125
125
125
125
125
125
125
125
125
125
125
125
125
125
125
125
125
125
125
125
125
125
125
125
125
125
125
126
125
125
125
125
125
125
125
125
126
125
125
125
125
125
125
125
125
125
125
125
125
125
125
125
126
125
125
125
126
126
125
125
125
125
125
126
126
126
125
125
125
126
125
124
124
125
126
126
126
125
125
125
126
124
124
126
128
127
126
126
124
122
122
125
127
128
127
127
124
122
122
124
126
128
127
126
126
125
124
124
127
128
126
124
124
126
126
126
125
125
123
124
127
127
124
124
127
126
123
123
126
130
130
126
124
125
125
123
123
125
125
124
124
127
128
127
126
126
124
123
124
126
128
126
123
124
126
125
123
125
126
127
126
125
124
125
126
126
125
124
125
127
128
127
125
124
125
125
124
123
124
125
126
126
127
127
126
124
123
124
125
125
126
127
126
125
125
126
125
125
125
125
125
126
126
127
126
125
124
125
126
126
126
125
125
125
125
126
126
126
125
124
122
123
124
125
126
127
129
128
127
124
120
119
124
129
128
127
128
124
120
127
133
124
114
118
139
154
110
67
113
170
131
108
212
186
58
28
54
133
214
222
122
8
90
255
202
18
43
183
163
85
119
148
117
118
137
126
116
127
117
98
121
167
154
98
95
140
142
107
99
116
126
138
147
131
108
116
141
141
120
114
121
120
116
126
135
129
124
131
131
119
118
127
127
120
126
133
128
120
124
127
120
117
127
134
131
123
120
123
127
128
124
122
126
128
122
122
131
133
125
119
123
129
129
124
122
124
124
125
127
126
122
123
127
130
127
124
123
123
123
125
127
126
126
127
127
127
126
126
126
125
124
124
125
126
125
124
124
124
125
126
125
125
126
126
127
127
127
125
124
125
124
125
125
125
125
125
125
125
126
127
128
128
126
125
124
124
125
125
125
125
125
125
126
126
125
124
124
124
125
126
126
126
126
126
126
125
126
125
125
125
125
125
126
126
126
125
125
125
125
125
125
125
125
125
126
126
125
125
125
125
125
125
125
125
125
125
125
125
126
126
126
126
126
126
126
125
125
126
125
125
125
125
124
124
125
125
126
126
126
126
126
125
125
125
125
125
125
125
125
125
125
125
125
126
126
126
125
125
126
126
125
125
125
125
125
125
125
125
125
125
125
126
126
126
125
125
125
125
125
125
125
125
126
126
125
126
126
126
126
125
125
125
125
125
125
124
124
125
126
125
126
126
126
126
125
125
125
125
125
125
125
125
126
126
126
126
125
125
125
126
126
125
125
124
125
125
126
125
125
125
125
126
126
126
125
125
125
126
126
125
125
125
125
125
126
126
125
124
125
125
125
125
125
125
125
125
125
126
126
126
125
125
125
125
125
125
125
125
125
125
125
125
125
125
125
125
126
126
126
125
125
125
126
126
125
125
126
125
125
125
125
125
126
126
125
125
125
126
126
126
125
126
126
125
124
124
126
126
125
125
125
125
126
125
125
126
126
126
125
125
125
125
125
125
125
125
126
125
126
126
125
125
125
126
125
125
125
125
125
126
126
125
124
125
126
126
125
125
125
126
125
125
125
125
125
125
125
125
125
125
126
126
126
125
125
125
126
126
126
125
125
125
126
126
125
125
125
126
126
126
125
125
125
125
126
125
125
125
125
125
125
125
125
125
125
126
126
125
125
125
126
126
125
125
125
125
125
125
126
125
126
126
126
126
126
126
127
125
125
125
125
124
124
124
125
125
125
125
125
125
125
125
125
125
125
125
125
125
125
125
125
125
125
125
125
125
126
125
125
125
125
125
125
125
125
126
125
125
126
125
125
125
125
125
125
125
125
125
125
125
125
125
126
125
125
125
125
125
123
124
125
125
125
127
126
126
126
125
125
125
125
125
125
125
125
125
125
125
125
125
125
125
125
125
125
125
126
126
125
124
127
126
126
124
123
123
124
126
127
126
126
127
128
119
125
126
125
126
125
126
127
126
126
125
125
126
126
126
126
125
125
126
126
126
126
126
126
125
125
126
126
125
125
126
126
125
125
126
125
126
126
126
126
126
126
125
126
126
127
126
124
126
125
126
126
126
126
126
127
126
126
126
125
125
126
126
126
125
125
126
126
126
126
126
126
121
124
125
125
125
127
128
127
126
124
125
129
129
124
120
124
129
128
123
123
125
125
126
127
128
125
122
125
126
127
128
126
121
121
126
128
126
124
125
126
125
124
125
127
129
128
125
124
125
126
125
125
126
126
124
123
126
128
127
124
125
125
125
128
127
124
124
127
125
124
125
124
124
127
131
127
122
123
126
125
125
128
129
123
119
124
130
128
124
125
127
125
123
127
130
124
120
124
130
128
124
124
126
127
127
126
127
126
122
123
127
126
122
123
127
127
125
124
127
127
125
125
127
126
123
124
128
128
124
124
126
128
125
123
125
128
127
122
121
124
127
127
127
125
125
127
128
126
125
125
131
128
126
124
124
123
124
125
125
126
125
123
123
126
128
127
124
123
125
127
128
126
124
124
126
126
125
126
127
124
122
126
128
125
123
124
126
127
125
122
123
126
129
127
123
123
127
128
126
122
123
126
128
126
123
123
125
126
127
126
123
124
126
127
128
126
124
123
125
127
127
125
125
125
126
125
124
124
126
127
125
124
125
126
127
124
125
126
127
126
124
124
125
126
125
124
125
126
126
124
125
127
128
127
125
125
126
125
124
124
124
123
124
126
128
125
123
127
129
127
125
124
123
123
124
126
127
125
123
123
126
126
124
126
129
129
127
125
124
124
125
126
125
123
123
125
127
127
126
127
128
125
121
123
127
129
126
123
123
122
122
126
130
129
125
121
121
125
130
131
126
120
120
125
129
127
125
124
124
123
126
128
128
126
125
123
122
125
128
126
124
124
126
127
127
125
124
124
127
128
126
123
123
127
128
126
124
125
133
127
127
125
122
121
122
125
126
125
124
122
124
127
128
127
125
124
124
125
125
125
125
125
125
125
126
126
125
125
126
126
126
125
124
125
125
126
126
125
124
125
126
126
125
126
126
124
124
125
125
125
124
125
127
126
124
124
126
126
126
125
126
127
125
125
126
126
124
124
125
126
124
125
125
124
115
126
124
125
127
130
129
126
126
126
126
126
125
125
126
126
126
124
123
126
128
127
123
122
123
127
127
126
125
125
126
127
126
125
125
125
125
123
124
126
126
125
125
126
129
126
123
122
121
125
130
128
121
119
122
129
130
129
126
124
124
126
126
124
121
123
128
127
123
123
126
128
128
126
124
125
127
127
123
122
128
131
123
55
125
125
125
125
126
125
125
126
126
125
125
125
125
125
125
125
125
125
125
125
125
125
125
125
125
125
125
125
125
125
125
125
125
125
125
125
125
125
125
125
125
125
125
125
125
125
125
125
125
125
125
125
125
125
125
125
125
125
125
125
125
125
125
125
125
125
125
125
125
125
125
125
125
125
125
125
125
125
125
125
125
125
125
125
125
125
125
125
125
125
125
125
125
125
125
125
125
125
125
125
125
125
125
125
125
125
125
125
125
125
125
125
125
125
125
125
125
125
125
125
125
125
125
125
125
125
125
125
125
125
125
125
125
125
125
125
125
125
125
125
125
125
125
125
125
125
125
125
125
125
125
125
125
125
125
125
125
125
125
125
125
125
125
125
125
125
125
125
125
125
125
125
125
125
125
125
125
125
125
125
125
125
125
125
125
125
125
125
125
125
125
125
125
125
125
125
125
125
125
125
125
125
125
125
125
125
125
125
125
125
125
125
125
125
125
125
125
125
125
125
125
125
125
125
125
125
125
125
125
125
125
125
125
125
125
125
125
125
125
125
125
125
125
125
125
125
125
125
125
125
125
125
125
125
125
125
125
125
125
125
125
125
125
125
125
125
125
125
125
125
125
125
125
125
125
125
125
126
125
125
125
125
125
125
126
126
125
125
125
125
125
125
125
125
125
125
125
125
125
126
125
125
125
125
125
125
125
125
125
125
126
125
125
125
125
125
126
126
125
125
126
126
125
125
125
125
125
125
125
125
125
126
125
125
125
126
126
126
125
126
126
125
125
125
125
126
125
125
125
125
125
125
125
126
