126
126
126
123
121
131
73
125
125
125
125
125
125
125
125
125
125
125
125
125
125
126
125
125
125
125
125
125
125
125
125
125
125
125
125
125
125
125
125
125
125
125
125
125
125
125
125
125
125
125
125
125
125
125
125
125
125
125
125
125
125
125
125
125
125
125
125
125
125
125
125
125
125
125
125
125
125
125
125
126
125
125
125
125
125
125
125
125
125
125
125
125
125
125
125
126
125
125
125
125
125
125
125
125
125
125
125
125
125
125
125
125
125
125
125
125
125
125
125
125
125
125
125
125
125
125
125
125
125
125
125
125
125
125
125
125
125
125
125
125
125
125
125
125
125
125
125
125
125
125
125
125
125
125
125
125
125
125
125
125
125
125
125
125
125
125
125
125
125
125
125
125
125
125
125
125
125
125
125
125
125
125
125
125
125
125
125
125
125
125
125
125
125
125
125
125
125
125
125
125
125
125
125
125
125
125
125
125
125
125
125
125
125
125
125
125
125
125
125
125
125
125
125
125
125
125
125
125
125
125
125
125
125
125
125
125
125
125
125
125
125
125
125
125
125
125
125
125
125
125
125
125
125
125
125
125
125
125
125
125
125
125
125
125
125
125
125
125
125
125
125
125
125
125
125
125
125
125
125
125
125
125
125
125
125
125
125
125
125
125
125
125
125
125
125
125
125
125
125
125
125
125
125
125
125
125
125
125
125
125
125
125
125
125
125
125
125
125
125
125
125
125
125
125
125
125
125
125
125
125
125
125
125
125
125
125
125
125
125
125
125
125
125
125
125
125
125
125
125
125
125
125
125
125
125
125
125
125
125
125
125
125
125
125
125
125
125
125
125
125
125
125
125
125
125
125
125
125
125
125
125
125
125
125
125
125
125
125
125
125
125
125
125
125
125
125
125
125
125
125
125
125
125
125
125
125
125
125
125
125
125
125
125
125
125
125
125
125
125
125
125
125
125
125
125
125
125
125
125
125
125
125
125
125
125
125
125
125
125
125
125
125
125
125
125
125
125
125
125
125
125
125
125
125
125
125
125
125
125
125
125
125
125
125
125
125
125
125
125
125
125
125
125
125
125
125
125
125
125
125
125
125
125
125
125
125
125
125
125
125
125
125
125
125
125
125
125
125
125
125
125
125
125
125
125
125
125
125
125
125
125
125
125
126
124
124
125
126
125
126
126
126
125
125
125
125
125
125
125
126
126
125
125
125
125
125
125
125
125
126
125
125
125
125
125
125
125
125
125
126
125
125
125
125
125
126
125
125
125
125
126
125
125
125
125
125
126
125
125
125
125
126
126
125
126
125
125
125
125
126
125
125
125
125
125
125
125
126
125
126
125
125
125
125
125
125
125
125
125
126
125
125
125
125
125
126
126
125
125
125
126
126
126
126
125
125
125
125
125
126
126
125
124
125
127
127
125
124
125
126
127
126
124
124
125
126
125
124
125
125
126
126
126
125
125
125
125
126
126
125
124
125
126
126
126
126
125
125
125
125
125
125
125
125
124
125
127
127
125
123
124
127
128
126
123
123
125
127
126
125
124
125
125
126
126
126
125
125
125
125
126
125
125
125
125
126
126
126
126
125
125
126
127
127
126
126
125
123
123
123
124
126
129
131
127
122
122
126
127
122
121
127
133
130
121
118
125
131
127
121
122
132
133
127
119
115
119
128
132
126
123
123
125
125
126
129
129
126
123
122
126
125
126
124
121
122
126
129
131
128
124
123
126
128
127
125
122
122
124
126
128
128
127
126
126
125
124
125
125
125
126
124
125
135
141
123
96
108
149
163
134
89
74
110
180
180
109
83
115
145
144
130
122
123
110
92
118
178
170
114
92
103
115
124
140
152
132
82
84
161
207
134
60
102
157
131
100
119
141
138
127
126
132
128
112
109
125
136
132
126
127
128
123
117
114
115
126
147
169
158
102
53
76
162
200
126
40
84
216
201
23
2
245
255
65
115
68
255
255
81
15
95
216
183
98
71
89
148
196
156
52
45
166
181
86
74
197
215
59
8
165
255
95
34
145
162
91
109
174
173
125
76
37
93
203
225
149
80
83
109
132
119
91
114
163
179
130
87
105
162
161
96
63
100
163
183
130
85
110
168
150
96
86
120
149
142
114
118
149
138
90
95
139
141
114
123
144
133
116
121
135
133
118
110
119
134
134
122
122
138
141
125
111
110
126
142
133
115
112
123
122
119
123
134
134
118
108
118
134
139
135
126
116
114
124
134
134
124
119
122
132
136
127
113
112
126
135
129
118
121
133
137
127
121
124
123
118
121
128
128
122
122
126
128
126
123
126
129
127
126
128
127
123
119
118
122
129
132
129
122
120
126
131
130
125
123
124
125
126
126
123
122
124
127
127
125
122
122
126
129
126
122
123
127
129
121
128
129
124
122
124
125
125
128
127
124
125
127
126
125
125
125
127
127
124
123
125
126
124
125
128
124
125
126
126
126
125
125
125
125
125
125
126
127
128
127
126
127
127
126
124
123
125
126
125
124
124
126
127
128
126
126
127
126
126
126
125
124
124
124
124
120
123
125
127
127
128
128
125
124
127
129
128
125
124
126
126
124
123
126
128
126
123
122
125
128
129
125
122
124
127
128
128
127
126
126
125
123
123
123
124
126
127
127
126
125
124
126
128
127
125
125
125
125
125
125
124
126
127
126
125
125
126
125
125
125
126
126
126
126
126
126
126
126
126
126
126
125
124
123
124
127
126
124
124
125
127
126
125
126
127
126
124
126
127
125
122
124
125
124
125
128
129
127
125
126
127
126
125
124
125
125
125
125
125
125
126
127
126
124
124
126
127
126
127
127
125
125
127
127
125
123
123
125
126
126
125
124
125
128
127
126
124
124
126
127
126
125
125
128
130
126
125
125
123
124
125
124
122
123
126
127
125
126
126
125
125
126
126
126
125
123
124
127
127
125
124
126
127
125
124
125
126
125
127
129
127
125
126
123
123
126
126
126
124
122
123
125
126
126
124
124
126
128
127
126
125
126
126
127
126
124
123
123
123
124
126
124
124
125
126
128
127
126
125
125
126
127
126
124
123
124
126
125
125
125
125
127
127
126
126
126
126
125
125
125
126
127
127
124
121
122
126
128
127
125
124
124
125
125
125
125
124
125
124
125
126
124
123
125
127
127
126
126
125
126
128
126
123
123
124
125
126
125
125
125
126
127
125
124
126
126
126
125
126
126
124
121
122
127
127
125
124
126
127
125
124
125
126
126
125
125
125
126
125
124
122
123
125
126
128
127
125
124
124
126
126
125
125
126
126
125
124
144
119
119
126
126
125
126
126
127
124
125
122
125
124
124
125
125
126
126
125
126
125
124
124
125
127
128
117
83
129
124
132
131
132
131
130
129
126
126
127
127
127
127
126
127
128
127
126
125
124
126
127
126
125
126
127
128
127
126
126
126
127
128
128
127
126
125
117
124
125
127
126
128
130
127
129
125
125
126
126
127
125
125
126
126
127
127
126
126
127
126
125
125
125
126
126
125
125
124
125
125
125
124
126
125
125
125
126
126
126
125
125
125
126
127
127
127
125
124
124
125
126
126
125
126
126
126
126
126
124
124
124
126
125
125
127
127
126
126
126
125
124
125
127
126
125
124
125
125
126
126
126
127
126
125
126
126
126
126
125
125
125
125
125
125
125
125
124
125
126
126
127
126
125
125
126
126
126
125
125
126
126
126
125
125
126
126
126
125
124
125
126
126
126
125
125
126
127
126
126
125
125
126
125
126
127
126
124
124
125
126
125
124
125
125
130
133
126
125
126
124
124
123
124
124
124
125
122
123
125
126
126
126
126
127
127
126
126
125
125
126
126
126
74
125
125
125
125
125
125
125
125
125
125
125
125
125
125
125
125
125
125
125
125
125
125
125
125
125
125
125
125
125
125
125
125
125
125
125
125
125
125
125
125
125
125
125
125
125
126
126
125
125
126
126
125
126
126
126
126
126
126
126
126
126
126
126
126
126
126
126
126
126
126
126
125
126
126
126
125
126
125
125
126
126
126
126
126
126
126
126
126
126
126
126
126
126
126
126
126
126
126
126
126
126
126
126
126
126
126
126
126
126
126
126
126
126
125
125
126
126
126
126
125
126
126
126
126
126
126
125
125
125
125
125
126
125
125
125
125
125
125
126
125
125
125
125
126
126
125
125
126
126
126
126
126
126
126
126
126
125
125
126
126
126
126
125
125
125
126
125
126
125
126
125
125
126
126
126
126
125
126
126
125
125
126
125
126
126
125
126
126
126
126
125
126
125
126
126
125
126
126
125
126
125
126
125
126
125
126
126
126
125
125
126
125
125
126
125
125
126
125
126
126
125
125
126
125
125
125
126
125
126
126
126
126
126
126
125
126
126
126
125
126
125
125
126
125
125
126
126
125
126
126
126
126
126
126
126
126
126
126
126
126
126
126
126
125
126
126
125
126
126
125
125
125
125
125
125
126
125
125
125
126
125
126
125
125
126
125
125
125
125
125
125
125
125
125
126
126
125
125
126
126
125
125
125
125
125
125
125
125
125
125
125
125
125
125
125
125
125
125
125
125
125
125
125
125
125
125
125
125
125
125
125
125
125
125
125
125
125
125
125
125
125
125
125
125
125
125
125
125
125
125
125
125
125
127
