129
131
126
121
129
131
88
125
125
125
125
125
125
125
125
125
125
125
125
125
125
125
125
126
125
125
125
125
125
125
125
125
125
125
125
125
125
125
125
125
125
125
125
125
125
125
125
125
125
125
125
125
125
125
125
125
125
125
125
125
125
125
125
125
125
125
125
125
125
125
125
125
125
125
125
125
125
125
125
125
125
125
125
125
125
125
125
125
125
125
125
125
125
125
125
125
125
125
125
125
125
125
125
125
125
125
125
125
125
125
125
125
125
125
125
125
125
125
125
125
125
125
125
125
125
125
125
125
125
125
125
125
125
125
125
125
125
125
125
125
125
125
125
125
125
125
125
125
125
125
125
125
125
125
125
125
125
125
125
125
125
125
125
125
125
125
125
125
125
125
125
125
125
125
125
125
125
125
125
125
125
126
125
125
125
125
125
125
125
125
126
126
125
125
125
125
125
125
125
125
125
125
125
125
125
125
125
125
126
125
126
125
125
125
125
125
125
125
125
125
125
125
125
125
125
125
125
125
125
125
125
125
125
125
125
125
125
125
125
125
125
125
126
126
125
126
125
125
125
125
125
125
125
125
125
125
125
125
125
125
125
125
125
125
125
125
125
125
125
125
125
125
125
125
125
125
125
125
125
125
125
125
125
125
125
125
125
125
125
125
125
125
125
125
125
125
125
125
125
125
125
125
125
125
125
125
125
125
125
125
125
125
125
125
125
125
125
125
125
125
125
125
125
125
125
125
125
126
125
126
125
125
125
125
125
125
125
125
125
125
125
125
125
125
125
125
125
125
125
125
125
125
125
125
125
125
125
125
125
125
125
125
125
125
125
125
125
125
125
125
125
126
125
125
125
125
125
125
125
125
125
125
125
125
125
125
125
125
125
125
125
125
125
125
125
125
126
126
125
125
125
125
125
125
125
125
125
125
125
125
125
125
125
125
125
125
125
125
125
125
125
125
125
125
125
125
125
125
125
125
125
125
125
125
125
125
125
125
125
125
125
125
125
125
125
125
125
125
125
125
125
126
125
125
125
125
125
126
125
125
125
125
125
125
125
125
125
125
125
125
125
125
125
125
125
125
125
125
125
125
125
125
125
125
125
125
125
125
125
125
125
125
125
125
125
125
125
125
125
125
125
125
125
125
125
125
125
125
125
125
125
125
125
125
125
125
125
125
125
125
125
125
125
125
125
125
125
125
125
125
125
125
125
125
125
125
125
125
125
125
125
125
125
125
125
125
125
125
125
125
125
125
125
125
125
125
125
125
125
125
125
125
125
125
125
125
125
125
125
125
125
125
125
125
125
125
125
125
125
125
125
125
125
125
125
125
125
125
125
125
125
125
125
125
125
125
125
125
125
125
125
125
125
125
125
125
125
125
125
125
125
125
125
125
126
125
125
125
125
125
126
126
125
125
125
125
126
126
125
125
125
126
126
125
125
124
125
125
125
126
126
126
126
126
126
126
125
125
125
126
125
126
126
125
125
125
126
126
126
125
125
125
126
126
125
125
126
126
126
125
125
125
125
125
126
126
126
126
126
125
126
125
125
125
125
125
126
126
126
125
126
126
126
126
126
126
125
125
125
125
126
125
125
125
125
125
125
126
126
126
126
126
126
126
126
126
126
125
125
125
125
125
125
125
126
126
126
126
125
126
126
126
125
125
126
126
125
126
126
125
125
125
126
125
125
126
125
125
125
126
125
126
125
125
125
126
126
125
125
125
126
126
126
126
126
125
125
125
125
125
125
126
126
125
125
126
126
125
125
125
125
125
126
125
125
126
126
126
125
126
126
125
125
126
125
125
126
126
125
126
126
125
125
125
126
126
126
126
125
126
125
126
126
125
125
126
126
126
125
125
125
125
126
126
125
125
126
126
125
126
127
126
125
126
126
125
125
125
125
125
125
126
126
125
125
126
126
125
125
126
126
125
126
126
125
125
125
126
126
127
126
125
125
125
125
125
124
124
126
126
125
125
126
125
125
125
125
125
125
126
126
125
125
125
126
125
125
125
126
125
125
126
125
125
125
126
126
125
125
126
125
125
125
125
125
125
125
125
125
125
125
125
125
125
126
126
125
125
125
125
125
125
126
125
125
125
126
126
126
125
125
125
126
125
125
125
125
125
125
127
124
124
124
125
125
126
127
126
126
126
126
125
126
125
125
125
125
125
125
126
125
125
126
126
125
125
126
126
125
125
125
125
125
125
125
126
126
125
125
126
125
125
125
125
125
125
121
125
125
125
126
127
126
127
126
126
126
125
125
125
125
126
126
126
126
126
124
124
125
126
126
126
127
126
126
126
126
126
125
125
125
125
125
125
125
125
125
126
126
126
125
126
126
125
125
125
125
126
125
125
125
125
125
126
125
126
125
125
126
125
125
125
125
126
125
125
125
125
125
125
125
126
125
125
125
125
125
125
126
126
126
126
126
126
125
125
126
126
126
125
125
125
125
125
125
126
125
125
125
126
125
125
126
125
125
125
126
125
125
125
126
126
126
126
126
126
125
125
126
126
125
126
125
126
125
126
126
126
126
126
125
125
126
125
125
125
125
125
126
125
126
126
126
126
125
124
125
126
127
125
125
125
125
126
126
125
125
125
125
126
126
125
125
125
127
128
127
126
125
125
125
125
125
125
126
126
126
126
126
125
124
124
124
125
126
126
125
125
125
126
126
127
127
126
125
126
126
126
126
126
125
124
124
126
125
138
130
120
118
119
124
125
125
126
128
129
128
126
126
129
126
124
125
124
122
123
123
123
122
122
123
124
125
127
129
131
134
137
136
132
125
119
112
108
110
115
120
125
129
133
135
135
134
132
129
127
125
124
122
119
115
119
133
140
129
111
110
116
117
130
154
158
129
95
90
132
157
132
105
112
130
132
130
137
131
106
97
120
151
156
126
85
96
151
167
135
114
139
140
92
77
129
147
101
93
135
160
148
137
135
136
125
112
113
115
112
119
126
119
116
129
144
131
125
124
129
135
146
131
97
101
142
153
107
93
117
125
139
162
144
93
97
149
151
114
108
127
130
121
118
126
135
133
119
115
122
125
122
124
133
138
137
132
126
121
118
119
119
123
128
128
127
132
134
126
117
116
120
126
129
129
128
132
131
122
118
124
126
116
115
125
134
128
123
126
132
130
125
123
122
120
124
131
131
127
127
131
127
117
115
122
123
122
130
140
137
121
109
116
132
136
125
115
124
154
167
122
68
89
141
148
117
99
119
152
146
117
110
125
137
132
116
109
120
142
149
132
117
123
127
118
118
129
123
105
116
150
145
111
114
142
134
107
107
132
137
124
123
129
122
115
126
134
124
123
132
130
126
134
136
120
108
117
128
130
126
120
119
124
129
135
132
119
111
121
136
137
128
116
118
129
133
128
122
120
124
131
131
133
132
123
117
122
127
128
124
120
120
123
124
124
128
129
126
124
126
126
124
129
131
125
119
122
129
131
126
126
127
123
121
122
124
126
124
124
125
126
123
122
123
126
127
129
127
122
119
122
128
130
126
125
127
126
123
125
128
129
127
126
123
121
124
128
125
120
123
130
130
127
126
127
125
123
124
127
126
122
120
123
126
128
129
124
122
126
127
125
123
126
131
128
124
122
117
120
136
144
131
112
106
117
137
142
124
114
124
131
126
123
123
121
121
128
133
129
122
123
127
128
126
125
126
123
121
122
126
127
127
125
123
128
134
127
115
119
133
136
125
117
120
122
124
132
113
82
123
121
130
133
132
132
129
127
128
131
133
128
123
124
126
127
124
125
127
123
122
129
134
130
125
123
123
125
128
131
124
118
122
131
130
82
96
131
134
133
134
131
129
128
130
133
129
127
129
128
124
89
125
125
125
125
125
125
125
125
125
125
125
125
125
126
125
125
125
126
125
125
125
125
125
125
125
125
125
125
125
125
125
125
125
125
125
125
125
125
125
125
125
125
125
125
125
125
125
125
125
125
125
125
125
125
125
125
125
125
125
125
125
125
125
125
125
125
125
125
125
125
125
125
125
125
125
125
125
125
125
125
125
125
125
125
125
125
125
125
125
125
125
125
125
125
125
125
125
125
125
125
125
125
125
125
125
125
125
125
125
125
125
125
125
125
125
125
125
125
125
125
125
125
125
125
125
125
125
125
125
125
125
125
125
125
125
125
125
125
125
125
125
125
125
125
125
125
125
125
125
125
125
125
125
125
125
125
125
125
125
125
125
125
125
125
125
125
125
125
125
125
126
124
125
125
125
125
126
125
125
125
125
125
125
125
125
125
125
125
125
125
125
125
125
125
125
125
125
125
125
125
125
126
126
126
126
126
126
126
125
125
126
125
126
126
126
125
126
126
126
126
126
125
125
126
126
125
126
126
126
125
125
126
126
126
126
125
125
126
125
125
125
125
125
126
126
125
125
125
125
125
126
126
126
126
125
125
125
126
125
125
125
126
125
125
125
125
125
126
126
126
125
126
125
125
126
125
125
125
125
125
125
125
126
125
126
126
126
126
126
126
125
125
126
125
125
125
125
125
125
126
125
125
126
125
125
126
126
125
126
125
126
125
126
125
125
125
125
125
125
125
125
126
125
125
126
125
126
125
125
126
125
125
125
126
125
125
125
125
126
126
126
126
125
126
125
126
126
125
125
126
126
125
126
122
