135
130
126
128
128
128
87
125
125
126
125
125
125
125
126
125
125
125
125
125
125
125
125
125
125
125
126
125
125
125
125
125
126
125
125
125
125
125
125
125
125
125
125
125
125
125
125
125
125
125
125
125
125
125
125
125
126
125
125
125
125
125
126
126
125
125
125
125
125
125
125
125
125
125
125
125
125
125
125
125
125
125
125
125
125
125
125
125
125
125
125
125
125
125
125
125
125
125
125
125
125
125
125
125
126
125
125
125
125
125
125
125
125
125
125
125
125
125
125
125
125
125
125
125
125
125
125
125
125
125
125
125
125
125
125
125
125
125
125
125
125
125
125
125
125
125
125
125
125
125
125
125
125
125
125
125
125
125
125
125
125
125
125
125
125
125
125
125
125
125
125
125
125
125
125
125
125
125
125
125
125
125
126
125
125
125
125
125
125
125
125
125
125
125
125
125
125
125
125
125
125
125
125
125
125
125
125
125
125
125
125
125
125
125
125
125
125
125
125
125
125
125
125
125
125
125
125
125
125
125
125
125
125
125
125
125
125
125
125
125
125
125
125
125
125
125
125
125
125
125
125
125
125
125
125
125
125
125
125
125
125
125
125
125
125
125
125
125
125
125
125
125
125
125
125
125
125
125
125
125
125
125
125
125
125
125
125
125
125
125
125
125
125
125
125
125
125
125
125
125
125
125
125
125
125
125
125
125
125
125
125
125
125
125
125
125
125
125
125
125
125
126
126
125
125
125
125
125
125
125
125
125
125
125
125
125
125
125
125
125
125
125
125
125
125
125
125
125
125
125
125
125
125
125
125
125
125
125
125
125
125
125
125
125
125
125
125
125
125
125
125
125
125
125
125
125
125
125
125
125
125
125
125
125
125
125
125
125
125
125
125
125
125
125
125
125
125
126
124
125
125
126
126
126
126
126
125
125
125
125
126
126
126
126
126
126
126
126
126
126
126
125
126
126
126
126
126
126
126
126
126
126
126
125
126
126
126
126
126
126
126
125
126
126
125
126
126
126
125
126
126
126
126
126
126
126
126
126
126
126
126
126
126
126
125
125
125
126
125
126
126
126
126
126
125
125
125
125
125
125
125
125
125
125
126
126
126
125
125
125
125
125
126
125
125
125
125
126
126
125
125
125
125
126
125
125
125
125
125
125
125
125
125
125
126
126
125
126
125
125
125
125
125
125
125
125
125
125
125
125
125
126
126
126
125
125
126
125
125
125
125
125
126
126
125
125
126
125
125
125
125
125
125
126
125
125
125
125
125
125
125
125
125
125
125
126
125
125
125
125
125
125
125
125
125
125
125
125
126
125
125
125
125
125
125
125
126
126
125
125
125
125
125
125
125
126
125
126
125
126
126
126
126
125
125
127
126
126
126
125
125
125
125
127
126
125
125
125
125
125
125
125
125
125
125
125
125
126
125
125
125
126
126
126
125
125
126
126
125
125
125
125
125
125
126
126
125
125
125
126
124
125
125
125
125
126
126
125
126
125
125
125
125
125
126
125
125
126
126
125
125
125
125
125
125
125
125
125
125
125
125
125
125
126
125
125
125
125
126
125
125
125
125
125
125
125
125
125
125
125
125
125
125
126
125
125
125
125
125
125
125
125
125
125
125
125
125
125
125
125
125
125
125
125
126
126
125
125
125
125
126
125
125
125
125
126
125
125
125
125
125
125
125
125
126
126
125
125
125
125
125
125
126
125
125
126
126
126
126
125
125
126
126
125
125
125
125
125
125
125
125
126
126
125
125
125
126
125
125
125
125
125
125
125
125
126
126
125
125
125
125
125
125
126
125
125
126
126
125
125
126
125
125
125
125
126
125
125
125
125
125
125
126
125
125
125
126
125
125
125
125
125
125
125
125
125
125
126
125
125
125
126
126
125
126
125
125
125
126
125
125
125
126
125
125
125
125
125
125
126
125
125
126
126
125
125
126
126
125
124
125
125
125
125
126
125
124
125
126
126
126
125
126
127
125
125
125
125
125
125
126
125
125
125
126
125
126
125
125
125
125
126
125
125
125
125
126
125
125
126
126
125
126
126
122
125
126
126
126
126
126
126
126
126
125
125
125
126
126
125
125
125
125
126
126
125
125
126
125
125
126
126
125
125
125
125
125
125
125
125
125
125
126
125
125
125
126
126
125
125
125
125
125
125
125
125
125
125
126
126
126
125
125
125
125
125
125
125
125
125
125
126
125
125
125
125
126
125
125
125
125
125
125
126
126
125
125
125
125
125
125
125
125
125
125
125
126
125
125
125
125
126
125
125
125
125
125
125
125
125
125
125
125
125
125
125
125
125
125
126
125
125
125
125
125
125
125
125
125
125
125
125
125
125
125
125
125
125
125
125
125
125
125
125
125
125
125
125
125
125
126
126
125
125
125
125
125
125
125
125
125
125
125
125
125
125
125
126
125
125
126
125
125
125
125
126
125
125
125
125
126
126
125
125
125
125
126
126
126
126
125
125
125
125
125
125
125
125
125
125
125
125
125
125
126
126
126
126
126
125
125
125
125
125
125
125
125
125
125
126
126
125
126
126
125
125
126
127
126
125
125
124
124
125
126
125
124
124
125
127
127
126
125
124
126
126
125
124
123
124
125
125
125
125
126
126
126
126
125
126
127
126
125
125
125
125
126
126
126
124
124
125
124
123
125
126
126
124
125
126
126
126
125
125
125
125
125
126
127
125
124
125
126
125
121
124
125
125
127
127
126
125
126
126
125
126
126
126
126
126
126
125
125
124
124
125
124
123
124
124
124
126
127
128
130
130
127
127
129
129
124
125
128
123
113
112
119
120
118
119
129
140
145
138
121
112
130
143
128
115
125
130
123
124
121
106
100
115
144
171
158
100
61
94
149
182
186
149
71
42
115
191
162
90
82
120
149
156
133
93
92
132
154
138
122
124
133
135
124
108
105
118
133
139
135
125
116
118
124
123
124
134
141
133
123
126
129
123
120
119
114
112
122
135
137
127
125
130
130
124
122
123
125
126
125
124
126
128
127
124
124
125
124
121
121
122
124
126
126
127
133
79
133
124
131
133
132
130
127
125
122
119
121
128
134
136
134
130
125
124
123
118
118
126
133
132
128
125
124
124
128
131
130
125
117
117
124
134
139
133
123
115
106
109
128
144
149
139
127
122
117
108
106
129
154
152
126
103
106
129
142
135
121
115
122
132
129
111
114
127
137
137
128
120
122
136
153
139
107
105
127
128
112
105
119
143
144
124
112
125
141
132
115
113
122
132
138
137
126
115
115
121
124
127
125
123
132
136
126
117
122
134
129
113
143
146
119
100
114
138
140
125
115
114
124
135
135
127
122
123
126
128
130
130
123
107
102
121
142
140
124
120
127
131
125
123
127
126
116
113
129
140
132
119
119
126
128
128
127
124
121
122
124
126
128
130
125
121
122
127
129
126
122
120
123
125
126
126
124
123
123
126
130
130
127
123
121
123
125
124
122
123
127
129
128
126
125
125
128
130
127
121
118
122
126
124
121
123
127
127
125
122
124
127
129
128
124
123
124
124
130
134
128
118
118
126
130
129
124
122
124
125
125
125
122
121
125
127
122
121
127
129
125
124
124
125
127
128
126
122
123
128
127
123
123
126
127
125
124
126
127
126
125
125
124
123
122
124
125
124
125
126
125
125
126
129
129
126
123
123
124
124
126
126
124
126
122
127
126
125
121
122
126
129
126
123
121
124
128
128
126
123
122
123
125
125
122
124
125
126
125
125
126
126
126
125
126
129
128
125
124
125
126
126
125
125
125
123
122
123
125
125
123
125
127
124
124
126
127
125
125
125
124
125
129
129
125
122
121
125
129
125
123
125
128
128
88
125
125
125
125
125
126
125
126
125
125
125
125
125
125
125
125
125
125
125
125
125
125
125
125
125
125
125
125
125
125
125
125
125
125
125
125
125
125
125
125
125
125
125
125
125
125
125
125
125
125
125
125
125
125
125
125
125
125
125
125
125
126
126
125
125
125
125
125
125
125
125
125
125
125
125
125
125
125
125
125
125
125
125
125
125
125
125
125
125
125
125
125
125
125
125
125
125
125
125
125
125
125
125
125
125
125
125
125
125
125
125
125
125
125
125
125
125
125
125
125
125
125
125
125
125
125
125
125
125
125
125
125
125
125
125
125
125
125
125
125
125
125
125
125
125
125
125
125
125
125
125
125
125
125
125
125
125
125
125
125
125
125
125
125
125
125
125
125
125
125
125
125
125
125
125
125
125
125
125
125
125
125
125
125
125
125
126
125
125
125
125
125
125
125
125
125
125
125
125
125
125
125
125
125
125
125
125
125
125
125
125
125
125
126
125
125
125
125
125
125
125
125
125
125
125
125
125
125
125
125
125
125
125
125
125
125
125
125
125
125
125
125
125
125
125
125
125
125
125
125
125
125
125
125
125
125
125
126
126
126
126
126
126
126
126
126
126
126
126
126
126
126
126
126
125
126
125
125
126
126
126
126
126
126
126
126
126
125
125
125
126
125
126
126
125
126
126
126
126
126
126
126
126
126
126
125
125
125
125
125
126
125
125
126
126
126
126
126
126
126
126
126
125
125
125
124
125
125
125
126
126
126
126
126
126
125
125
125
125
125
125
125
125
125
125
125
125
125
126
126
125
125
125
133
