127
125
125
126
124
125
24
126
126
126
126
125
126
125
126
126
126
125
125
126
125
126
126
125
126
126
126
126
125
126
126
125
125
125
125
125
125
125
125
125
125
125
125
125
125
125
125
125
125
125
125
125
125
125
125
125
125
125
125
125
125
125
125
125
125
125
125
125
125
125
125
125
125
125
125
126
125
125
125
125
125
125
126
125
125
125
125
125
125
125
125
125
125
125
125
125
125
125
125
125
126
125
125
125
125
125
126
125
125
125
125
126
125
125
125
125
126
125
126
126
125
125
125
125
125
126
126
125
125
125
126
125
125
125
126
125
125
125
125
126
125
125
126
125
126
126
125
125
125
125
126
126
125
125
125
126
126
126
125
125
125
126
126
126
125
125
125
124
125
125
125
125
125
125
126
126
126
126
126
125
125
125
125
125
125
125
125
125
125
125
125
125
125
126
125
125
125
125
125
125
125
125
125
125
125
125
125
125
125
126
126
125
125
126
125
125
125
125
125
125
125
125
125
125
125
125
125
125
125
125
125
125
126
125
125
125
125
125
125
125
125
125
125
125
125
125
125
125
125
125
125
125
125
125
125
125
125
125
125
125
126
126
126
126
125
125
125
126
127
126
123
122
126
129
125
123
124
123
122
128
132
126
121
128
135
132
119
111
122
141
140
115
102
117
132
133
129
129
131
123
109
109
139
159
136
105
105
127
136
128
111
114
133
135
125
128
131
121
123
137
131
109
111
132
134
127
126
121
119
131
134
125
117
122
129
129
123
121
126
128
124
118
122
132
130
122
123
128
124
122
128
130
126
125
126
123
122
126
128
125
125
128
125
122
123
126
125
125
127
126
124
126
129
128
125
123
124
124
123
124
126
127
127
126
126
125
125
125
125
125
126
126
124
124
124
126
127
128
127
125
124
124
124
124
124
125
124
125
126
126
126
126
125
125
125
125
125
125
125
125
125
125
125
125
125
126
127
127
126
126
125
124
124
125
125
125
125
125
125
125
125
126
126
126
125
125
125
125
125
125
125
125
125
125
125
125
125
126
126
126
125
125
125
125
125
126
126
126
126
126
125
125
125
125
125
125
125
125
125
125
125
125
126
126
126
126
126
125
125
125
125
125
125
125
125
125
126
126
125
125
125
125
125
125
126
126
126
125
125
125
125
125
125
125
125
125
125
125
126
125
125
125
126
126
126
125
124
125
126
125
125
125
125
125
125
125
125
125
125
126
126
125
125
125
125
125
125
125
125
125
125
125
125
125
125
125
125
125
125
125
125
125
125
125
126
126
125
125
125
125
125
125
125
125
125
125
125
125
125
125
125
125
125
125
125
125
125
125
125
125
125
126
126
125
125
125
126
126
124
124
125
126
126
125
125
125
125
125
126
125
125
126
126
126
125
125
125
125
125
126
126
125
124
125
126
126
126
125
125
126
126
125
125
125
125
125
124
124
125
126
125
125
125
126
126
126
126
126
126
126
125
125
125
125
125
125
125
125
125
125
125
125
126
125
125
125
125
126
125
125
125
125
126
126
127
125
126
126
126
125
125
125
125
125
125
125
125
125
125
125
125
125
125
126
126
126
126
126
125
125
125
126
125
125
125
125
126
126
126
125
125
125
125
125
125
125
125
125
125
126
126
125
125
126
126
125
125
125
125
125
125
125
125
125
125
125
125
125
125
125
125
125
125
125
125
126
125
125
126
126
126
126
125
125
125
126
125
126
126
125
126
126
126
125
125
125
125
125
125
125
126
125
125
125
126
126
125
125
126
125
125
125
125
125
125
126
125
125
123
125
125
126
126
127
126
126
126
126
125
125
126
126
126
125
126
126
126
126
126
126
126
125
125
125
125
125
126
125
124
124
125
126
125
126
126
126
127
126
126
126
125
125
125
125
125
126
126
125
125
125
126
125
125
126
126
125
126
126
126
126
126
125
126
126
125
125
125
125
125
125
126
126
126
125
126
126
126
126
125
125
125
125
125
125
125
126
125
125
125
126
126
126
126
125
126
126
126
125
125
125
125
125
125
125
126
126
126
126
126
126
125
126
125
126
125
126
125
125
125
126
126
125
125
125
126
126
126
126
125
125
125
126
125
125
126
125
126
126
125
126
126
125
126
125
125
126
125
125
125
125
125
125
126
126
125
125
125
125
125
125
125
125
125
126
126
126
126
126
126
125
125
125
125
125
126
125
127
128
126
125
125
125
125
125
125
125
125
125
126
126
125
126
126
125
125
125
125
125
125
125
126
125
125
126
125
126
126
126
125
126
125
125
126
125
126
125
125
125
126
126
126
127
127
125
125
125
124
125
125
125
125
125
125
125
125
126
126
126
125
125
125
126
126
125
125
125
125
125
125
126
126
125
126
125
125
125
125
125
125
125
125
125
125
125
126
126
126
126
126
126
125
126
126
125
125
125
125
125
126
126
125
125
125
125
125
125
126
125
125
125
125
125
125
125
125
126
126
126
126
125
125
125
126
126
126
124
125
126
126
125
125
124
125
125
125
125
125
125
124
125
125
125
125
125
125
126
126
126
126
126
125
126
126
125
125
125
126
125
124
125
125
125
125
126
126
126
125
125
125
124
125
125
125
125
125
127
125
125
125
126
126
125
125
125
125
125
125
125
125
125
125
125
125
125
125
126
126
126
126
125
125
125
125
126
126
126
127
127
124
123
123
126
125
125
125
125
126
125
125
124
125
126
126
126
126
125
125
125
125
125
125
125
126
125
126
125
126
126
126
125
125
125
125
125
125
125
126
126
125
125
125
124
125
126
126
126
126
126
125
125
125
125
126
126
126
125
125
127
124
125
125
126
126
125
123
123
125
126
125
126
126
126
126
127
126
126
126
126
125
125
125
126
126
125
125
125
125
125
125
125
126
126
125
126
125
125
125
125
124
125
124
125
126
126
126
125
125
127
124
125
125
125
125
125
126
126
125
127
125
126
126
125
125
124
125
125
125
124
124
124
124
125
125
126
127
128
127
127
125
125
125
124
127
127
125
124
124
126
127
126
126
125
124
124
125
126
123
125
123
124
124
126
125
124
125
125
126
129
127
127
127
126
127
127
124
124
123
124
125
125
126
126
126
126
126
127
127
125
124
125
125
125
124
124
124
125
125
125
126
125
126
125
126
126
125
125
125
125
125
124
124
125
126
131
126
124
126
124
124
124
125
124
125
126
124
125
124
126
126
125
125
125
126
125
125
125
125
124
125
127
125
126
127
125
126
126
125
125
125
126
127
125
125
124
125
126
125
126
126
125
126
126
126
124
125
126
126
125
125
124
124
124
124
125
124
125
124
124
125
125
125
127
125
125
125
125
123
124
125
127
125
127
127
125
126
126
125
125
128
126
125
126
126
124
127
125
123
124
123
101
130
123
128
130
128
127
125
126
125
124
125
125
125
127
125
126
125
125
125
126
125
124
125
125
126
127
126
126
126
91
99
133
127
131
133
132
131
130
133
129
128
128
128
127
129
127
125
126
127
125
125
125
126
126
127
128
128
127
128
129
127
125
124
125
126
119
126
125
125
125
129
129
129
128
126
125
126
128
125
125
124
126
125
123
124
125
124
124
124
127
128
128
128
126
127
125
125
124
124
123
122
125
126
125
127
128
128
127
126
126
125
122
123
124
126
128
124
126
125
125
125
125
125
127
125
125
129
125
124
125
124
123
124
124
125
126
124
125
125
125
125
125
125
127
127
126
124
125
125
128
130
127
125
124
125
125
126
126
124
127
124
123
124
125
127
129
126
126
124
123
124
125
125
126
124
124
127
125
125
126
127
125
126
127
126
125
125
127
124
126
124
125
128
125
123
123
124
125
124
123
124
126
126
126
126
126
25
126
126
126
126
126
125
126
126
126
126
126
126
126
126
126
126
126
126
126
125
126
126
126
126
126
126
126
126
126
126
126
126
126
126
126
125
125
125
125
126
126
126
126
126
126
125
126
125
126
126
126
125
125
125
125
125
126
125
126
126
126
125
126
125
126
126
125
125
125
126
125
126
125
125
126
125
126
126
126
126
125
126
125
126
125
126
126
126
126
125
126
126
125
126
125
125
125
125
126
125
125
126
126
125
125
125
125
126
125
125
125
126
126
125
126
125
126
126
126
125
125
126
126
125
125
125
125
126
126
125
125
125
125
125
125
125
125
126
125
126
126
125
125
125
125
126
125
125
126
125
126
126
126
126
125
126
126
126
125
125
126
125
126
125
125
125
125
126
125
125
126
126
126
125
125
126
125
125
126
126
126
125
126
125
126
126
126
126
126
125
125
125
125
125
125
125
125
126
125
125
125
125
125
125
125
126
125
125
126
125
125
125
126
125
125
125
125
126
126
126
125
125
125
125
125
125
125
125
125
125
125
125
125
125
125
125
125
125
125
125
125
125
125
125
125
125
125
125
125
126
125
125
125
125
125
125
125
126
128
126
122
124
131
130
121
113
115
128
144
139
108
116
134
108
94
153
185
125
111
131
75
78
187
219
87
39
106
160
170
160
104
81
127
129
97
145
182
129
71
93
147
163
130
97
100
130
143
124
117
140
141
114
117
131
118
109
135
148
124
103
116
138
139
125
119
122
123
126
131
128
120
120
127
128
123
122
128
132
127
120
120
125
126
125
128
133
130
123
121
124
124
122
125
126
