124
123
125
126
126
126
55
125
125
126
126
125
125
125
125
125
125
125
125
125
125
125
125
125
125
125
125
125
125
125
125
125
125
125
125
125
125
125
125
125
125
125
125
125
126
125
125
125
125
125
125
125
125
125
125
125
125
125
125
125
125
125
125
125
125
125
125
125
125
125
125
125
125
125
125
125
125
125
125
125
125
125
125
125
125
125
125
125
125
125
125
125
125
125
125
125
125
125
125
125
125
125
125
126
125
125
125
125
125
125
125
125
125
125
126
125
125
125
125
125
125
125
125
125
125
125
125
125
125
125
125
125
125
125
125
125
125
125
125
125
125
125
125
125
125
125
125
125
125
125
125
125
125
125
125
125
125
126
125
125
125
125
125
125
125
125
125
125
126
125
126
125
125
125
125
125
125
125
125
125
125
125
125
125
125
125
125
125
125
125
125
125
125
125
125
125
125
125
125
125
125
125
125
125
125
125
125
125
125
125
125
125
125
125
125
125
125
125
125
125
125
125
125
125
125
125
125
125
125
125
125
125
125
125
125
125
125
125
125
125
125
125
125
125
125
125
125
125
125
125
125
125
125
125
125
125
125
125
125
125
125
125
125
125
125
126
125
125
125
125
125
125
125
125
125
125
125
125
125
125
125
125
125
125
125
125
125
125
125
125
125
126
126
125
125
125
125
125
125
125
125
125
125
126
126
125
125
125
125
126
125
125
125
125
125
124
125
126
125
125
126
126
126
126
126
126
126
126
126
126
126
125
125
125
126
126
126
126
126
126
126
126
125
125
125
126
126
126
126
126
126
126
126
126
125
126
126
126
126
126
126
126
126
126
126
126
126
126
126
126
126
126
125
126
126
126
126
125
125
126
126
125
126
126
126
126
126
126
126
126
125
125
125
125
126
126
125
125
125
126
125
125
125
125
125
125
125
125
126
125
125
125
125
125
125
125
125
126
126
125
125
125
125
126
125
126
126
125
125
126
125
126
125
125
125
126
126
126
125
125
125
125
125
125
125
125
126
125
126
125
125
125
126
125
126
125
126
125
125
125
125
125
126
125
126
126
125
125
125
125
126
126
126
125
125
125
125
125
125
125
125
125
125
125
125
126
125
125
125
125
125
125
125
125
126
125
126
126
125
125
125
126
125
126
125
125
125
125
125
125
126
126
125
126
137
138
107
87
126
174
146
91
97
139
147
131
118
101
112
167
176
92
32
114
205
204
164
101
30
57
141
158
94
74
141
253
255
160
18
43
61
157
214
236
181
62
9
154
222
27
68
255
212
38
37
103
124
185
231
137
56
93
125
84
102
174
174
126
103
99
82
93
146
170
134
99
105
135
161
150
102
77
116
168
160
107
86
116
144
135
115
116
132
140
133
121
115
119
126
126
126
130
132
128
118
113
120
132
135
128
120
121
128
131
126
122
126
131
130
124
120
120
123
128
129
125
122
124
128
131
131
127
122
119
121
127
131
130
126
124
123
123
122
124
128
129
127
124
121
121
124
128
129
127
126
126
126
127
126
126
124
124
124
124
125
125
125
126
127
128
128
127
127
126
125
125
125
125
125
124
124
124
124
125
125
126
126
126
125
125
125
125
126
127
127
127
127
126
125
125
125
126
126
125
125
124
125
126
126
126
126
125
125
125
125
125
125
125
125
125
126
126
126
126
125
125
125
125
126
125
125
125
125
126
126
126
126
126
126
126
125
125
124
125
125
125
125
126
126
126
125
125
124
124
125
125
125
125
125
126
126
125
125
126
126
125
125
126
127
127
126
126
126
126
125
125
126
125
125
125
125
125
125
126
125
125
124
125
125
125
125
125
125
126
126
126
126
126
126
126
126
126
126
126
125
125
125
124
125
125
123
124
125
125
126
126
126
126
126
126
126
126
126
125
126
125
125
125
125
125
125
125
125
125
125
125
125
126
126
126
126
125
126
125
125
125
125
125
125
126
125
125
125
125
125
125
126
126
125
125
126
126
125
125
125
125
125
126
125
125
125
125
126
126
125
125
126
126
125
125
126
126
125
125
126
126
125
125
125
125
125
125
125
125
125
125
125
125
125
125
126
126
126
125
125
125
125
125
125
125
125
125
126
126
126
126
126
125
125
125
125
125
125
125
126
125
125
125
125
125
125
125
125
125
125
125
125
125
125
125
125
125
125
125
125
125
126
126
126
125
126
126
126
125
125
125
125
125
125
125
125
125
125
126
125
125
125
125
126
126
125
125
125
126
125
125
125
125
126
126
125
125
125
125
126
126
126
125
125
125
125
126
125
125
125
125
125
125
126
124
125
125
125
125
126
125
125
125
125
125
126
124
125
125
125
126
125
125
126
126
125
125
125
124
136
124
122
120
121
123
125
127
127
130
127
126
126
125
124
124
124
124
124
125
125
125
126
125
126
125
125
125
125
125
126
125
125
125
125
125
125
125
125
125
122
124
125
126
126
127
127
127
127
126
126
125
125
125
125
126
126
125
124
125
126
126
125
125
125
125
126
125
125
125
124
124
124
125
125
125
125
125
125
126
126
126
126
126
126
125
125
125
125
125
125
125
125
126
126
126
126
126
125
125
124
125
125
125
125
125
125
125
125
125
125
125
125
125
125
125
125
126
126
126
125
126
125
125
125
125
126
126
126
126
125
125
125
125
125
125
125
125
125
125
125
126
126
125
125
125
125
125
125
125
125
125
125
125
126
126
125
125
125
125
125
125
125
125
125
125
125
126
124
125
126
126
125
126
126
126
126
125
125
124
125
125
126
126
125
124
125
126
126
125
125
125
125
125
126
125
125
125
125
124
125
126
126
125
125
126
126
127
127
126
126
126
126
125
124
124
124
125
125
125
126
126
125
125
126
126
125
125
124
125
125
125
125
125
126
126
125
125
125
126
125
125
126
125
125
125
125
125
125
125
125
125
125
125
126
126
125
125
125
125
125
125
127
128
126
125
126
124
124
125
125
125
124
125
124
125
125
126
125
125
126
127
126
125
125
126
126
125
125
125
125
125
125
125
125
125
125
125
125
125
125
125
125
125
125
125
126
126
125
123
121
124
125
125
127
127
127
126
126
126
126
126
125
125
126
126
126
126
125
125
125
125
125
125
125
126
125
126
126
126
126
125
125
125
125
125
125
125
125
125
125
126
125
126
126
126
125
126
126
126
126
126
125
125
125
125
124
124
126
125
125
126
126
126
125
125
126
125
124
124
125
126
125
125
125
126
125
126
126
126
125
126
126
126
125
125
125
125
126
125
125
125
125
126
125
126
126
126
125
125
124
125
126
125
126
125
124
124
125
125
125
125
126
125
124
126
127
125
124
126
126
125
125
125
125
124
125
127
127
126
125
127
126
124
124
125
125
126
126
123
123
125
126
126
126
127
125
125
125
125
125
125
126
126
126
126
126
126
126
146
79
117
126
128
128
130
129
129
130
127
124
127
128
125
125
128
127
124
124
127
126
126
126
126
126
127
126
126
126
125
125
125
126
125
126
127
127
126
126
128
128
129
126
125
125
124
125
128
127
125
123
125
130
129
126
124
123
125
126
126
125
125
132
129
123
123
118
122
120
122
124
130
130
130
129
129
129
128
125
124
125
124
124
126
127
127
126
127
127
126
125
116
124
123
122
125
129
127
126
127
127
126
126
126
126
124
125
126
125
124
125
125
125
124
124
124
125
127
127
126
127
128
128
125
124
123
123
122
125
127
124
123
125
126
129
127
125
124
124
126
126
126
125
124
124
123
125
126
126
123
123
126
128
130
129
128
127
127
127
127
125
124
124
124
125
125
126
126
127
127
127
126
126
124
122
123
124
125
125
125
124
125
125
125
126
125
125
126
125
126
126
126
54
125
125
125
125
125
125
125
125
125
125
125
125
125
125
125
125
125
125
125
125
125
125
125
126
125
125
125
125
125
125
125
125
125
125
125
125
125
125
125
125
125
125
125
125
125
125
125
125
125
125
125
126
125
125
125
125
125
125
125
125
125
125
125
125
125
125
125
125
125
125
125
125
125
125
126
125
125
125
126
125
125
125
125
125
125
125
125
125
125
125
125
125
125
125
125
125
125
125
125
125
125
125
125
125
125
125
125
125
125
125
125
125
125
125
125
125
125
125
125
125
125
125
125
125
125
125
125
125
125
125
125
125
125
125
125
125
125
125
125
125
125
125
125
125
125
125
125
125
125
125
125
125
125
125
125
125
125
125
125
125
125
125
125
125
125
125
125
125
125
125
125
125
125
125
125
125
125
125
125
125
125
125
125
125
125
125
125
125
125
125
125
125
125
125
125
125
125
125
125
125
125
125
125
125
125
125
125
125
125
125
125
125
125
125
125
125
125
125
125
125
125
125
125
125
125
126
125
125
125
125
125
125
125
125
125
125
125
125
125
125
125
125
125
125
125
125
126
125
126
126
126
126
126
126
126
126
126
126
126
126
125
126
125
126
125
125
126
125
126
125
126
126
126
126
126
125
125
125
126
125
126
125
125
126
126
126
126
126
126
126
126
125
125
126
125
126
126
126
125
125
126
126
126
126
125
126
126
125
125
126
125
125
125
125
125
125
125
125
125
126
126
126
126
125
125
125
126
126
125
125
125
125
125
126
126
126
126
126
126
126
126
125
126
126
126
125
125
125
125
126
126
125
126
125
