125
125
124
125
126
126
45
125
125
125
126
126
126
126
126
125
126
126
126
125
126
126
126
126
126
125
125
126
126
125
125
126
126
125
125
125
126
126
125
125
125
125
125
125
125
125
125
125
125
125
125
125
125
125
125
125
125
125
126
125
125
125
125
125
125
125
125
125
125
125
125
125
125
125
125
125
125
125
125
125
125
125
125
125
125
125
125
125
125
125
125
125
125
125
125
125
125
125
125
125
125
125
125
125
125
125
125
125
125
125
125
125
125
125
125
125
125
125
125
125
125
125
125
125
125
125
125
125
125
125
125
125
125
125
125
125
125
125
125
125
125
125
125
125
125
126
125
125
125
125
125
125
125
125
125
125
125
125
125
126
125
126
125
125
125
126
125
125
125
125
125
125
125
125
125
125
125
125
125
125
125
125
125
125
125
125
126
125
125
125
125
125
125
125
125
125
125
125
125
125
125
125
125
125
125
125
125
125
125
125
125
125
125
125
125
125
125
125
126
125
125
125
125
125
125
125
125
125
125
125
125
125
125
125
125
125
125
125
125
125
125
125
125
125
126
125
125
125
125
125
125
125
125
125
125
125
125
125
125
125
125
125
125
125
125
125
125
125
125
125
125
125
125
125
125
125
125
125
125
125
125
125
125
125
125
125
125
125
125
125
125
125
125
125
125
125
125
125
125
125
125
125
125
126
125
125
125
125
125
125
125
125
125
125
125
125
125
125
125
125
125
125
125
125
125
126
125
125
125
125
125
125
125
125
125
125
125
125
125
125
125
125
125
125
125
125
125
125
125
125
125
125
125
125
125
125
125
125
125
125
125
126
125
125
125
125
125
125
125
125
125
125
125
125
125
125
125
125
125
125
125
125
125
125
125
125
125
125
125
125
125
125
125
125
125
125
125
125
125
125
125
125
125
125
125
125
125
125
125
125
125
125
125
125
125
125
125
125
125
125
125
125
125
125
125
125
125
125
125
126
125
125
125
125
125
126
125
126
125
125
125
125
125
125
125
125
125
125
125
125
125
125
125
125
125
125
125
125
125
124
125
125
125
125
126
126
126
126
126
125
126
126
125
125
125
125
125
125
126
125
125
125
125
125
125
125
125
125
125
126
126
125
125
126
125
125
125
125
126
126
125
125
126
126
126
126
125
125
125
125
126
125
125
125
126
126
125
125
125
125
125
126
126
125
125
125
126
126
126
125
125
125
126
126
125
125
126
126
125
125
126
126
124
125
126
126
125
125
125
126
126
125
124
125
126
126
125
125
125
126
126
126
125
125
126
126
127
127
126
124
122
123
125
124
123
124
127
130
129
129
128
125
122
119
118
124
132
133
124
117
120
125
131
136
135
126
118
118
124
127
126
122
124
136
141
125
98
96
135
166
140
90
101
153
153
115
105
118
108
124
190
172
64
61
165
157
72
105
186
155
92
108
134
130
138
136
112
96
115
145
137
114
135
155
126
96
105
138
144
126
121
118
114
138
148
118
105
114
124
135
159
139
82
97
150
155
117
103
120
136
143
146
103
84
130
167
137
110
111
98
124
173
156
83
85
156
164
93
87
145
159
142
128
107
97
124
134
130
135
130
107
115
146
137
102
111
151
151
109
99
133
138
117
120
133
125
114
120
126
131
139
135
120
120
135
131
113
111
123
128
126
123
125
134
138
125
110
117
132
129
120
131
140
130
119
116
115
120
127
128
129
134
129
117
119
130
131
124
125
129
124
120
121
125
128
130
126
121
122
125
124
123
128
133
130
125
122
121
119
122
129
135
134
128
122
118
121
127
129
125
121
123
126
125
122
123
127
131
130
127
124
122
122
123
125
125
123
125
130
131
129
126
124
122
123
125
124
122
122
124
128
130
128
125
124
126
126
125
125
126
125
124
125
126
126
124
122
123
126
128
125
125
125
126
127
128
127
124
123
125
128
127
125
123
122
124
126
125
125
126
127
128
126
123
122
125
127
126
126
126
126
126
127
126
125
125
125
125
124
124
126
126
126
125
127
128
126
125
122
121
125
131
130
121
117
124
133
131
122
118
126
137
133
119
116
128
132
121
113
121
132
133
129
126
122
119
122
128
129
129
127
123
122
126
127
121
119
127
135
132
119
113
123
133
133
125
120
121
128
130
126
123
123
125
126
126
123
122
125
127
125
123
124
127
129
126
123
124
128
131
129
123
121
124
127
126
123
124
126
125
123
123
125
127
126
124
124
125
126
127
127
126
124
124
126
126
126
126
127
126
123
123
125
128
127
124
124
125
126
126
126
127
127
125
123
122
125
127
127
125
124
125
126
126
126
125
124
125
126
126
125
125
126
126
126
125
123
124
125
125
125
125
126
127
126
125
125
126
125
124
124
126
127
125
123
125
126
126
124
124
125
126
126
126
127
129
126
124
123
123
125
126
126
125
124
125
126
125
125
124
125
125
127
126
125
124
125
126
126
125
125
125
126
126
125
124
124
125
126
126
125
125
125
125
125
125
125
126
126
125
125
125
125
125
125
125
125
125
126
125
125
126
125
125
125
125
125
125
126
126
125
125
125
125
125
125
125
125
125
126
126
126
125
125
125
126
126
126
125
126
126
125
125
125
125
125
125
125
125
125
125
125
125
125
125
125
125
125
125
125
125
125
124
125
125
125
125
125
125
125
126
126
126
125
125
125
126
126
125
125
125
125
125
125
125
125
125
125
125
125
125
125
125
125
124
126
125
125
125
126
125
125
126
125
125
125
125
125
125
125
125
125
126
125
125
125
125
125
125
125
125
125
125
125
125
125
125
125
125
125
125
125
126
128
123
124
124
125
125
126
126
126
126
126
125
125
125
125
125
125
125
125
126
125
125
125
126
125
125
126
125
126
126
122
113
127
126
126
128
127
128
128
127
126
126
126
126
125
126
125
126
126
125
126
126
125
125
126
125
126
126
126
126
126
126
126
125
126
126
125
123
122
125
127
126
127
127
126
126
126
126
126
125
126
126
125
125
125
126
126
126
125
126
126
126
126
125
126
126
126
125
125
125
126
126
125
126
126
126
125
126
125
125
125
125
125
125
126
126
125
125
125
125
125
126
126
125
126
125
126
126
126
125
126
126
125
125
126
126
126
125
125
126
126
126
126
125
126
126
126
126
125
125
125
125
125
125
125
126
126
126
126
126
125
126
126
126
125
125
126
125
125
125
126
127
125
125
126
126
126
126
125
125
125
125
125
125
125
125
126
125
126
126
126
126
125
126
126
125
126
126
125
126
126
125
125
126
126
126
125
126
126
125
125
125
126
126
126
127
131
126
125
126
124
123
125
124
124
124
125
126
125
125
126
125
125
126
126
126
125
125
125
125
125
126
126
126
125
126
126
125
125
126
126
126
126
132
128
126
125
125
123
124
125
124
124
125
126
125
124
124
125
126
126
125
124
125
127
126
125
125
126
126
125
125
125
126
126
126
126
126
125
125
126
125
125
125
125
124
125
125
127
126
124
124
122
126
126
124
125
126
126
126
125
126
126
125
125
125
125
126
126
125
125
126
125
126
125
125
125
125
125
126
126
126
126
125
125
125
125
125
124
125
125
125
126
125
126
125
126
126
125
124
124
125
125
125
125
125
125
124
124
126
125
126
126
125
130
110
102
124
125
124
129
130
130
128
127
128
126
126
126
127
126
126
126
127
127
126
126
125
125
126
126
127
126
124
124
126
126
126
126
127
127
126
125
126
128
128
125
125
125
125
126
127
126
124
125
128
128
125
123
122
127
128
128
122
120
123
126
127
125
124
126
123
118
124
125
127
128
128
126
128
128
128
128
128
127
125
124
123
126
126
127
126
126
123
125
126
125
124
123
124
126
125
125
44
125
125
125
125
125
125
125
125
125
125
125
125
125
125
125
125
125
125
125
125
125
125
125
125
125
125
125
125
125
125
125
125
125
125
125
125
125
125
125
125
125
125
125
125
125
125
125
125
125
125
125
125
125
125
125
125
125
125
125
125
125
125
125
125
125
125
125
125
125
125
125
125
125
125
125
125
125
125
125
125
125
125
125
125
125
125
125
125
125
125
125
125
125
125
125
125
125
125
125
125
125
125
125
125
125
125
126
125
125
125
125
125
125
125
126
125
125
125
126
125
125
125
125
126
125
125
125
125
125
125
125
126
125
125
125
125
125
125
125
125
125
125
125
125
126
125
125
125
125
125
125
125
125
125
125
125
125
126
125
125
125
125
126
125
125
125
125
125
125
125
125
125
125
125
125
126
125
126
125
125
125
125
125
125
125
125
125
125
125
125
125
125
125
125
125
125
125
125
125
125
125
125
125
125
125
125
125
125
125
125
125
125
125
125
124
125
128
125
125
125
125
125
125
125
126
125
126
126
125
125
125
125
125
125
125
125
125
125
125
125
125
125
125
125
125
125
125
125
125
125
125
125
126
125
125
125
125
126
125
125
125
125
125
125
125
125
126
125
125
125
126
125
125
125
125
125
125
125
125
125
125
125
125
125
125
125
125
125
125
125
125
125
125
125
125
125
125
125
125
125
125
125
125
125
125
125
125
125
125
125
125
125
126
125
125
125
125
125
125
125
126
126
125
125
125
125
125
125
125
125
125
125
125
125
125
125
125
125
125
125
125
125
125
125
125
125
125
125
125
125
125
125
125
126
