125
126
126
125
125
125
51
125
125
125
125
125
125
125
125
125
125
125
125
125
125
125
125
125
125
125
125
125
125
125
125
125
125
125
125
125
125
125
125
125
125
125
125
125
125
125
125
125
125
125
125
125
125
125
125
125
125
125
125
125
125
125
125
125
125
125
126
125
125
125
125
126
125
125
125
125
125
125
125
125
125
125
125
125
125
125
125
125
125
125
125
125
125
125
125
125
125
125
125
125
125
125
126
126
126
125
125
125
125
125
125
125
125
125
125
125
125
125
125
125
125
125
125
125
125
125
125
125
125
125
125
125
125
125
125
125
125
125
125
125
125
125
125
125
125
125
125
125
125
125
125
125
125
125
125
125
125
125
125
125
125
125
125
125
125
125
125
125
125
125
125
125
125
125
125
125
125
125
125
125
125
125
125
125
125
125
125
125
125
125
125
125
125
125
125
125
125
125
125
125
125
125
125
125
125
125
125
125
125
125
125
125
125
125
125
125
125
125
125
125
125
125
125
125
125
125
125
125
125
125
125
125
125
125
125
125
125
125
125
125
125
125
125
125
125
125
125
125
125
125
125
125
125
125
125
125
125
125
125
125
125
125
125
125
125
125
125
125
125
125
125
125
125
125
125
125
125
125
125
125
125
125
125
125
125
125
125
125
125
125
126
126
125
125
125
125
125
126
125
125
125
125
126
126
125
125
125
125
126
125
125
125
125
125
125
125
125
125
125
125
125
126
125
126
125
125
125
125
125
125
125
125
125
125
125
125
125
125
126
126
126
126
125
125
125
125
125
125
125
125
125
125
125
125
125
125
125
125
125
125
125
126
125
125
125
125
125
125
125
125
125
125
125
125
125
125
125
125
125
125
125
125
125
125
125
125
125
125
125
125
125
125
125
125
125
125
125
125
125
125
125
125
125
125
125
125
125
125
125
125
125
125
125
125
125
125
125
125
125
125
125
125
125
125
125
125
125
125
125
125
125
125
125
125
125
125
125
125
125
125
125
125
125
125
125
125
125
125
125
125
125
125
125
125
125
125
125
125
125
125
125
125
125
125
125
125
125
125
125
125
125
125
125
125
125
125
125
125
125
125
125
125
125
125
125
125
125
125
125
125
125
125
125
125
125
125
125
125
125
125
125
125
125
125
125
126
126
125
125
125
126
127
127
123
119
118
121
128
135
135
128
121
119
121
125
127
126
125
125
125
125
126
126
125
125
129
138
142
115
76
71
105
136
168
230
235
109
19
34
177
246
140
31
1
147
255
147
2
122
168
85
102
147
143
179
148
30
57
208
237
92
17
83
163
182
151
89
57
121
191
144
81
116
161
124
77
103
163
164
105
76
122
168
139
92
113
155
140
104
108
131
130
113
117
142
154
131
101
103
133
143
119
104
125
146
134
110
110
133
141
123
110
122
140
141
127
114
116
124
127
125
125
128
128
124
123
127
126
120
120
128
133
128
122
120
124
127
126
125
126
128
128
125
124
125
125
123
121
122
126
130
129
127
126
128
127
124
121
121
122
125
126
127
128
128
127
125
125
125
125
124
122
122
122
124
125
126
126
127
129
130
125
124
124
125
127
126
123
122
124
127
127
125
126
127
126
125
126
127
126
124
122
122
126
129
126
122
122
125
128
129
126
126
125
124
123
123
126
127
128
130
128
125
125
125
125
125
124
124
125
126
127
127
126
126
124
124
124
125
125
126
125
124
125
125
126
126
126
124
126
126
126
126
127
126
126
125
125
124
124
125
125
125
125
125
125
127
128
127
125
124
124
126
127
126
124
124
124
126
125
124
124
125
125
125
124
125
126
127
126
126
126
126
125
125
125
125
125
125
125
126
125
125
125
124
124
125
125
125
126
125
125
125
126
126
126
125
125
125
126
125
125
125
125
125
125
125
125
125
125
126
126
125
125
126
125
125
124
124
125
125
126
127
127
126
124
124
125
126
127
126
125
125
125
124
125
126
125
125
125
123
123
126
128
127
125
124
123
124
126
128
127
125
124
125
127
127
127
126
124
122
123
126
128
126
124
123
124
126
126
126
126
126
125
124
124
125
126
127
127
127
125
122
122
124
126
127
126
124
124
125
125
125
126
127
127
126
124
123
125
127
127
126
125
126
125
125
124
124
126
126
125
124
125
126
126
125
125
124
124
125
126
125
125
125
126
126
126
125
125
124
125
126
126
126
125
124
125
125
125
125
127
125
123
124
125
127
127
126
124
124
125
125
125
126
125
123
125
126
127
126
125
126
127
126
124
122
123
127
129
127
125
123
124
125
126
125
124
125
125
125
126
126
125
124
124
125
126
126
125
125
125
125
125
125
125
125
125
125
125
126
125
125
125
125
125
126
127
124
125
125
125
125
126
126
126
126
125
125
125
125
125
126
126
125
125
125
125
126
125
125
125
125
126
126
126
125
125
125
125
125
125
126
126
126
126
125
125
125
125
125
125
126
125
125
125
125
125
125
125
125
125
126
125
126
126
126
126
126
125
126
125
125
126
123
123
125
126
126
126
126
126
126
126
126
125
126
125
125
125
125
125
125
125
125
125
125
125
125
125
125
125
125
125
125
125
125
125
125
125
125
125
125
125
125
125
125
126
125
125
125
125
125
125
125
125
125
125
125
125
125
125
125
125
125
125
125
125
125
125
125
126
125
125
126
125
125
125
125
125
125
125
125
125
126
125
125
125
125
125
125
125
125
125
125
125
125
125
125
126
125
125
125
125
125
125
125
125
125
125
125
125
125
125
125
125
125
125
125
125
125
125
125
125
125
125
125
125
125
125
125
125
125
125
126
125
125
125
125
125
126
126
126
125
125
125
125
125
125
125
126
125
125
126
129
127
126
125
125
124
124
124
124
125
125
125
125
125
125
125
125
125
125
125
125
125
126
126
125
125
125
126
125
125
125
125
125
126
125
126
125
125
125
125
125
125
125
125
126
125
126
126
125
125
125
126
125
125
125
125
125
125
125
126
126
125
125
126
125
125
125
125
126
126
125
125
125
125
124
127
118
124
126
125
125
126
126
126
126
125
125
126
126
125
125
125
125
127
125
126
125
125
125
125
126
126
125
126
126
126
126
125
125
125
125
125
126
125
126
126
126
126
125
126
126
126
125
125
125
125
125
126
125
125
125
126
125
125
125
126
125
126
125
125
125
125
124
120
124
125
125
127
127
127
127
126
126
125
126
126
126
125
125
126
126
125
125
125
125
125
125
125
125
125
125
125
126
126
126
125
125
125
126
125
125
126
125
125
124
125
126
125
125
125
125
125
125
125
125
125
124
125
126
126
125
126
126
126
124
125
125
125
125
125
125
125
125
126
126
125
125
124
125
124
125
124
125
126
127
127
125
125
126
126
125
122
125
125
126
125
125
124
150
128
117
113
114
120
124
130
133
131
130
128
127
124
122
122
122
123
124
125
125
125
126
127
125
125
125
126
126
125
125
124
123
126
127
127
126
124
123
125
126
127
127
126
125
124
124
125
125
125
124
124
125
125
129
130
126
124
127
123
121
123
123
124
125
125
125
124
125
125
125
125
126
126
126
125
125
125
126
127
126
124
124
126
127
126
125
124
126
126
125
125
125
125
125
124
125
126
126
125
125
126
125
124
126
126
125
125
125
126
127
125
126
125
124
125
125
125
125
126
126
126
125
125
126
125
125
126
126
129
93
130
125
127
126
128
127
126
127
127
127
126
125
126
127
125
127
123
126
125
126
126
126
126
125
126
126
126
125
126
126
126
126
126
126
126
125
126
127
127
125
125
125
126
126
124
125
126
126
126
125
125
126
124
125
126
126
126
125
126
126
125
125
126
126
125
123
110
125
125
124
128
129
127
52
125
125
125
125
125
125
125
126
125
125
125
126
125
125
125
126
125
126
125
126
125
125
126
125
126
125
126
125
125
125
125
126
125
125
125
125
126
125
125
125
125
126
126
126
125
125
126
125
125
125
125
125
125
125
126
125
125
125
125
125
126
125
125
126
125
126
125
125
126
125
126
125
125
125
125
125
125
125
125
125
126
125
125
125
125
125
125
125
125
125
125
125
125
125
125
125
125
125
125
125
125
125
125
125
125
125
125
125
125
125
125
125
125
125
125
125
125
125
125
126
125
125
125
125
125
125
125
125
125
125
125
125
125
125
125
125
125
125
125
125
125
125
125
125
125
125
125
125
125
125
125
125
125
125
125
125
125
125
125
125
125
125
125
125
125
125
125
125
125
125
125
125
125
125
125
125
125
125
125
125
125
125
125
125
125
125
125
125
125
125
125
125
125
125
125
125
125
125
125
125
125
125
125
125
125
125
125
125
125
125
125
125
125
125
125
125
125
125
125
125
125
125
125
126
125
125
125
125
125
125
125
125
125
125
125
125
125
125
125
125
125
125
125
125
125
125
125
125
125
125
125
125
125
125
125
125
125
125
125
125
125
125
125
125
125
125
125
125
125
125
125
125
125
125
125
125
125
125
125
125
125
125
125
125
125
125
125
125
125
125
125
125
125
125
125
125
126
125
125
126
125
126
125
125
125
125
125
125
125
125
125
125
125
125
125
125
125
126
125
125
125
126
125
125
125
125
125
125
125
125
125
126
125
125
125
125
125
126
125
125
125
125
126
125
125
125
125
125
125
125
125
125
125
126
