125
124
123
124
123
124
73
125
125
125
125
125
125
125
125
125
125
125
125
125
125
125
125
125
125
125
125
125
125
125
125
125
125
125
125
125
125
125
125
125
125
125
125
125
125
125
125
125
125
125
125
125
125
125
125
125
125
125
125
125
125
125
125
125
125
125
125
125
125
125
125
125
125
125
125
125
125
125
125
125
125
125
125
125
125
125
125
125
125
125
125
125
125
125
125
125
125
125
125
125
125
125
125
125
125
125
125
125
125
125
125
125
125
125
125
125
125
125
125
125
125
125
125
125
125
125
125
125
125
125
125
125
125
125
125
125
125
125
125
125
125
125
125
125
125
125
125
125
125
125
124
125
125
125
125
125
125
125
125
125
125
125
125
125
125
125
125
125
125
125
125
125
125
125
125
125
125
125
125
125
125
125
125
125
125
125
125
125
125
125
125
125
125
125
125
125
125
125
125
125
125
125
125
125
125
125
125
125
125
125
125
125
125
125
125
125
125
125
125
125
125
125
125
125
125
125
125
125
125
125
125
125
125
125
125
125
125
125
125
125
125
125
125
125
125
125
125
125
125
125
125
125
125
125
125
125
125
125
125
125
125
125
125
125
125
125
125
125
125
125
125
125
125
125
125
125
125
125
125
125
125
125
125
125
125
125
125
125
125
125
125
125
125
125
125
125
125
125
125
125
125
125
125
125
125
125
125
125
125
125
125
125
125
125
125
125
125
125
125
125
125
125
125
125
125
125
125
125
125
125
125
125
125
125
125
125
125
125
125
125
125
125
125
125
125
125
125
125
125
125
125
125
125
125
125
125
125
125
125
125
125
125
125
125
125
125
125
125
125
125
125
125
125
126
125
125
125
125
125
125
125
125
125
125
125
125
125
125
125
125
125
125
125
125
125
125
125
125
125
125
125
125
125
125
125
125
125
125
125
125
125
125
125
125
125
125
125
125
125
125
125
125
125
125
125
125
125
125
125
125
125
125
125
125
125
125
125
125
125
125
125
125
125
125
125
125
125
125
125
125
125
125
125
125
125
125
125
125
125
125
125
125
125
125
125
125
125
125
125
125
125
125
125
125
125
125
125
125
125
125
125
125
125
125
125
125
125
125
125
125
125
125
125
125
125
125
125
125
125
125
125
125
125
125
125
125
125
125
125
125
125
125
125
125
125
125
125
125
125
125
125
125
125
125
125
125
125
125
125
125
125
125
125
125
125
125
125
125
125
125
125
125
125
125
125
125
125
125
125
125
125
125
125
125
125
125
125
125
125
125
125
125
125
125
125
125
125
125
125
125
125
125
125
125
125
125
125
125
125
125
125
125
125
125
125
125
125
125
125
125
125
125
125
125
125
125
124
125
125
125
125
124
124
125
125
126
126
125
125
125
126
125
125
125
126
126
125
124
124
124
124
125
125
124
124
125
125
126
127
127
125
124
124
125
126
125
123
123
125
127
127
126
124
124
126
127
125
123
123
125
127
126
126
127
128
125
122
122
126
127
124
122
123
127
128
125
121
122
127
131
129
123
121
123
127
128
127
125
122
122
124
126
126
125
125
125
125
125
125
124
124
124
126
127
127
125
124
125
124
125
124
123
122
126
133
139
130
108
97
116
145
152
134
114
110
123
134
135
121
102
111
143
158
144
107
85
112
145
145
129
124
127
125
118
118
127
128
115
115
137
144
118
104
127
149
140
116
102
112
141
152
125
100
107
129
140
135
122
116
125
134
132
126
122
122
122
124
124
123
125
130
129
125
124
125
125
124
121
121
127
134
121
109
150
166
101
55
99
207
239
108
75
3
255
255
22
59
171
255
147
3
97
255
179
229
40
255
255
130
32
238
224
60
71
155
152
102
75
117
188
171
66
72
152
145
92
98
137
149
130
116
127
135
108
94
123
150
137
113
112
127
136
128
113
111
123
136
140
134
122
115
117
122
122
122
124
127
127
124
118
117
136
169
159
80
51
126
182
158
103
86
127
176
145
80
89
145
164
138
108
96
108
129
145
139
122
130
134
109
99
140
171
127
84
109
143
135
123
137
141
118
91
98
141
175
158
104
78
105
141
144
129
125
133
133
125
115
109
122
147
145
112
89
117
157
149
117
116
138
135
107
102
129
151
142
112
92
108
144
152
120
93
111
142
146
131
123
119
119
124
131
130
121
116
118
123
134
144
138
120
115
124
129
125
125
127
128
123
116
115
123
129
131
129
122
114
113
123
133
137
135
130
120
116
124
131
128
124
127
131
129
122
116
116
120
125
131
133
129
123
120
122
129
133
127
121
121
123
123
127
129
127
124
124
124
123
125
124
119
124
133
133
124
119
122
126
127
126
124
121
124
130
130
123
121
124
127
125
124
123
121
123
128
131
128
124
122
126
129
128
122
119
123
123
121
126
133
128
121
123
127
125
125
128
125
122
127
129
124
120
124
127
126
124
124
127
127
124
123
122
125
128
130
129
126
123
122
122
124
124
124
124
125
125
126
126
125
126
127
126
124
123
123
125
126
124
123
124
128
128
126
124
123
123
125
127
127
124
123
124
125
125
124
126
127
125
123
125
127
125
124
126
128
127
123
121
122
124
127
127
124
121
121
125
129
129
126
125
125
125
125
126
126
124
124
125
125
125
125
125
125
125
125
125
123
123
125
127
126
124
124
125
126
125
125
126
126
126
125
124
124
124
124
125
126
128
127
126
125
124
124
125
124
124
124
125
125
126
126
125
123
124
124
125
126
126
125
123
124
126
125
122
125
128
127
124
123
124
124
123
125
127
127
126
125
125
125
126
126
125
124
125
124
124
124
124
125
126
126
125
124
125
126
126
125
126
124
121
124
122
124
126
127
126
124
125
126
126
125
126
126
126
127
127
126
126
126
126
124
123
122
124
126
125
123
124
127
127
126
125
126
127
126
125
123
123
124
126
126
125
124
122
124
126
127
125
125
125
125
125
125
125
125
126
124
125
126
126
124
125
126
126
124
125
126
126
126
124
124
124
125
124
123
125
126
127
126
125
125
125
125
127
127
125
122
123
125
127
126
126
124
125
127
127
126
124
124
125
124
124
124
124
126
125
125
125
126
127
127
126
125
125
126
126
125
123
125
126
125
124
124
126
127
126
125
125
125
125
125
125
124
124
125
126
126
125
124
126
126
125
124
123
125
127
127
125
125
126
126
126
125
124
125
126
126
125
125
125
125
126
126
123
124
125
125
126
126
124
124
123
124
127
126
125
125
125
125
126
133
124
101
128
122
128
131
129
127
124
126
125
124
126
125
124
125
127
128
127
127
125
124
125
125
123
125
127
127
127
126
126
126
126
126
125
124
125
126
126
126
131
129
127
125
126
125
124
124
124
124
125
125
125
125
126
128
126
125
126
127
126
126
114
106
127
127
124
124
129
129
127
128
129
129
129
127
126
127
127
126
126
126
125
125
126
127
126
126
126
126
125
125
126
127
126
124
124
127
127
125
124
123
124
126
126
126
124
125
126
126
124
123
123
126
127
126
125
125
125
126
126
126
125
124
125
125
125
126
125
126
125
126
127
127
125
125
125
125
123
123
125
125
124
126
129
128
127
126
126
126
124
124
125
125
125
125
125
127
127
126
125
124
125
125
126
125
125
124
124
125
126
125
125
125
126
126
126
125
125
125
126
126
126
125
125
126
125
126
126
125
124
124
124
125
125
125
125
126
127
127
125
124
125
126
126
124
123
125
126
127
125
124
126
126
129
131
127
126
126
124
122
124
123
124
124
125
124
124
125
126
126
125
126
125
125
124
125
127
125
125
126
125
126
125
123
124
123
124
127
127
125
125
126
126
125
124
127
126
124
124
124
125
126
126
126
124
124
72
126
125
125
125
125
125
125
125
125
125
125
125
125
125
125
125
125
125
125
125
125
125
125
125
125
125
125
125
125
125
125
125
125
125
125
125
125
125
125
125
125
125
125
125
125
125
125
125
125
125
125
125
125
125
126
125
125
125
125
125
125
125
125
125
125
125
125
125
125
126
125
125
125
125
125
125
125
125
125
125
125
125
125
125
125
125
125
125
125
125
125
125
125
125
125
125
125
125
125
125
125
125
125
125
125
125
125
125
125
125
125
125
125
125
125
125
125
125
125
125
125
125
125
125
125
125
125
125
125
125
125
125
125
125
125
125
125
125
125
125
125
125
125
125
125
125
125
125
125
125
125
125
125
125
125
125
125
125
125
125
125
125
125
125
125
125
125
125
125
125
125
125
125
125
125
125
125
125
125
125
125
125
125
125
125
125
125
125
125
125
125
125
125
125
125
125
125
125
125
125
125
125
125
125
125
125
125
125
125
125
125
125
125
125
125
125
126
125
125
125
125
125
125
125
125
125
125
125
125
125
125
125
125
125
125
125
125
125
125
125
125
125
125
125
125
125
125
125
125
125
125
125
125
125
125
125
125
125
125
125
125
125
125
125
125
125
125
125
125
125
125
125
125
125
125
125
125
125
125
125
125
125
125
125
125
125
125
125
125
125
125
125
126
125
125
125
125
125
125
125
125
125
125
125
125
125
125
125
125
125
125
125
125
125
125
125
125
125
125
125
125
125
125
125
125
125
125
125
125
125
125
125
125
125
125
125
125
125
125
125
125
125
125
125
125
125
125
125
125
125
125
125
125
123
