126
124
125
126
126
126
52
125
126
126
126
126
126
126
126
126
126
126
126
126
126
126
125
126
126
126
126
126
125
126
125
126
126
125
125
125
126
126
126
126
125
125
125
125
125
125
125
125
125
126
125
126
125
125
125
125
125
125
125
125
125
125
125
125
125
125
125
125
125
125
125
125
125
125
125
125
125
125
125
125
125
125
125
125
125
125
125
125
125
125
125
125
126
125
125
125
125
125
125
125
125
125
125
125
125
125
126
125
126
125
125
125
125
125
125
125
125
125
125
125
125
125
125
125
125
125
125
125
125
126
125
125
125
125
125
125
125
125
125
125
125
125
125
125
125
126
125
125
125
125
125
126
125
125
125
125
126
125
125
125
125
125
126
125
125
125
126
126
125
125
125
125
125
126
125
125
126
125
125
125
125
125
125
125
125
125
125
125
125
125
125
125
125
126
126
125
125
125
125
125
125
125
125
125
125
125
125
125
125
125
125
125
125
125
125
125
125
125
125
125
125
125
125
125
125
125
125
125
125
125
125
125
125
125
125
125
125
125
125
125
125
125
125
125
125
125
125
125
125
125
125
125
125
125
125
125
125
125
125
125
125
125
125
125
125
125
125
125
125
125
125
125
125
125
125
125
125
125
125
125
125
125
125
125
125
125
125
125
125
125
125
125
125
125
125
125
125
125
125
125
125
125
125
125
125
125
125
125
125
125
125
125
125
125
125
125
125
125
125
125
125
125
125
125
125
125
125
125
125
125
125
125
125
125
125
125
125
125
125
125
125
125
125
125
125
125
125
125
125
125
125
125
125
125
125
125
125
125
125
125
126
125
125
125
125
126
125
125
125
125
125
125
125
125
125
125
125
125
125
125
125
125
125
125
125
125
125
125
125
125
125
125
125
125
125
125
125
125
125
125
125
125
125
125
125
125
125
125
125
125
125
125
125
125
125
125
125
125
125
125
125
125
125
125
125
125
125
125
125
125
125
125
125
126
125
125
125
125
125
125
125
125
125
125
125
125
125
125
125
125
125
125
125
125
125
125
125
125
125
126
125
125
125
125
125
126
126
126
126
126
125
125
125
126
126
126
126
125
125
125
126
126
125
125
125
126
126
126
126
126
125
124
122
123
126
129
128
126
126
125
125
128
129
127
121
120
124
129
130
126
122
124
128
130
126
120
114
116
127
139
144
133
112
103
121
143
130
114
128
160
137
69
64
143
192
148
105
101
132
167
136
83
81
152
162
91
85
153
176
136
99
83
94
162
202
142
60
76
137
144
134
151
142
97
72
117
186
183
87
30
103
197
189
138
116
101
83
93
148
189
135
64
81
162
181
120
91
115
122
118
143
159
131
101
111
133
132
121
123
124
116
122
137
130
108
111
135
142
131
125
129
129
123
116
114
122
131
130
124
121
123
128
130
127
121
121
127
131
128
122
120
122
125
127
128
127
125
125
126
127
127
124
123
124
126
126
127
126
125
125
125
127
126
125
124
125
125
125
125
124
124
125
127
128
128
126
125
125
125
124
123
124
124
124
124
125
128
129
126
124
124
126
126
125
126
127
123
123
126
129
127
124
124
126
128
129
128
124
120
122
127
125
121
123
127
127
125
126
126
126
127
130
132
129
125
122
123
122
121
124
130
130
126
125
125
121
120
126
133
133
126
121
121
126
125
124
126
126
123
123
123
125
129
129
125
124
122
124
133
136
120
104
120
148
145
117
102
118
138
133
119
128
146
139
104
91
125
160
147
108
97
119
141
143
127
111
117
136
137
119
114
125
134
132
126
123
120
119
126
129
125
127
131
128
123
121
118
121
135
140
125
112
118
132
133
127
122
122
123
126
126
126
128
127
123
123
125
128
129
127
124
123
125
128
127
124
124
127
128
125
124
125
126
126
126
127
124
121
123
128
130
127
124
123
123
126
129
129
126
124
124
124
126
127
126
123
125
128
128
126
123
124
126
127
126
125
125
125
125
126
126
127
127
126
125
125
125
126
127
127
125
122
123
127
129
126
124
125
126
126
126
127
126
125
124
124
126
127
126
124
124
125
127
128
126
126
126
126
124
124
125
125
125
125
124
125
125
126
126
125
126
127
127
127
125
125
125
126
126
125
124
125
125
126
126
125
125
126
126
126
125
125
126
126
126
125
125
125
125
126
126
126
126
126
125
125
125
125
125
126
126
126
126
125
125
126
126
126
125
125
125
126
127
125
124
125
125
125
125
125
125
126
125
125
125
125
126
125
126
125
125
124
125
125
125
125
125
126
126
125
125
125
125
125
126
125
125
126
125
125
125
125
126
126
126
126
125
125
125
125
126
126
125
125
125
126
126
125
125
125
125
125
125
125
126
126
126
125
125
125
126
126
126
125
125
125
125
126
126
125
124
128
122
125
125
126
125
126
126
126
125
125
126
126
125
125
125
126
125
126
126
126
126
125
125
125
125
126
125
125
126
126
126
126
125
125
126
126
126
126
125
126
125
126
126
125
125
125
125
126
125
125
125
126
125
126
126
125
125
125
126
126
126
126
126
125
125
126
126
122
124
125
125
125
127
127
127
126
126
126
126
125
124
126
128
125
122
123
126
128
126
124
122
124
126
128
129
126
123
124
127
128
125
124
125
126
124
123
125
128
127
125
124
124
126
128
126
123
123
126
127
125
124
125
126
126
126
125
125
126
127
125
125
125
126
127
126
124
124
125
126
127
125
124
125
126
127
126
125
125
124
125
126
126
126
125
125
125
125
125
126
126
126
126
126
126
126
126
125
125
125
125
126
126
125
124
124
125
126
126
126
125
124
125
126
126
126
126
125
126
126
125
125
125
125
126
125
126
126
125
126
126
125
126
126
126
125
125
125
126
125
125
125
126
126
126
125
125
126
129
127
125
125
125
125
125
125
124
125
125
125
126
125
125
126
126
125
125
125
125
126
126
126
125
125
125
125
125
125
125
125
125
125
125
125
125
126
125
125
125
126
126
125
125
126
125
126
125
126
126
126
125
125
125
125
125
125
125
125
126
125
125
125
125
125
125
125
125
125
125
126
126
126
125
125
125
125
125
125
126
126
126
126
126
126
126
125
125
125
124
124
125
126
126
124
123
124
127
126
126
126
125
125
125
126
125
124
124
124
124
125
125
124
124
124
126
128
127
127
126
126
127
126
125
124
124
124
124
125
126
126
126
126
126
126
126
126
125
125
125
125
125
124
124
125
125
132
140
121
126
123
124
126
126
125
124
125
125
124
123
123
124
125
125
125
125
126
126
125
95
114
126
128
129
131
130
129
129
128
128
127
126
125
125
126
127
128
127
126
126
126
127
127
127
126
126
126
126
126
127
126
126
125
125
125
126
127
128
127
126
125
125
126
126
120
125
124
124
125
128
128
128
128
127
126
127
128
127
126
126
122
125
125
125
126
125
126
126
127
127
126
125
125
126
126
127
125
125
125
125
126
126
125
125
125
126
125
126
125
125
125
126
127
126
126
125
125
125
126
127
125
123
125
126
126
125
125
125
127
127
127
125
125
127
127
126
126
124
124
125
126
126
125
124
125
126
126
125
124
126
127
126
125
125
126
127
126
125
125
125
125
126
126
127
126
125
125
124
124
125
127
128
126
126
127
128
128
126
126
125
124
124
125
127
125
124
124
126
129
126
125
125
125
126
127
126
125
124
124
124
123
124
125
123
125
126
126
127
128
129
126
126
126
128
133
126
123
123
123
124
125
125
124
125
127
129
127
125
123
124
126
125
125
124
125
125
125
126
126
132
130
128
125
125
122
122
123
122
123
125
125
125
125
125
126
126
126
126
126
126
125
124
125
125
126
127
127
126
126
124
124
124
126
125
125
123
51
125
125
125
125
125
125
125
125
125
125
125
125
125
125
125
125
125
125
125
125
125
125
125
125
125
125
125
125
125
125
125
125
125
125
125
125
125
125
125
125
125
125
125
125
125
125
125
125
125
125
125
125
125
125
125
125
125
125
125
125
125
125
125
125
125
125
125
125
126
125
125
125
126
126
126
126
126
126
125
125
125
126
126
125
126
126
126
126
125
125
125
126
126
125
126
126
125
126
126
126
126
126
125
126
126
125
125
126
126
126
126
126
126
126
126
126
126
125
126
126
126
126
125
126
126
126
126
126
126
126
126
126
125
126
125
125
126
126
126
126
126
126
125
126
126
125
126
125
125
125
126
125
125
125
125
125
125
125
125
125
126
125
125
125
126
125
126
125
126
125
126
126
126
126
126
126
126
125
125
125
126
126
126
125
125
125
125
125
125
126
126
125
125
126
125
125
125
126
126
125
125
126
126
126
125
125
125
126
126
125
125
126
125
126
125
125
126
125
126
126
125
126
126
125
126
126
125
125
125
126
126
125
126
126
126
126
125
125
126
126
126
125
125
125
125
126
125
126
125
126
125
126
125
125
126
126
126
126
126
125
125
126
125
126
125
126
126
126
126
126
126
126
126
125
126
125
126
125
126
125
126
126
126
126
126
125
125
125
125
125
125
125
125
125
125
125
126
125
125
126
125
125
126
125
125
125
125
126
125
125
125
125
125
125
125
125
125
125
125
125
125
125
125
126
126
125
125
125
125
126
125
125
125
125
125
125
125
125
125
125
125
125
125
125
125
125
125
125
125
125
125
126
125
126
