121
124
125
124
127
132
95
125
125
125
125
125
125
125
125
125
125
125
125
125
125
125
125
125
125
125
125
125
125
125
125
125
125
125
125
125
125
125
125
125
125
125
125
125
125
125
125
125
125
125
125
125
125
125
125
125
125
125
125
125
125
125
125
125
125
125
125
125
125
125
125
125
125
125
125
125
125
125
125
125
125
125
125
125
125
125
125
125
125
125
125
125
125
125
125
125
125
125
125
125
125
125
125
125
125
125
125
125
125
125
125
125
125
125
125
125
125
125
125
125
125
125
125
125
125
125
125
125
125
125
125
125
125
125
125
125
125
125
125
125
125
125
125
125
125
125
125
125
125
125
125
125
125
125
125
125
125
125
125
125
125
125
125
125
125
125
125
125
125
126
126
125
125
125
125
125
125
125
125
125
125
125
125
125
125
125
125
125
125
125
125
125
125
125
125
125
125
125
125
125
125
125
125
125
125
125
125
125
125
125
125
125
125
125
125
125
125
125
125
125
125
125
125
125
125
125
125
125
125
125
125
125
125
125
125
125
125
125
125
125
125
125
125
125
125
125
125
125
125
125
125
125
125
125
125
125
125
125
125
125
125
125
125
125
125
125
125
125
125
125
125
125
125
125
125
125
125
125
125
125
125
125
125
125
125
125
125
125
125
125
125
125
125
125
125
125
125
125
125
125
125
125
125
125
125
125
125
125
125
125
125
125
125
125
125
125
125
125
125
125
125
125
125
124
125
125
125
125
125
125
125
125
125
125
125
125
125
125
125
125
125
125
125
125
125
125
125
125
125
125
125
125
125
125
125
125
125
125
125
125
125
125
125
125
125
125
125
125
125
125
125
125
125
125
125
125
125
125
125
125
125
125
125
125
125
125
125
125
125
125
125
125
125
125
125
125
125
125
125
125
125
125
125
125
125
125
125
125
125
125
125
125
125
125
125
125
125
125
125
125
125
125
125
125
125
125
125
125
125
125
125
125
125
125
125
125
125
125
125
125
125
125
125
125
125
125
125
125
125
125
125
125
125
125
125
125
125
125
125
125
125
125
125
125
125
125
125
125
125
125
125
125
125
125
125
125
125
125
125
125
125
125
125
125
125
125
125
125
125
125
125
125
125
125
125
125
125
125
125
125
125
125
125
125
125
125
125
125
125
125
125
125
125
125
125
125
125
125
125
125
125
125
125
125
125
125
125
125
125
125
125
125
125
125
125
125
125
125
125
125
125
125
125
126
126
125
125
125
125
125
125
125
125
125
125
125
125
125
125
125
125
125
125
125
125
125
125
125
125
125
125
125
125
125
125
125
125
125
125
125
125
125
125
125
125
125
125
125
125
125
125
125
125
125
125
125
125
125
125
125
125
125
125
125
125
125
125
125
125
125
125
125
125
125
125
125
125
125
125
125
125
125
125
125
125
125
125
125
125
125
125
125
125
125
125
126
125
125
125
125
125
125
125
125
125
125
125
125
125
125
125
125
125
125
125
125
125
125
125
125
125
125
125
125
125
125
125
125
125
125
125
125
125
125
125
125
125
125
125
125
125
125
125
125
125
125
125
125
125
125
125
125
125
125
125
125
125
125
125
125
125
125
125
125
125
125
125
125
125
125
125
125
125
125
125
125
125
125
125
125
125
125
125
125
125
125
125
125
125
125
125
125
125
125
125
125
125
125
125
125
125
125
125
125
125
125
125
125
125
125
125
125
125
126
125
125
125
125
125
125
125
125
125
125
125
125
124
125
126
126
126
126
126
126
126
125
125
125
125
125
125
125
125
125
125
126
125
125
125
125
125
125
125
125
125
125
125
125
125
125
125
125
125
125
125
125
125
125
125
125
125
125
125
125
125
125
125
125
125
125
125
125
125
125
125
125
125
125
125
125
125
125
125
125
125
126
125
125
125
125
125
125
125
125
125
125
125
125
125
125
125
125
125
125
125
125
125
125
125
125
125
125
125
125
125
125
125
125
125
125
125
125
125
126
125
125
125
125
125
125
125
125
125
125
125
125
125
125
125
126
125
125
125
125
125
125
125
125
125
125
125
125
125
125
125
125
125
126
125
125
125
125
125
126
125
125
125
125
125
125
125
125
125
125
125
125
125
125
125
125
125
125
125
125
125
125
125
125
125
125
125
125
125
125
125
125
125
125
125
125
125
125
125
125
125
125
125
126
125
125
125
125
125
125
125
125
125
125
125
125
125
126
125
125
125
125
125
125
125
125
125
125
126
126
125
125
127
127
125
125
125
125
124
125
126
125
125
125
126
125
124
124
125
125
125
126
126
125
125
126
126
124
124
125
126
125
125
126
126
125
125
126
126
125
125
126
125
124
125
126
125
124
125
125
126
126
126
125
125
125
125
126
125
125
125
125
125
126
125
125
125
125
126
125
125
125
126
125
124
125
126
126
125
126
125
125
124
125
125
126
125
125
125
125
125
125
125
125
125
125
126
126
124
124
125
126
126
126
125
125
124
125
126
126
124
125
126
126
125
124
125
125
125
125
126
125
124
124
125
125
125
125
125
125
125
124
126
126
126
125
125
125
125
124
125
126
126
125
125
125
126
125
125
126
126
125
123
124
125
123
121
123
127
129
131
133
132
128
122
122
127
128
123
119
118
119
116
110
114
123
128
128
130
134
133
139
146
133
115
116
127
127
127
132
127
117
116
121
122
121
120
119
121
126
129
127
124
124
125
125
129
133
132
126
124
126
127
126
125
125
123
122
124
125
127
127
125
123
124
124
122
122
125
125
124
124
127
127
125
123
125
129
129
127
125
126
128
126
124
125
127
127
125
124
125
124
123
124
126
126
124
124
125
126
125
124
125
127
126
123
123
125
126
125
124
125
126
127
126
125
126
125
125
125
125
127
126
125
125
125
126
126
125
124
124
124
124
125
126
126
125
124
125
126
126
126
125
124
124
125
126
126
125
124
124
125
125
125
124
122
123
125
127
128
127
126
126
127
128
127
125
125
125
126
126
126
126
126
126
126
126
126
124
124
123
125
125
124
122
122
123
124
125
125
125
126
126
127
126
126
126
125
126
126
126
126
126
125
126
126
125
125
125
125
125
125
124
124
124
125
125
125
125
125
126
125
125
125
125
125
126
126
126
125
125
125
126
126
126
125
126
126
126
125
125
125
124
124
125
124
123
124
125
125
126
126
126
125
124
126
128
128
127
125
122
116
111
120
137
141
123
110
123
153
168
136
78
68
122
161
140
103
101
127
145
142
128
116
116
125
136
151
74
125
107
126
144
142
120
110
127
140
134
125
121
128
137
127
110
116
135
140
125
105
102
126
128
130
133
132
128
126
127
130
132
129
124
124
131
132
126
123
126
127
124
121
122
126
127
128
128
129
130
127
125
126
125
125
124
125
125
125
126
129
128
125
124
126
121
119
124
127
126
127
128
128
128
128
125
123
126
128
127
128
128
127
126
126
127
126
123
120
121
122
122
124
128
132
133
131
130
128
118
119
128
126
114
111
118
125
127
124
125
128
131
134
139
136
124
121
126
124
120
123
122
117
122
130
132
130
136
139
127
109
99
100
125
161
156
116
99
121
134
123
119
125
130
132
131
115
110
137
161
141
106
105
120
126
126
123
118
130
131
111
106
132
156
153
132
118
125
131
116
103
117
133
129
114
117
128
132
130
124
116
124
158
182
141
82
95
129
87
31
110
255
234
54
44
144
164
118
116
120
118
134
151
140
121
110
102
106
126
134
129
132
134
136
140
131
98
110
144
142
119
117
123
121
123
126
121
120
125
123
121
127
135
137
131
126
125
121
116
117
122
140
135
128
116
118
128
134
126
121
124
124
118
116
126
137
131
121
122
130
125
118
126
96
125
125
125
125
125
125
125
126
125
126
126
126
126
126
126
126
126
126
125
126
126
126
126
126
126
126
126
126
125
126
126
126
126
126
126
126
126
126
126
125
126
126
126
126
126
126
126
126
126
125
126
126
126
126
126
126
126
126
126
126
126
126
126
126
126
126
126
126
126
126
125
126
126
125
126
126
126
126
125
125
125
126
125
126
125
125
126
126
125
125
125
125
126
126
126
125
125
126
126
126
125
126
125
125
125
125
125
126
126
126
126
125
125
125
125
125
125
125
125
125
125
125
125
125
126
126
125
125
125
125
125
125
125
125
125
126
126
125
125
125
125
125
125
125
125
126
125
125
126
125
125
126
126
125
125
125
126
126
125
126
125
126
126
125
125
125
126
125
125
126
125
126
125
126
125
126
125
126
125
125
125
125
126
125
125
126
125
125
125
125
125
125
126
126
125
125
126
126
125
125
126
125
126
126
126
125
125
126
125
126
125
126
125
125
126
125
126
125
126
126
125
125
125
125
125
125
125
125
125
125
125
125
125
125
125
125
125
125
125
125
125
125
125
125
125
125
125
125
125
125
125
125
125
125
126
125
125
125
125
125
125
125
126
125
125
125
125
125
125
125
125
125
125
125
125
125
125
125
125
125
125
125
125
125
125
125
125
125
125
125
125
125
125
125
125
125
125
125
125
125
125
125
125
125
125
125
125
125
125
125
125
125
125
125
125
125
125
125
125
125
125
125
125
125
125
125
125
125
125
125
125
125
125
125
125
125
125
125
125
125
125
125
125
125
125
125
125
125
125
125
125
125
125
122
