126
126
124
124
125
126
58
126
126
126
126
126
125
125
125
125
125
126
125
125
126
125
126
125
125
125
126
125
125
125
126
126
125
125
126
126
125
126
126
125
126
125
126
125
126
126
126
125
125
125
125
125
125
125
125
125
125
125
125
125
125
125
125
125
125
125
126
125
125
125
125
125
125
125
125
125
125
125
125
126
126
125
125
125
125
125
125
125
125
125
125
126
126
125
125
125
125
125
125
126
125
125
125
125
125
125
125
125
125
125
125
125
125
125
125
126
126
125
125
125
125
125
125
125
125
125
125
125
125
125
125
125
125
125
125
125
125
125
125
125
125
125
125
125
125
125
125
125
125
125
125
125
125
125
125
125
125
125
125
125
125
125
125
125
125
125
125
125
125
125
125
125
125
125
125
125
125
125
125
125
125
125
125
125
125
125
125
125
125
125
125
125
125
125
125
125
125
125
125
125
125
126
125
125
125
125
125
125
125
125
125
125
125
125
125
125
125
125
125
125
125
125
125
125
125
126
125
125
125
125
126
125
125
125
125
125
126
126
125
126
125
125
126
125
126
126
125
126
125
126
125
125
125
125
126
125
125
125
126
125
126
126
126
126
126
126
126
126
126
126
125
126
126
126
125
126
126
126
126
126
126
126
126
126
126
126
126
125
125
125
125
126
125
126
126
126
126
126
126
126
126
125
125
125
125
125
126
125
125
126
126
126
126
125
126
125
125
125
125
126
125
125
125
126
126
125
125
125
125
125
126
126
126
125
126
125
126
125
125
126
125
125
125
126
126
125
126
125
125
125
125
125
125
126
125
126
125
125
125
125
126
126
126
125
126
126
126
126
126
125
125
125
126
126
126
125
126
126
126
126
125
125
125
126
126
126
125
125
125
125
125
125
125
125
125
125
126
126
126
126
126
126
126
126
125
125
125
125
125
125
126
126
126
126
126
126
126
125
125
125
126
126
125
125
126
126
126
125
125
125
125
126
125
125
125
126
126
126
126
125
125
125
125
125
126
126
125
125
125
125
125
125
125
125
125
126
126
126
126
125
125
125
125
125
125
125
125
125
125
125
125
126
125
126
125
125
125
125
126
125
125
125
125
125
125
125
125
125
125
125
125
125
125
125
125
125
125
125
125
125
125
125
125
125
124
126
126
126
126
126
126
125
124
124
125
125
125
122
121
123
126
129
133
135
126
113
115
129
137
129
124
128
125
111
110
133
150
131
92
91
156
202
135
31
70
191
214
100
45
106
154
170
143
93
95
147
154
115
98
110
121
143
163
133
88
94
137
156
146
129
106
95
110
136
150
143
117
107
126
133
120
122
136
129
112
112
124
132
135
134
127
123
120
114
116
134
145
134
119
117
123
128
128
125
124
124
126
127
125
124
125
127
125
121
119
124
132
132
125
118
120
127
130
132
131
128
124
122
124
125
122
121
122
124
127
130
132
130
127
124
121
122
125
129
130
125
120
118
121
126
130
130
127
124
123
124
125
127
127
126
124
124
125
126
127
128
127
126
124
122
122
123
124
125
126
127
128
127
125
124
124
125
126
126
126
126
126
125
124
124
125
126
126
126
125
125
125
125
125
125
125
126
127
128
127
125
123
122
123
123
124
126
127
128
128
127
126
125
125
124
125
125
125
125
125
125
125
125
125
126
126
126
126
126
125
125
125
125
125
125
125
125
126
127
127
126
125
124
124
124
125
125
126
126
126
126
126
126
126
125
125
125
125
125
125
125
126
126
127
126
125
125
125
125
125
125
125
125
125
125
125
125
126
125
126
126
126
126
126
125
125
125
125
125
125
125
125
125
125
125
125
125
125
125
125
126
125
125
125
125
125
125
125
125
125
125
126
126
126
126
125
125
125
125
125
125
125
125
125
125
125
125
125
126
126
126
126
126
125
125
125
125
125
126
126
126
125
125
125
125
126
126
126
125
125
125
123
125
127
126
123
124
126
124
123
127
127
122
124
130
127
124
126
128
124
122
126
128
126
123
123
126
126
124
125
128
127
124
122
125
127
125
123
124
125
125
126
126
126
121
126
128
125
124
124
126
127
126
123
126
130
126
121
124
127
127
126
127
128
124
121
125
125
124
123
128
130
127
124
126
128
128
126
124
125
126
126
124
122
124
127
126
125
124
126
128
127
125
126
127
125
126
128
126
123
125
128
126
123
124
127
127
125
124
127
124
124
125
129
127
122
123
129
130
125
123
125
126
127
129
127
123
125
126
124
124
128
127
123
124
126
125
126
126
126
127
128
123
119
122
128
131
129
124
122
125
128
127
125
124
125
125
126
125
125
124
125
126
126
127
126
125
125
125
126
126
125
124
124
125
126
126
126
125
125
125
126
127
127
127
127
126
126
126
125
125
125
125
125
125
125
125
125
126
127
127
125
124
124
124
125
126
126
125
125
126
126
127
126
125
126
126
126
126
126
125
126
126
126
125
125
125
125
126
126
126
125
125
125
125
125
125
125
125
125
126
126
126
126
126
126
126
126
125
125
125
125
125
126
126
126
126
126
128
127
125
125
125
124
125
125
125
125
125
126
126
125
125
125
125
125
125
125
126
125
125
125
126
125
124
125
125
125
125
125
128
127
126
125
125
125
125
125
125
125
125
125
125
125
125
126
126
126
126
126
126
126
126
126
126
125
125
125
125
125
125
124
124
124
125
125
125
125
125
125
125
125
125
126
125
125
125
125
125
125
125
125
126
126
126
126
126
125
125
126
125
125
126
125
125
125
126
126
125
124
125
125
124
125
125
125
125
125
125
125
125
126
126
125
124
125
125
125
125
125
125
126
126
126
125
125
126
126
125
125
126
125
125
125
125
125
125
125
125
125
125
132
121
124
126
125
125
126
126
126
126
125
125
125
125
125
126
125
125
125
125
125
125
126
126
126
126
126
125
125
126
126
126
125
125
125
126
126
116
119
128
125
127
129
128
127
127
127
126
125
126
126
126
126
126
126
126
126
125
126
125
124
125
127
127
126
126
127
121
127
126
125
125
126
126
127
128
127
125
126
127
128
127
126
126
125
126
126
125
125
124
124
124
125
125
125
125
125
126
126
127
127
127
127
127
127
126
125
124
124
124
125
126
126
127
126
126
126
126
126
125
124
124
125
125
125
125
125
126
127
126
126
125
125
126
126
126
126
126
125
125
126
126
125
125
126
126
126
126
126
126
125
126
126
125
125
125
125
126
125
125
125
125
125
125
125
126
125
125
126
126
126
126
126
126
126
126
126
125
125
126
126
125
126
126
126
126
126
126
125
125
125
125
125
125
126
126
125
125
126
126
125
126
126
125
124
125
126
126
125
125
126
128
127
126
124
130
125
124
126
125
122
122
125
128
128
127
125
124
124
127
127
126
124
123
124
123
124
125
126
125
125
125
128
128
127
127
127
128
128
126
124
123
123
124
125
126
126
126
127
127
134
129
126
123
123
121
122
123
122
123
126
126
126
125
125
125
125
126
126
125
126
126
125
126
125
125
125
125
126
125
126
126
135
141
101
128
124
126
127
128
126
125
126
126
125
126
125
124
125
126
125
124
124
126
125
124
126
126
126
126
125
125
126
125
125
125
125
126
126
126
126
126
126
126
125
126
126
125
125
126
126
126
125
126
126
125
125
125
125
126
126
125
126
126
126
126
125
126
126
118
118
125
124
123
127
128
129
129
129
128
128
128
128
125
125
126
124
127
124
125
126
127
127
125
125
127
125
124
125
125
126
125
125
126
125
124
124
123
122
124
124
124
124
125
125
126
125
126
126
126
126
126
126
125
125
125
126
125
126
126
127
126
126
125
126
125
125
125
124
125
125
126
126
124
125
125
126
126
126
125
59
125
126
126
126
126
126
126
126
126
126
126
126
126
126
126
126
126
125
126
126
126
126
126
126
126
125
125
126
126
126
126
126
125
125
126
126
125
125
126
126
125
125
125
126
125
126
125
126
125
126
125
125
125
126
126
125
125
126
125
126
125
126
125
126
126
125
125
126
125
125
126
126
125
126
125
126
126
125
125
126
125
126
125
125
126
126
126
125
126
125
126
126
125
125
126
125
125
126
126
126
125
125
125
125
125
125
125
125
125
125
125
125
125
125
125
125
125
125
125
125
125
125
125
125
125
125
126
126
125
125
125
125
125
125
125
125
125
125
125
125
125
125
125
125
125
125
125
125
125
125
125
125
125
125
125
125
125
125
125
125
125
125
125
125
125
125
125
125
125
125
125
125
125
125
125
125
125
125
125
125
125
125
125
125
125
125
125
125
125
125
125
125
125
125
125
125
125
125
125
125
125
125
125
125
125
125
125
125
125
125
125
125
126
125
125
126
126
126
125
125
126
126
126
126
126
126
126
126
126
126
126
125
125
126
126
126
126
125
125
126
126
126
125
126
126
126
126
126
126
126
125
125
126
126
126
126
126
126
126
125
126
126
126
125
126
125
126
126
126
125
126
125
126
125
125
126
125
125
125
125
125
125
125
125
125
126
125
125
125
126
126
125
125
125
125
125
125
125
125
125
125
125
126
126
125
125
125
126
125
125
125
125
125
125
125
125
125
126
125
125
125
125
125
125
125
125
125
125
125
125
125
125
125
125
125
125
126
125
125
126
125
125
125
125
125
125
125
125
126
125
125
125
125
125
