126
126
126
126
126
126
63
126
126
126
126
126
126
126
126
126
126
126
126
126
126
126
126
126
126
126
126
126
126
126
126
126
126
125
125
126
126
126
126
126
126
126
126
126
126
126
126
126
125
126
126
125
126
126
126
126
126
126
126
125
125
126
125
126
126
125
125
126
126
126
126
126
126
126
125
126
126
125
126
126
126
126
126
125
125
126
126
126
126
125
126
126
126
126
126
126
125
125
126
126
125
125
126
126
126
126
126
126
126
126
126
126
125
126
126
125
126
126
126
126
126
126
126
125
126
125
126
126
126
126
126
126
126
126
126
126
126
126
126
126
126
125
125
126
125
126
126
126
125
126
126
126
125
125
126
126
126
126
126
126
126
126
126
126
126
126
126
126
126
126
126
126
126
126
126
125
126
126
126
126
126
126
126
126
126
126
125
125
125
125
125
125
125
125
125
125
125
125
125
125
125
125
125
125
125
125
125
125
125
125
125
125
125
126
125
125
125
125
125
125
125
125
125
125
125
125
125
125
126
125
125
125
126
125
125
125
125
125
125
125
125
125
125
125
125
125
125
125
125
125
125
125
125
125
125
125
125
125
125
125
125
125
125
125
125
125
125
125
125
125
125
125
125
125
125
125
125
125
125
125
125
125
125
125
125
126
126
125
125
125
125
125
125
125
125
125
126
125
125
125
125
125
125
125
125
125
125
125
125
125
125
125
125
125
125
125
125
125
125
125
125
125
125
125
125
125
125
125
125
125
125
125
125
125
125
125
125
125
125
125
125
125
125
125
125
125
125
125
125
125
125
125
125
125
125
125
125
125
125
125
125
125
125
125
125
125
125
125
125
125
125
125
125
125
125
125
125
125
125
125
125
125
125
125
125
125
125
125
125
125
125
125
125
125
125
125
125
125
126
125
125
125
126
126
126
126
126
126
126
126
125
126
126
126
126
126
126
126
126
126
126
126
126
126
125
126
126
126
126
126
126
126
126
126
126
126
126
126
126
126
126
126
126
126
126
126
126
126
126
126
126
126
126
126
126
126
126
126
126
126
126
126
126
126
126
126
126
126
126
126
126
126
125
126
126
125
126
126
126
126
126
126
125
125
126
125
126
126
125
125
125
126
126
125
126
125
126
126
125
126
125
125
125
125
126
126
126
125
125
126
125
126
126
125
125
126
126
125
125
125
126
126
126
125
126
126
126
125
126
126
126
125
125
125
126
126
126
125
126
125
125
125
125
126
126
126
126
126
127
126
125
125
126
126
126
126
125
124
124
125
126
125
125
126
129
129
125
123
127
129
126
122
119
120
125
127
127
129
134
132
124
121
126
131
132
130
123
113
112
124
135
128
114
112
127
142
142
129
117
113
120
130
136
132
128
125
121
118
124
126
121
122
136
159
144
80
59
140
196
161
93
75
115
161
159
117
100
124
141
121
107
119
137
133
123
124
132
125
119
127
135
133
120
104
116
139
140
125
123
134
133
118
111
121
131
131
126
117
115
127
138
130
119
122
127
125
125
129
129
125
124
126
129
126
118
113
116
127
141
145
135
124
121
120
113
112
120
130
130
123
122
134
145
146
135
117
101
100
117
136
138
124
114
122
141
147
133
110
101
114
135
144
137
126
121
118
114
117
128
134
130
124
123
127
131
129
122
119
122
127
129
128
127
125
124
124
125
126
127
125
121
120
124
130
131
129
126
125
124
124
125
126
126
125
125
124
123
123
125
127
128
127
125
125
126
127
127
126
125
125
125
126
126
126
126
126
125
124
123
124
124
124
125
125
126
127
127
127
126
126
126
126
126
125
125
125
126
126
125
125
125
125
124
125
126
126
126
126
126
125
125
125
126
126
126
125
125
124
124
125
126
126
126
126
126
125
125
125
125
126
126
126
126
126
125
125
125
126
125
125
125
125
125
125
125
125
125
125
126
127
126
126
125
126
126
125
125
125
125
125
126
126
125
125
126
126
124
125
126
126
125
125
126
125
125
126
127
126
126
125
125
126
126
125
125
126
126
127
126
124
124
126
127
125
125
125
125
125
126
126
126
125
124
124
126
126
126
125
125
125
126
126
126
126
126
126
125
123
125
127
127
126
124
124
125
126
127
125
124
125
125
126
126
126
125
124
126
126
126
125
125
125
126
126
125
125
126
124
125
126
127
126
126
126
126
126
126
126
126
126
125
125
126
126
125
125
125
126
125
124
125
126
126
126
127
127
126
126
126
126
127
126
126
125
125
126
127
126
125
125
125
126
126
125
125
125
126
126
126
126
126
126
127
126
126
126
126
126
126
126
126
126
126
126
126
125
125
126
126
125
122
125
126
126
126
126
126
127
127
127
126
125
125
125
125
126
126
126
125
125
126
127
126
125
126
126
125
125
127
128
126
121
122
129
132
124
116
123
136
131
117
119
131
132
124
121
123
125
132
131
123
118
122
132
134
125
115
119
132
133
126
122
123
122
128
133
123
117
129
132
121
121
133
131
118
117
127
134
132
122
116
122
131
129
124
130
128
112
118
142
142
119
110
118
128
136
135
126
119
115
118
130
142
138
119
109
116
128
137
138
126
116
118
123
125
133
137
125
113
116
129
137
134
126
115
114
129
142
133
114
114
127
132
131
126
120
120
130
133
125
122
126
125
119
122
132
133
125
120
123
129
128
129
128
123
120
122
125
128
129
126
120
123
128
128
123
124
127
128
129
126
124
123
126
127
126
123
124
126
126
124
124
126
126
126
125
125
126
126
126
125
126
126
125
125
125
125
126
125
126
126
125
125
126
125
125
125
126
126
126
125
125
126
126
126
125
126
126
125
125
124
125
126
127
126
125
124
125
126
126
125
125
125
125
125
125
126
125
126
126
125
126
125
125
125
125
125
125
125
125
126
126
126
126
126
126
126
125
125
125
125
125
125
126
126
125
125
124
125
125
126
126
125
125
125
125
125
125
125
126
125
126
126
125
125
126
126
125
125
125
125
125
126
126
126
125
125
125
125
125
126
126
126
126
125
125
125
126
126
125
125
125
125
125
125
125
125
125
126
126
125
125
125
125
125
125
126
126
125
126
126
126
125
125
125
125
126
125
125
125
126
125
126
126
126
125
125
125
124
125
125
126
125
125
125
126
126
126
125
125
126
126
126
125
125
126
124
120
125
126
125
126
127
127
126
127
126
125
126
126
126
125
126
125
126
126
126
125
125
125
125
125
125
126
125
125
125
125
125
125
126
133
140
106
130
123
126
127
128
127
125
123
125
127
127
124
122
124
127
125
123
125
127
127
125
125
126
126
124
124
129
130
124
122
125
127
125
125
128
130
126
122
124
129
128
124
123
127
128
124
122
128
130
126
123
124
127
126
125
127
128
126
123
125
128
128
126
125
123
125
128
126
123
122
127
120
126
122
125
129
129
127
126
128
129
128
126
125
125
126
126
126
127
125
125
125
126
125
125
126
127
127
125
124
124
125
127
126
124
124
125
126
127
129
127
121
121
126
128
127
124
126
129
125
120
121
129
134
126
120
123
127
127
125
126
130
129
122
118
125
132
133
125
119
121
128
133
129
123
121
125
129
127
122
121
124
127
127
126
126
126
126
124
123
126
128
127
126
124
124
126
127
126
125
124
125
126
127
126
126
127
126
126
126
125
126
126
134
127
124
125
126
124
125
123
123
125
125
125
125
125
126
125
125
127
127
126
126
125
125
126
126
126
126
125
125
125
125
125
125
126
124
116
125
127
135
129
131
126
126
124
124
125
124
126
126
125
126
125
125
125
126
127
126
126
127
126
124
125
126
126
126
124
126
125
124
125
127
127
124
123
126
128
124
122
125
127
125
124
125
126
126
126
126
124
124
64
125
126
125
125
126
125
125
126
125
126
125
126
126
126
126
126
126
125
125
125
125
125
125
125
125
125
125
125
125
125
125
126
126
125
125
126
125
125
125
125
125
125
125
125
125
125
125
125
125
125
125
125
125
125
125
125
125
125
125
125
125
125
125
125
125
125
125
125
125
125
125
125
125
125
125
125
125
125
125
125
125
125
125
125
126
125
125
126
125
125
125
125
125
125
126
125
125
125
125
125
125
125
125
125
125
125
125
125
125
125
125
125
125
125
125
125
125
125
125
125
125
125
125
125
125
125
125
125
125
125
125
125
125
126
125
125
125
125
125
125
125
125
125
125
125
125
125
125
125
125
125
125
125
125
125
125
125
125
125
125
125
125
125
125
125
125
125
125
125
125
125
125
125
125
125
125
125
125
125
125
125
125
125
125
125
125
125
125
125
125
125
125
125
125
125
125
126
125
125
125
125
125
125
125
125
125
125
125
125
125
125
125
125
125
125
125
125
125
125
125
125
125
125
125
125
125
125
125
125
125
125
125
125
125
125
125
125
125
125
125
125
125
125
125
125
125
125
125
125
125
125
125
125
125
126
125
125
125
125
125
125
125
125
125
125
125
125
125
125
125
125
125
125
125
125
125
125
125
125
125
125
125
125
125
125
125
125
125
125
125
125
125
125
125
125
125
125
125
125
125
125
125
125
125
125
125
125
125
125
125
125
125
125
125
125
125
125
125
125
125
125
125
125
125
125
125
125
125
125
125
125
125
125
125
125
125
125
125
125
125
125
125
125
125
125
125
125
125
125
125
125
125
125
124
