127
128
126
125
124
125
26
125
125
125
125
125
125
125
125
125
125
125
125
125
125
125
125
125
125
125
125
125
125
125
125
125
126
125
125
126
125
125
126
126
126
126
126
126
125
126
126
126
125
125
126
125
126
125
125
125
125
126
126
126
125
125
125
125
126
125
125
126
126
126
126
126
126
126
126
126
126
126
126
126
126
126
126
126
126
126
126
126
126
125
125
125
125
126
126
126
125
125
125
125
126
126
126
126
126
126
126
126
125
125
125
126
126
125
125
125
126
126
125
126
126
126
125
125
126
125
125
126
126
126
126
126
126
125
126
126
126
126
125
126
126
126
125
125
125
126
126
126
126
125
126
125
126
126
126
125
126
125
126
126
125
126
126
126
125
126
126
125
126
126
126
126
125
126
126
125
126
126
126
125
126
125
126
125
126
126
126
126
126
125
125
125
125
125
126
126
125
126
125
125
126
126
125
126
125
125
126
126
126
126
126
126
126
126
126
126
126
126
125
126
125
125
125
125
125
125
125
125
125
126
125
126
126
126
126
126
126
125
126
126
125
125
125
126
125
125
125
126
126
126
125
125
125
125
125
125
125
125
125
125
125
125
125
126
125
125
125
125
126
126
126
125
126
125
125
125
125
125
126
125
125
125
125
125
125
126
126
126
127
125
125
125
125
125
126
126
125
126
126
126
125
125
125
126
125
126
126
126
126
125
126
126
126
126
126
125
126
126
126
125
125
125
126
125
125
125
125
126
126
126
126
126
126
126
126
126
125
125
125
126
126
125
125
125
126
126
126
126
126
126
125
125
126
126
126
125
125
126
126
126
126
126
126
126
126
125
125
126
126
125
125
125
126
125
125
125
125
126
126
125
125
125
126
126
125
125
125
126
125
125
126
126
125
125
125
125
125
125
125
126
126
125
125
126
127
126
125
125
125
125
125
125
125
125
125
125
125
125
125
125
125
126
125
125
125
126
126
125
125
125
125
125
125
126
126
125
125
124
125
126
126
127
127
126
125
126
126
124
122
123
124
127
130
132
130
125
119
118
120
123
126
129
128
128
127
125
124
125
129
129
125
121
119
121
125
127
127
128
131
130
124
119
120
125
129
129
125
121
122
125
127
125
123
125
128
130
127
122
120
125
131
132
124
118
120
127
130
126
122
123
127
131
130
125
118
117
124
132
129
121
119
128
135
131
118
112
121
137
140
123
110
118
135
139
123
111
120
135
133
121
117
125
130
127
121
123
129
128
123
121
127
128
123
123
129
127
120
122
130
128
124
125
125
123
125
125
124
128
130
124
119
123
130
128
125
125
126
123
124
129
129
124
121
122
126
129
127
125
125
125
124
125
127
126
125
124
125
126
124
123
125
126
127
126
124
123
125
126
127
126
125
125
125
126
124
124
125
127
127
125
124
124
125
125
125
125
125
126
126
125
125
125
125
125
125
125
126
126
126
125
125
125
125
125
125
125
125
125
125
125
125
125
126
125
125
125
125
125
126
125
125
125
126
125
125
125
125
125
125
125
126
126
125
125
125
125
125
125
125
125
125
125
125
125
125
125
126
126
126
126
126
126
125
125
125
125
125
125
125
125
125
125
125
125
125
125
125
125
125
125
125
125
125
125
125
125
125
125
126
125
126
124
124
125
126
125
126
126
126
125
126
126
126
125
125
126
126
126
126
126
126
126
125
126
125
126
125
125
123
125
125
126
126
127
127
126
126
126
125
125
126
126
126
125
125
126
126
126
126
126
125
125
126
126
126
125
125
125
126
126
126
125
125
126
126
126
126
125
125
126
126
126
126
126
126
126
126
126
126
126
126
126
126
126
126
126
125
125
126
126
126
125
125
125
126
125
125
125
126
126
126
125
125
126
126
126
126
125
125
126
125
125
125
126
125
125
126
126
126
126
125
126
126
126
125
126
126
126
125
126
125
126
126
125
125
125
126
126
126
126
126
126
126
125
126
126
126
126
126
126
125
125
126
125
125
125
125
125
126
126
126
126
126
125
125
126
126
126
126
125
126
126
126
126
125
125
126
126
126
126
126
126
126
126
125
126
125
125
125
125
125
125
125
126
126
126
126
126
126
126
126
126
126
125
125
125
125
125
126
126
125
125
126
126
126
126
128
126
125
125
125
125
125
125
125
125
126
125
125
125
125
125
126
126
126
126
126
125
125
125
125
125
125
125
125
125
125
125
126
125
125
126
129
135
133
119
106
111
131
141
136
127
123
109
108
135
154
135
103
105
136
145
118
109
129
138
128
125
118
120
136
131
110
115
134
137
130
122
123
126
125
115
114
125
135
135
127
124
122
128
134
127
111
113
130
136
131
122
117
121
131
131
123
121
129
131
127
126
123
117
118
126
130
128
124
124
127
126
125
126
127
125
123
124
127
132
122
121
122
126
129
126
124
126
127
122
120
126
129
127
125
126
127
127
126
125
125
126
126
124
124
125
126
127
127
126
125
125
125
125
125
126
125
124
126
125
125
126
127
127
127
126
126
126
126
126
125
125
125
125
126
126
125
125
126
127
126
125
124
125
126
126
123
125
126
126
126
127
126
126
127
127
127
126
125
125
125
125
125
125
125
125
125
126
126
126
127
126
126
126
126
126
126
125
125
125
126
126
126
125
125
125
126
126
125
126
126
125
125
125
125
125
125
125
125
125
126
126
125
125
125
126
126
126
126
126
126
126
125
125
126
126
125
126
126
126
125
125
126
125
125
125
125
125
125
126
125
126
126
126
126
126
126
126
126
126
126
126
126
126
125
125
125
125
126
126
126
125
125
125
125
125
125
125
125
125
126
126
125
125
125
125
125
125
125
125
125
125
125
125
125
126
126
125
125
126
125
125
125
126
125
125
125
125
125
125
125
126
125
125
125
125
125
125
125
125
125
125
126
125
125
125
125
125
125
125
125
125
125
126
125
125
125
125
125
125
125
125
125
125
125
126
126
126
125
126
126
125
125
125
125
126
125
125
125
125
125
125
125
125
125
125
126
125
126
125
125
125
125
125
125
125
125
126
125
125
126
125
126
125
125
126
125
125
125
126
125
125
125
125
125
125
126
126
129
128
126
125
126
124
124
124
124
125
125
125
125
125
125
125
125
126
126
125
125
125
126
125
125
125
126
125
125
125
125
125
125
125
125
125
125
125
125
126
126
125
125
125
125
125
124
125
125
125
125
125
126
126
126
126
126
125
125
126
125
125
125
125
126
125
126
126
125
125
125
125
125
125
125
125
125
125
125
125
125
125
125
125
125
125
125
125
125
125
126
126
126
125
125
125
125
125
125
125
125
125
126
126
125
126
125
125
126
126
125
126
124
125
126
125
125
125
125
125
125
125
125
125
125
126
125
125
124
125
125
125
125
125
125
125
125
125
126
125
125
125
126
126
126
125
126
126
125
125
125
125
125
125
125
125
125
125
126
126
125
125
125
125
125
125
126
126
125
125
125
125
125
126
125
125
125
125
125
125
125
125
125
125
125
126
125
120
95
130
124
128
127
129
129
127
128
127
125
126
126
126
126
126
126
126
125
126
126
126
126
126
126
126
126
126
126
126
126
126
126
126
126
124
71
121
129
129
131
132
132
130
130
129
128
128
127
127
127
127
126
127
126
127
127
126
127
126
127
125
126
127
126
125
115
126
124
126
126
130
129
128
130
128
128
128
127
126
126
125
126
126
126
126
125
125
126
125
125
125
125
125
125
125
126
126
125
125
125
125
125
125
125
125
125
125
125
125
125
124
125
125
125
126
125
126
126
126
126
126
126
125
125
125
125
125
125
126
126
126
125
125
125
126
126
125
125
126
126
126
126
125
125
125
126
125
127
126
125
124
124
125
25
125
125
125
125
125
125
125
126
125
125
125
125
125
125
125
125
125
125
125
125
125
125
125
125
125
125
125
125
125
125
125
125
125
125
125
125
126
125
125
125
125
125
125
125
125
125
125
125
125
125
125
125
125
125
125
125
125
125
125
125
125
125
125
125
125
125
125
125
125
125
125
125
125
125
125
125
125
125
125
125
125
125
125
125
125
125
125
125
125
125
125
125
125
125
125
125
125
125
125
125
125
125
125
125
125
125
125
126
125
125
125
125
125
125
125
125
126
126
125
125
126
125
125
125
125
125
125
126
126
125
125
125
125
126
125
125
125
125
125
125
125
125
125
125
125
125
125
125
125
125
125
125
125
125
125
125
126
125
126
125
125
125
125
125
126
125
126
125
126
125
126
125
125
126
125
125
125
125
125
125
125
125
125
125
125
126
125
125
125
125
125
125
125
125
125
125
125
125
125
125
125
125
125
125
125
125
125
125
125
125
125
125
125
125
125
125
125
125
125
125
125
125
125
125
125
125
125
125
125
125
125
125
125
125
125
125
125
125
125
125
125
125
125
125
125
125
125
125
125
125
125
125
125
125
125
125
125
125
125
125
125
125
125
125
125
126
125
125
125
125
125
125
125
125
125
125
126
125
125
125
125
125
126
125
125
125
126
125
125
125
125
125
125
125
125
125
125
125
126
126
125
125
125
125
125
125
125
125
125
126
125
125
125
126
125
125
125
125
125
125
125
125
125
125
125
126
126
125
125
125
125
125
125
125
125
125
125
125
125
125
125
125
125
125
125
125
125
125
125
125
125
125
125
127
