127
87
94
133
121
129
96
125
125
126
126
125
125
125
125
125
125
125
125
125
125
125
125
126
125
125
125
125
125
125
125
125
125
125
125
125
125
125
125
125
125
125
125
125
125
125
125
125
125
126
125
125
125
125
125
125
125
125
125
125
125
125
125
125
125
125
125
125
126
125
125
125
125
125
125
125
125
125
125
125
125
125
125
125
125
125
125
125
125
125
125
125
125
125
125
125
125
125
125
125
125
125
125
125
125
125
125
125
125
125
125
125
125
125
125
125
125
125
125
125
125
125
125
125
125
125
125
125
125
125
125
125
125
125
125
125
125
125
125
125
125
125
125
125
125
125
125
125
125
125
125
125
125
125
125
125
125
125
125
125
125
125
125
125
125
126
125
125
125
125
125
125
125
125
125
125
125
125
125
125
125
125
125
125
125
125
125
125
125
125
125
125
125
126
125
125
125
125
125
125
125
125
125
125
125
125
125
125
125
125
125
125
125
125
125
125
125
125
125
125
125
125
125
125
125
125
125
125
125
125
125
125
125
125
125
125
125
125
125
125
125
125
125
125
125
125
125
125
125
125
125
125
125
125
125
125
125
125
125
125
125
125
125
125
125
125
125
125
125
125
125
125
125
125
125
125
125
125
125
125
125
125
125
125
125
125
125
125
125
125
125
125
125
125
125
125
125
125
125
125
125
126
124
125
125
125
125
125
125
125
125
125
125
125
125
125
125
125
125
125
125
125
125
125
125
125
125
125
125
125
125
125
125
125
125
125
125
125
125
125
126
125
125
125
125
125
125
125
125
125
125
125
125
125
125
125
125
125
125
125
125
125
125
125
125
125
125
125
125
125
125
125
125
125
125
125
125
125
125
125
125
125
125
125
125
125
125
125
125
125
125
125
125
125
125
125
125
125
125
125
125
125
125
125
125
125
125
125
125
125
125
125
125
125
125
125
125
125
125
125
125
125
125
125
125
125
125
125
125
125
125
125
125
125
125
125
125
125
125
125
125
125
125
125
125
125
125
125
125
125
125
125
125
125
125
125
125
125
125
125
125
125
125
125
125
125
125
126
125
125
125
125
125
125
125
125
125
125
125
125
125
125
125
125
125
125
125
125
125
125
125
125
125
125
125
125
125
125
125
125
125
125
125
125
125
125
125
125
125
125
125
125
125
125
125
125
125
125
125
126
126
125
125
125
125
125
125
125
125
125
125
125
125
125
125
125
125
125
125
125
125
125
125
125
125
125
125
125
125
125
125
125
125
125
125
125
125
125
125
125
125
125
125
125
125
125
125
125
125
125
125
125
125
125
125
125
125
125
125
125
125
125
125
125
125
125
125
125
125
125
125
125
125
125
125
125
125
125
125
125
125
125
125
125
125
126
124
125
125
125
125
125
125
125
125
125
125
125
126
125
125
126
125
125
125
124
125
125
125
126
126
126
126
126
126
126
126
125
126
125
126
126
125
125
125
125
126
125
125
126
126
126
126
126
126
126
126
126
126
126
126
125
126
126
126
126
126
126
126
125
125
126
125
124
125
125
125
126
126
126
126
126
126
126
126
125
125
125
125
125
126
126
126
125
125
126
126
125
126
125
125
126
125
125
125
126
126
125
125
126
125
125
125
126
126
125
125
125
125
125
125
126
125
125
126
126
125
125
126
126
126
125
125
125
125
126
125
125
126
126
125
126
126
126
125
126
125
125
125
125
126
125
125
126
126
125
126
125
126
126
125
126
126
126
125
125
125
125
126
126
125
125
126
126
125
125
125
125
126
125
125
125
126
126
125
125
126
126
125
125
125
126
125
126
125
126
125
126
126
125
125
125
125
125
126
126
126
125
125
125
126
126
126
126
126
125
126
126
125
126
126
125
127
127
126
125
125
125
125
125
125
125
125
125
125
125
126
126
125
126
126
126
126
125
125
127
126
125
125
125
125
125
125
125
125
125
125
125
125
125
125
125
125
125
125
125
125
125
125
125
125
125
125
125
125
125
125
125
125
125
125
125
125
125
125
125
125
125
125
125
125
125
125
125
125
125
125
125
125
126
125
125
125
125
125
125
125
125
125
125
125
125
125
125
125
125
125
125
125
125
125
125
125
125
125
125
125
125
125
125
125
125
125
125
126
126
125
125
125
125
125
125
125
125
125
125
125
125
125
125
125
125
125
125
125
125
125
126
125
125
125
125
125
126
125
125
125
125
125
125
127
124
125
125
125
125
125
126
126
126
125
125
126
125
125
125
126
126
125
126
126
125
125
126
126
125
125
126
126
125
125
125
125
125
125
126
126
125
125
126
126
125
125
126
125
124
126
126
125
125
125
125
125
125
125
125
125
125
126
125
125
124
125
126
126
126
126
125
122
124
125
126
125
126
126
126
126
126
126
125
125
125
126
126
125
126
126
125
125
125
126
125
125
125
125
125
125
125
125
126
125
125
125
126
125
125
125
125
125
125
126
125
125
124
125
126
126
126
125
125
124
125
126
126
125
125
126
126
125
125
125
125
126
125
126
126
125
124
125
126
125
125
125
125
125
125
125
126
126
125
125
126
126
125
125
126
126
125
125
126
127
125
124
125
126
126
123
124
125
123
122
123
126
130
133
133
131
124
121
122
128
129
124
119
117
119
121
119
117
120
123
126
133
137
132
127
137
144
130
115
118
125
127
131
131
121
114
118
124
124
121
119
120
124
129
129
126
124
128
125
128
132
132
126
123
125
126
126
126
125
124
122
122
125
127
126
125
123
122
122
123
124
125
125
124
125
126
127
127
126
125
125
126
128
128
126
125
125
126
126
127
126
125
124
125
125
125
125
124
124
124
125
126
125
125
125
126
126
125
125
125
124
124
125
125
126
126
125
125
126
126
126
125
126
122
127
126
124
125
126
125
125
126
126
125
125
124
124
126
126
126
125
125
126
126
118
115
126
125
127
128
128
127
127
127
126
125
125
125
125
126
126
127
126
125
126
127
127
127
125
126
127
128
127
127
126
127
127
126
126
125
125
126
125
123
122
123
125
125
125
122
122
124
126
125
126
127
127
128
129
127
127
127
127
127
126
125
126
126
126
125
125
125
125
124
124
125
125
125
124
126
125
125
125
125
126
126
126
125
126
125
126
126
126
125
126
127
127
126
125
126
126
125
126
125
125
124
125
125
125
125
126
126
125
124
126
127
127
127
126
126
127
127
127
124
118
114
121
137
138
123
112
120
140
146
135
127
127
111
92
109
138
132
113
129
147
132
116
117
120
130
136
131
129
124
110
120
146
147
125
114
126
138
123
100
109
146
152
114
92
114
142
139
122
117
123
128
129
127
125
124
126
126
126
130
132
131
127
122
121
125
126
125
125
123
122
123
126
128
128
131
126
125
126
124
120
123
128
127
123
123
127
130
125
122
124
127
129
127
126
124
125
127
128
125
124
131
128
127
122
117
123
131
129
123
124
125
127
130
123
115
120
126
131
132
120
111
124
142
140
123
111
125
147
138
113
111
120
111
106
121
134
131
130
137
142
134
124
119
119
126
132
127
121
121
126
128
123
117
114
118
125
130
129
131
135
136
127
121
118
122
119
116
124
136
136
116
108
128
140
128
121
129
130
121
114
123
135
139
133
122
118
120
118
114
118
134
147
139
118
110
124
121
113
140
148
111
92
121
146
150
152
133
92
91
132
148
130
120
115
115
122
115
102
136
193
159
76
73
129
153
140
129
122
113
115
134
144
124
106
128
143
110
88
131
174
152
99
89
123
143
140
127
114
110
113
123
137
141
142
135
119
107
109
129
119
123
129
121
118
128
136
135
123
114
114
127
140
138
125
115
117
122
126
131
132
128
124
126
132
133
127
124
121
122
124
97
126
125
126
126
125
126
126
126
126
126
125
126
125
126
125
126
126
125
125
126
126
125
126
126
126
126
126
126
126
126
126
125
125
126
126
126
125
125
125
126
126
126
126
126
125
126
126
125
125
126
126
126
126
125
125
126
125
126
125
125
126
125
125
126
125
126
126
125
126
126
126
126
126
126
126
126
126
126
126
126
126
126
126
126
125
125
125
125
125
125
126
125
125
125
125
125
126
125
126
126
125
125
125
125
126
126
126
125
125
125
125
125
125
125
125
125
125
125
125
125
126
125
125
125
125
125
125
125
125
125
125
125
125
125
125
125
125
125
125
125
126
125
125
125
125
125
125
125
125
125
125
125
125
125
125
125
125
125
125
125
125
125
125
125
125
125
125
125
125
125
125
125
125
125
125
125
125
125
125
125
125
125
125
125
125
125
125
125
125
125
125
125
125
125
125
125
125
125
125
125
125
125
125
125
125
125
125
125
125
125
125
125
125
125
125
125
125
125
125
125
125
126
125
125
125
125
125
126
126
125
126
126
126
125
125
125
126
125
125
126
125
125
125
125
125
125
125
125
125
125
126
125
126
125
125
125
125
126
126
125
126
125
125
126
126
125
126
126
125
125
126
126
126
126
126
126
126
126
126
126
125
126
126
126
126
126
125
126
125
125
126
126
126
126
125
126
126
125
126
125
125
126
125
125
125
125
126
126
125
125
125
125
126
125
126
126
126
125
125
125
125
126
125
125
126
126
126
126
126
126
125
125
126
125
125
126
125
125
125
126
126
126
125
126
126
125
125
125
125
125
125
126
125
96
