126
125
125
126
125
124
42
125
125
125
125
125
125
125
125
125
125
125
125
125
125
125
125
125
125
125
125
125
125
125
125
125
125
125
125
125
125
125
125
125
125
125
125
125
125
125
125
125
125
125
125
125
125
125
125
125
125
125
125
125
125
126
125
125
125
125
126
126
126
126
126
126
126
126
126
126
126
125
125
126
126
126
126
126
126
125
126
125
125
125
126
126
126
126
126
126
126
126
126
126
126
126
126
126
126
126
126
126
126
125
126
126
126
126
126
126
126
126
126
126
126
126
126
126
126
126
126
126
125
125
126
125
126
125
126
126
125
125
126
126
126
126
126
126
125
125
126
126
126
126
125
126
126
126
126
126
126
126
126
126
126
126
126
126
126
125
126
126
126
126
125
125
125
126
125
126
125
125
126
126
126
125
126
126
126
126
125
126
126
126
125
126
126
126
125
125
126
125
126
126
126
126
126
126
125
125
126
125
125
126
125
126
126
126
126
126
125
126
126
125
126
126
126
125
126
125
126
126
126
125
126
126
125
125
126
126
126
126
125
126
126
126
126
126
125
126
126
126
126
125
125
126
126
126
126
126
126
126
126
125
126
126
126
126
126
126
126
126
126
126
125
126
126
126
126
126
126
126
126
125
126
125
125
125
126
126
125
126
125
126
125
125
125
125
125
125
125
125
126
126
126
125
126
125
125
126
125
125
125
125
126
126
126
126
125
126
125
125
125
125
125
125
125
125
125
125
125
125
125
125
125
125
125
125
125
125
125
125
125
125
125
125
125
125
125
125
125
125
125
125
125
126
125
125
125
125
125
125
125
125
125
125
125
125
125
125
125
125
125
125
125
125
125
125
125
125
125
125
125
125
125
125
125
125
125
125
125
125
125
125
125
125
125
125
125
125
125
125
125
125
125
125
125
125
125
125
125
125
125
125
125
125
125
125
125
125
125
125
125
125
125
125
125
125
125
125
125
125
125
125
125
125
125
125
125
125
125
125
125
125
125
125
125
125
125
125
125
125
125
125
125
125
125
125
125
125
125
125
125
125
125
125
125
125
125
125
125
125
125
125
125
125
125
125
125
125
125
125
125
125
125
125
125
125
125
125
125
125
125
125
125
125
125
125
125
125
125
125
125
125
125
125
125
125
125
125
126
126
125
125
125
125
126
126
126
125
125
125
126
125
123
123
124
121
118
117
126
139
145
143
134
110
96
110
136
133
110
120
149
145
121
112
124
131
128
123
121
127
127
122
122
119
122
136
138
120
103
111
131
144
145
131
115
125
140
122
97
111
138
134
129
138
133
117
113
122
126
126
129
123
118
129
137
125
117
128
134
126
120
118
127
145
138
100
92
143
176
132
73
83
140
171
143
96
106
153
151
103
97
143
160
125
93
107
137
141
122
111
124
145
145
121
108
119
128
120
122
140
142
121
113
126
126
115
121
132
128
123
132
137
126
110
108
127
146
146
130
118
116
117
118
122
129
132
128
124
124
125
125
125
125
126
127
127
127
128
125
120
123
130
129
122
119
123
127
128
128
125
123
126
129
129
127
126
124
124
126
127
125
124
125
126
123
122
123
126
128
126
125
124
125
127
128
128
127
126
127
126
125
123
123
125
126
127
126
126
126
127
126
125
124
124
125
125
125
124
125
126
127
129
129
127
124
122
124
126
127
126
125
125
126
125
125
125
126
127
128
125
125
125
125
125
125
125
125
125
126
127
127
127
126
125
125
125
125
125
125
125
126
127
127
126
125
125
125
125
124
124
125
125
127
127
126
125
127
126
126
126
125
124
125
125
126
125
126
126
126
126
125
124
125
125
125
126
126
126
126
126
125
125
125
125
126
126
126
125
125
125
125
125
125
124
125
125
126
126
126
126
125
125
126
126
126
125
125
126
126
125
125
124
125
126
126
126
126
125
125
125
125
125
125
124
125
125
125
125
125
126
127
126
125
124
124
124
126
126
125
124
125
126
126
125
124
125
126
126
125
124
124
126
128
128
125
123
124
124
125
124
124
127
129
127
124
125
127
127
126
124
123
122
122
124
123
119
121
128
135
136
130
122
121
126
129
127
123
122
125
129
127
122
122
125
128
127
125
123
123
126
128
126
125
126
126
126
126
126
125
125
126
123
125
126
126
125
126
126
127
127
125
124
126
128
127
126
125
125
125
125
125
125
126
127
127
126
125
125
125
126
126
123
127
127
126
127
127
125
122
123
127
128
127
125
125
126
127
125
123
125
128
126
124
126
128
127
124
124
125
126
126
124
124
126
126
126
127
127
125
124
125
127
125
123
125
126
126
126
125
126
127
125
125
126
127
127
126
125
124
124
125
125
125
126
126
126
126
127
127
126
125
125
126
126
125
124
124
124
125
127
126
126
126
126
125
126
128
126
124
123
127
129
126
123
123
125
125
125
127
127
125
124
125
127
128
126
124
124
125
126
127
127
127
123
122
125
128
128
126
124
125
125
126
126
126
125
125
125
126
126
126
126
126
126
126
125
125
125
125
125
125
125
125
125
125
126
127
126
126
129
126
126
125
125
124
124
125
124
125
126
126
125
124
125
126
125
125
126
126
125
125
125
126
127
126
126
126
126
126
125
125
125
125
125
126
125
125
125
125
126
126
125
125
125
127
128
125
125
125
125
125
125
125
125
125
125
125
125
126
125
125
126
126
125
125
125
125
126
126
125
125
125
125
125
126
126
125
125
126
126
125
125
125
125
126
126
125
125
126
126
126
125
125
125
125
125
125
125
125
125
125
125
125
125
125
125
126
125
125
125
126
126
125
127
106
128
123
127
126
128
128
127
127
126
125
126
126
126
126
126
126
126
126
126
126
126
126
126
127
126
125
125
126
127
126
125
125
128
127
125
124
126
127
126
125
125
125
126
127
125
125
125
126
126
126
125
125
126
126
125
125
125
126
126
125
125
126
126
125
125
120
125
126
126
127
127
126
126
127
126
126
126
126
126
126
125
125
125
126
126
125
125
125
125
126
126
125
125
125
125
125
126
125
125
125
126
125
125
125
125
125
125
124
125
125
125
126
125
125
125
125
126
126
125
125
125
124
125
126
127
126
124
124
125
125
126
127
126
124
123
125
127
127
125
123
125
126
126
125
125
125
126
126
125
125
125
125
126
126
126
126
125
125
126
126
126
125
125
126
125
125
125
126
126
126
125
125
125
125
125
126
125
126
125
125
125
125
126
126
126
125
125
126
126
125
124
125
126
126
125
124
125
126
125
126
125
126
125
125
125
125
125
126
125
125
125
125
125
132
127
126
124
124
123
125
125
123
123
125
126
126
125
124
125
125
126
125
126
126
126
126
126
125
125
125
125
125
125
125
125
125
126
126
125
125
125
126
126
124
124
125
126
126
125
125
126
126
126
126
125
125
125
125
126
125
125
125
125
125
126
126
125
125
125
126
126
125
125
125
125
125
124
125
124
126
126
126
125
126
125
126
125
125
126
126
125
125
125
126
126
125
126
125
125
126
126
126
126
125
125
125
125
126
125
125
126
126
125
125
125
125
125
125
125
125
125
126
126
125
125
125
125
125
126
125
125
125
126
126
125
125
126
125
125
125
125
124
125
126
125
125
125
124
125
125
125
125
125
125
125
125
126
126
125
125
125
126
126
126
125
125
125
126
126
125
125
125
124
125
125
125
125
125
125
125
125
124
125
124
124
125
125
125
125
125
125
125
126
126
126
125
125
125
125
125
126
126
125
125
125
125
125
125
125
125
125
125
126
126
126
125
125
125
126
125
126
125
125
126
124
125
139
115
98
123
125
126
131
130
130
128
128
126
126
126
125
125
126
126
126
126
126
126
125
126
119
71
123
41
125
126
126
126
126
125
126
126
126
126
126
125
125
126
125
126
125
126
126
125
126
126
125
126
125
126
126
126
126
125
126
126
126
126
126
125
125
126
126
126
126
126
125
125
125
126
126
126
126
126
126
126
126
126
125
126
126
126
126
126
126
126
126
126
126
126
126
125
125
125
125
125
125
125
125
125
125
125
125
125
125
125
126
125
125
125
125
125
125
126
126
125
125
125
125
125
125
125
125
125
125
125
125
125
125
125
125
125
125
125
125
125
125
125
125
125
125
125
125
125
125
125
125
125
125
125
125
125
125
125
125
125
125
125
126
125
125
125
125
125
125
125
125
125
125
125
125
125
125
125
125
125
125
125
125
125
125
125
125
125
125
125
125
125
125
125
125
125
125
125
125
125
125
125
125
125
125
125
125
125
125
125
125
125
125
125
125
125
125
125
125
125
125
125
125
125
125
125
125
125
125
125
125
125
125
125
125
125
125
125
125
125
125
125
125
125
125
126
125
125
126
126
125
125
125
125
125
125
126
126
125
125
125
125
125
125
125
125
125
125
125
125
125
125
125
125
125
125
125
125
125
125
125
125
125
125
125
126
125
125
125
125
125
125
125
125
125
125
125
125
126
125
126
125
126
126
125
126
125
125
125
126
125
125
126
125
125
125
125
125
125
125
125
125
125
125
125
125
125
125
125
125
125
125
125
125
125
125
125
125
125
125
125
125
125
125
125
125
125
125
125
125
125
125
125
125
125
125
125
125
125
126
125
126
125
125
125
125
125
125
126
125
125
125
125
125
125
125
125
125
125
125
125
125
