130
129
128
127
127
126
62
125
125
125
125
125
125
125
125
126
125
125
125
125
125
125
125
125
125
125
125
125
125
125
125
126
125
125
126
125
125
125
125
125
125
125
125
125
125
125
126
126
125
125
125
125
125
125
125
125
125
125
125
125
125
126
125
125
125
125
125
125
125
125
125
125
125
125
125
125
125
125
125
125
125
125
125
125
125
125
125
125
125
125
125
125
125
125
125
125
125
125
125
125
125
125
125
125
125
125
125
125
125
125
125
125
125
125
125
125
125
125
125
125
125
125
125
125
125
125
125
125
125
125
125
125
125
125
125
126
126
125
125
125
125
125
125
125
125
125
125
125
125
125
125
125
125
125
125
125
125
125
125
125
125
125
125
125
125
125
125
125
125
125
125
125
125
126
126
125
125
125
125
125
125
125
126
125
125
125
125
125
125
125
125
125
125
125
125
125
125
125
125
125
125
125
125
125
125
125
125
125
125
125
125
125
125
125
125
125
125
125
125
125
125
125
125
125
125
125
125
125
125
125
125
125
125
125
125
125
125
125
125
125
125
125
125
125
125
125
125
125
125
125
125
125
125
125
125
125
125
125
125
125
125
125
125
125
125
125
125
125
125
126
125
125
125
125
125
125
125
125
125
125
125
125
125
125
125
125
125
125
125
125
125
125
125
125
125
125
125
125
125
125
125
125
125
125
125
125
125
125
125
125
125
125
125
125
125
125
125
125
125
125
125
125
125
125
125
125
125
125
125
125
125
125
125
125
125
125
125
125
125
125
125
125
125
125
125
125
125
125
125
125
125
125
125
125
125
125
125
125
125
125
125
125
125
125
125
125
125
125
125
125
125
125
125
125
125
125
125
125
125
125
125
125
125
125
125
125
125
125
125
125
125
126
126
125
125
125
125
125
125
125
125
125
125
125
125
125
125
125
125
125
125
125
125
125
125
125
125
125
125
125
125
125
125
125
125
125
125
125
125
125
125
125
125
125
125
125
125
125
125
125
125
125
125
125
125
125
125
125
125
125
125
125
124
125
125
125
126
126
125
125
126
126
125
125
126
125
126
126
126
126
126
126
125
125
125
126
126
126
126
126
126
126
125
125
125
126
125
126
126
126
126
126
126
125
126
126
126
126
125
126
126
126
126
126
126
126
126
126
125
125
126
126
126
126
126
126
126
126
126
125
125
126
126
125
125
125
126
125
125
126
126
126
127
126
126
126
125
125
126
127
127
126
124
124
126
126
125
125
125
125
126
126
125
125
125
126
126
125
125
125
126
127
125
123
124
127
129
127
124
122
123
126
129
128
127
124
119
118
125
136
141
126
101
101
134
159
149
124
101
94
114
155
169
148
109
76
82
128
167
145
110
107
128
146
140
107
92
129
171
160
113
86
104
138
139
122
122
133
133
126
120
118
123
128
129
124
119
119
125
130
128
127
130
134
129
119
115
121
132
135
128
123
123
119
114
124
139
139
125
118
122
124
125
127
126
120
119
125
134
138
132
119
113
120
129
131
130
130
127
122
121
124
127
126
124
124
129
128
124
122
125
128
127
123
122
124
124
123
124
127
128
125
124
126
130
131
128
124
123
123
123
123
125
126
126
124
125
127
127
125
124
124
126
127
127
126
123
122
122
124
127
130
128
123
123
127
130
128
125
123
124
125
124
124
126
127
126
125
125
126
126
126
125
124
125
125
125
125
125
126
126
126
126
126
125
125
125
125
126
126
125
124
124
124
124
124
125
126
126
126
125
125
125
125
125
125
126
126
126
126
125
125
125
125
125
125
124
125
125
125
125
126
126
126
126
126
126
125
125
125
125
125
125
126
126
127
126
126
125
125
125
125
125
125
125
125
125
125
125
125
126
126
126
126
126
125
125
125
125
125
125
125
126
126
126
126
125
125
125
125
125
125
125
125
125
125
126
126
126
126
125
125
126
125
125
125
125
125
125
125
125
125
125
125
125
126
126
126
125
126
126
125
125
125
125
125
125
124
124
125
125
125
125
125
126
126
126
125
126
126
126
125
126
126
125
125
126
126
125
125
125
125
126
125
125
124
125
125
125
125
125
125
125
126
126
126
126
126
126
125
125
125
125
125
125
125
125
125
126
126
125
126
126
125
125
125
126
125
125
127
126
126
125
125
125
125
125
125
125
125
125
125
125
126
125
125
125
125
125
126
126
126
125
125
126
126
126
125
125
125
125
125
124
123
125
126
125
126
126
126
126
126
126
125
125
125
125
125
125
125
125
126
126
125
125
125
125
125
125
125
125
125
125
125
125
125
125
125
125
125
125
125
125
126
125
125
125
125
125
125
126
126
125
125
125
125
125
126
125
125
125
125
125
125
125
126
126
125
125
125
125
125
125
125
126
125
125
125
125
125
125
125
125
125
125
125
125
125
125
126
126
125
125
126
126
126
125
125
126
126
125
125
125
125
126
125
125
125
126
125
125
125
125
126
126
125
125
125
125
125
125
125
125
125
126
126
125
125
125
125
125
126
125
125
125
125
125
126
126
126
125
125
125
126
126
126
124
123
125
125
126
125
123
124
127
128
127
125
124
125
126
125
124
124
125
126
125
126
126
126
125
125
125
125
126
126
126
125
125
125
125
126
125
125
125
126
126
125
125
125
126
126
125
124
124
125
126
126
126
125
125
125
126
126
125
125
125
125
126
125
126
126
126
125
125
125
125
126
125
124
125
125
126
126
125
129
127
126
125
125
124
124
125
124
124
125
126
126
125
125
125
125
126
126
125
125
126
126
125
125
125
126
126
125
125
125
125
125
126
126
125
125
126
126
125
125
126
126
125
125
126
126
125
125
125
125
125
125
125
125
126
126
125
125
125
126
123
123
124
126
126
127
126
126
126
126
126
126
125
125
125
129
128
116
127
125
126
127
126
126
126
126
125
125
125
126
126
126
125
125
126
126
125
125
125
126
125
126
126
126
126
126
126
126
126
126
125
126
126
126
126
126
126
126
126
126
126
126
126
126
125
125
126
126
126
126
126
126
126
125
126
126
126
125
125
126
126
126
122
122
124
125
125
126
127
127
127
128
127
127
126
126
126
125
125
126
126
125
125
125
125
126
126
125
125
125
125
125
125
126
125
125
125
125
126
126
125
125
125
125
126
125
125
125
125
126
125
126
126
126
126
126
125
125
125
125
125
125
126
126
125
126
126
125
126
126
125
125
125
126
126
125
125
126
125
126
126
125
126
126
127
127
127
125
124
125
127
126
125
125
125
125
126
126
126
126
126
126
125
123
125
127
128
127
124
123
125
127
126
125
125
126
126
126
127
125
127
128
127
127
129
127
127
126
125
125
125
125
126
126
126
126
125
126
127
126
125
124
124
124
124
125
125
124
124
125
125
126
127
128
128
127
124
124
124
125
127
128
126
123
122
125
126
126
127
125
125
126
126
126
124
123
124
124
124
125
125
123
124
124
127
128
128
127
126
127
127
126
125
125
124
124
125
125
126
126
127
127
126
126
126
125
125
125
125
125
124
124
125
125
126
126
126
127
126
125
126
126
125
126
126
126
125
123
124
125
126
126
126
126
125
125
125
126
126
126
125
125
125
126
126
127
127
126
125
124
126
126
125
125
126
126
126
124
124
126
126
126
127
126
134
126
125
124
124
122
123
123
124
124
125
126
126
126
126
125
125
126
126
125
125
125
125
125
125
124
125
126
125
125
125
125
125
125
125
126
126
125
125
126
125
125
125
127
126
126
125
126
126
125
126
126
125
124
125
125
125
125
126
126
126
126
125
125
125
124
125
126
125
125
124
125
125
125
126
126
126
126
126
126
126
124
125
125
125
126
125
125
125
125
125
126
126
125
125
125
61
125
125
125
125
125
125
125
125
125
125
125
125
125
125
125
125
125
125
125
125
125
125
125
125
125
125
125
125
125
125
125
125
125
125
125
125
125
125
125
125
125
125
125
125
125
125
125
125
125
125
125
125
125
125
125
125
125
125
125
125
125
125
125
125
125
125
125
125
125
125
125
125
125
125
125
125
125
125
125
125
125
125
125
125
125
125
125
125
125
125
125
125
125
125
125
125
125
125
125
125
125
125
125
125
125
125
125
125
125
125
125
125
125
125
125
125
125
125
125
125
125
125
125
125
125
125
125
125
125
125
125
125
125
125
125
125
125
125
125
125
125
125
125
125
125
125
125
125
125
125
125
125
125
125
125
125
125
125
125
125
125
125
125
125
125
125
125
125
125
125
125
125
125
125
125
125
125
125
125
125
125
125
125
125
125
125
125
125
125
125
125
125
125
125
125
125
125
125
125
125
125
125
125
125
125
125
125
125
125
125
125
125
125
125
125
125
125
125
125
125
125
125
125
125
125
125
125
125
125
125
125
125
125
125
125
125
125
125
125
125
125
125
125
125
125
125
125
125
125
125
125
125
125
125
125
125
125
125
125
125
125
125
125
125
125
125
125
125
125
125
125
125
125
125
125
125
125
125
125
125
125
125
125
125
125
125
125
125
125
125
125
126
126
125
125
125
125
125
125
125
125
125
125
125
125
125
125
125
125
125
125
125
125
125
125
125
125
125
125
125
125
125
125
125
125
125
125
125
125
125
125
125
125
125
125
125
125
125
125
125
125
125
125
125
125
125
125
125
125
125
125
125
125
128
