125
129
129
127
128
125
66
126
126
125
126
126
126
126
126
126
126
126
126
126
125
125
126
126
126
126
126
126
125
125
125
125
126
126
126
126
126
125
126
126
126
126
126
126
126
126
126
126
126
126
126
126
126
126
126
126
125
125
126
126
125
126
125
125
125
126
126
126
126
126
126
126
126
126
126
126
125
125
125
125
126
125
125
125
125
125
125
125
125
125
125
126
125
126
126
125
125
126
126
125
125
125
125
125
125
125
125
125
125
125
125
125
125
125
125
125
125
125
125
125
125
125
125
125
125
125
125
125
125
125
125
125
125
125
125
125
125
125
125
125
125
125
125
125
126
125
125
125
125
125
125
125
125
125
125
125
125
125
125
125
125
125
125
125
125
125
125
125
125
125
125
125
125
125
125
125
125
125
125
125
125
125
125
125
125
125
125
125
125
125
125
125
125
125
125
125
125
125
125
125
125
125
125
125
125
125
125
125
125
125
125
125
125
125
125
125
125
125
125
125
125
125
125
125
125
125
125
125
125
125
125
125
125
125
125
125
125
125
125
125
125
125
125
125
125
125
125
125
125
125
125
125
125
125
125
125
125
126
124
125
125
125
126
126
125
125
126
126
125
125
126
125
125
125
126
126
126
126
125
126
125
126
125
125
125
126
126
126
126
126
126
126
126
126
126
126
126
126
126
126
126
126
125
125
125
126
126
126
126
126
126
126
126
126
126
126
126
126
125
126
126
126
126
126
126
125
126
126
126
126
126
126
126
126
126
126
126
125
126
126
125
126
125
125
125
125
125
125
126
126
126
126
126
125
126
126
126
126
126
126
125
126
126
125
126
126
126
126
126
125
126
126
125
126
126
126
126
125
125
126
125
125
126
125
126
126
126
125
125
125
125
125
125
125
125
126
126
126
126
126
125
125
126
126
125
125
126
126
125
126
125
126
125
126
125
126
126
125
125
126
125
126
125
126
126
126
126
126
125
126
126
126
126
126
126
126
126
126
126
126
126
126
126
126
125
126
125
126
126
126
125
126
126
126
126
126
125
125
126
126
125
126
125
125
126
126
125
126
125
125
125
125
126
125
126
126
126
125
125
125
125
125
125
125
125
125
125
125
125
125
125
125
125
125
125
125
125
125
125
125
126
125
125
126
126
125
125
125
125
125
125
125
125
125
125
125
125
125
125
125
125
125
125
125
125
125
125
125
125
125
125
125
125
125
125
125
125
125
125
125
125
125
126
125
125
125
125
126
126
125
125
125
125
125
125
125
125
125
125
125
125
125
125
125
125
125
125
125
125
125
125
125
125
126
125
125
125
125
126
126
125
125
125
125
125
125
125
125
125
126
125
125
125
125
125
126
125
125
125
126
125
125
125
125
125
125
125
125
125
126
125
125
125
126
126
125
126
126
126
126
125
125
125
125
124
125
125
125
126
126
126
126
126
126
125
125
125
125
125
125
126
126
126
126
126
126
127
126
125
125
126
126
125
125
126
126
126
125
125
125
126
126
127
127
125
123
122
122
123
126
129
132
130
129
127
125
122
121
123
126
125
124
126
128
127
127
129
131
125
114
109
116
134
146
141
124
114
117
124
127
126
127
130
128
127
138
136
110
100
125
132
108
119
163
150
106
106
131
124
114
134
151
128
95
105
141
150
125
109
119
131
133
133
123
107
114
143
151
125
112
126
130
113
109
127
147
156
136
73
21
103
255
255
87
55
69
249
253
104
4
53
178
200
124
82
108
144
157
143
118
104
113
124
122
120
126
129
125
125
128
128
125
124
125
126
128
127
125
123
123
126
126
125
125
126
126
125
123
122
124
128
128
124
124
127
127
124
124
127
128
126
124
124
125
126
126
125
125
126
127
125
125
124
124
126
128
127
125
125
126
125
124
125
126
126
124
125
125
126
127
129
127
125
125
124
124
124
123
123
124
127
130
129
128
128
125
119
114
120
129
131
124
122
131
137
128
116
114
121
129
136
132
122
121
133
139
131
118
113
119
127
126
121
121
124
127
127
124
124
130
132
122
115
122
133
133
125
123
125
124
124
129
132
127
122
121
122
124
128
129
125
118
119
126
131
130
125
122
123
126
128
127
125
124
125
128
128
125
122
122
125
127
125
123
123
127
130
129
123
121
124
128
128
125
120
121
127
131
127
121
120
124
128
129
127
126
126
128
129
125
116
110
113
131
154
156
131
105
94
104
127
154
146
115
108
115
125
134
138
133
122
114
116
126
132
132
127
123
124
121
125
126
124
125
128
127
124
124
125
126
127
126
125
124
123
124
127
125
123
127
131
125
117
120
130
134
129
124
123
126
129
131
124
115
120
133
137
129
119
116
124
133
128
123
126
132
122
117
129
139
128
114
117
129
129
123
123
129
128
126
125
128
129
126
120
119
125
130
130
125
125
127
127
123
123
127
129
127
125
126
126
126
125
122
122
128
130
127
124
121
121
126
130
130
127
127
125
120
119
125
132
130
123
118
120
127
133
134
129
121
117
123
132
133
124
120
122
126
126
123
124
126
128
127
125
125
126
126
125
123
126
130
128
120
118
124
132
133
128
123
125
127
126
124
125
126
125
124
123
123
124
125
124
127
129
127
123
124
129
131
128
122
121
126
132
131
121
115
121
132
137
130
119
117
121
126
131
129
123
121
125
129
129
125
121
123
128
130
127
124
122
125
129
128
125
123
125
127
127
125
124
122
122
123
128
132
128
122
123
127
127
126
124
125
125
131
132
124
116
122
130
128
122
129
132
116
111
133
141
123
115
128
135
125
112
113
126
140
143
129
113
113
126
137
138
126
113
108
117
133
141
135
124
118
119
124
126
126
125
124
126
126
124
123
123
125
128
128
126
124
124
126
127
126
125
123
123
126
127
127
126
124
123
122
125
127
126
125
125
126
127
125
122
126
129
126
123
125
126
126
124
122
122
128
130
123
121
128
130
126
121
124
130
127
122
123
126
126
127
129
125
120
124
127
123
122
126
128
127
126
123
124
127
129
127
124
122
123
123
124
126
128
129
128
125
123
123
124
125
125
125
125
124
125
128
129
129
127
124
122
122
124
126
137
92
111
125
126
127
129
130
130
131
129
126
125
125
125
126
126
126
126
126
125
125
125
124
126
127
128
127
127
127
126
126
126
126
126
125
125
111
109
128
126
130
131
130
128
128
129
129
127
126
126
126
126
126
127
126
125
124
125
126
127
127
127
126
125
126
127
127
119
124
125
126
126
128
128
128
129
129
127
127
126
126
125
126
126
125
125
125
125
125
126
126
127
127
124
123
124
125
127
126
126
125
124
124
125
127
128
125
123
124
125
126
126
125
124
125
126
127
126
125
124
124
126
127
126
125
125
125
126
126
125
126
126
127
125
124
125
126
126
126
125
125
127
127
126
125
125
126
126
125
125
125
125
127
126
126
125
124
124
126
126
127
125
124
125
126
126
126
126
126
127
126
125
124
124
127
128
127
125
123
124
126
128
127
124
124
126
126
125
126
126
126
126
125
126
125
126
128
127
125
125
125
126
126
125
125
125
125
126
125
126
126
126
126
125
125
125
128
130
127
125
127
125
123
123
123
125
126
126
125
125
125
125
125
125
125
125
126
127
125
125
125
126
126
127
126
126
125
123
125
125
126
127
126
125
125
124
128
131
125
124
126
124
124
124
124
125
126
125
123
123
124
124
125
125
125
126
127
127
127
127
125
125
125
125
125
124
126
126
125
125
126
125
127
126
126
127
126
126
124
123
123
125
126
127
126
125
125
124
125
127
128
126
124
122
124
125
126
127
125
124
124
125
127
127
125
125
126
126
125
125
126
126
125
125
124
124
126
126
126
126
126
126
67
126
125
125
125
125
125
125
125
125
125
125
125
125
125
125
125
125
125
125
125
125
125
125
125
125
125
125
125
125
125
125
125
125
125
125
125
125
125
125
125
125
125
125
125
125
125
125
126
125
126
125
126
126
126
126
125
125
126
126
126
126
126
125
126
126
126
126
125
126
126
126
126
126
126
126
126
126
125
126
126
125
126
125
125
125
125
126
126
126
126
126
126
126
126
126
126
126
126
126
126
126
126
126
126
126
126
126
126
125
126
126
125
125
126
125
126
126
126
125
126
125
125
126
125
125
125
125
125
125
125
125
125
125
125
125
126
126
126
126
126
126
126
125
126
125
126
125
126
125
125
125
126
126
125
125
126
126
125
126
126
125
126
125
125
125
125
126
125
126
126
125
126
125
126
125
126
126
125
126
125
126
125
125
126
125
126
126
125
126
126
126
125
125
126
126
125
125
125
125
125
125
125
126
126
126
126
126
125
125
125
126
126
125
126
125
125
126
125
126
126
125
126
126
126
125
125
125
125
126
125
125
125
126
125
126
126
126
125
125
126
125
125
125
126
126
125
126
126
126
126
126
126
126
126
126
126
126
126
126
126
126
126
125
126
125
125
125
125
125
125
125
125
125
125
126
126
125
125
125
126
126
126
125
125
125
125
125
125
125
125
126
125
125
125
125
126
125
125
125
125
125
125
125
125
125
125
126
126
126
125
125
125
125
125
125
125
125
125
125
125
125
125
125
125
125
125
125
125
125
125
125
125
125
125
125
125
126
124
125
125
126
125
126
126
126
126
126
126
126
126
125
126
126
121
