126
126
124
125
125
126
31
125
125
125
125
125
125
125
125
125
125
125
125
125
125
125
126
125
125
125
125
125
125
125
125
125
125
125
125
125
125
125
125
126
125
125
125
125
125
125
125
125
125
125
126
125
125
125
125
125
125
126
126
126
124
126
125
126
126
126
126
126
126
126
126
126
126
126
126
126
126
126
126
126
126
125
125
126
126
126
126
126
126
126
126
126
126
126
126
125
126
126
126
126
126
126
126
126
126
126
126
126
126
126
126
126
126
126
126
126
126
126
126
126
126
126
126
126
126
126
126
126
126
126
126
126
125
125
126
126
126
126
126
126
126
126
126
125
125
126
126
126
125
125
125
125
125
126
126
125
125
126
126
126
126
126
125
125
126
126
126
125
125
125
125
125
126
125
125
125
125
126
126
126
126
126
126
126
126
125
125
125
125
125
126
126
126
126
126
126
126
125
125
125
126
126
126
126
126
126
126
126
125
125
126
126
126
125
126
126
126
126
126
125
125
125
126
125
126
125
126
125
126
126
125
125
125
125
126
126
126
126
126
125
125
125
125
124
123
125
126
126
125
125
129
133
131
124
120
122
126
126
126
125
126
126
125
123
123
126
127
124
126
131
132
129
125
121
117
121
128
127
124
129
134
130
120
118
124
131
129
123
124
127
122
119
125
130
129
126
127
125
123
123
123
124
129
127
121
125
134
130
121
120
124
126
125
124
127
130
125
122
125
126
123
127
128
123
123
125
126
127
126
120
122
131
127
122
129
129
118
121
133
124
117
132
134
117
122
135
123
115
129
130
118
125
133
126
123
127
124
121
126
128
124
124
129
127
123
126
126
120
123
132
127
122
128
128
120
125
130
121
120
130
127
119
127
131
123
124
132
124
118
126
131
123
121
126
127
125
127
128
125
122
125
127
125
122
124
129
126
122
126
131
124
118
125
132
127
123
127
125
121
125
130
126
120
123
130
128
122
122
126
128
126
124
125
127
126
122
123
127
128
125
124
125
125
126
127
127
125
124
124
125
126
125
124
126
126
124
124
126
127
126
125
125
126
126
124
123
125
127
125
123
125
128
128
124
123
125
126
125
125
126
126
125
124
124
127
127
125
124
126
126
125
125
125
126
126
126
125
125
126
126
125
125
126
125
124
125
126
126
125
125
125
124
126
126
125
125
126
126
124
124
126
126
125
125
126
125
124
125
127
125
124
125
126
125
125
126
126
124
125
126
126
124
125
126
126
124
125
127
126
124
125
127
126
124
125
126
125
126
126
125
124
125
126
126
124
124
124
125
125
127
128
127
123
121
124
130
131
128
125
125
122
114
113
122
134
137
130
131
138
126
104
106
127
139
139
124
110
114
126
131
140
145
129
109
112
117
114
141
164
121
80
124
171
143
104
102
116
123
110
94
133
196
161
47
56
207
255
117
22
42
185
255
186
28
4
140
221
145
89
117
136
117
92
117
151
144
120
118
124
119
126
134
118
110
134
149
124
103
115
131
134
127
116
118
136
145
132
112
102
110
130
137
129
124
127
128
126
126
125
121
123
132
130
119
117
127
134
130
120
115
125
133
132
126
123
125
126
127
124
122
123
125
124
125
127
126
124
128
130
126
121
124
126
126
126
125
122
124
126
126
125
124
126
128
129
128
125
124
125
125
124
123
124
126
127
128
130
127
122
121
127
132
126
117
119
133
138
121
104
118
147
142
113
108
134
146
126
100
106
134
147
137
117
106
120
141
142
125
115
119
129
132
127
121
122
126
127
125
124
124
125
127
127
125
125
126
126
125
126
126
127
124
126
125
125
125
126
126
126
126
125
125
125
126
125
126
126
125
125
126
126
127
127
126
126
126
126
126
126
125
125
126
125
126
126
126
125
126
126
126
126
126
125
125
125
126
126
126
125
124
125
126
126
126
127
127
126
125
125
125
126
127
127
126
126
126
127
126
125
125
125
126
126
125
124
125
125
125
126
126
125
125
125
126
126
126
126
126
127
127
126
126
126
125
124
125
126
126
126
125
125
126
126
126
126
125
125
125
125
126
126
126
125
125
125
125
126
127
126
125
125
126
126
127
126
125
125
125
125
126
126
126
126
126
126
126
126
126
124
124
125
128
129
126
123
123
125
126
127
126
125
124
125
126
126
125
126
127
125
123
125
128
127
125
124
124
125
127
128
126
124
125
126
126
126
126
125
126
126
125
125
125
125
125
126
127
127
125
124
125
126
127
126
126
125
125
125
126
126
126
125
124
124
125
127
126
125
125
125
126
126
126
126
125
125
126
126
126
125
125
126
126
126
126
128
126
125
125
125
125
125
125
125
125
125
125
126
126
126
125
125
126
127
126
125
124
125
126
125
125
125
126
126
125
125
126
126
126
125
125
125
125
125
126
125
125
125
125
126
128
127
125
125
126
125
124
124
125
126
126
124
124
125
126
126
125
126
126
126
126
125
125
125
125
126
126
125
124
125
127
126
125
125
125
125
125
125
125
125
125
124
124
126
126
125
121
125
126
126
127
127
126
126
127
127
125
125
125
125
125
125
125
126
126
126
125
126
126
125
125
125
125
125
125
125
125
125
126
126
125
125
125
125
125
126
126
125
125
125
125
125
125
125
125
125
126
139
123
120
118
121
123
126
127
128
128
128
127
127
126
125
124
124
124
125
124
125
125
126
127
126
126
125
125
126
126
124
125
125
126
125
125
125
125
125
125
126
126
126
126
125
125
125
125
125
125
125
125
125
125
126
125
125
125
125
126
125
125
126
125
125
125
125
125
125
125
126
126
125
125
125
125
125
126
126
125
126
126
125
125
125
125
126
125
125
125
125
125
125
125
125
125
126
125
125
125
126
125
125
126
126
125
125
125
125
125
125
125
125
125
126
125
125
125
125
125
125
125
125
125
126
125
125
125
125
125
125
125
125
126
125
125
125
125
125
125
125
125
125
125
125
124
125
126
125
126
126
126
127
127
125
125
125
124
124
126
127
125
123
124
126
127
126
125
125
130
126
126
125
124
123
123
123
124
125
125
124
123
125
127
127
127
127
127
126
126
125
125
125
124
123
124
126
126
126
126
126
126
127
126
124
124
124
120
125
126
125
126
127
126
125
126
125
126
126
127
127
125
123
126
127
125
122
123
127
129
126
123
123
126
125
123
124
127
129
127
125
123
125
128
127
123
123
125
128
127
124
122
124
126
125
124
125
127
127
126
126
125
125
126
126
126
125
125
125
125
126
126
125
126
125
124
125
126
125
126
125
125
125
125
125
125
125
126
126
126
125
125
125
125
125
124
125
124
125
126
126
126
125
125
125
125
125
125
124
125
124
125
126
125
125
126
126
126
126
125
126
125
126
126
126
125
125
127
127
126
124
124
126
126
126
124
124
126
126
127
126
125
124
125
127
127
125
123
124
126
128
126
123
122
125
128
127
125
125
125
126
127
126
124
122
124
128
129
124
122
123
124
126
128
129
127
130
129
126
123
125
124
121
121
123
124
125
125
126
128
127
126
125
125
125
126
126
126
125
125
126
125
125
125
126
126
125
126
127
126
126
126
124
124
125
126
125
123
123
123
124
125
124
124
126
126
126
127
125
124
125
124
125
125
125
126
128
126
127
126
126
125
125
125
125
125
126
125
125
125
125
125
125
125
125
125
125
125
124
125
126
126
125
125
125
125
125
126
125
125
125
126
126
126
125
125
126
126
125
125
125
124
125
125
126
126
125
124
126
125
124
124
124
125
125
125
126
126
125
125
125
126
125
125
125
125
125
125
125
126
126
125
125
125
125
125
125
125
125
125
125
126
126
125
125
125
125
126
126
125
125
126
125
125
125
124
123
124
126
125
32
125
125
125
125
125
125
125
125
125
125
125
125
125
125
125
125
125
125
125
126
126
125
125
125
125
125
125
125
125
125
125
125
125
125
125
125
125
125
125
125
125
125
125
125
125
125
125
125
125
125
125
125
125
125
125
125
125
125
125
125
125
125
125
125
125
125
125
125
125
125
125
125
125
125
125
125
125
125
125
125
125
125
125
125
125
125
125
125
125
125
125
125
125
125
125
125
125
125
125
125
125
125
125
125
125
125
125
125
125
125
125
125
125
125
125
125
125
125
125
125
125
125
125
125
125
125
125
125
125
125
125
125
125
125
125
125
125
125
125
125
125
125
125
125
125
125
125
125
125
125
125
125
126
125
125
125
125
126
126
126
126
126
126
126
126
126
126
126
126
126
126
126
126
126
126
126
126
126
126
126
126
126
126
126
126
126
126
126
126
126
125
126
126
126
126
126
126
126
126
126
126
126
125
126
126
126
125
126
126
126
125
125
126
126
126
125
126
126
126
125
125
126
126
125
126
126
126
126
126
125
126
125
125
125
125
125
125
125
125
126
126
126
125
126
127
127
126
125
125
125
126
126
125
125
125
125
125
125
125
125
125
126
128
127
125
124
125
125
125
124
125
127
127
126
126
125
125
125
125
126
126
126
125
125
125
125
126
127
126
126
125
125
125
125
125
125
125
126
127
126
126
125
125
125
125
125
126
126
126
125
125
126
126
126
126
126
125
125
125
125
126
125
125
125
125
125
126
126
126
125
125
125
125
126
126
126
125
126
126
125
125
125
125
124
125
126
126
126
126
125
125
126
126
125
