125
125
125
126
126
126
36
125
125
125
125
125
125
125
125
125
125
125
125
125
125
125
125
125
125
125
125
125
125
125
125
125
125
125
125
125
125
125
125
125
125
125
125
125
125
125
125
125
125
125
125
125
125
125
125
125
125
125
125
125
125
125
125
125
125
125
125
125
125
125
125
126
125
126
125
126
126
126
125
126
125
125
125
125
125
125
125
125
125
125
126
126
125
125
126
126
125
126
125
125
125
125
125
126
125
125
125
126
126
126
126
126
126
126
126
126
126
125
125
125
125
125
125
125
125
125
125
126
126
125
125
126
126
126
126
125
125
125
125
125
126
125
125
125
125
125
125
125
125
125
125
125
125
125
125
125
125
125
125
125
125
125
125
125
125
125
125
125
125
125
125
125
125
126
125
125
125
125
125
125
125
125
125
125
125
125
125
125
125
125
125
125
125
125
125
125
125
125
125
125
125
125
125
125
125
125
125
125
125
125
125
125
125
125
125
125
125
125
125
125
125
125
126
125
125
125
125
125
125
125
125
125
125
125
125
125
125
125
125
125
125
125
125
126
125
125
125
125
125
125
125
125
126
125
125
125
125
125
125
125
125
125
125
125
125
125
125
125
126
126
125
125
125
125
125
126
126
125
125
125
125
125
125
126
126
127
125
125
126
128
127
124
121
121
124
126
128
128
127
126
123
120
121
124
126
138
149
129
86
78
120
165
169
140
117
121
109
74
120
195
152
75
80
128
135
129
156
193
141
45
54
162
206
126
73
92
146
167
98
63
149
222
154
48
66
165
193
101
52
111
189
169
100
94
125
135
128
118
108
115
136
139
130
120
112
119
131
124
116
125
136
129
124
131
128
115
116
129
134
124
113
112
124
137
138
128
120
121
129
134
126
115
116
126
131
129
124
120
121
126
129
129
125
124
127
128
125
121
122
124
126
127
127
126
126
125
125
124
124
125
125
125
124
125
127
127
126
124
123
124
126
127
127
126
125
125
125
125
125
125
126
126
125
124
124
125
126
126
126
125
125
126
126
125
125
125
126
125
124
124
125
126
126
125
125
124
124
125
126
126
126
126
126
126
125
124
125
124
125
124
124
125
126
126
126
126
125
125
125
125
125
125
125
125
125
125
126
126
126
126
126
126
125
125
125
124
124
125
124
125
125
125
125
125
125
125
125
125
125
125
125
126
126
126
125
125
125
125
125
125
125
125
125
125
125
125
125
125
126
125
126
125
126
125
124
125
125
125
125
125
125
125
125
126
125
126
125
126
126
126
126
126
126
126
125
125
125
125
125
125
126
125
125
125
126
126
126
126
125
125
125
125
126
125
125
125
125
125
125
125
125
125
125
126
126
126
126
126
126
126
126
125
125
125
125
125
125
125
126
126
125
125
125
125
125
126
126
126
126
126
125
125
125
125
125
125
125
125
125
125
125
125
125
125
125
125
125
125
125
125
125
125
125
125
125
125
125
125
126
125
125
125
126
126
126
126
126
125
125
125
125
125
125
126
125
125
125
125
126
126
125
125
125
125
125
125
126
125
125
125
125
125
125
125
125
126
125
125
125
125
125
125
125
125
125
125
125
125
125
125
125
125
125
125
125
126
126
125
126
125
125
125
125
125
125
125
125
126
126
125
125
125
125
125
125
126
125
125
126
125
125
125
125
125
125
125
125
125
125
125
126
126
125
125
125
125
125
125
125
125
126
125
125
125
125
125
125
126
126
125
126
126
126
125
125
125
125
125
125
125
125
125
125
125
125
125
125
125
125
125
125
125
125
125
125
125
125
125
125
125
125
125
125
125
125
125
126
126
125
125
125
125
125
126
125
125
124
125
126
125
126
125
125
125
125
125
125
125
125
125
125
125
125
125
125
125
125
126
126
126
126
125
125
125
125
125
125
125
125
125
125
125
125
125
125
126
125
125
125
125
125
125
125
125
125
125
125
125
125
125
125
125
125
126
125
125
125
125
125
125
125
125
125
125
125
125
125
125
125
125
125
125
125
125
125
126
125
125
125
125
125
125
125
125
125
125
125
125
125
125
125
125
125
125
125
125
125
125
125
125
125
125
125
125
125
125
125
125
125
125
125
125
125
125
125
125
125
125
125
125
125
125
125
125
125
125
125
125
125
125
125
125
125
125
125
125
125
125
125
125
125
125
125
125
125
125
125
125
125
125
125
125
125
125
125
125
125
125
125
125
125
125
125
125
125
125
125
125
125
125
125
125
125
125
125
125
125
125
125
125
125
125
125
125
125
125
125
125
125
125
125
125
125
125
125
125
125
125
125
125
125
125
125
125
125
125
125
125
125
125
125
125
125
125
125
126
125
125
125
126
125
125
125
125
125
125
125
126
125
125
125
126
126
125
125
125
125
125
125
125
125
125
125
125
129
122
124
125
125
125
127
127
126
126
126
126
125
125
125
125
125
125
125
125
125
125
125
126
126
126
126
125
125
125
126
125
126
125
125
126
125
125
126
126
126
126
126
125
126
125
125
125
125
125
125
126
126
126
126
126
126
126
126
126
126
126
125
125
125
121
125
125
122
125
126
127
127
127
127
126
126
126
126
126
126
126
126
125
126
125
125
125
125
126
125
125
125
126
125
126
126
126
125
125
125
125
125
125
125
125
125
125
125
125
125
125
125
126
125
126
126
126
126
125
125
125
125
125
125
125
125
125
125
125
125
125
125
126
126
126
125
125
126
126
125
126
126
125
126
125
125
125
126
125
125
125
126
126
125
125
125
126
125
125
125
125
126
125
126
125
126
125
125
126
126
125
126
125
126
126
125
125
125
125
125
125
125
126
126
125
126
125
126
125
126
126
126
126
125
125
125
125
125
125
125
125
125
125
126
126
126
126
126
127
126
125
124
125
125
126
126
127
128
125
125
126
125
124
125
124
124
125
125
125
124
124
125
125
125
125
125
125
125
126
127
127
126
127
125
125
125
124
124
125
124
126
125
125
126
126
126
126
126
126
125
125
125
125
125
125
125
125
125
125
126
125
125
126
126
126
126
125
125
125
125
125
125
125
126
125
131
126
126
125
125
124
124
125
124
124
125
126
125
125
125
126
125
126
126
125
125
125
125
125
125
125
125
125
125
125
125
125
125
125
125
125
125
125
125
125
126
125
126
125
125
125
125
125
126
125
125
125
125
125
125
125
125
125
125
125
125
125
126
125
125
125
125
125
125
125
125
125
125
125
125
125
125
125
125
125
126
126
126
126
126
125
126
126
125
125
125
125
125
125
125
123
124
125
124
126
126
126
126
125
125
125
126
125
125
125
125
125
125
126
126
125
125
125
125
125
125
125
125
125
125
126
125
125
126
126
125
125
125
126
126
125
125
126
125
125
125
125
125
125
125
125
125
126
126
125
125
125
126
126
125
125
126
125
126
126
125
125
126
125
125
125
125
126
125
126
126
125
125
125
125
126
125
126
126
125
124
125
125
125
125
126
126
126
126
126
125
126
126
124
124
124
126
126
125
126
126
125
126
126
125
125
125
125
123
125
125
125
125
125
126
126
126
125
125
125
125
125
125
125
125
125
125
125
125
125
126
125
125
126
125
125
125
125
126
125
125
125
125
125
126
125
126
126
125
126
126
125
125
125
125
126
126
126
125
125
125
125
125
126
125
125
126
125
125
125
138
122
107
127
125
126
128
127
126
126
126
126
125
125
124
125
125
125
125
124
125
125
125
126
126
126
126
126
126
127
126
126
126
125
125
126
125
113
72
132
123
133
133
133
131
131
131
129
128
128
127
127
127
127
127
126
127
126
126
127
126
127
127
126
126
126
127
126
113
123
125
126
128
132
129
130
130
128
128
127
128
128
126
126
126
126
35
125
126
125
126
125
126
126
126
125
125
125
125
125
125
125
125
125
125
125
125
125
125
125
125
125
125
125
125
125
125
125
125
125
125
125
125
125
125
125
125
125
125
125
125
125
125
125
125
125
125
125
125
125
125
125
125
125
125
125
125
125
125
125
125
125
125
125
125
125
125
125
125
125
125
125
125
125
125
125
125
125
125
125
125
125
126
126
125
125
125
125
125
126
125
125
125
125
126
126
125
125
126
126
126
125
126
126
126
126
126
126
126
125
125
126
126
125
125
125
125
125
126
126
126
126
126
126
126
126
126
125
126
126
126
125
125
126
126
126
126
126
126
126
126
126
126
125
125
126
125
126
126
126
126
126
126
126
126
126
125
126
126
126
126
126
126
125
126
126
126
126
126
126
126
126
126
126
126
126
126
126
126
126
125
126
126
125
125
126
126
125
126
125
125
126
125
125
125
125
125
126
125
126
125
125
125
125
125
126
126
126
126
126
126
125
125
126
126
126
126
126
126
126
125
125
125
126
126
126
126
126
126
126
126
125
125
125
126
126
126
125
126
126
126
125
126
126
126
126
126
125
125
125
126
126
125
125
126
126
126
125
125
125
126
126
126
126
126
125
126
126
126
125
125
126
126
125
125
126
127
128
127
125
122
123
125
126
126
127
129
128
124
120
122
126
128
135
139
122
94
96
133
162
154
131
118
108
100
103
148
171
134
89
84
136
148
94
115
217
198
70
14
107
218
199
55
11
170
255
115
26
123
193
154
103
91
114
130
98
96
179
213
115
44
97
151
137
123
130
113
97
125
163
125
