125
125
124
125
126
127
60
125
125
125
125
125
125
125
125
125
125
125
125
125
125
125
125
125
125
125
125
125
125
125
125
125
125
125
125
125
125
125
125
125
125
125
125
125
125
125
125
125
125
125
125
125
125
125
125
125
125
125
125
125
125
125
125
125
125
125
125
125
125
125
125
125
125
125
125
125
125
125
125
125
125
125
125
125
125
125
125
125
125
125
125
125
125
125
125
125
125
125
125
125
125
125
125
125
125
125
125
125
125
125
125
125
125
125
125
125
125
125
125
125
125
125
125
125
125
125
125
125
125
125
125
125
125
125
125
125
125
125
125
125
125
125
125
125
125
125
125
125
125
125
125
125
125
125
125
125
126
125
125
125
125
125
125
125
125
125
125
125
125
125
125
125
125
125
125
125
125
125
125
125
125
125
125
125
125
125
125
125
125
125
125
125
125
125
125
125
125
125
125
125
125
125
125
125
125
125
125
125
125
125
125
125
125
125
125
125
125
125
125
125
125
125
125
125
125
125
125
125
125
125
125
125
125
125
125
125
125
125
125
125
125
125
125
125
125
125
125
125
125
125
125
125
125
125
125
125
125
125
125
125
125
125
125
125
125
125
125
125
125
125
125
125
125
125
125
125
125
125
125
125
125
125
125
125
125
125
125
125
125
125
125
125
125
125
125
125
125
125
125
125
125
125
125
125
125
125
125
125
125
125
125
125
125
125
125
125
125
125
125
125
125
125
125
125
125
125
125
125
125
125
125
125
125
125
125
124
125
125
125
125
125
125
125
125
125
125
125
125
125
125
125
125
125
125
125
125
125
125
125
125
125
125
125
125
125
125
125
125
125
125
125
125
125
125
125
125
125
125
125
125
125
125
125
125
125
125
125
125
125
125
125
125
125
125
125
125
125
125
125
125
125
125
125
125
125
125
125
125
125
125
125
125
125
125
125
125
125
125
125
125
125
125
125
125
125
125
125
125
125
125
125
125
125
125
125
125
125
125
125
125
125
125
125
125
125
125
125
125
125
125
125
125
125
125
125
125
125
125
125
125
125
125
125
125
125
125
125
125
125
126
125
125
125
125
125
125
125
125
125
125
125
125
125
125
125
125
125
125
125
125
125
125
125
125
125
125
125
125
125
125
125
125
125
125
125
125
125
125
125
125
125
125
125
125
125
125
125
126
125
125
126
126
126
124
124
125
125
125
125
125
124
124
125
126
126
125
124
125
127
128
127
127
126
125
125
126
123
116
112
118
132
147
147
124
107
119
126
106
117
156
145
74
86
182
173
82
103
201
166
44
43
141
200
149
109
112
110
118
140
141
108
100
138
158
129
97
106
136
135
109
106
143
158
118
91
130
166
136
91
102
145
148
116
100
118
137
129
111
118
147
156
130
102
107
131
135
115
106
122
138
135
124
122
128
132
126
120
122
128
129
121
118
125
133
131
122
120
127
131
126
120
121
126
127
125
124
125
127
126
125
125
128
128
126
123
123
124
126
127
126
127
128
127
124
121
122
125
128
128
128
129
127
125
122
123
124
125
125
125
127
127
126
125
124
125
125
125
126
127
127
126
125
126
127
126
126
124
124
125
126
125
125
125
125
126
127
128
127
126
126
125
125
125
125
125
124
124
125
125
125
125
125
125
125
126
126
127
126
126
125
126
127
126
126
125
125
124
124
125
125
126
126
126
125
125
125
125
126
126
126
126
126
125
124
125
125
125
125
125
125
125
126
126
126
126
126
126
127
127
126
126
125
124
124
124
125
125
126
126
126
126
126
126
126
126
126
126
126
125
125
125
125
125
125
125
125
125
125
125
125
126
126
126
126
126
126
126
126
126
126
126
126
126
125
125
125
125
125
125
125
125
125
126
126
125
125
126
126
125
126
126
126
126
125
125
125
125
125
125
125
125
126
128
126
126
125
125
125
125
125
125
125
125
125
125
125
125
125
125
125
126
126
126
125
125
124
125
125
125
125
125
125
125
126
128
126
126
126
125
124
126
125
124
124
125
125
125
125
125
125
125
125
125
126
126
126
125
125
125
125
125
125
125
125
125
125
125
125
125
126
125
125
125
125
125
125
125
125
126
125
124
125
125
126
125
126
126
126
125
125
125
125
125
126
126
125
124
124
124
125
125
125
125
126
125
125
125
126
126
125
126
126
125
125
125
125
125
125
126
126
125
124
125
125
125
125
125
125
125
125
125
125
125
125
125
125
125
125
125
125
125
125
126
125
125
125
125
126
125
125
125
125
125
125
125
125
125
125
125
125
125
125
125
126
125
125
125
125
125
125
125
125
125
125
125
126
126
125
125
125
125
124
125
125
125
125
125
126
126
125
125
125
125
125
125
125
125
125
125
125
125
125
125
125
125
125
125
125
125
125
126
125
125
125
125
125
125
125
125
125
125
125
125
125
125
125
125
125
126
126
126
125
125
125
125
126
125
125
125
125
125
125
125
125
125
125
125
125
125
125
125
125
125
125
125
125
126
125
125
125
126
125
125
125
125
126
125
125
125
125
125
125
126
125
125
125
125
125
125
125
126
125
125
125
125
125
125
125
125
125
125
125
125
125
125
125
126
125
125
120
125
125
125
126
127
127
126
126
126
125
125
125
125
125
125
125
125
125
125
125
125
125
125
125
125
125
125
125
126
126
125
125
125
126
126
125
125
126
125
125
126
125
125
125
125
125
125
125
125
125
125
125
125
125
125
125
125
125
125
125
125
125
125
125
125
125
125
125
126
125
125
125
125
125
125
125
125
125
125
125
125
125
125
125
125
126
125
125
125
125
125
125
125
125
126
126
125
125
125
126
125
125
125
125
125
125
125
125
125
125
125
125
124
125
125
125
125
126
126
126
125
125
125
126
126
125
125
125
125
125
126
125
125
125
125
126
126
125
125
125
125
125
125
125
125
125
125
126
126
125
125
125
125
125
125
125
126
125
125
125
126
125
125
125
125
125
125
125
125
125
125
125
126
126
126
125
126
125
125
126
125
125
125
125
125
125
125
126
125
125
125
125
125
125
126
125
125
126
125
125
125
125
125
125
125
125
126
125
125
125
125
125
126
125
125
125
125
126
126
125
125
125
130
127
125
125
125
123
124
125
124
125
125
125
125
125
125
126
125
125
125
125
126
125
125
126
125
125
125
125
126
125
125
125
125
125
126
125
125
125
125
125
125
125
126
125
125
125
125
125
125
125
125
125
125
125
125
125
125
125
125
125
125
126
126
125
125
125
125
125
125
125
125
125
125
125
124
125
125
125
125
125
126
126
125
125
125
125
125
125
124
124
125
126
126
126
125
126
125
125
125
124
125
125
125
125
124
124
125
125
125
125
126
127
127
126
125
124
125
125
125
125
124
125
125
125
126
126
125
125
125
125
125
124
124
125
125
125
126
125
126
125
125
126
114
95
129
125
128
129
128
128
129
128
127
127
127
127
127
126
126
125
126
125
124
126
125
126
126
126
126
126
126
126
125
126
126
125
125
125
125
125
126
127
127
127
126
126
126
124
125
125
125
125
124
124
125
126
126
125
125
125
125
125
126
126
125
127
125
125
125
125
125
125
125
125
124
125
126
125
126
125
125
126
125
125
125
125
125
126
126
126
125
125
125
126
125
126
125
125
125
125
125
125
125
126
125
125
125
125
124
125
125
125
126
125
126
125
125
125
125
125
125
125
124
125
126
125
124
125
126
126
126
125
125
126
127
126
124
122
124
125
125
124
124
126
127
126
126
126
125
125
126
125
125
124
124
125
125
124
125
126
126
127
126
126
126
126
125
125
125
125
125
125
125
125
125
126
125
126
126
127
125
124
125
126
124
124
125
125
125
125
125
125
124
125
61
126
126
126
126
126
126
126
126
126
126
126
126
126
126
126
126
126
126
125
126
126
126
126
126
126
126
126
126
126
126
126
126
126
125
126
126
126
126
126
126
126
126
126
126
126
126
126
126
126
126
126
126
126
126
126
126
126
126
126
126
126
126
126
126
125
126
126
126
126
126
126
126
125
125
126
125
125
126
125
125
126
126
126
125
125
125
125
125
125
125
125
125
125
126
126
125
125
126
125
125
125
125
125
125
125
125
126
126
126
125
125
126
126
126
125
125
125
125
126
125
126
126
125
125
126
125
125
125
125
125
125
125
125
125
125
126
125
126
125
125
125
126
125
125
126
126
125
125
126
125
125
125
126
125
126
126
125
125
125
125
125
125
125
125
125
126
126
126
125
125
125
125
125
125
125
125
125
125
125
125
126
125
125
125
125
125
125
125
125
125
125
125
126
125
125
125
126
125
125
125
126
125
125
126
125
125
125
126
125
126
126
125
125
125
126
125
125
125
125
125
125
125
125
125
125
125
125
125
125
125
125
125
125
125
125
125
125
125
125
125
125
125
125
125
125
125
125
125
125
125
125
125
125
125
125
125
125
125
125
125
125
125
125
125
125
125
125
125
125
125
125
125
125
125
125
125
125
125
125
125
125
125
125
125
125
125
125
125
125
125
125
125
125
125
125
125
125
125
125
125
125
125
125
125
125
125
125
125
125
125
125
125
125
125
125
125
125
125
125
125
125
125
125
125
125
125
125
125
125
125
125
125
125
125
125
125
125
125
125
125
125
125
125
125
125
125
125
125
125
125
125
125
125
125
