127
125
125
127
127
126
33
126
125
126
126
125
125
125
126
126
126
126
125
126
126
126
126
125
126
125
126
126
126
126
126
125
125
125
126
125
126
126
125
126
126
125
125
125
126
125
125
126
125
125
125
125
125
126
125
126
125
126
126
126
126
125
125
125
125
126
125
125
125
125
125
125
125
125
125
125
125
125
125
125
125
125
125
125
125
125
125
125
125
125
125
125
125
125
125
125
125
125
125
125
125
125
125
125
125
125
125
125
125
125
125
125
125
125
125
125
125
125
125
125
125
125
125
125
125
125
125
126
125
125
126
126
125
125
124
124
124
127
130
131
128
124
122
118
113
112
116
127
149
171
155
102
77
102
126
138
160
154
106
82
117
153
146
114
102
124
146
130
103
107
137
154
138
115
108
118
129
132
121
112
128
147
128
105
121
139
126
123
133
122
115
128
123
118
135
138
116
112
127
130
126
129
131
125
119
120
126
129
129
127
124
120
119
123
130
131
125
122
127
129
127
123
122
123
126
128
127
125
122
122
124
127
127
124
123
126
126
124
123
127
131
130
125
118
118
124
131
130
124
121
124
127
128
125
124
124
125
126
126
126
125
124
124
125
126
125
124
124
125
126
126
125
125
125
126
126
126
125
125
124
125
125
125
125
125
125
125
125
125
125
125
125
126
126
125
125
125
125
125
125
125
125
125
125
125
125
125
125
125
126
126
126
125
125
125
125
125
125
125
125
125
125
125
125
125
125
125
125
125
125
125
125
125
125
125
125
125
125
125
125
125
125
125
125
125
125
125
125
125
125
125
125
125
125
125
125
125
125
125
125
125
125
125
125
125
125
125
125
125
125
125
125
125
125
125
125
125
125
125
125
125
125
125
125
125
125
125
125
125
125
125
125
125
125
125
125
125
125
125
125
125
125
125
125
125
125
125
125
125
125
125
125
125
125
125
125
125
125
125
125
125
125
125
125
125
125
125
125
125
125
125
125
125
125
125
125
125
125
125
125
125
125
125
125
125
125
125
125
125
125
125
125
125
125
125
125
125
125
125
125
125
125
125
125
125
125
125
125
125
125
125
125
125
125
125
125
125
125
125
125
125
125
125
125
125
125
125
125
125
125
125
125
125
125
125
125
125
124
125
126
125
125
125
125
125
126
125
125
125
125
125
125
125
125
125
125
125
125
125
125
125
126
125
125
125
126
126
125
125
124
124
126
126
124
124
126
127
124
122
123
127
128
124
122
127
129
121
117
127
135
128
117
117
127
132
130
124
119
122
127
129
125
122
123
125
127
128
126
121
122
128
129
124
120
124
130
128
122
120
123
130
132
124
116
121
131
130
124
122
125
126
125
125
125
125
125
125
124
123
125
127
127
126
125
123
122
125
129
129
122
120
126
130
124
118
125
131
125
121
125
129
127
125
123
123
125
126
126
125
125
125
127
126
121
120
125
130
128
123
121
124
127
128
128
126
123
122
126
128
124
122
125
129
129
123
118
122
130
132
125
119
121
126
127
125
124
125
124
124
125
128
128
126
125
124
125
125
125
124
124
124
124
126
126
126
124
125
126
127
125
122
123
126
128
127
126
124
123
124
126
127
125
124
124
122
124
127
129
128
127
126
124
122
122
125
126
126
125
125
125
126
125
124
125
124
125
125
126
126
126
125
125
126
125
125
124
125
125
126
126
125
125
125
126
126
125
124
123
124
126
127
127
126
124
123
124
125
126
126
125
125
125
125
125
125
125
125
125
124
125
126
126
126
127
127
126
126
125
125
125
125
125
126
126
126
125
125
125
125
126
126
126
126
126
126
126
125
125
125
125
126
126
126
126
126
125
125
125
126
126
126
126
126
126
125
125
125
125
125
125
126
125
125
125
125
126
126
126
126
126
126
125
125
125
125
123
125
125
125
126
126
126
126
126
126
126
126
125
125
125
125
125
126
125
125
125
125
125
125
125
125
125
126
125
125
125
125
125
125
125
125
125
125
125
125
125
125
125
125
125
126
125
125
125
125
125
125
125
125
124
125
126
125
125
125
125
125
126
126
125
125
125
126
125
125
125
125
125
125
125
125
126
125
125
125
125
125
125
125
125
125
125
125
125
125
125
125
125
125
125
125
125
125
125
125
125
125
126
126
125
125
125
125
125
125
126
126
125
125
125
125
125
125
125
125
125
125
125
125
125
126
125
125
125
125
126
126
126
125
125
125
126
126
126
125
125
125
125
125
125
125
125
125
125
127
127
125
125
125
125
125
124
125
125
125
125
125
125
125
125
125
125
125
125
125
125
125
125
125
125
125
125
125
125
125
125
125
125
125
125
126
126
125
125
125
126
125
125
125
125
125
125
125
125
125
125
125
125
125
125
125
125
125
125
125
125
125
125
125
125
125
125
125
125
125
125
125
125
125
126
125
125
125
125
125
125
125
125
125
125
125
125
125
125
125
125
125
125
126
125
125
125
125
125
125
125
125
126
126
126
125
125
126
125
125
125
125
125
125
125
125
125
125
125
126
125
125
125
125
125
125
125
125
124
125
126
125
124
126
129
124
121
127
129
122
124
133
126
114
122
136
129
118
122
128
126
124
126
126
122
124
127
126
125
126
125
123
125
127
125
124
125
126
124
124
126
126
125
125
124
125
125
126
126
124
124
126
126
125
124
125
126
124
124
125
126
125
125
126
126
126
125
125
124
124
125
125
126
125
124
125
125
126
125
125
124
125
125
125
125
125
125
125
125
125
125
125
126
125
125
126
125
125
124
125
126
124
124
125
126
125
125
126
125
125
125
126
125
125
125
126
125
125
125
126
126
125
125
125
125
125
125
125
125
125
125
125
125
125
125
125
126
126
125
125
125
125
125
125
125
125
125
125
125
125
126
125
125
125
125
125
125
125
125
125
125
125
125
126
126
126
125
125
125
125
125
125
125
125
126
125
125
126
126
125
125
125
125
125
124
125
126
125
125
125
125
126
126
126
125
124
124
125
125
126
126
124
124
126
126
126
125
125
124
125
127
126
124
124
125
125
124
126
128
124
122
124
127
128
124
121
124
130
127
121
122
127
128
123
121
125
130
141
112
124
124
126
127
126
125
126
126
122
124
129
127
121
123
129
128
123
122
125
127
126
126
126
125
125
126
127
127
126
126
126
125
125
125
125
126
125
126
124
125
127
127
125
125
123
125
127
127
125
124
125
126
125
125
127
127
124
123
127
128
125
124
126
126
125
121
121
124
124
125
128
128
127
127
127
125
126
126
127
125
125
125
126
126
126
125
127
126
124
123
125
126
126
125
125
125
125
125
125
126
126
125
124
125
126
126
126
125
124
124
126
126
125
124
125
126
126
125
126
126
126
124
125
125
126
127
125
125
126
127
126
123
124
127
127
124
123
125
128
126
122
123
128
129
125
121
124
127
127
125
122
123
127
129
126
124
124
126
126
125
126
126
125
126
126
125
124
124
126
128
127
125
123
122
124
127
127
126
126
125
124
126
128
127
124
123
125
126
127
125
122
124
126
126
126
124
125
127
126
126
125
125
127
125
123
124
127
127
125
124
124
126
126
126
125
130
129
126
123
125
124
124
123
123
125
126
126
125
125
125
125
125
126
125
125
126
126
126
125
125
126
126
126
125
125
125
125
125
126
125
123
125
125
126
127
125
124
126
127
126
125
124
125
125
125
126
126
125
125
125
125
124
124
125
126
125
125
125
125
126
125
124
124
125
125
125
125
127
125
125
125
125
125
124
124
124
125
128
130
125
122
123
125
128
124
125
121
122
123
127
127
127
126
125
127
127
125
124
125
125
124
126
127
126
124
124
126
127
126
124
122
123
125
126
125
123
125
127
127
125
124
124
32
125
125
125
125
125
125
125
125
125
125
125
125
125
125
125
125
125
125
125
125
125
126
125
125
126
125
125
125
125
125
125
125
125
125
125
125
125
125
125
125
125
125
125
126
125
125
125
125
125
125
125
125
125
125
125
125
125
125
125
125
125
125
125
125
125
125
125
125
125
125
125
125
125
125
125
125
125
125
125
125
125
125
125
125
125
125
125
125
125
125
125
125
125
125
126
125
126
125
125
125
125
125
125
125
125
125
125
125
125
125
125
125
125
125
125
125
125
125
125
125
125
125
126
126
126
125
124
124
124
124
126
131
134
130
121
115
116
122
118
104
114
166
201
153
70
66
110
140
143
155
151
110
83
108
148
154
125
92
111
157
147
96
93
135
162
144
115
105
111
127
137
133
112
110
138
148
118
105
128
136
124
126
129
120
121
124
117
126
143
131
110
116
130
131
127
127
128
126
121
121
126
130
128
125
121
118
120
127
132
129
124
123
128
129
126
122
121
125
128
128
126
123
122
124
127
128
126
124
124
125
125
124
126
129
130
128
123
119
120
127
130
128
123
122
125
128
127
125
124
124
125
126
126
126
125
124
125
126
126
125
124
125
126
126
126
125
125
125
126
126
126
125
124
125
125
125
125
125
125
125
125
125
125
125
126
126
126
126
125
125
125
125
125
125
125
125
125
125
125
125
125
125
126
126
126
126
125
125
123
125
125
125
125
125
125
125
126
126
125
125
125
125
126
126
126
125
125
125
125
125
125
125
125
125
125
126
125
125
125
125
125
125
125
125
125
125
125
125
125
125
125
126
125
125
