128
120
120
117
128
132
95
125
125
125
125
125
125
125
125
125
125
125
125
125
125
125
125
125
125
125
125
125
125
125
125
125
125
125
125
125
125
125
125
125
125
125
125
125
125
125
125
125
125
125
125
125
125
125
125
125
125
125
125
125
125
125
125
125
125
125
125
125
125
125
125
125
125
125
125
125
125
125
125
125
125
125
125
125
125
125
125
125
125
125
125
125
125
125
125
125
125
125
125
125
125
125
125
125
125
125
125
125
125
125
125
125
125
125
125
125
125
125
125
125
125
125
125
125
125
125
125
125
125
125
125
125
125
125
125
125
125
125
125
125
125
125
125
125
125
125
125
125
125
125
125
125
125
125
125
125
125
125
125
125
125
125
125
125
125
125
125
125
125
125
125
125
125
125
125
125
125
125
125
125
125
125
125
125
125
125
125
125
125
125
125
125
125
125
125
125
125
125
125
125
125
125
125
125
125
125
125
125
125
125
125
125
125
125
125
125
125
125
125
125
125
125
126
125
125
125
125
125
125
125
125
125
125
125
125
125
125
125
125
125
125
125
125
125
125
125
125
125
125
125
125
125
125
125
125
125
125
125
125
125
125
125
125
125
125
125
125
125
125
125
125
125
125
125
125
125
125
125
125
125
125
125
125
125
125
125
125
125
125
125
125
125
125
125
125
125
125
125
125
125
125
125
125
125
125
125
125
125
125
125
125
125
125
125
125
125
125
125
125
125
125
125
125
125
125
125
125
125
125
125
125
125
125
125
125
125
125
125
125
125
125
125
125
125
125
125
125
125
125
125
125
125
125
125
125
125
125
125
125
125
125
125
125
125
125
125
125
125
125
125
125
125
125
125
125
125
125
125
125
125
125
125
125
125
125
125
125
125
125
125
125
125
125
125
125
125
125
125
125
125
125
125
125
125
125
125
125
125
125
125
125
125
125
125
125
125
125
125
125
125
125
125
125
125
125
125
125
125
125
125
125
125
125
125
125
124
125
125
125
125
125
125
125
125
125
125
125
125
125
125
125
125
125
125
125
125
125
125
125
125
125
125
125
125
125
125
125
125
125
125
125
125
125
125
125
125
125
125
125
125
125
125
125
125
125
125
125
125
125
125
125
125
125
125
125
125
125
125
125
125
125
125
125
125
125
125
125
125
125
125
125
125
125
125
125
125
125
125
125
125
125
125
125
125
125
125
125
125
125
125
125
125
125
125
125
125
125
125
125
125
125
125
125
125
125
125
125
125
125
125
125
125
125
125
125
125
125
125
125
125
125
125
125
125
125
125
125
125
125
125
125
125
125
125
125
125
125
125
125
125
125
125
125
125
125
125
125
125
125
125
125
125
125
125
125
125
125
125
125
125
125
125
125
125
125
125
125
125
125
125
125
125
125
125
125
125
125
125
125
125
125
125
125
125
125
125
125
125
125
125
125
125
125
125
125
125
125
125
125
125
125
125
125
125
125
125
125
125
125
125
125
125
125
125
125
126
125
125
125
125
125
125
125
125
125
125
125
125
125
125
125
125
125
125
125
125
125
125
125
125
125
125
125
125
125
125
125
125
125
125
125
125
125
125
125
125
125
125
125
125
125
125
125
125
125
125
125
125
125
125
125
125
125
125
125
125
125
125
125
125
125
125
125
125
125
125
125
125
125
125
125
125
125
125
125
125
125
125
125
125
125
125
125
125
125
125
125
125
125
125
125
125
125
125
125
125
126
125
125
125
125
125
125
125
125
125
125
123
125
125
125
126
126
126
125
126
125
125
125
125
125
125
125
125
125
125
125
125
125
125
125
125
125
125
125
125
125
125
125
125
125
125
125
125
125
125
125
125
125
125
125
125
125
125
125
125
125
125
125
125
125
125
125
125
125
125
125
125
125
125
125
125
125
125
125
125
125
125
125
125
125
125
125
125
125
125
125
125
125
125
125
125
125
125
125
125
125
125
125
125
125
125
125
125
125
125
125
125
125
125
125
125
125
125
125
125
125
125
125
125
125
125
125
125
125
125
125
125
125
125
125
125
125
125
125
125
125
125
125
125
125
125
125
125
125
125
125
125
125
125
125
125
125
125
125
125
125
125
125
125
125
125
125
125
125
125
125
125
125
125
125
125
126
125
125
125
125
125
125
125
125
125
125
125
125
125
125
125
125
125
125
125
125
125
125
125
125
126
126
125
125
125
125
125
125
125
125
125
125
125
125
125
126
125
126
125
125
125
125
125
125
125
125
126
125
125
126
128
125
125
125
125
124
124
125
125
125
125
125
125
125
125
125
125
125
125
126
125
125
125
126
125
125
125
126
125
125
126
126
125
125
126
126
125
125
125
125
125
125
125
125
124
124
126
126
126
126
125
125
125
125
126
125
124
125
125
125
126
125
125
125
125
123
125
125
125
126
126
126
125
126
126
125
125
125
125
125
125
125
125
125
125
125
125
125
125
125
125
125
125
126
126
124
124
125
126
126
126
125
125
125
125
126
126
125
125
126
126
125
124
125
125
125
125
125
125
124
124
125
126
126
125
125
125
125
124
125
126
125
125
125
125
125
124
125
126
126
125
125
126
126
125
124
125
126
125
123
125
126
123
121
123
126
128
130
132
133
129
123
121
126
129
124
119
118
118
116
112
114
123
130
128
127
132
134
141
147
131
112
117
130
128
127
132
127
117
117
121
121
120
120
119
122
126
129
125
123
123
126
126
129
133
132
127
124
126
127
126
126
125
123
123
123
125
127
127
125
122
122
123
124
124
124
124
125
125
127
127
126
124
124
126
128
128
126
125
125
126
125
126
126
127
126
124
125
125
125
124
124
124
124
125
125
125
124
125
126
126
125
125
124
125
125
125
126
125
125
126
125
126
125
124
124
125
127
127
125
125
125
125
125
125
127
127
125
124
125
124
125
125
124
125
126
126
125
124
125
125
125
125
125
125
125
124
125
125
124
124
124
125
126
125
124
124
125
127
128
126
125
125
126
128
126
126
126
126
126
126
125
125
125
125
125
125
124
124
124
124
125
124
123
123
124
125
126
125
125
125
126
127
127
126
126
126
127
127
126
125
125
125
125
125
125
125
124
125
125
125
125
124
124
124
125
125
125
124
125
125
125
125
125
126
125
125
125
126
126
126
126
125
125
125
125
125
125
124
124
125
125
125
124
123
124
126
128
125
124
125
127
128
126
125
126
127
126
121
115
121
134
137
122
111
122
142
145
140
137
113
80
99
149
156
116
90
100
133
164
155
104
89
128
156
142
116
108
122
136
125
117
131
137
115
105
137
177
164
98
58
104
167
151
94
85
120
147
140
120
113
123
133
133
124
122
128
134
134
130
127
125
122
122
124
123
119
119
124
131
131
127
123
123
126
126
123
121
122
126
127
122
120
124
127
128
126
126
127
128
126
125
125
128
129
125
122
122
125
126
124
122
125
126
124
124
128
128
123
123
128
129
127
125
116
114
129
140
125
110
116
130
132
131
134
127
122
133
137
124
113
108
111
122
130
126
119
122
134
142
137
125
124
132
134
123
117
122
125
120
114
121
130
124
119
132
141
137
122
118
121
122
123
125
126
120
117
118
129
139
134
117
112
130
137
130
117
111
118
133
135
129
131
131
122
114
111
120
133
135
128
121
117
122
136
133
116
116
131
140
130
118
105
106
131
145
144
148
150
127
94
94
103
100
111
144
169
156
112
101
119
130
127
122
130
149
150
116
105
119
128
115
104
116
130
136
130
129
136
136
130
120
121
116
110
118
132
132
127
124
127
128
118
119
130
126
121
125
132
127
120
132
140
128
117
116
120
128
134
136
122
115
119
126
126
120
116
128
132
123
119
131
137
126
122
118
120
126
128
96
125
125
125
125
125
125
125
125
125
125
125
125
125
125
125
125
125
125
125
125
125
125
125
125
125
125
125
125
125
125
125
125
125
125
125
125
125
125
125
125
125
125
125
125
125
125
125
125
125
125
125
125
125
125
125
125
125
125
125
125
125
125
125
125
125
125
125
125
125
125
125
125
125
125
125
125
125
125
125
125
125
125
125
125
125
125
125
125
125
125
125
125
125
125
125
125
125
125
125
125
125
125
125
125
125
125
125
125
125
125
125
125
125
125
125
125
125
125
125
125
125
125
125
125
125
125
125
125
125
125
125
125
125
125
125
125
125
125
125
125
125
125
125
125
125
125
125
125
125
125
125
125
125
125
125
125
125
125
125
125
125
125
125
125
125
125
125
125
125
125
125
125
125
125
125
125
125
125
125
125
125
125
125
125
125
125
125
125
125
125
125
125
125
125
125
125
125
125
125
125
125
125
125
125
125
125
125
125
125
125
125
125
125
125
125
125
125
125
125
125
125
125
125
125
125
125
125
125
125
125
125
125
125
125
125
125
125
125
125
125
125
125
125
125
125
125
125
125
125
125
125
125
125
125
125
125
125
125
125
125
125
125
125
125
125
125
125
125
125
125
125
125
125
125
125
125
125
125
125
125
125
125
125
125
125
125
125
125
125
125
125
125
125
125
125
125
125
125
125
125
125
125
125
125
125
125
125
125
125
125
125
125
125
125
125
125
125
125
125
125
125
125
125
125
125
125
125
125
125
125
125
125
125
125
125
125
125
125
125
125
125
125
125
125
125
125
125
125
125
125
125
125
125
132
