121
118
122
117
120
131
69
125
125
125
125
125
125
125
125
125
125
125
125
125
125
125
125
125
125
125
125
125
125
125
126
125
125
125
125
125
125
125
125
125
125
125
125
125
125
125
125
125
125
125
125
125
125
125
125
125
125
125
125
125
125
125
125
125
125
125
125
125
125
125
125
125
125
125
125
125
125
125
125
125
125
125
125
125
125
125
125
125
125
125
125
125
125
125
125
125
125
126
125
125
125
125
125
125
125
125
125
125
125
125
125
125
125
125
125
125
125
125
125
125
125
125
125
125
125
125
125
125
125
125
125
125
125
125
125
125
125
125
125
125
125
125
125
125
125
125
125
125
125
126
125
125
125
125
125
125
125
125
125
125
125
125
125
125
125
125
125
125
125
125
125
125
125
125
125
125
125
125
125
125
125
125
125
125
125
125
125
125
125
125
125
125
125
125
125
125
125
125
125
125
125
125
125
125
125
125
125
125
125
125
125
125
125
125
125
125
125
125
125
125
125
125
125
125
126
125
125
125
125
125
125
125
125
125
125
125
125
125
125
125
125
125
125
125
125
125
125
125
125
125
125
125
125
125
125
126
125
125
126
125
125
125
125
125
125
125
125
125
125
125
126
125
125
125
125
125
125
126
125
125
125
125
125
125
125
125
125
125
125
125
125
125
125
125
125
125
125
126
125
125
126
125
125
125
125
125
125
125
125
125
125
125
125
125
125
125
125
125
125
125
125
125
125
125
126
125
125
125
125
125
125
125
125
125
125
125
125
125
125
125
125
125
125
125
125
125
125
125
125
125
125
125
125
125
125
125
125
125
125
125
125
125
125
125
125
125
125
125
125
125
125
125
125
125
125
125
125
125
125
125
125
126
125
125
125
125
125
125
125
126
125
125
125
126
126
125
125
125
125
125
125
125
125
125
125
125
125
125
125
125
125
125
125
126
125
125
125
125
125
125
125
125
125
125
125
125
125
125
125
125
125
125
125
125
125
125
125
125
125
125
125
125
126
125
125
125
125
125
125
125
125
125
125
125
125
125
125
125
125
125
125
125
125
125
125
125
125
125
125
125
125
125
125
125
125
125
125
125
125
125
125
125
125
125
125
125
125
125
125
125
125
125
125
125
125
125
125
125
125
125
125
125
125
125
125
125
125
125
125
125
125
125
125
125
125
125
125
125
125
125
125
125
125
125
125
125
125
125
125
125
125
125
125
125
125
125
125
126
125
125
125
125
125
125
125
125
125
125
125
125
125
125
125
125
125
125
125
125
125
125
125
125
125
125
125
125
125
125
125
125
125
125
125
125
125
125
125
125
125
125
125
125
125
124
125
125
125
125
125
125
125
125
125
125
125
125
126
125
125
125
125
124
125
125
125
126
126
126
126
126
125
125
125
125
126
126
126
126
126
126
126
125
125
125
125
126
126
126
125
125
126
126
126
126
125
125
126
126
126
125
125
125
126
126
126
125
125
126
126
125
125
125
126
126
126
126
125
126
126
125
125
126
126
126
125
126
126
125
126
126
125
125
125
125
125
125
125
125
126
126
125
125
126
125
125
125
125
125
125
125
125
125
125
125
125
125
126
126
125
125
125
126
126
126
126
125
125
125
126
126
126
125
125
126
126
126
125
125
126
126
125
125
126
127
127
125
124
125
125
125
124
124
126
127
128
127
126
126
126
125
123
123
125
126
127
125
124
125
127
127
125
125
125
125
126
126
126
125
125
126
125
124
125
126
127
126
126
126
126
125
125
125
125
126
127
126
125
125
126
126
126
126
125
125
125
125
125
126
126
125
125
125
125
126
126
127
126
125
126
128
128
126
125
125
125
125
125
126
125
124
124
126
127
126
125
123
122
125
133
135
125
116
120
130
130
125
122
122
125
128
127
125
123
124
126
127
126
125
124
125
125
124
127
134
144
124
55
40
179
255
210
34
27
149
248
166
70
67
141
184
140
87
100
129
118
134
201
126
5
67
255
235
51
103
77
31
180
255
100
14
144
179
124
112
79
78
187
228
113
45
75
150
192
152
80
58
93
146
232
243
94
7
44
143
177
158
119
122
158
139
98
101
130
128
96
92
136
183
176
121
82
95
130
149
138
106
92
124
163
148
110
99
125
160
157
101
71
117
172
154
99
87
118
139
141
138
120
104
117
143
148
139
127
100
83
119
167
153
111
105
121
127
132
140
138
130
113
98
114
148
147
112
108
132
136
121
114
118
131
143
130
113
117
125
125
129
137
131
119
119
130
134
131
121
111
110
125
141
135
118
114
125
135
140
132
112
107
123
138
139
128
113
107
118
134
138
131
125
122
122
131
135
122
107
115
131
132
123
123
128
131
128
122
125
136
139
124
113
118
122
115
116
127
133
132
131
129
120
113
123
137
140
129
118
124
133
119
106
114
128
131
130
129
132
135
128
121
124
128
122
112
116
132
141
131
117
111
121
131
133
127
123
127
134
132
123
116
119
128
127
119
120
129
131
127
127
126
121
121
128
129
126
123
121
126
134
131
118
121
140
125
80
79
149
204
163
81
78
126
135
140
155
113
62
132
202
135
32
111
243
126
21
121
205
134
87
108
124
138
144
117
103
132
150
133
115
106
100
110
152
188
159
85
56
97
149
174
159
115
82
98
141
159
139
113
107
117
128
137
136
122
111
115
129
132
124
122
131
135
124
112
116
129
137
133
125
122
119
118
123
129
128
150
151
70
37
173
255
105
80
94
255
201
35
45
255
172
13
78
255
245
60
53
255
255
58
27
109
230
231
115
16
53
168
229
156
39
41
141
192
149
108
124
146
122
87
101
147
161
141
125
112
96
109
146
160
135
110
111
121
127
128
130
132
128
119
117
128
137
133
119
112
120
133
137
130
122
120
121
126
129
126
122
122
118
125
133
137
119
101
123
170
160
88
74
149
163
118
111
133
126
121
112
109
127
154
131
102
106
156
171
103
91
126
151
122
104
117
142
148
131
107
103
124
137
133
121
119
123
125
130
137
135
120
116
125
128
124
126
127
119
112
124
138
136
126
120
123
127
127
123
121
126
131
129
122
119
124
132
131
124
120
121
123
125
128
127
123
122
125
129
131
131
130
127
122
121
125
126
123
122
126
129
127
123
123
125
126
126
125
123
125
129
128
126
126
125
123
121
123
127
129
127
126
129
129
123
120
126
131
126
121
125
128
126
123
121
124
127
128
129
128
125
125
127
126
123
123
126
127
126
126
125
127
129
126
127
128
125
122
122
124
126
127
126
126
125
122
123
124
125
126
127
125
124
127
134
128
125
126
125
121
124
125
125
124
124
124
123
124
125
127
129
128
125
124
126
127
124
122
122
127
127
124
123
126
128
127
126
127
125
123
124
126
124
124
128
133
130
124
123
123
122
123
124
125
125
127
128
126
125
125
125
124
126
126
125
124
123
125
125
124
126
128
126
125
125
124
123
123
125
127
130
129
125
123
125
124
123
124
129
130
125
121
122
125
124
124
125
129
113
127
121
128
131
129
125
123
126
126
126
124
123
126
128
128
128
125
121
122
126
130
129
124
121
123
125
127
129
128
125
123
125
127
126
127
127
123
123
126
129
126
121
120
125
126
126
125
125
124
123
125
129
132
130
128
128
127
126
124
130
127
120
119
121
123
123
115
125
128
132
135
134
125
123
123
124
125
125
126
128
126
124
123
127
129
125
122
123
125
126
127
125
123
122
125
128
124
120
123
128
129
126
126
124
125
125
125
124
125
126
124
124
124
126
127
127
126
126
126
123
121
125
130
130
125
124
123
124
125
125
126
125
125
128
130
127
124
122
123
125
126
126
124
122
126
131
131
127
122
120
124
123
122
123
126
68
125
125
125
125
125
125
125
125
125
125
125
125
125
125
125
125
125
125
125
125
125
125
125
125
125
125
125
125
125
125
125
125
125
125
125
125
125
125
126
125
125
125
125
125
126
126
126
125
125
125
126
125
125
125
125
125
125
125
126
125
125
126
125
125
125
125
125
126
126
125
125
126
125
125
125
125
126
125
126
125
126
126
125
125
126
125
125
125
125
126
125
125
126
126
125
125
125
125
125
125
125
125
126
126
126
125
125
125
126
125
125
125
125
125
125
125
126
125
125
125
125
125
125
125
125
125
125
125
125
125
125
125
125
125
125
125
125
125
125
125
125
125
125
125
125
125
125
125
125
125
125
125
125
126
125
125
125
125
125
125
125
125
125
125
125
125
126
125
125
125
125
125
125
125
125
125
125
125
125
125
125
125
125
125
125
125
125
125
125
125
125
125
125
125
125
125
125
125
125
125
125
125
125
125
125
125
125
125
125
125
125
125
125
125
125
125
125
125
125
125
125
125
125
125
125
125
125
125
125
125
125
125
125
125
125
125
125
125
125
125
125
126
125
125
125
125
125
125
125
125
125
125
125
126
126
126
125
125
125
125
125
125
125
125
125
125
125
125
125
125
125
125
125
125
125
125
125
125
126
125
125
125
125
125
125
125
125
125
125
125
125
125
125
125
125
125
125
125
125
125
125
125
125
125
125
125
125
125
125
125
125
125
125
125
125
125
125
125
125
125
125
125
125
125
125
125
125
125
125
125
125
126
124
125
126
125
126
126
126
126
125
125
125
125
125
125
125
126
125
125
126
126
125
169
