126
125
125
124
124
125
31
125
125
125
125
125
126
125
125
125
125
125
125
125
125
125
125
125
125
125
125
125
125
125
125
125
125
125
125
125
125
125
125
125
125
125
125
125
125
125
125
125
125
125
125
125
125
125
125
125
125
125
125
125
125
125
125
125
125
126
125
125
125
125
125
125
125
125
125
125
125
125
126
126
125
125
125
125
125
125
125
125
125
125
125
125
125
125
125
125
125
125
125
125
125
125
125
125
125
126
125
125
125
125
125
125
125
125
125
125
125
125
125
125
125
125
125
125
125
125
125
125
125
125
125
125
125
125
125
125
126
125
125
125
126
125
125
125
125
125
125
125
125
125
125
125
125
125
125
125
125
125
126
125
125
125
125
125
125
125
125
125
125
125
126
125
126
126
126
126
126
126
126
126
126
126
126
126
126
126
126
126
126
126
126
126
126
126
126
126
126
126
126
126
126
126
125
126
126
126
126
126
126
126
126
126
126
126
126
126
126
126
126
126
126
126
126
126
126
126
126
126
126
126
126
126
126
126
126
126
126
126
126
126
125
125
126
126
126
126
125
124
125
126
126
125
125
125
125
126
126
125
125
126
126
127
127
125
123
123
127
131
130
125
118
117
124
133
133
125
119
122
129
134
129
121
119
125
128
122
121
130
133
122
116
127
139
130
113
114
132
139
128
117
119
126
130
134
130
115
109
125
143
135
115
115
133
138
126
118
116
118
132
141
128
117
123
122
119
131
138
125
115
123
130
127
125
128
126
123
126
128
123
124
129
125
119
126
135
127
117
125
133
125
119
124
128
125
129
130
121
117
129
134
123
119
128
131
122
120
129
130
123
124
129
126
120
125
133
125
116
127
137
124
116
129
133
120
118
130
129
122
127
128
122
125
131
125
121
126
126
125
129
128
119
121
133
127
116
125
134
123
119
128
130
125
118
122
135
136
115
110
137
133
116
123
133
123
120
127
128
127
126
120
123
135
132
117
114
127
138
130
115
117
136
134
113
114
138
140
118
110
125
135
130
124
122
124
125
125
127
126
124
126
128
124
122
126
129
125
121
124
128
127
123
124
126
127
126
126
125
124
124
125
126
126
127
125
123
124
126
125
123
124
127
127
125
125
125
126
126
125
126
126
126
124
125
126
125
124
125
126
126
126
126
125
124
126
127
125
124
125
126
126
125
125
124
124
126
127
125
123
126
128
126
123
124
125
125
126
127
125
123
125
127
126
123
125
128
125
122
126
128
127
125
123
122
126
128
125
121
123
130
129
121
120
129
131
125
126
129
121
109
113
146
175
139
67
61
139
200
174
92
38
74
172
212
135
77
119
173
154
96
65
93
134
120
89
138
255
255
58
232
80
255
255
198
12
2
97
200
214
117
35
72
150
179
149
108
80
93
158
198
129
44
60
131
177
181
143
76
63
111
159
152
109
110
185
222
111
4
41
159
209
176
118
66
81
147
168
129
108
131
145
119
87
95
132
152
143
124
114
122
138
141
127
110
107
120
133
130
120
119
129
134
128
124
129
132
126
120
124
127
123
119
122
128
131
130
127
122
120
121
126
130
131
126
123
122
124
128
130
127
122
121
124
128
127
125
126
127
126
123
122
124
125
126
127
129
130
129
126
124
123
124
125
124
123
123
126
128
128
125
124
125
128
129
128
125
123
123
125
126
125
124
124
125
126
127
127
127
128
127
126
125
124
124
124
125
125
125
126
127
126
126
125
125
126
126
126
126
126
125
124
125
126
126
127
126
126
125
125
124
124
125
126
126
126
126
125
125
125
125
126
126
126
126
126
125
126
126
125
125
125
125
125
125
125
125
126
126
126
126
126
125
125
125
126
125
125
125
126
125
125
125
126
126
125
126
124
126
126
125
124
125
126
126
126
126
126
126
126
126
126
126
125
125
126
126
125
125
126
127
127
127
127
126
126
126
126
125
125
125
124
125
126
126
125
125
125
126
127
126
126
126
126
126
126
125
126
126
124
126
127
126
126
126
125
126
126
126
125
125
125
126
126
126
125
126
127
126
125
124
125
126
126
126
126
126
126
126
126
126
126
126
125
125
125
125
125
125
126
125
125
125
125
126
125
126
126
126
126
126
126
125
125
125
126
126
126
125
125
125
126
127
127
125
125
125
125
125
125
126
126
126
125
125
125
126
127
126
125
123
124
127
128
126
124
126
127
126
124
124
126
127
126
125
126
126
125
126
125
124
124
126
127
125
125
125
126
127
127
126
125
125
126
126
125
126
125
124
125
126
126
125
126
126
126
125
125
126
126
126
126
126
126
125
126
126
126
126
125
125
125
125
126
126
126
125
125
126
126
125
124
124
125
126
126
126
125
126
126
126
126
126
126
126
125
125
126
126
126
128
125
125
126
126
125
124
124
124
125
126
125
125
125
126
126
126
125
125
126
126
126
125
125
125
126
126
126
124
124
126
126
127
126
125
124
124
125
126
126
126
124
124
126
126
126
125
125
125
129
127
126
125
124
123
125
125
125
124
124
124
126
126
126
125
126
126
127
127
125
124
124
125
125
125
125
125
125
125
126
125
126
126
123
124
125
125
126
127
126
126
125
126
126
126
125
125
125
126
125
125
125
125
125
125
125
125
125
125
125
126
125
125
126
126
126
125
125
125
125
126
125
125
126
126
126
126
126
125
125
125
126
125
125
125
125
125
126
126
126
126
125
125
125
125
126
126
126
125
125
125
125
125
125
125
125
125
125
126
126
125
125
125
125
126
126
125
125
125
125
125
125
125
125
125
126
126
126
126
126
125
125
125
125
125
124
125
124
124
125
125
125
124
126
126
127
126
127
126
126
126
125
125
125
125
125
125
125
125
125
125
126
126
126
125
125
125
126
125
125
125
125
125
126
125
125
125
126
126
125
126
126
126
125
125
125
125
125
125
125
125
125
125
125
125
125
125
125
125
125
125
125
125
125
125
125
125
125
124
124
125
125
125
126
126
126
126
126
125
125
125
124
125
126
126
124
123
126
127
126
126
125
125
125
126
126
125
124
124
124
125
125
125
124
125
125
126
127
127
126
126
127
127
129
127
124
123
125
124
124
124
124
125
125
125
125
125
125
125
125
125
125
125
126
127
127
126
124
124
123
126
127
127
125
124
125
125
126
126
125
124
123
120
125
126
126
127
126
126
126
126
126
126
126
126
126
126
125
125
126
126
125
125
125
125
125
125
125
125
125
125
126
126
126
126
125
126
126
125
125
125
125
126
126
126
125
125
126
125
125
125
124
124
125
125
126
125
125
126
126
125
125
126
126
125
124
124
125
125
126
126
125
125
125
126
127
126
126
125
126
127
126
125
124
124
124
125
125
124
124
125
127
127
126
126
126
125
125
125
126
124
124
125
126
125
125
126
126
126
126
126
126
126
126
124
124
125
126
126
125
123
125
127
126
125
123
124
126
127
127
125
124
125
127
126
126
125
124
125
126
127
129
124
125
127
128
126
122
122
123
125
126
126
123
125
127
127
125
124
123
123
125
127
126
125
128
128
129
127
125
122
123
122
123
125
126
124
122
124
129
129
128
128
127
126
125
124
124
124
123
124
124
124
126
125
124
125
126
128
128
127
127
126
127
127
125
124
124
124
125
124
124
126
127
127
126
125
126
126
125
125
124
133
126
124
123
124
122
124
125
123
124
126
125
125
124
125
126
125
125
125
124
125
125
125
126
126
125
126
126
126
126
126
126
125
126
126
126
126
127
125
125
126
125
125
125
124
125
125
125
125
125
114
125
126
128
127
130
126
127
126
126
125
125
127
125
126
123
124
126
125
125
124
124
125
126
126
126
125
124
124
126
127
126
124
124
125
126
32
126
126
126
126
126
126
126
126
126
126
126
126
126
126
126
126
126
126
126
126
126
126
126
126
126
126
126
126
125
125
126
126
125
125
126
126
126
126
126
126
125
126
125
125
125
126
126
125
126
126
125
125
126
125
125
125
125
125
125
126
125
125
126
125
125
126
126
126
126
125
126
125
126
125
125
125
125
125
126
125
126
125
126
125
125
125
125
125
126
125
126
126
125
125
126
126
126
125
126
126
125
126
126
125
126
125
126
125
126
125
126
126
126
126
125
126
126
126
125
125
125
125
126
125
126
126
125
125
125
125
126
125
126
126
126
125
125
126
125
125
126
126
125
125
125
125
125
125
126
125
125
125
125
125
125
126
125
126
125
125
125
125
125
126
125
125
126
126
125
125
125
125
125
125
125
125
126
126
125
125
125
125
125
125
125
125
125
125
125
125
125
125
125
125
125
125
125
125
125
125
125
125
125
125
125
125
125
125
125
125
125
125
125
125
125
125
125
125
125
125
125
125
125
125
125
125
125
125
125
125
125
125
125
126
125
125
125
125
126
126
125
125
125
125
125
125
126
125
125
125
125
125
125
125
126
126
126
125
125
125
125
126
126
125
124
125
125
126
126
125
125
126
127
126
125
124
125
126
126
124
125
126
126
125
124
126
126
125
124
125
126
126
125
125
126
125
125
125
125
125
125
125
126
126
126
126
125
125
124
125
125
126
126
126
125
125
125
125
125
125
125
125
126
125
125
126
126
125
125
125
125
125
125
125
125
125
125
125
125
125
125
125
125
125
125
126
125
125
125
125
125
125
126
125
