129
128
128
128
127
125
58
126
126
126
126
125
125
126
126
126
126
125
126
126
126
126
126
126
126
125
125
126
126
126
126
126
126
125
125
125
125
126
126
125
125
125
125
126
125
125
126
125
126
126
126
126
126
126
126
126
126
126
126
126
126
126
126
126
126
126
125
126
126
125
126
126
126
126
126
126
126
125
126
126
126
125
125
126
125
126
126
125
125
125
126
126
126
126
125
126
126
126
125
125
126
126
126
126
125
126
125
126
126
126
126
126
125
126
126
125
125
125
126
125
125
125
125
125
126
126
125
126
125
126
126
126
125
125
126
126
126
125
126
125
126
126
126
126
126
126
126
126
126
126
126
126
125
126
125
126
126
126
125
125
126
126
126
126
126
126
126
126
126
126
126
126
126
125
125
125
126
125
126
126
126
126
126
126
126
126
125
126
126
126
126
126
126
126
125
125
126
125
125
126
126
126
125
126
126
125
125
126
126
125
125
125
125
125
126
126
126
126
126
125
125
125
125
125
126
125
125
125
125
125
125
125
125
125
125
126
125
125
126
125
125
126
125
125
125
126
126
125
125
125
125
125
125
126
125
125
125
126
126
126
125
125
125
125
125
126
126
126
126
126
126
126
126
125
125
125
125
126
126
126
126
126
126
126
126
125
126
125
126
126
126
126
126
126
125
126
126
126
126
125
126
126
125
126
125
125
126
126
126
126
126
126
126
126
126
126
125
126
126
126
126
126
126
126
125
125
125
125
126
125
125
125
126
125
126
126
126
126
126
125
125
125
125
125
125
125
125
125
126
126
125
126
125
125
125
125
125
125
125
125
125
125
125
125
125
125
125
125
125
125
126
125
125
125
125
125
125
125
126
125
125
125
125
125
126
125
125
125
125
125
125
125
125
125
125
125
125
125
125
126
125
125
125
125
125
125
125
125
125
125
125
125
125
125
125
125
125
125
125
125
125
126
125
125
125
126
125
125
125
125
125
125
125
125
125
125
125
125
125
125
125
125
125
125
125
125
125
125
125
125
125
125
125
125
125
125
125
126
125
125
125
125
125
125
125
125
125
126
125
125
125
125
125
125
125
125
125
125
126
126
125
125
125
125
125
125
125
125
125
125
125
125
125
125
125
125
126
125
125
125
125
125
125
125
125
125
125
125
125
125
125
125
125
125
125
125
125
125
125
125
125
125
125
125
125
125
125
125
126
126
127
127
125
123
122
123
125
128
131
130
125
121
122
123
123
124
126
127
127
126
122
121
125
129
128
126
126
135
163
175
109
24
63
176
177
49
30
216
255
234
90
101
167
225
154
137
104
80
186
179
24
60
236
213
56
74
160
130
71
81
124
169
168
107
91
139
142
99
102
143
158
143
121
99
99
121
129
120
132
158
147
106
93
114
134
134
121
115
130
146
137
117
114
127
130
119
112
122
139
142
136
120
105
107
124
135
131
127
133
135
126
115
113
122
129
130
130
133
130
123
119
123
129
128
122
118
123
133
134
127
123
123
126
127
124
123
124
127
127
126
128
130
130
126
122
122
123
125
125
127
128
129
127
125
124
124
125
126
126
127
129
128
126
124
121
119
122
126
129
129
129
128
127
127
128
126
125
123
124
126
127
127
126
125
124
124
125
126
126
126
125
124
124
126
127
127
126
125
124
125
126
127
127
126
126
127
127
127
126
126
126
126
126
126
125
125
125
125
125
125
125
125
125
125
126
126
127
127
127
126
126
125
126
126
126
126
126
126
126
126
125
125
125
125
125
125
125
125
126
125
125
125
126
126
126
126
126
126
126
126
126
125
125
125
125
125
126
126
126
126
126
126
126
125
125
125
125
125
125
125
126
126
126
126
126
126
126
126
126
126
126
126
126
126
125
125
125
125
125
126
126
126
125
126
125
125
125
125
126
126
126
125
126
126
126
128
131
123
122
122
123
125
126
127
127
127
127
126
125
125
126
126
125
125
125
125
125
125
125
125
125
125
125
125
126
126
125
125
127
127
126
125
125
125
125
125
125
125
125
125
125
125
126
125
125
125
125
125
125
126
125
125
125
126
125
125
125
125
125
126
126
126
125
125
126
126
126
125
125
125
125
125
125
125
125
125
125
125
125
125
125
125
125
125
125
125
125
125
126
126
126
125
126
126
126
125
125
125
126
126
125
125
125
125
125
125
125
125
125
125
125
125
125
125
125
125
125
125
126
126
126
125
125
125
126
125
125
125
125
125
125
125
125
125
125
125
125
125
126
126
125
125
125
126
125
125
125
125
125
125
125
125
125
125
125
125
126
126
125
126
126
126
125
125
125
125
125
125
125
125
125
125
125
125
126
125
125
125
125
125
125
125
125
125
125
125
125
125
125
125
125
125
125
125
125
126
126
125
125
125
125
125
125
125
125
125
125
125
125
125
125
125
125
125
125
125
125
126
125
125
125
126
126
125
125
125
125
125
125
125
125
125
125
125
125
125
125
125
125
125
125
125
125
125
125
125
126
126
125
125
125
126
125
129
122
124
126
125
125
126
125
125
125
125
125
125
125
125
125
126
126
125
125
125
126
125
125
126
126
126
124
121
126
126
126
126
126
127
127
126
126
126
126
125
126
126
126
126
126
126
126
126
125
126
126
125
125
125
125
126
126
126
126
126
126
125
126
126
126
126
122
124
125
126
126
127
126
126
126
127
126
126
125
125
126
126
126
125
126
126
125
126
126
126
125
125
125
125
125
126
126
125
125
125
125
125
126
126
126
126
126
125
125
126
126
126
125
125
126
126
125
126
126
126
126
125
126
125
125
126
125
125
125
126
126
126
126
126
126
126
126
125
125
126
125
126
126
126
125
125
126
126
126
126
125
125
126
126
125
125
125
125
125
126
126
125
125
126
125
125
126
125
125
125
126
126
126
125
126
126
126
126
126
126
126
125
126
126
125
126
126
126
125
125
125
126
126
126
125
126
126
126
126
126
126
125
125
126
126
126
125
125
126
126
126
125
125
126
128
129
125
124
125
124
124
125
125
125
125
125
126
126
126
125
125
125
125
126
125
126
125
126
125
126
126
126
125
125
125
125
126
126
126
130
128
126
124
125
124
124
125
124
124
125
125
125
125
125
125
125
126
125
125
125
125
125
125
125
125
125
126
126
126
125
125
125
128
131
77
132
124
128
129
129
128
128
128
127
126
126
126
126
126
126
126
127
126
126
126
126
126
126
127
127
126
127
127
126
126
126
126
126
126
126
126
126
126
126
126
126
127
127
118
93
130
126
129
130
129
130
129
128
128
128
127
127
127
126
127
127
126
126
126
125
120
125
126
126
127
129
128
128
128
127
126
127
126
126
125
126
126
127
126
126
126
125
125
125
125
126
127
126
126
125
124
123
124
127
128
128
127
126
125
124
124
124
124
124
125
126
127
127
126
127
128
127
126
126
124
123
124
125
126
126
125
125
126
126
127
126
126
125
125
126
126
125
124
123
124
126
126
126
126
126
126
126
126
125
125
125
127
123
125
125
126
126
126
125
125
125
125
126
126
125
125
125
125
125
124
127
125
125
126
126
128
127
126
126
125
125
125
125
126
126
127
126
125
126
126
125
126
125
125
125
126
126
126
125
125
126
126
126
126
126
126
126
126
125
125
125
125
125
134
127
125
125
125
122
124
124
124
125
126
125
126
126
125
124
124
126
126
126
126
126
126
127
126
126
126
125
125
125
125
126
126
126
126
126
126
125
125
126
126
125
125
125
125
126
125
125
125
124
125
125
125
136
127
126
124
124
122
123
123
124
125
126
126
125
126
125
124
124
126
126
127
126
125
123
123
125
127
126
128
127
126
126
125
125
127
126
125
125
125
125
125
126
59
126
126
126
126
126
126
126
126
126
126
126
126
126
126
126
126
125
125
126
125
126
126
126
126
126
126
126
126
126
126
126
126
126
126
126
126
126
125
125
125
125
126
126
125
125
126
126
126
126
126
126
126
126
125
126
125
126
126
126
125
125
125
126
125
126
126
126
126
125
125
126
125
125
125
125
125
126
125
125
125
125
125
126
126
125
126
126
125
125
125
125
125
125
125
125
125
125
125
126
126
126
125
126
125
125
125
125
126
125
125
125
125
125
125
125
125
125
125
125
125
125
125
125
125
125
125
125
125
125
125
126
125
125
125
126
125
125
125
125
125
125
125
125
125
125
125
125
125
125
125
125
125
125
125
125
125
125
125
125
125
125
125
125
125
125
125
125
125
125
125
125
125
125
125
125
125
125
126
125
125
126
125
125
126
125
126
125
126
126
126
126
126
126
126
126
126
126
126
126
126
126
126
126
126
126
126
126
126
126
126
126
126
126
126
126
126
126
126
126
126
126
125
126
125
126
126
126
126
125
126
126
126
126
126
126
126
126
126
126
126
126
126
126
126
126
125
125
126
126
125
126
126
125
126
126
125
125
126
125
125
125
126
125
125
125
125
125
125
126
125
125
125
125
126
125
125
125
126
125
125
125
125
125
126
125
126
125
125
125
125
125
125
125
125
125
126
125
126
125
126
126
125
125
125
125
125
125
125
125
125
126
125
126
126
126
125
125
125
125
126
125
125
125
126
125
125
125
125
125
125
126
126
125
125
126
126
125
125
125
125
125
125
126
125
125
126
125
125
126
125
125
126
125
127
