124
126
79
112
126
131
44
125
125
125
126
125
125
125
126
125
125
125
126
126
125
125
126
125
125
125
125
125
125
125
125
125
125
125
125
125
126
125
125
125
125
125
125
126
125
125
126
126
125
125
125
125
125
125
125
125
125
125
125
125
125
125
125
125
125
125
125
125
125
125
125
125
125
125
125
125
125
125
125
125
125
125
125
125
125
125
125
125
125
125
125
125
125
125
125
125
125
125
125
125
125
125
125
125
125
125
125
125
125
125
125
125
125
125
125
125
125
125
125
125
125
125
125
125
125
125
125
125
125
125
125
125
125
125
125
125
125
125
125
125
125
125
125
125
125
125
125
125
125
125
125
125
125
125
125
125
125
125
125
125
125
125
125
125
125
125
125
125
125
125
125
125
125
125
125
125
125
125
125
125
125
125
125
125
125
125
125
125
125
125
125
125
125
125
125
125
125
125
125
125
125
125
125
125
125
125
125
126
124
125
125
125
125
125
125
126
125
126
125
125
126
126
125
125
125
125
126
125
125
125
125
126
125
125
125
126
125
125
126
125
125
125
126
125
126
125
125
126
126
125
125
125
126
125
125
125
126
125
125
125
125
125
126
125
125
125
125
125
125
126
126
126
125
126
125
125
125
125
125
125
125
125
126
125
125
125
125
125
125
125
125
125
126
125
125
125
125
125
126
125
125
125
125
125
125
125
125
125
125
125
125
125
125
125
125
125
125
125
125
125
125
125
125
125
125
125
125
125
125
125
126
125
126
125
125
125
125
125
125
125
125
125
125
125
125
125
125
125
125
125
125
125
125
125
125
125
125
125
125
125
125
125
125
125
125
125
125
125
125
125
125
125
125
125
125
125
125
126
125
125
125
125
125
125
125
125
126
125
125
125
125
125
125
125
125
125
125
125
125
125
125
125
126
125
126
125
125
125
125
125
126
125
125
125
126
126
125
125
125
126
126
126
125
126
125
125
125
125
125
126
126
125
124
125
126
126
125
125
125
125
125
125
125
125
125
126
126
125
125
125
127
127
126
125
126
126
124
123
124
126
126
126
127
126
124
122
123
126
127
125
125
127
129
127
122
117
116
124
136
138
127
115
110
121
141
148
129
101
102
123
145
139
123
129
132
105
96
143
155
120
108
118
126
143
155
124
88
98
127
148
140
93
101
175
168
93
103
151
116
97
137
139
98
108
151
155
127
129
138
115
89
96
129
150
150
132
111
110
134
141
124
113
120
128
123
114
120
137
141
122
111
125
137
129
121
132
137
125
115
119
125
125
126
127
123
123
131
135
127
114
112
123
137
135
123
118
125
132
131
126
123
123
123
124
125
123
122
123
129
132
131
127
126
126
127
126
121
114
114
124
134
137
134
126
120
119
123
125
125
126
128
129
129
128
124
123
124
124
123
122
124
125
128
130
130
127
123
123
124
124
122
123
126
129
129
128
125
125
125
124
124
125
126
125
123
123
125
129
130
129
126
124
123
125
127
126
124
123
124
128
131
127
121
121
126
125
123
125
127
128
128
126
124
124
126
127
127
126
125
124
125
127
127
125
123
123
125
128
128
125
122
122
125
127
127
125
123
123
125
128
128
127
126
127
126
123
123
126
127
124
121
124
128
129
127
125
125
127
127
125
123
124
124
126
127
126
125
124
124
126
127
125
124
125
127
126
126
126
125
124
126
127
125
124
126
127
126
125
125
126
127
125
125
125
126
126
125
125
126
126
126
125
124
124
125
125
125
125
125
125
126
126
127
126
126
125
125
125
125
125
125
125
125
125
125
125
125
125
125
126
126
125
125
125
125
125
126
126
126
125
125
125
125
125
125
125
125
126
126
126
126
125
125
124
125
125
124
125
125
126
126
126
126
126
126
125
125
125
125
125
125
125
125
126
126
126
125
125
125
125
125
125
125
125
125
125
125
125
125
125
125
125
125
125
126
126
125
125
125
125
125
126
126
126
126
125
125
125
125
125
125
125
125
125
125
125
125
125
125
126
126
126
126
126
126
125
125
125
125
124
123
123
124
125
126
127
128
128
128
128
127
124
122
123
124
124
122
122
125
128
127
125
125
127
128
127
125
124
125
125
124
122
122
126
127
125
126
127
126
126
125
124
124
124
125
125
125
126
127
127
126
125
125
125
125
125
125
125
124
124
124
124
124
125
125
125
126
126
126
125
125
125
126
126
125
126
126
126
125
125
126
127
126
125
125
125
125
124
123
124
124
125
125
126
126
126
126
125
125
125
126
125
125
125
125
125
125
126
126
125
125
127
121
124
125
125
127
127
125
125
125
125
126
126
126
126
125
126
126
126
126
125
125
125
125
125
126
126
125
125
125
126
126
126
126
125
125
126
126
126
125
125
126
126
126
126
126
126
125
126
126
126
125
125
125
126
126
125
125
126
126
126
125
126
126
126
126
125
123
125
125
125
126
126
126
126
126
126
126
126
125
126
126
125
125
125
125
125
125
125
125
125
126
126
126
125
125
125
126
126
125
125
125
125
125
125
125
125
125
125
125
125
125
125
125
125
125
126
125
125
125
125
125
125
126
126
126
126
125
125
125
125
125
125
125
125
125
125
125
126
125
125
125
125
125
125
125
125
125
125
125
125
126
125
125
125
125
125
125
125
124
126
125
125
125
125
126
126
125
126
126
126
126
126
125
125
125
125
125
125
126
126
126
125
125
125
125
126
126
125
125
125
125
126
125
125
126
126
125
125
126
126
125
125
125
125
126
125
125
125
126
126
126
126
125
125
129
126
125
125
124
123
124
125
125
125
126
125
125
126
125
125
125
125
125
126
125
125
125
125
126
125
125
125
125
125
125
125
125
125
125
125
125
125
126
126
126
125
125
125
125
125
125
125
125
125
125
125
125
125
125
125
125
125
125
125
125
125
125
125
125
125
126
125
126
125
126
125
125
126
126
125
125
125
125
125
124
125
125
126
126
126
126
126
125
125
125
125
125
125
125
126
126
125
125
125
125
126
126
125
125
125
126
126
125
125
125
125
125
125
125
125
125
125
125
126
126
125
125
126
126
125
125
125
125
125
125
125
125
125
125
125
125
125
125
125
125
125
125
125
125
125
125
126
126
125
125
125
125
125
125
125
125
125
125
126
125
125
125
125
126
126
125
126
131
119
98
133
124
127
129
128
128
127
127
126
125
126
125
126
126
126
126
126
126
127
126
126
126
126
126
126
126
126
126
126
126
126
126
126
125
126
126
126
127
126
127
126
126
126
126
125
125
126
125
126
125
128
125
126
125
126
124
126
125
125
126
125
125
125
125
122
121
125
125
125
127
128
127
127
128
126
126
126
126
126
125
125
126
126
126
125
125
125
125
125
126
125
125
125
125
125
126
125
125
125
125
126
125
125
125
125
124
126
124
125
125
126
125
126
126
126
125
125
126
125
125
125
125
126
126
126
125
126
126
126
125
125
125
125
125
125
126
125
125
125
125
125
125
125
125
126
125
125
125
125
126
126
125
124
126
125
126
125
125
125
125
125
126
126
126
125
125
125
125
126
126
126
126
126
125
126
126
125
125
125
126
126
122
124
124
126
126
127
126
126
127
127
126
125
125
125
124
125
125
125
126
128
125
126
125
126
126
125
124
124
125
126
125
126
131
125
125
126
124
121
121
122
125
128
128
124
121
121
125
132
131
124
121
124
126
127
128
126
125
124
123
124
126
125
125
126
127
125
121
123
126
128
130
128
121
118
122
128
129
126
125
125
127
126
123
122
126
127
126
126
125
126
125
123
125
126
125
125
123
125
128
128
126
124
123
123
124
126
126
125
125
127
127
124
122
125
128
127
123
123
127
129
127
121
123
125
125
126
127
125
45
125
125
125
125
125
125
125
125
125
125
125
125
125
125
125
125
125
125
125
125
125
125
125
125
125
125
125
125
125
125
125
125
125
125
125
125
125
125
125
125
125
125
125
125
125
125
125
125
125
125
125
125
125
125
125
125
125
125
125
125
125
125
125
125
125
125
125
125
125
125
125
125
125
125
125
125
125
125
125
125
125
125
125
125
125
125
125
125
125
125
125
125
125
125
125
125
125
125
125
125
125
125
125
125
125
125
125
125
125
125
125
125
125
125
125
125
125
125
125
125
125
125
125
125
125
125
125
125
125
125
125
125
125
125
125
125
125
125
125
125
125
125
125
125
125
125
125
125
125
125
125
125
125
125
125
125
125
125
125
125
125
125
125
125
125
125
125
125
125
125
125
125
125
125
125
125
125
125
125
125
125
125
125
125
125
125
125
125
125
125
125
125
125
125
125
125
125
125
125
125
125
125
125
125
125
125
125
125
125
125
125
125
125
125
125
125
125
125
125
125
125
125
125
125
125
124
125
125
125
125
125
125
125
125
125
125
125
125
125
125
125
125
125
125
125
125
125
125
125
125
125
125
125
125
125
125
125
125
125
125
125
125
125
125
125
125
125
125
125
125
124
125
125
125
125
125
125
126
126
126
125
125
125
125
125
126
125
125
126
125
125
126
125
125
125
125
126
125
125
126
126
126
126
126
125
125
125
125
125
125
126
125
126
126
126
125
126
125
126
125
125
126
126
125
126
125
125
126
125
126
125
126
126
125
126
126
126
126
126
126
126
125
126
125
125
125
125
126
126
126
125
126
125
123
