125
127
127
126
127
127
37
125
125
126
126
125
125
125
125
126
125
125
125
125
126
125
125
126
126
126
126
126
125
126
125
126
126
126
126
126
125
125
126
126
126
126
125
125
125
125
126
126
125
126
126
126
126
126
126
125
126
126
125
126
126
125
126
126
126
126
125
125
126
125
125
126
126
126
126
126
125
125
125
125
126
125
125
125
126
125
125
126
125
126
125
126
125
125
125
125
126
125
125
125
126
125
125
125
126
125
126
125
126
125
125
126
125
125
126
126
126
125
126
125
126
126
126
126
125
125
126
125
125
125
125
125
125
126
125
125
125
126
126
126
126
125
125
125
125
125
125
125
125
125
126
125
125
125
126
126
125
126
125
125
125
126
125
125
125
125
125
126
126
125
125
126
126
126
126
126
125
125
125
126
125
126
125
125
125
125
125
125
125
125
126
126
126
126
125
126
126
126
126
125
125
125
125
125
125
125
126
126
125
126
126
126
126
125
125
126
126
125
125
125
125
125
125
125
125
125
125
125
125
126
126
126
126
125
125
126
125
125
126
126
126
125
125
125
125
125
125
125
125
125
125
125
125
125
125
125
125
125
125
125
125
125
125
125
125
126
125
126
125
125
125
125
125
125
125
125
125
125
125
125
125
125
125
125
125
125
125
125
125
125
125
125
125
125
125
125
126
125
125
125
125
125
125
125
125
125
125
125
125
125
125
125
125
125
125
125
125
125
125
126
125
125
125
125
125
125
125
125
125
125
125
125
125
125
125
125
125
125
125
125
125
125
125
125
125
125
125
125
125
125
125
125
125
125
125
125
125
125
125
125
125
125
125
125
125
125
125
125
125
125
125
125
125
125
125
125
125
125
125
125
125
125
125
125
125
125
125
125
125
125
125
125
125
125
125
125
125
125
125
125
125
125
125
125
125
125
125
125
125
125
125
125
125
125
125
125
125
125
125
125
125
125
125
125
125
125
125
126
125
125
125
126
125
125
125
125
125
126
125
125
125
125
125
125
125
125
125
125
125
125
125
125
125
125
125
125
125
125
125
125
125
125
125
125
125
125
125
125
125
125
125
125
125
126
126
125
125
125
125
125
125
125
125
125
125
125
125
125
125
125
125
125
125
125
125
125
125
126
126
125
125
125
125
125
125
125
125
126
126
126
125
125
125
125
125
126
125
125
125
125
125
125
124
123
124
127
129
129
131
134
134
121
102
98
110
120
124
137
160
167
149
121
102
89
88
116
159
170
126
82
99
142
145
131
130
131
138
132
92
81
129
161
146
119
104
116
146
133
93
107
157
158
121
118
144
131
88
90
143
160
128
111
114
107
113
156
166
120
83
93
132
163
153
119
106
117
128
134
137
131
115
102
105
125
143
143
130
119
125
137
134
119
111
117
126
129
126
122
125
132
136
131
121
116
122
128
125
117
117
127
136
136
129
122
119
123
128
128
124
122
124
130
133
130
123
119
121
124
124
122
122
126
130
131
129
126
126
127
126
122
120
122
126
128
127
126
126
127
127
126
124
124
126
126
126
124
123
125
127
128
127
125
123
123
125
127
126
125
124
124
126
127
127
126
127
127
126
126
125
125
125
125
125
125
125
126
126
127
126
125
124
124
125
125
125
125
126
127
126
125
125
127
128
128
126
124
124
124
125
127
124
126
126
125
125
126
126
126
125
125
125
125
125
125
126
127
127
126
125
125
126
126
125
125
125
126
126
125
125
126
126
126
126
126
127
127
126
125
124
125
124
124
124
125
126
126
126
126
127
127
127
127
126
126
126
126
126
126
124
124
125
126
126
125
125
126
126
124
126
126
126
125
126
127
127
127
125
125
125
125
125
125
125
125
125
126
126
126
126
126
127
126
125
124
125
125
124
124
125
126
126
125
126
126
125
125
125
126
126
125
125
126
125
125
125
126
125
125
125
126
126
124
125
125
126
125
124
125
126
125
124
125
126
127
126
125
126
126
126
125
124
125
125
124
124
125
126
126
125
125
125
125
126
125
125
125
125
125
126
126
125
125
126
126
125
125
125
125
125
125
125
125
126
126
126
125
125
125
125
125
125
125
125
124
125
126
126
125
125
126
126
125
125
126
126
126
125
125
125
126
126
126
126
125
125
125
125
125
125
125
125
125
125
126
125
125
126
127
126
126
125
125
125
124
125
125
125
125
125
125
126
126
125
125
125
126
126
126
126
125
125
125
126
125
125
125
125
125
125
125
125
124
125
125
125
125
125
125
125
126
126
126
125
125
125
126
126
126
125
125
124
125
126
126
125
124
124
125
126
126
125
125
125
125
125
125
125
126
126
125
125
125
125
126
126
125
125
127
126
125
125
126
125
125
125
125
125
125
125
125
126
125
125
126
126
125
125
125
125
125
125
126
125
125
125
125
125
125
125
125
125
126
125
125
125
125
125
125
125
125
125
125
126
126
125
125
125
125
126
125
125
125
125
125
125
126
125
124
125
126
126
126
125
125
125
125
126
125
125
125
125
125
125
125
125
125
125
125
126
125
125
125
125
125
125
125
125
125
125
125
125
125
125
125
125
126
126
126
126
126
125
125
125
125
125
124
125
125
125
125
125
125
125
125
125
125
125
126
126
125
125
125
125
125
125
126
125
125
125
125
125
125
125
126
126
126
125
125
127
123
124
125
124
124
124
125
125
125
125
126
126
127
127
126
126
126
125
125
125
125
125
125
122
118
125
126
127
129
128
127
127
127
126
125
126
126
126
126
125
125
126
126
125
125
125
126
126
126
126
125
125
125
126
127
126
125
125
126
126
126
126
125
125
125
126
123
123
124
125
125
126
127
127
126
125
126
126
126
126
126
125
126
126
126
126
125
125
125
125
125
126
125
125
125
126
126
126
126
126
125
125
125
125
125
125
125
125
125
126
125
125
126
126
125
125
125
125
126
126
126
126
125
125
125
126
126
126
125
126
125
125
126
125
125
125
125
125
126
126
126
125
125
125
125
125
125
125
126
125
126
126
126
125
125
126
126
125
125
125
125
125
126
126
126
126
126
126
126
126
126
126
125
126
125
126
125
126
125
126
126
125
125
125
126
126
125
125
125
126
126
125
126
125
125
125
126
126
126
125
125
126
126
126
126
126
126
126
126
126
125
125
125
126
126
126
131
127
125
125
125
124
126
125
123
124
125
125
126
125
125
125
125
126
126
126
126
126
126
125
124
126
126
126
131
125
125
126
125
123
124
124
125
125
126
126
125
125
125
125
124
125
125
126
126
125
126
126
126
126
126
124
126
125
126
125
125
125
125
125
125
125
125
125
125
126
125
125
125
125
125
125
126
125
126
125
125
125
125
125
125
126
126
125
125
126
125
125
126
125
125
126
126
125
125
125
126
125
125
125
125
125
125
125
126
125
125
126
125
125
126
125
125
125
125
126
126
126
126
125
126
125
125
125
126
125
125
125
125
126
125
127
123
124
125
126
125
126
125
125
126
124
125
126
126
126
126
125
126
126
125
125
125
125
125
126
126
124
123
124
126
126
126
125
125
125
125
126
126
125
125
125
125
125
125
124
124
125
126
127
128
115
96
131
127
128
128
127
127
127
127
126
126
126
126
126
127
127
128
127
127
126
126
126
126
125
125
125
126
126
125
126
125
126
126
126
126
128
127
127
127
126
125
125
125
126
125
125
126
126
126
126
126
127
127
126
125
125
126
126
125
124
124
122
123
124
124
126
118
117
126
127
129
131
130
129
127
127
126
125
125
125
125
124
127
126
127
126
126
127
126
125
125
124
124
124
125
125
125
124
124
125
126
127
125
125
125
126
126
126
124
124
124
123
125
127
125
123
122
126
127
127
125
125
124
125
126
36
125
125
125
125
125
125
125
125
125
125
125
125
125
125
125
125
125
125
125
125
125
125
125
125
125
125
125
125
125
125
125
125
125
125
125
125
125
125
125
125
125
125
125
125
125
125
125
125
125
125
125
125
125
125
125
125
125
125
125
125
125
125
125
125
125
125
125
125
125
125
125
125
125
125
125
125
125
125
125
125
125
125
125
125
125
125
125
125
125
125
125
125
125
125
125
125
125
125
125
125
125
125
125
125
125
125
125
125
125
125
125
125
125
125
125
125
125
125
125
125
125
125
125
125
125
125
125
125
125
125
125
125
125
125
125
125
125
125
125
125
125
125
125
125
125
125
125
125
125
125
125
125
125
125
125
125
125
125
125
125
125
125
125
125
125
125
125
125
125
125
125
125
125
125
125
125
125
125
125
125
125
125
125
125
125
125
125
125
126
125
125
125
125
125
125
125
125
125
125
125
125
125
125
125
125
125
125
126
125
125
125
125
125
125
125
125
125
126
125
126
126
126
126
126
126
126
125
126
125
125
125
126
125
125
125
125
125
126
126
126
125
126
125
125
126
126
126
126
126
126
125
125
126
126
125
125
125
125
125
126
126
126
126
126
125
126
125
125
125
125
126
125
125
125
125
125
125
125
125
125
125
125
126
125
125
126
125
125
126
125
125
126
125
125
126
125
125
125
125
125
125
125
125
125
126
125
126
125
125
126
126
125
125
125
125
126
125
126
125
125
125
125
125
125
125
125
125
125
125
125
125
126
126
125
125
126
126
126
126
125
125
125
126
125
125
125
126
125
125
125
125
125
126
125
