121
115
122
129
126
125
96
125
125
125
125
126
125
125
125
125
126
125
125
125
126
125
125
125
126
125
126
125
125
125
125
125
125
125
125
125
125
125
125
125
125
125
125
125
125
125
125
125
125
125
125
125
125
125
125
125
125
125
125
125
125
125
125
126
125
125
125
125
125
125
125
125
125
125
125
125
125
125
125
125
125
125
125
125
125
125
125
125
125
125
125
125
125
125
126
125
125
125
125
125
125
125
125
125
125
125
125
125
125
125
125
125
125
125
125
125
125
125
125
125
125
125
125
125
125
125
125
125
125
125
125
125
126
125
125
125
125
125
125
125
125
125
125
125
125
125
125
125
125
125
125
125
125
125
125
125
125
125
125
125
125
125
125
125
125
125
125
125
125
125
125
125
125
125
125
125
125
125
125
125
125
125
125
125
125
125
125
125
125
125
125
125
125
125
125
125
125
125
125
125
125
125
125
125
125
125
125
125
126
125
125
125
125
125
125
125
125
125
125
125
125
125
125
125
125
125
125
125
125
125
125
125
125
125
125
125
125
125
125
125
125
125
125
125
125
125
125
125
125
125
125
125
125
125
125
125
125
125
125
125
125
125
125
125
125
125
125
125
125
125
125
125
125
125
125
125
125
125
125
125
125
125
125
125
125
125
125
125
125
125
125
125
125
125
125
125
125
125
125
125
125
125
125
125
125
125
125
125
125
125
125
125
125
125
125
125
125
125
125
125
125
125
125
125
125
125
125
125
125
125
125
125
125
125
125
125
125
125
125
125
125
125
125
125
125
125
125
125
125
125
125
125
125
125
125
125
126
124
125
125
125
125
125
125
125
125
125
125
125
125
125
125
125
125
126
126
126
125
125
125
125
125
125
125
125
125
125
125
125
125
125
125
125
125
125
125
125
125
124
125
126
125
126
126
126
126
126
126
125
126
125
125
125
126
125
125
125
125
126
125
125
125
125
126
125
125
125
125
126
126
126
126
126
126
125
125
125
125
125
125
125
125
126
126
125
125
125
125
125
125
125
126
125
125
125
125
125
125
125
125
125
126
125
125
125
125
125
125
126
125
126
125
125
125
125
126
125
125
125
126
125
126
125
125
125
125
125
125
126
125
125
125
126
125
125
125
126
125
125
125
126
125
125
125
125
125
125
125
125
125
125
125
125
126
126
125
126
125
125
125
126
125
125
125
126
125
125
125
125
125
125
125
125
125
125
125
125
125
126
125
125
125
126
126
126
126
125
125
125
125
126
126
126
126
125
125
126
126
126
125
125
125
126
125
125
125
125
125
125
126
125
125
125
126
126
126
126
126
125
125
125
125
125
125
125
125
125
125
125
125
126
125
126
126
126
125
126
125
125
125
125
125
125
126
125
125
125
125
126
126
126
126
125
125
125
125
125
126
126
126
125
125
125
125
125
125
125
125
125
125
125
125
125
125
125
125
125
125
125
126
125
125
125
125
125
125
125
125
125
125
125
125
125
125
125
125
125
125
125
125
125
125
125
125
125
125
125
125
125
125
125
125
125
125
125
125
125
125
125
125
125
125
126
125
125
125
125
125
125
125
125
125
125
125
125
125
125
125
125
125
125
125
125
125
125
125
126
125
125
125
125
125
125
125
125
125
125
126
125
125
125
126
125
125
125
125
125
126
126
126
125
126
125
126
126
125
125
125
125
125
125
125
125
125
125
125
125
125
126
125
125
125
126
125
125
125
125
126
125
125
125
126
126
125
125
125
125
125
125
125
125
125
125
126
125
125
126
126
125
126
125
125
125
125
125
126
125
125
125
124
125
125
126
126
126
126
126
126
126
125
125
125
125
125
125
125
125
125
125
126
126
126
126
125
125
125
125
125
125
125
125
125
125
125
125
125
126
125
125
125
125
125
125
125
125
125
125
125
125
125
125
125
125
125
125
125
125
126
125
125
125
126
125
125
125
125
125
125
126
125
125
125
125
125
125
125
125
125
125
125
125
125
125
125
125
125
125
126
125
125
125
125
125
125
125
125
125
125
125
125
125
125
125
125
125
125
125
125
125
125
125
125
125
125
125
125
125
125
125
125
125
125
126
125
125
125
125
125
125
126
125
125
125
125
126
125
125
125
125
125
125
125
125
126
126
125
125
125
126
127
126
126
125
124
124
125
125
125
125
125
125
125
125
125
125
125
125
125
125
126
125
125
125
126
125
125
125
125
125
125
126
126
125
125
126
125
125
125
126
125
125
126
126
125
124
125
126
126
125
125
125
125
125
126
126
125
125
125
126
125
125
125
125
125
125
126
126
125
125
126
126
125
125
126
125
125
125
126
125
125
125
125
124
125
126
126
125
125
125
125
125
125
125
125
125
125
126
125
125
125
125
125
125
126
126
126
125
127
126
125
124
125
126
125
125
125
126
125
125
125
126
126
126
125
125
125
125
125
125
125
125
125
125
125
125
125
125
125
126
125
126
125
125
124
124
125
127
126
123
124
125
124
126
126
126
125
126
126
125
125
125
125
126
125
126
126
126
125
125
125
125
125
124
120
125
126
125
127
128
127
126
126
127
125
124
125
126
126
125
125
127
127
125
124
125
127
125
123
123
125
125
125
125
129
134
134
129
122
120
124
129
129
125
119
116
119
123
121
120
120
120
125
133
138
135
126
124
138
148
133
113
114
124
129
131
129
121
114
118
125
125
121
119
121
126
130
129
125
123
123
126
130
132
129
126
125
127
127
126
126
125
124
122
124
125
126
125
124
123
122
122
124
125
126
125
125
126
127
127
126
125
126
126
127
128
128
126
124
124
126
127
126
125
125
125
125
125
125
125
125
124
124
125
126
126
126
127
126
126
125
125
125
125
125
126
126
126
126
125
125
127
127
126
125
125
127
126
125
124
124
125
125
124
124
125
126
126
126
126
127
128
127
126
125
125
126
125
125
123
125
126
126
126
125
125
126
125
125
125
125
126
127
125
124
129
127
127
126
125
124
124
126
127
126
126
126
126
126
126
125
125
125
125
123
123
126
127
125
123
123
124
125
124
127
128
126
126
126
125
125
125
125
126
126
126
127
126
126
126
125
125
125
125
126
125
124
125
125
126
124
124
125
124
125
125
125
125
125
125
125
125
125
126
125
125
126
127
127
125
124
125
126
125
125
124
125
125
125
124
124
124
125
125
125
126
126
125
126
126
127
127
126
126
125
124
120
118
125
134
132
122
116
123
134
138
130
122
129
139
117
85
99
137
147
134
119
112
122
140
137
118
115
133
140
123
105
117
145
149
128
114
123
129
119
109
119
134
133
126
126
123
126
133
127
116
110
116
128
135
133
129
131
127
117
114
126
136
133
123
119
122
127
132
132
124
114
112
123
135
134
126
122
122
121
123
129
129
124
122
108
121
135
135
124
122
127
132
131
128
123
122
122
122
122
124
126
126
126
126
129
131
127
121
126
131
126
113
112
128
144
131
110
119
142
137
114
116
139
148
127
99
99
126
142
134
119
121
135
143
131
117
116
127
132
125
115
109
120
138
135
111
102
132
156
139
112
122
136
120
110
126
132
124
128
145
147
121
97
101
128
139
121
115
141
153
113
81
113
154
142
125
154
174
125
58
59
130
178
145
101
100
126
147
147
120
99
112
136
135
128
135
145
141
116
93
92
124
161
154
101
82
132
161
143
137
138
103
67
89
154
181
140
83
97
142
167
162
108
49
77
168
220
174
94
66
82
113
155
163
129
105
111
124
133
128
115
113
127
142
143
139
133
126
106
86
103
147
159
133
125
133
124
106
110
128
139
140
129
109
99
118
150
153
121
94
104
134
149
138
122
120
123
124
124
122
118
118
124
132
136
133
126
122
120
121
125
97
126
126
125
125
125
125
125
125
125
125
126
126
125
125
125
125
125
125
124
125
126
125
126
126
126
126
126
126
126
126
126
126
126
126
126
126
126
126
125
126
125
125
126
125
125
125
126
126
125
125
126
126
125
126
126
126
125
125
126
126
126
125
125
125
126
126
125
125
125
126
126
126
125
125
125
125
125
125
125
125
125
126
126
126
126
125
125
126
126
125
125
125
126
126
126
126
126
125
125
126
126
126
126
126
125
126
126
126
125
125
125
125
125
125
126
126
125
125
126
126
125
126
125
126
125
125
126
125
126
125
125
125
125
126
125
126
125
125
126
126
126
125
126
126
125
125
125
125
125
125
125
125
126
125
126
126
126
126
126
126
125
126
125
125
126
126
125
125
125
125
125
125
125
126
125
125
126
125
125
126
126
125
125
125
125
125
125
125
126
125
125
125
125
126
125
125
126
126
126
125
125
125
125
125
125
125
125
125
125
125
125
125
125
125
125
125
125
125
125
126
125
125
125
125
125
125
125
125
125
125
125
126
125
125
125
125
126
126
125
125
126
126
126
126
126
126
125
125
125
125
125
125
126
125
125
126
125
126
125
125
125
125
126
126
125
125
126
126
125
125
125
125
126
125
126
125
126
126
125
126
126
126
126
125
126
125
125
125
126
125
126
125
125
125
126
126
126
125
125
125
125
125
125
125
125
125
125
125
126
126
125
126
126
126
125
125
125
125
125
125
125
125
125
125
125
125
125
125
125
125
125
125
125
125
125
126
125
125
125
125
125
125
125
125
125
125
125
125
125
125
125
125
125
129
