127
128
128
128
128
125
62
126
126
126
126
126
126
126
126
126
126
126
126
126
126
126
126
126
126
126
126
126
126
126
126
126
126
126
126
126
126
126
126
126
126
126
126
125
126
126
126
126
126
126
126
126
126
126
126
126
126
126
126
126
126
126
126
126
126
125
126
126
126
126
126
126
125
125
125
126
125
125
125
126
125
126
126
126
126
126
126
125
125
125
125
125
125
126
125
125
125
125
126
126
126
126
126
125
125
126
126
125
126
125
125
125
125
125
125
126
126
126
126
126
126
126
126
126
126
125
125
125
126
125
125
126
126
126
125
125
125
126
125
125
125
126
126
125
125
126
125
125
125
125
125
125
126
125
126
126
126
126
126
125
126
125
125
126
125
126
125
125
126
125
125
126
125
126
126
126
125
126
125
126
125
126
125
126
125
126
125
126
126
125
126
126
125
126
126
126
125
125
126
125
125
126
126
126
126
125
125
126
125
126
126
126
126
126
125
126
126
125
125
125
125
125
125
125
125
125
125
125
125
125
125
125
125
125
125
125
125
126
125
125
125
125
125
125
125
125
125
125
125
125
125
125
125
125
125
125
125
125
125
125
125
125
125
125
125
125
126
125
125
125
125
125
125
125
125
126
125
125
125
125
125
125
125
125
125
126
125
125
125
125
125
125
125
125
125
125
125
125
125
125
125
125
125
125
125
126
125
125
125
125
125
125
125
125
125
125
125
125
125
125
125
125
125
125
125
125
125
125
125
125
125
125
125
125
126
126
125
126
125
125
125
125
125
125
125
125
125
125
125
125
125
125
125
125
126
125
125
125
125
125
125
125
125
125
125
125
125
125
125
125
125
125
125
124
125
125
125
125
126
125
125
125
125
125
125
125
125
125
125
125
125
125
125
125
125
125
125
125
125
125
125
125
125
125
125
125
125
125
125
125
125
125
125
125
125
125
125
125
125
125
125
125
125
125
125
125
125
125
125
125
125
125
125
125
125
125
125
125
125
125
125
125
125
125
125
125
125
125
125
125
125
125
125
125
125
125
125
125
125
125
125
125
125
125
125
125
125
125
125
125
125
125
125
125
125
125
125
125
125
125
125
125
125
125
125
125
125
125
126
126
126
127
127
125
124
124
125
126
124
122
122
124
126
126
126
126
129
130
128
125
120
116
123
139
141
120
101
111
138
148
129
106
117
148
144
104
97
132
142
123
124
132
117
106
129
151
139
112
116
138
135
94
68
116
208
252
108
46
66
254
222
49
39
173
218
115
78
111
112
96
136
173
135
92
100
145
160
119
88
118
152
139
118
105
105
120
129
127
137
146
130
116
131
139
116
95
109
137
142
124
112
121
133
133
128
132
134
125
113
112
123
134
132
120
114
119
130
137
134
123
115
118
127
133
133
131
124
115
114
124
132
131
126
125
126
123
120
122
129
134
133
124
118
117
121
126
127
126
126
127
129
129
129
128
125
120
119
123
128
130
126
124
122
127
130
127
124
121
122
126
127
126
125
125
127
128
126
125
125
126
128
128
125
123
122
125
127
128
127
126
127
128
127
124
124
124
124
125
126
127
127
127
126
125
124
123
122
124
127
130
128
126
127
128
127
125
125
125
125
126
127
127
126
123
123
124
126
127
126
127
126
126
126
127
126
125
125
124
125
126
126
125
125
126
126
126
126
127
126
126
126
125
125
125
125
125
126
126
126
125
125
125
126
127
127
127
126
126
126
125
125
125
125
125
125
125
125
126
126
125
125
126
126
126
126
125
126
126
125
125
125
125
125
126
126
126
126
126
125
126
126
126
126
125
125
125
125
125
125
126
126
126
126
126
125
125
125
125
125
126
126
127
126
126
126
125
125
125
126
126
125
126
126
126
125
125
125
125
126
125
125
125
126
126
126
126
126
126
126
126
126
126
125
125
125
125
125
126
126
126
125
126
126
126
125
125
125
125
126
127
126
125
125
125
125
125
127
127
126
125
126
126
126
124
124
125
126
125
125
126
125
125
126
126
126
125
125
125
125
125
124
124
125
126
125
125
126
126
126
126
125
126
126
126
126
126
125
125
126
125
125
125
125
125
125
125
126
126
126
124
124
125
125
126
126
126
125
126
125
125
126
126
126
125
125
126
126
126
126
125
124
125
126
126
125
125
125
126
126
125
125
126
125
125
125
125
125
125
125
126
126
126
126
126
126
125
125
126
126
125
125
125
125
125
125
125
125
125
125
125
126
126
126
125
125
125
125
126
126
125
125
125
126
126
126
126
125
125
125
126
126
126
126
125
126
125
126
125
125
125
125
125
125
125
125
125
126
125
125
125
126
126
125
126
125
125
125
125
125
125
125
125
125
125
126
127
126
126
125
126
126
125
125
125
125
126
126
125
125
125
126
126
125
125
127
127
125
124
124
125
125
124
125
126
127
126
124
124
125
127
127
126
125
125
125
124
123
124
126
127
126
126
125
125
125
125
125
125
126
126
125
125
124
125
126
127
126
125
124
125
125
127
127
125
123
125
128
127
124
124
127
125
123
125
127
126
123
123
126
128
127
126
125
124
124
125
126
125
123
125
127
128
127
126
124
123
124
126
128
125
123
123
128
128
126
124
127
126
124
124
124
124
124
124
126
127
125
124
124
126
128
127
125
124
125
125
126
126
126
126
125
125
125
126
127
126
123
123
124
126
125
127
125
126
126
126
126
126
125
125
125
126
126
125
126
126
125
124
125
127
126
125
125
125
126
126
126
126
125
125
125
125
125
125
125
125
125
125
125
125
125
125
125
125
127
128
126
125
125
125
124
124
125
125
125
126
125
125
126
125
125
126
126
125
125
125
125
125
125
125
125
125
125
125
125
125
126
130
126
126
125
124
124
124
125
125
124
125
125
125
125
125
125
125
125
125
126
126
126
125
125
125
125
125
125
125
125
125
125
126
125
124
125
125
125
125
125
125
125
125
125
126
126
126
125
125
125
125
125
125
125
125
125
125
125
125
125
125
125
125
125
124
125
125
125
125
125
125
126
125
126
125
125
125
124
125
125
125
125
126
126
126
125
125
125
125
125
125
125
125
125
125
125
125
125
125
125
125
125
125
125
125
125
125
125
124
125
125
125
125
125
125
125
125
125
125
125
126
125
125
125
125
125
125
125
125
125
125
125
125
125
125
125
125
125
125
125
125
125
125
125
125
125
125
126
126
125
125
125
125
125
126
126
125
125
125
125
125
125
125
126
126
126
125
124
124
125
125
126
126
126
125
126
125
124
124
124
125
125
126
126
125
123
126
128
126
124
125
127
125
120
122
129
130
123
120
126
128
123
123
129
130
122
116
121
127
125
121
122
126
132
134
128
121
133
148
131
103
109
129
129
112
104
115
132
140
136
129
127
131
132
128
125
125
122
119
116
117
120
121
124
129
131
132
133
134
131
125
120
119
121
121
121
122
123
124
125
128
129
128
129
127
124
125
125
123
120
121
125
128
126
124
123
127
129
127
123
122
124
125
124
122
124
129
129
125
123
125
126
127
127
125
123
125
125
124
126
127
124
122
123
126
126
125
126
126
128
127
124
124
123
124
125
125
125
126
123
123
124
125
126
126
125
126
125
125
127
126
126
125
125
124
126
126
125
125
124
125
125
125
124
124
125
125
126
126
126
126
125
125
125
127
124
123
122
125
126
125
124
126
127
126
126
129
125
124
122
123
124
124
124
123
126
127
126
124
124
126
127
124
123
126
126
127
124
125
125
125
125
126
126
126
125
125
126
126
125
123
124
124
124
125
124
125
124
125
127
127
125
124
125
127
127
125
124
124
126
126
126
125
124
124
125
126
126
125
125
124
125
124
124
123
124
126
125
125
61
125
125
125
125
125
125
125
125
125
125
125
125
126
125
125
125
125
125
125
125
125
125
125
125
125
125
125
125
125
125
125
125
125
125
125
125
125
125
125
125
125
125
125
125
125
125
125
125
125
125
125
125
125
125
125
125
125
125
125
125
125
125
125
125
125
125
125
125
125
125
125
125
125
125
125
125
125
125
125
125
125
125
125
125
125
125
125
125
125
125
125
126
126
125
125
125
126
126
125
125
125
125
125
125
125
125
125
125
125
125
125
125
125
125
125
125
125
125
125
125
125
125
125
125
125
125
125
125
125
125
125
125
125
126
125
125
125
125
125
125
125
125
125
125
125
125
125
125
125
125
125
125
125
125
125
125
125
125
125
125
125
125
125
125
125
125
125
126
125
125
125
125
125
125
125
125
125
125
125
126
125
125
125
125
125
125
125
125
125
125
125
125
125
125
125
125
125
125
125
125
125
125
125
125
125
125
125
125
125
125
125
125
125
125
125
125
125
125
125
125
125
125
125
125
125
125
125
125
125
125
125
125
125
125
125
125
125
125
125
125
125
125
125
125
125
125
125
125
125
125
125
125
125
125
125
125
125
125
125
125
125
125
125
125
126
125
125
125
125
126
126
125
125
125
125
125
125
125
125
125
125
125
125
125
125
125
125
125
125
125
126
125
126
125
125
125
125
125
125
125
125
125
125
125
125
125
125
125
125
125
125
125
125
125
125
125
125
125
125
125
125
125
125
126
125
125
126
126
125
126
126
126
126
126
126
126
126
126
126
126
126
126
126
126
125
126
126
126
126
126
126
126
126
128
