124
125
126
126
127
126
56
125
125
125
125
125
125
126
125
126
125
125
125
125
125
125
125
125
125
125
125
125
125
125
125
125
125
125
125
125
125
125
125
125
125
125
125
126
125
125
125
125
125
125
125
125
125
125
125
125
125
125
125
125
125
125
125
125
125
125
125
125
125
125
125
125
125
125
125
125
125
125
125
125
125
125
125
125
125
125
125
125
125
125
125
125
126
125
125
125
125
125
125
125
125
125
125
125
125
125
125
125
125
125
125
125
125
125
125
125
125
125
125
125
125
125
125
125
125
125
125
125
125
125
125
125
125
125
125
125
125
125
125
125
125
125
125
125
125
125
125
125
125
125
125
125
125
125
125
125
125
125
125
125
125
125
125
125
125
125
125
125
125
125
125
125
125
125
125
125
125
125
125
125
125
125
125
125
125
125
125
125
125
125
125
125
125
125
125
125
125
125
125
125
125
125
125
125
125
125
125
125
125
125
125
125
125
125
125
125
125
125
125
125
125
125
125
125
125
125
125
125
125
125
125
125
125
125
125
125
125
125
125
125
125
125
125
125
125
125
125
125
125
125
125
125
125
125
125
125
125
125
125
125
125
126
125
125
125
125
125
125
125
125
125
126
125
125
125
125
126
126
125
125
125
125
125
125
125
125
125
125
125
125
125
125
125
125
125
125
125
124
125
126
125
126
126
126
125
126
125
125
126
125
126
125
125
125
125
126
126
125
125
125
125
125
125
125
126
126
125
125
125
125
126
126
125
125
126
125
126
126
125
125
125
126
125
125
125
126
125
126
125
125
126
125
125
125
125
125
125
125
125
125
125
125
125
126
125
125
125
125
126
125
125
125
125
125
126
125
125
125
125
125
125
126
125
126
125
125
125
125
125
125
126
126
125
125
125
125
126
126
125
126
125
125
125
125
125
125
125
125
125
125
126
125
125
125
125
125
126
125
125
125
125
125
125
125
125
126
125
126
126
125
125
125
125
125
125
125
125
126
125
125
125
125
125
125
125
125
125
125
125
126
125
125
125
125
125
125
125
125
125
125
126
126
125
125
125
125
125
125
125
126
126
125
125
125
125
126
126
126
125
125
125
125
125
125
125
125
125
125
125
125
125
125
125
125
125
124
124
124
126
129
132
130
121
118
136
153
143
105
36
15
105
255
255
146
3
2
116
188
173
111
108
115
63
137
192
113
79
160
168
93
88
146
142
104
111
112
112
152
168
118
99
123
112
96
128
153
140
127
123
112
113
135
151
139
116
107
113
115
116
131
150
145
116
99
116
142
146
124
108
113
129
136
132
123
117
121
127
126
122
123
126
128
132
134
130
121
116
118
121
126
128
126
122
123
127
129
127
128
128
124
121
123
126
129
128
125
122
122
125
125
123
124
129
132
130
126
122
121
123
126
126
126
124
125
128
128
125
122
122
125
129
131
128
123
120
121
124
126
128
127
126
125
126
128
128
127
126
124
124
123
124
126
126
126
126
125
124
125
126
126
127
127
125
126
126
125
124
124
125
125
125
126
126
127
127
127
126
125
124
123
124
124
124
124
126
127
127
127
126
125
125
125
125
125
126
126
126
126
125
125
126
126
126
126
125
125
126
125
125
124
124
125
124
125
125
125
125
126
126
127
127
126
126
126
126
126
125
125
125
125
126
126
125
125
125
125
125
125
124
125
126
126
126
125
125
126
126
126
125
125
125
125
125
125
125
125
125
125
126
125
125
125
125
126
126
126
126
126
125
125
125
125
125
125
125
125
125
125
126
125
126
126
126
126
125
125
125
125
124
124
125
125
125
125
126
126
126
126
125
126
126
126
126
125
126
126
126
125
125
125
127
126
125
125
125
125
125
125
125
125
124
125
125
125
125
126
126
126
125
125
126
126
124
125
126
125
124
126
126
125
125
126
126
124
125
126
125
124
125
126
126
125
125
126
126
125
125
126
126
125
125
125
126
126
125
125
125
125
125
125
125
125
126
126
125
125
125
125
126
126
125
125
127
126
125
125
126
126
125
125
126
126
125
125
126
126
124
125
125
126
125
125
125
126
125
125
125
126
126
125
125
125
126
125
125
125
125
126
125
125
126
128
122
124
126
126
125
125
127
127
125
125
125
126
125
125
125
126
125
125
126
126
125
124
125
126
125
124
125
126
126
125
126
126
122
125
125
125
126
127
126
125
127
127
126
125
125
126
127
126
125
125
126
126
125
125
125
126
126
126
125
125
126
126
126
125
125
125
123
125
125
125
126
126
126
126
126
126
126
126
125
126
125
126
126
125
126
125
126
126
126
125
126
125
125
125
126
125
125
125
125
126
126
126
125
125
125
126
126
125
125
125
125
125
125
125
125
124
125
126
126
126
126
126
126
126
126
125
125
125
125
125
125
126
125
126
126
126
126
126
126
125
126
126
126
126
125
125
125
125
125
125
125
125
125
125
125
126
125
126
126
126
126
126
125
125
126
125
126
125
125
125
126
126
126
126
126
126
126
125
125
126
125
125
125
125
125
125
125
125
126
125
126
126
126
127
126
125
125
125
125
126
125
125
125
126
126
126
126
126
126
126
126
126
125
125
128
126
126
125
125
124
124
125
125
125
125
125
126
125
125
125
125
126
126
126
125
126
125
126
126
125
125
125
125
126
126
125
125
126
126
126
126
126
125
125
126
128
127
126
125
125
124
124
125
125
124
125
125
125
126
125
125
125
125
126
125
125
125
125
125
126
125
126
126
126
125
126
126
126
125
125
125
125
125
125
125
125
125
125
125
125
125
126
125
125
125
126
125
125
125
125
125
125
125
125
125
126
125
125
125
125
126
125
125
125
125
125
125
125
125
125
125
125
125
125
125
125
125
125
125
125
125
125
125
125
125
126
125
125
125
125
125
125
125
125
125
125
125
125
126
126
125
125
125
125
125
125
125
129
119
124
124
125
126
126
126
126
126
125
125
125
125
125
125
126
126
126
126
126
125
126
126
125
125
125
126
126
126
126
126
125
125
125
126
126
126
125
125
125
126
125
125
125
125
125
125
125
125
125
125
125
126
126
126
125
126
126
126
126
126
125
125
125
125
126
120
124
125
125
126
127
127
127
126
128
124
126
125
126
125
125
125
125
125
125
125
126
125
125
125
125
125
125
125
126
125
125
125
125
125
125
125
125
125
125
125
125
125
125
125
125
125
125
126
126
126
126
126
126
125
125
125
125
125
125
125
125
125
125
126
126
125
125
126
125
125
125
125
126
125
125
125
125
126
125
125
125
126
126
127
125
124
125
125
126
127
124
119
122
133
133
120
119
131
127
122
123
133
139
122
100
115
149
149
114
93
107
134
153
143
110
112
147
154
126
107
107
110
117
129
128
125
129
129
125
128
132
128
128
131
128
124
123
123
120
119
120
123
129
131
131
127
125
121
120
123
126
127
126
125
125
129
129
126
122
122
126
129
127
124
122
123
125
125
126
125
126
126
125
124
125
126
127
126
125
127
127
125
123
122
124
124
123
124
126
127
129
129
126
123
124
127
127
123
123
125
128
128
125
122
124
126
126
125
136
131
83
134
117
127
129
129
127
126
128
129
128
125
122
124
126
126
124
123
125
127
129
127
125
125
128
129
127
125
126
128
129
127
125
125
125
127
126
125
125
125
126
126
126
127
126
126
126
126
126
126
125
126
127
125
125
126
126
127
126
126
126
125
126
126
126
125
125
126
127
125
126
126
109
124
124
126
128
129
127
129
130
128
126
126
127
127
126
125
125
125
127
124
123
124
125
127
125
125
127
127
126
126
125
124
124
124
125
126
125
123
125
127
128
127
126
126
127
126
125
123
123
125
124
123
123
124
125
125
125
55
126
126
126
125
126
126
126
126
126
126
126
125
126
126
125
125
125
125
125
125
125
125
125
125
125
125
126
126
125
125
125
125
125
125
125
125
126
125
126
125
125
125
125
125
125
125
125
125
125
125
125
125
125
125
126
126
126
125
125
125
125
125
125
125
125
125
125
125
125
126
125
125
125
125
125
125
125
125
125
125
125
125
125
125
125
125
125
125
125
125
125
126
125
125
125
125
125
125
125
125
125
125
126
125
125
126
125
125
125
125
125
125
125
126
125
125
126
125
126
126
126
126
126
125
125
125
126
125
126
125
125
125
125
125
125
125
125
125
126
125
125
125
125
125
125
126
125
125
125
125
125
125
125
125
125
125
125
125
125
125
125
125
125
125
125
125
125
125
126
125
125
125
125
125
126
126
126
125
125
126
126
125
125
125
125
125
125
125
125
125
126
125
125
125
125
125
125
125
125
125
125
125
125
125
125
125
125
125
125
125
125
125
126
126
125
125
125
125
125
125
125
125
125
125
125
126
125
125
126
125
125
125
125
125
125
125
125
125
125
125
125
125
125
125
125
125
125
125
125
125
125
125
125
125
125
125
125
125
125
125
125
125
125
125
125
125
125
125
126
125
125
125
125
125
125
125
125
125
125
125
125
125
125
125
125
125
125
125
125
125
125
125
125
125
125
125
125
125
125
125
125
125
125
125
125
125
125
125
125
125
125
125
125
125
125
125
125
125
125
126
126
126
125
125
125
125
125
125
125
125
125
125
125
125
125
125
125
125
125
125
125
125
125
125
125
125
125
125
125
125
125
125
125
126
