127
127
127
127
125
123
75
125
126
126
125
126
125
126
126
125
125
125
125
126
125
126
125
126
125
126
126
125
125
125
125
125
125
125
125
125
125
125
125
125
125
125
125
125
125
125
125
125
125
125
125
125
125
125
125
125
125
125
125
125
126
125
125
125
125
125
125
125
125
125
125
126
125
125
125
125
125
126
125
125
125
125
125
125
125
126
125
125
125
125
125
126
125
126
125
125
125
125
125
125
125
125
125
125
125
125
125
125
125
126
125
126
125
125
125
125
125
126
125
125
125
125
125
126
125
125
126
126
125
125
125
125
125
125
125
125
125
125
125
125
125
125
125
125
125
125
125
125
125
125
125
125
125
125
125
125
125
125
125
125
125
125
125
125
125
125
125
125
125
125
125
125
125
125
125
125
125
125
125
125
125
125
125
125
125
125
125
125
125
125
125
125
125
125
125
125
125
125
125
125
125
125
125
125
125
125
125
125
125
125
125
125
125
125
125
125
125
125
125
125
125
125
125
125
125
125
125
125
125
125
125
125
125
125
125
125
125
125
125
125
125
125
125
125
125
125
125
125
125
125
125
125
125
125
125
125
125
125
125
125
125
125
125
125
125
125
125
125
125
125
125
125
125
125
125
125
125
125
125
125
125
125
125
125
125
125
125
125
125
125
125
125
125
125
125
125
125
125
125
125
125
125
125
125
125
125
125
125
125
125
125
125
125
125
125
125
125
125
125
125
125
125
125
125
125
125
125
125
125
125
125
125
125
125
125
125
125
125
125
125
125
125
125
125
125
125
125
125
125
125
125
125
125
125
125
125
125
125
125
125
125
125
125
125
125
125
125
125
125
125
125
125
125
125
125
125
125
125
125
126
124
125
125
125
125
126
126
125
126
125
126
126
125
125
125
125
126
125
125
126
125
125
125
125
126
126
126
126
126
126
126
126
126
126
126
126
126
126
125
126
126
126
125
126
126
125
126
126
126
126
126
126
126
126
125
126
126
126
126
126
125
126
126
125
125
126
125
125
125
126
126
126
126
126
126
126
125
125
126
125
126
125
125
126
126
125
125
125
125
125
125
125
125
125
125
125
125
125
126
125
125
126
126
125
126
126
125
126
125
125
125
125
125
126
125
126
125
126
125
125
125
125
125
126
125
126
125
125
125
125
125
125
125
125
125
126
125
126
125
125
126
126
125
125
125
125
125
125
126
125
125
125
125
125
125
125
126
125
126
125
126
126
126
126
125
125
125
125
125
125
126
125
125
126
126
126
125
125
126
126
125
125
125
126
125
125
126
125
126
125
125
126
126
125
125
125
125
125
125
125
125
125
125
126
126
126
126
125
126
126
125
126
126
126
126
126
125
125
125
125
125
125
125
125
126
127
126
125
125
126
127
126
125
126
126
126
125
124
124
124
126
126
125
124
126
126
126
126
127
127
125
123
125
126
126
124
123
124
126
127
126
125
124
126
127
126
124
122
123
126
128
127
125
127
128
125
122
122
126
127
124
123
125
127
127
123
121
124
130
131
126
122
122
125
127
128
127
124
122
123
125
126
126
126
126
125
125
125
125
124
123
125
127
128
127
125
124
125
126
126
125
123
122
124
135
143
131
102
90
117
153
157
132
108
107
120
140
146
121
88
102
156
179
144
82
76
127
154
143
129
124
122
123
123
123
127
124
111
116
145
146
112
99
131
156
140
113
100
113
149
157
120
94
109
135
144
133
117
116
130
137
131
124
122
122
123
125
124
123
126
131
130
125
124
126
126
124
120
121
128
135
120
109
150
167
103
56
98
213
242
98
84
14
255
255
46
57
189
255
139
12
105
255
174
243
54
255
255
156
30
255
228
53
70
155
149
103
83
119
177
164
76
79
146
141
96
102
136
147
130
118
127
133
108
97
126
150
136
112
112
129
138
129
112
110
123
136
139
133
124
119
120
122
120
121
125
128
124
121
122
126
136
155
151
99
68
118
166
153
116
101
124
160
142
91
96
142
156
133
110
102
110
127
145
141
118
121
135
123
107
128
159
135
95
108
139
140
128
135
137
114
93
105
140
163
150
118
104
119
133
128
117
117
125
130
131
130
129
132
134
121
102
112
150
160
115
80
105
153
160
137
118
112
113
120
127
130
137
140
118
94
107
146
154
126
106
113
128
140
142
126
109
112
129
137
131
126
121
118
123
134
138
123
115
114
127
137
137
127
118
116
121
127
129
129
130
125
114
111
121
136
143
138
126
118
116
120
130
137
135
123
113
117
126
130
128
126
126
124
121
123
130
132
126
124
129
131
123
116
119
124
128
131
131
126
122
125
129
128
123
122
130
133
123
115
119
124
129
130
130
122
123
131
130
123
124
131
132
123
118
122
129
127
121
123
127
127
125
128
129
125
121
125
128
124
122
127
128
124
126
130
125
121
124
128
126
124
126
128
127
125
125
125
124
125
126
126
125
124
126
127
127
125
127
129
128
123
121
125
126
124
122
124
128
128
127
126
124
125
127
127
125
125
126
125
124
124
125
127
126
125
125
125
125
124
127
128
126
124
126
128
127
125
125
126
126
124
122
124
126
127
129
127
125
125
126
125
124
126
126
125
122
124
127
128
128
126
127
125
125
126
128
126
123
124
127
127
126
126
126
126
126
127
125
123
124
126
128
126
123
124
125
126
125
125
126
130
127
127
126
126
125
126
124
123
123
124
126
126
125
126
126
125
124
125
126
126
127
128
126
124
123
123
124
125
126
126
126
126
128
128
125
125
128
128
124
121
123
125
125
124
126
127
126
126
129
128
125
124
126
128
129
125
123
124
125
125
124
124
126
126
126
126
125
125
126
125
124
125
128
127
125
124
124
124
124
124
124
127
128
127
126
126
125
125
126
126
125
124
124
125
126
126
124
124
126
127
126
125
124
126
128
127
125
123
123
125
125
125
124
125
126
127
126
124
124
126
127
125
123
125
126
126
125
126
126
127
127
127
126
126
125
124
123
124
124
126
126
127
126
125
126
126
125
124
123
125
127
127
124
124
125
125
125
125
126
125
125
125
125
125
127
125
125
125
125
126
127
125
127
125
125
125
125
126
126
125
125
125
125
125
125
126
126
126
127
127
127
126
125
124
124
133
104
112
126
126
126
129
130
129
128
127
127
127
126
124
124
125
125
125
125
126
126
125
126
127
126
127
128
128
127
127
126
126
125
125
124
123
116
99
131
126
128
133
133
129
126
126
129
130
127
124
125
127
127
127
126
126
126
126
126
127
127
126
126
126
127
128
123
124
122
123
124
128
128
127
126
126
127
127
128
127
127
131
129
126
125
127
128
126
125
125
126
126
124
125
126
126
126
126
125
124
125
126
127
128
127
126
127
128
126
125
125
124
125
126
126
125
125
126
126
126
126
126
126
125
125
126
126
125
124
125
126
125
123
124
125
126
128
128
126
123
122
125
124
122
127
126
125
127
128
128
127
126
126
126
126
125
124
123
124
126
127
126
124
125
125
126
126
126
125
125
124
126
126
125
126
127
127
124
123
123
126
128
126
123
123
125
128
128
126
123
120
122
126
130
130
127
125
123
122
121
120
124
129
130
127
126
127
129
125
119
118
124
127
128
127
129
129
126
124
122
124
127
128
126
124
123
123
125
125
126
128
125
123
123
125
128
128
126
125
124
124
124
123
125
125
125
126
126
126
127
126
126
127
126
123
123
124
124
125
125
126
125
125
124
124
125
127
127
127
126
126
128
127
126
125
123
125
125
125
125
127
127
127
124
123
123
125
123
125
125
128
131
126
125
126
125
122
122
123
124
123
124
125
126
127
125
125
126
125
125
124
124
125
125
126
126
125
127
126
125
126
127
127
76
125
126
126
126
126
126
126
126
126
126
126
126
125
126
126
126
126
126
126
126
126
126
125
126
125
125
126
126
125
125
126
126
126
126
126
126
126
126
125
126
125
125
126
126
125
126
125
125
126
126
126
126
125
126
126
125
126
125
125
125
125
125
125
125
126
126
126
126
126
126
126
126
126
126
125
125
126
126
126
126
125
126
126
126
126
126
125
126
126
126
126
126
126
126
126
126
126
126
126
126
126
125
126
126
125
125
125
125
125
125
125
125
126
125
126
125
125
125
125
125
126
126
125
125
126
126
126
125
125
125
125
126
125
126
126
125
125
125
125
125
125
125
125
125
125
125
125
125
125
125
125
125
125
125
125
125
125
125
125
125
125
125
125
125
125
125
125
125
125
125
125
125
125
125
125
125
125
125
125
125
125
125
125
125
125
125
125
125
125
125
125
125
125
125
125
125
125
125
125
125
125
125
125
125
125
125
125
125
125
125
125
125
125
126
125
125
126
125
126
126
125
126
125
126
125
125
125
126
125
126
125
126
125
126
125
126
125
126
126
125
126
126
126
125
126
126
125
126
126
126
126
126
126
125
125
125
126
125
126
125
125
125
125
126
126
125
125
125
126
125
126
125
125
125
126
125
126
125
125
125
125
125
125
125
125
125
126
126
126
125
125
125
125
125
125
125
125
125
125
125
125
125
125
125
125
125
125
125
125
125
125
125
125
125
125
125
125
125
125
125
125
125
125
125
125
125
125
125
125
125
125
125
125
125
125
125
125
125
125
125
125
125
125
125
125
125
125
125
126
125
125
125
125
126
