123
124
127
129
126
122
91
125
125
126
125
126
125
126
126
125
126
126
125
125
126
126
125
126
125
125
125
125
125
125
125
125
125
125
125
125
125
125
125
125
125
125
125
125
125
125
125
125
125
125
125
125
125
125
125
125
125
125
125
125
125
125
125
125
125
125
125
125
125
126
125
125
125
125
125
125
125
125
125
125
125
125
125
126
125
125
125
125
125
125
125
125
125
125
125
125
126
125
125
125
125
125
126
125
125
125
125
125
125
125
125
125
125
125
125
126
126
125
125
125
125
125
125
125
125
125
125
125
125
125
125
125
125
125
125
125
125
126
125
125
125
125
125
125
125
125
125
125
125
125
125
125
125
125
125
125
125
125
125
125
125
125
125
125
125
126
126
126
125
125
125
125
125
125
125
125
125
125
125
125
125
125
125
125
125
125
125
125
125
125
125
125
125
125
125
125
125
125
125
125
125
126
125
125
125
125
125
125
125
125
125
125
125
125
125
125
125
125
125
125
125
125
125
125
125
125
125
125
125
125
125
125
125
125
125
125
125
125
125
125
125
125
125
125
125
125
125
125
125
125
125
126
126
126
126
125
126
125
125
125
125
125
125
125
125
125
125
125
125
125
126
126
125
125
125
126
125
125
126
125
125
125
125
126
125
125
125
125
125
125
126
125
125
125
125
125
125
125
125
126
125
125
126
125
125
125
125
125
125
125
125
125
126
125
125
125
125
126
125
125
125
125
126
125
125
125
125
125
125
125
125
125
125
125
125
125
125
125
125
125
125
125
125
125
125
125
125
125
125
125
125
125
125
125
125
125
125
125
125
125
125
125
125
125
125
125
125
125
125
125
125
125
125
125
125
125
125
125
125
125
125
125
125
125
125
125
125
125
125
125
125
125
125
125
125
125
125
125
126
126
125
125
125
125
125
125
125
125
125
125
125
126
125
125
125
125
125
126
126
125
125
125
125
125
125
125
125
125
125
125
126
126
125
126
126
126
126
125
125
125
125
125
125
125
125
125
125
125
125
125
125
125
125
125
125
125
125
125
125
125
125
126
125
125
125
125
125
125
125
125
125
125
125
125
125
125
125
125
125
125
125
125
125
125
125
125
125
125
125
125
125
125
125
125
125
125
125
125
125
125
125
125
125
125
125
125
125
125
125
125
125
125
125
125
125
125
125
125
125
125
125
125
125
125
125
125
125
125
126
123
125
125
125
125
126
126
126
125
125
125
125
125
125
126
126
125
125
126
126
126
125
125
125
126
125
125
125
125
125
126
125
126
125
125
125
125
125
125
126
125
125
125
125
125
125
126
125
125
125
125
125
125
125
125
125
125
125
125
125
125
126
125
125
125
125
124
125
125
126
125
126
125
126
125
125
126
125
125
125
125
125
125
125
125
125
125
125
125
125
125
125
125
125
125
125
125
125
125
126
125
125
125
126
126
126
125
125
125
125
125
126
125
125
125
126
126
125
125
125
126
126
125
125
125
125
125
125
125
125
125
125
125
125
125
126
126
126
126
126
126
125
125
125
125
125
125
125
125
125
125
125
125
125
125
125
125
125
125
126
125
125
125
125
125
125
125
125
125
125
125
126
126
126
125
125
125
125
125
125
125
125
126
125
125
125
125
125
125
125
125
125
125
125
125
125
125
126
125
125
125
125
125
125
125
125
125
125
125
125
125
125
125
125
126
126
126
125
125
125
125
125
125
125
125
125
125
125
125
125
125
125
125
125
125
125
125
125
125
125
125
125
125
125
125
125
125
125
125
125
125
125
125
125
125
125
125
125
125
125
125
125
125
125
125
125
125
126
126
125
125
125
125
125
125
125
125
125
125
125
125
125
125
125
125
125
125
125
125
125
125
125
125
125
125
125
125
125
125
125
126
124
124
125
125
125
126
126
126
125
125
125
125
125
126
126
125
125
126
126
125
125
126
125
125
125
126
125
125
126
126
125
125
124
124
125
126
126
126
126
127
126
126
126
126
126
125
125
126
126
126
126
126
125
126
126
126
125
126
126
125
125
126
125
125
126
126
124
124
126
126
126
127
127
126
125
126
126
125
126
126
125
125
125
126
125
125
126
126
125
125
126
126
125
125
125
125
125
125
126
126
125
126
127
126
125
125
126
125
124
125
127
126
125
125
126
125
125
126
127
125
125
126
126
125
125
126
126
125
126
126
126
125
125
126
126
125
125
125
125
125
125
126
126
126
125
126
126
125
125
126
126
125
125
126
126
125
125
126
126
126
125
126
126
125
125
126
125
125
125
126
126
125
125
125
126
126
126
126
126
125
125
126
126
126
125
126
126
126
125
125
125
126
126
125
125
125
125
125
126
126
126
125
125
126
126
125
126
126
126
125
125
126
125
125
127
127
126
126
126
124
125
124
125
125
125
126
126
125
125
125
126
125
125
126
126
125
125
126
125
125
125
125
125
125
125
126
125
125
125
125
126
126
126
125
125
128
126
126
125
125
124
124
125
124
125
125
125
125
125
125
126
126
125
125
125
125
125
125
126
125
125
125
125
125
125
125
125
125
126
125
125
125
125
129
121
124
124
124
125
126
126
125
125
126
126
126
126
126
128
129
127
123
122
125
128
128
125
123
123
126
126
125
123
123
125
127
125
124
125
127
127
126
125
125
126
127
127
126
125
126
127
125
123
123
125
126
127
127
127
128
126
123
123
125
126
126
124
124
124
126
124
125
125
125
125
127
127
127
127
127
126
126
126
125
125
125
125
125
124
126
126
125
124
125
125
125
125
125
125
126
126
127
127
126
126
126
126
125
125
124
125
125
125
124
124
124
124
125
125
124
124
125
126
128
129
127
123
123
125
126
125
125
125
126
127
126
124
123
125
125
126
126
126
125
125
125
127
127
126
125
126
127
126
124
123
124
125
125
124
124
125
125
126
127
127
126
126
127
126
127
126
124
124
124
125
123
122
123
123
124
126
126
124
123
122
120
124
135
142
131
121
125
133
135
130
122
117
119
125
125
117
114
119
129
132
129
125
126
126
125
126
126
125
122
119
119
127
135
133
124
126
133
133
126
112
108
130
143
128
118
125
127
121
122
128
128
122
121
130
133
121
113
125
134
125
113
124
137
133
125
126
123
117
123
134
130
123
125
126
121
117
123
134
138
126
114
120
134
129
118
121
129
126
121
123
127
127
125
124
124
125
127
128
127
127
125
122
119
123
131
131
126
123
126
129
127
124
128
131
124
116
125
140
135
110
96
109
129
132
118
111
125
137
129
120
124
134
141
145
142
132
130
140
148
124
95
84
90
111
142
148
127
111
120
118
125
132
137
135
126
124
128
130
125
119
122
128
128
122
120
125
127
120
115
116
125
133
134
129
127
129
131
129
123
119
120
124
126
126
126
126
124
125
127
129
129
125
123
127
130
127
122
121
125
127
125
123
128
131
128
123
122
122
118
118
125
129
133
145
151
131
90
77
109
135
135
138
142
132
127
136
130
104
112
137
131
115
123
135
127
118
118
112
106
122
140
135
128
135
138
134
134
131
122
114
112
116
122
129
129
125
129
133
125
116
117
131
136
124
119
123
123
120
127
134
124
111
122
141
139
123
117
124
129
131
129
124
121
121
124
123
119
117
121
127
132
131
129
126
125
132
134
128
119
113
116
122
128
128
124
123
125
127
127
131
135
134
127
117
117
126
131
128
122
118
125
129
124
118
115
127
139
128
115
123
135
130
117
115
120
123
128
131
129
125
124
126
127
130
129
122
120
126
128
123
120
121
127
128
125
125
123
118
115
128
144
135
123
120
124
126
126
123
121
124
125
124
129
131
130
126
121
118
121
122
124
127
131
130
128
126
125
125
128
125
121
92
125
125
125
125
125
125
125
125
125
125
125
125
125
125
125
125
125
125
125
125
126
125
125
125
125
125
125
125
125
125
125
125
125
125
125
125
125
125
125
125
125
125
125
125
125
125
125
125
125
125
125
125
125
125
125
125
125
125
125
125
125
125
125
125
125
125
125
125
125
125
125
125
125
125
125
125
125
125
125
125
125
125
125
125
125
125
125
125
125
125
125
125
125
125
125
125
125
125
125
125
125
125
125
125
126
125
126
125
126
126
125
125
125
125
125
126
125
125
125
125
125
125
125
125
125
125
125
125
125
125
125
125
125
125
125
125
125
125
125
126
126
125
125
125
125
125
125
125
125
125
126
125
125
126
125
125
126
125
126
125
125
125
125
125
125
125
125
125
126
125
125
125
125
125
125
125
125
125
125
125
125
125
125
125
125
125
125
125
125
125
125
125
125
125
125
125
125
125
125
125
125
125
125
125
125
125
125
125
125
125
125
125
125
125
125
125
125
125
125
125
125
125
125
125
125
125
125
125
125
125
125
125
125
125
125
125
125
125
125
125
125
125
125
125
125
125
125
125
125
125
125
125
125
125
126
125
125
125
125
125
125
126
125
125
125
125
125
125
125
125
125
125
125
125
125
125
125
125
125
125
125
125
125
125
125
125
125
125
125
125
125
125
125
125
125
125
126
125
125
125
125
125
125
125
125
125
125
125
125
125
125
125
125
126
125
125
125
125
125
125
125
125
125
125
125
125
125
125
125
125
125
125
125
125
125
125
125
125
125
125
125
125
125
125
125
126
125
125
125
125
125
125
125
125
