127
129
129
126
126
121
90
125
125
125
126
126
125
125
125
125
126
126
126
126
125
126
125
125
125
125
125
125
125
125
125
126
125
125
125
125
125
125
125
126
125
126
125
125
125
125
125
125
125
125
125
125
125
126
126
125
125
125
125
125
125
125
125
125
125
125
125
125
125
125
125
125
125
125
125
125
125
125
125
125
125
125
125
125
126
125
125
126
125
126
126
126
125
126
126
125
125
126
126
126
126
125
126
126
126
126
126
125
125
125
126
126
126
126
126
126
125
125
126
126
125
125
126
126
125
125
125
126
126
125
125
126
125
125
126
125
125
126
125
126
126
126
126
126
125
126
126
125
126
125
125
125
125
125
125
125
126
125
125
125
126
125
125
125
125
125
125
125
125
125
125
125
125
125
125
125
125
126
125
125
125
125
125
125
125
125
125
125
125
126
125
125
125
125
125
125
125
125
125
125
125
125
125
125
125
125
125
125
126
125
125
125
125
125
125
125
125
125
125
125
125
125
125
125
125
125
125
125
125
125
125
126
125
125
125
125
125
125
125
125
125
125
125
125
125
126
125
125
125
125
125
126
125
125
125
125
125
125
125
125
125
125
125
125
125
125
125
125
125
125
125
125
125
125
125
125
125
125
125
125
126
125
125
126
125
125
125
125
125
126
125
125
125
125
125
125
125
126
125
126
126
125
125
125
125
125
125
125
125
125
125
125
125
125
125
125
125
125
125
125
125
125
125
125
125
125
125
125
125
125
125
125
125
125
125
125
125
126
125
125
125
125
125
125
125
125
125
125
125
125
125
125
125
125
125
125
125
125
125
125
125
125
125
125
125
125
125
125
125
125
125
125
125
125
125
125
125
125
125
125
125
125
125
125
125
125
125
125
125
125
125
125
125
125
125
125
125
125
125
125
125
125
125
125
125
125
125
125
125
125
125
125
125
125
125
125
125
125
125
125
125
125
125
125
125
125
125
125
125
125
125
125
125
125
125
125
125
125
125
125
125
125
125
125
125
125
125
125
125
125
125
125
125
125
125
125
125
125
125
125
125
125
125
125
125
125
125
125
125
125
125
125
125
125
125
125
125
125
125
125
125
125
125
125
125
125
125
125
125
125
125
125
125
125
125
125
125
125
125
125
125
125
125
125
125
125
125
125
125
125
125
125
125
125
125
125
125
125
125
125
125
125
125
125
125
125
125
125
126
124
125
125
125
125
126
126
126
125
125
125
125
125
125
125
125
125
126
125
126
125
125
125
124
125
125
125
126
126
126
126
126
126
126
126
126
126
126
125
126
125
125
126
125
126
126
126
126
125
125
126
126
126
126
126
126
126
125
125
125
126
126
126
126
125
126
124
126
126
125
126
126
126
126
126
126
126
126
125
125
125
125
125
125
125
125
125
126
126
125
125
126
126
125
126
126
125
125
126
126
126
125
126
126
126
125
126
126
125
126
126
126
125
125
126
126
126
125
125
126
126
125
125
125
126
126
126
125
125
125
126
126
125
125
126
126
125
126
126
125
126
126
126
125
126
126
125
126
126
126
126
126
126
126
125
126
125
125
126
126
126
125
125
126
126
126
126
126
126
125
126
126
126
126
125
126
125
125
126
126
125
126
125
126
126
126
126
126
126
126
125
125
126
125
126
125
126
126
126
126
126
126
126
125
125
125
126
126
126
126
126
125
125
125
127
126
125
125
125
125
125
125
125
125
125
125
125
125
126
126
126
125
125
126
126
126
125
125
125
125
125
125
125
125
125
125
127
126
126
126
125
125
125
125
125
125
125
125
125
125
125
125
125
126
126
125
125
125
125
125
126
126
125
125
125
125
125
125
125
125
125
125
125
125
125
125
125
125
125
125
125
125
126
125
125
125
126
125
125
125
125
125
125
125
125
125
125
126
125
125
125
125
125
126
124
124
125
126
126
126
126
126
126
126
125
125
125
125
126
126
126
125
126
126
126
126
126
125
125
126
126
126
126
126
126
125
125
126
126
125
126
126
125
125
126
126
126
126
126
123
124
126
126
126
127
127
126
126
126
126
125
126
127
126
125
125
126
126
125
126
125
123
124
126
126
126
126
126
126
126
126
126
126
125
125
126
126
125
126
126
125
125
126
126
126
125
126
126
125
125
126
126
126
125
126
126
125
125
126
126
125
125
126
125
125
126
126
126
125
126
126
125
125
125
126
126
125
126
126
126
125
126
126
125
125
126
126
126
125
125
126
126
125
125
126
126
125
125
126
126
125
126
126
125
125
125
126
126
125
125
126
126
125
125
125
126
126
126
126
125
125
125
126
126
126
125
126
126
126
125
125
125
126
126
126
125
126
125
126
126
126
126
125
125
126
126
126
125
125
126
126
125
126
126
125
126
125
126
126
126
125
125
125
125
125
126
126
126
127
127
125
125
125
125
125
125
125
125
125
125
125
125
125
125
125
126
126
125
126
126
125
125
125
126
126
125
125
126
125
125
125
125
126
126
125
126
125
126
125
125
125
126
126
126
125
125
125
125
125
125
125
126
128
126
125
125
125
124
124
125
125
125
125
125
125
125
125
125
126
125
125
125
125
125
125
125
125
126
127
129
127
124
122
124
127
128
125
124
123
124
126
125
124
122
124
127
128
124
124
126
127
127
125
125
125
127
127
126
124
125
126
126
125
123
123
124
126
128
127
126
126
126
125
122
123
126
126
125
124
124
124
126
127
126
125
125
125
126
126
126
126
127
126
126
125
125
124
125
125
125
125
125
124
124
125
125
124
125
125
125
126
126
127
127
126
126
126
127
126
126
125
125
124
124
125
124
124
124
124
124
124
124
125
127
130
130
127
124
124
126
127
125
122
121
127
116
125
124
126
128
130
128
126
125
125
125
126
126
125
122
121
122
125
128
130
128
125
124
127
127
125
126
126
125
124
124
125
127
127
125
125
116
118
125
126
127
126
122
123
126
128
129
129
131
131
130
129
126
125
127
127
122
121
124
127
127
125
125
125
125
127
122
128
128
127
126
126
125
125
126
125
124
123
125
127
125
123
125
127
128
127
127
128
127
127
127
128
126
123
121
123
127
128
127
125
125
129
129
121
120
129
133
121
111
125
138
128
117
118
121
126
135
137
131
123
116
118
123
126
128
127
124
127
136
140
129
108
104
120
131
129
131
132
121
120
135
143
127
110
114
127
133
130
124
121
124
127
123
122
125
130
132
129
128
129
130
125
122
128
124
113
115
130
136
122
109
108
119
133
141
141
134
125
119
118
121
126
134
140
129
116
118
129
132
134
144
134
97
88
131
149
121
106
121
129
125
128
132
132
131
130
125
123
129
129
123
125
133
130
122
114
125
126
113
110
125
136
136
131
127
125
122
120
123
132
129
118
120
129
124
116
127
136
129
121
125
134
135
129
122
123
123
118
121
132
128
119
121
128
128
129
129
128
125
129
122
119
125
129
123
119
125
129
127
123
123
127
127
123
122
125
126
126
126
128
128
127
127
127
127
127
123
122
121
120
122
129
131
127
121
123
128
129
125
124
127
126
120
119
126
130
127
124
126
129
129
126
126
126
125
126
126
124
123
125
125
124
123
125
126
123
120
124
128
127
124
125
128
126
126
126
122
121
124
128
129
129
125
120
121
125
126
127
130
128
124
123
125
126
126
126
126
126
126
127
125
124
125
125
123
125
125
126
125
123
124
125
125
125
124
123
125
128
130
128
123
123
128
131
130
124
122
123
127
130
126
122
122
125
127
127
124
121
122
125
127
126
124
122
123
126
127
128
127
125
122
124
126
127
126
124
123
124
126
128
126
124
124
125
127
126
124
122
124
128
129
127
124
122
124
127
127
125
151
107
106
126
91
125
125
126
126
126
126
126
126
126
126
126
126
125
126
126
126
126
125
125
126
125
126
126
125
126
126
126
125
125
126
125
125
126
125
126
126
126
126
126
126
126
126
126
126
126
126
126
126
125
126
126
126
126
126
126
126
125
126
125
126
126
125
125
126
126
126
126
126
126
126
126
126
126
126
126
125
125
126
126
125
126
126
126
126
126
126
125
126
126
125
126
125
126
126
126
126
125
126
126
125
125
126
126
125
126
125
125
126
125
126
126
126
126
126
126
126
126
125
126
126
126
125
126
125
125
126
125
126
125
126
126
126
126
126
126
126
126
125
126
126
126
126
126
126
126
126
126
126
126
126
126
126
125
125
125
125
125
125
125
126
125
125
125
125
125
125
125
125
125
125
126
126
125
126
125
126
126
125
125
125
125
125
125
125
125
125
125
125
125
125
125
125
125
125
125
125
125
125
125
125
125
125
125
125
125
125
125
125
125
125
125
125
125
125
125
125
125
125
125
125
125
125
125
125
125
125
125
125
125
125
125
125
125
125
125
125
125
126
125
125
125
125
125
125
125
125
125
125
125
125
125
125
125
125
125
125
125
125
125
125
125
125
125
125
125
126
125
126
126
126
126
126
125
126
126
126
126
126
126
125
126
126
126
126
125
125
126
126
126
126
126
126
126
126
125
126
126
126
126
126
126
126
126
126
126
126
126
126
126
126
126
126
126
126
125
126
126
126
126
125
126
126
126
126
126
126
126
126
126
125
125
126
126
126
126
126
126
126
126
126
125
126
126
126
125
126
125
126
126
126
126
126
126
125
