123
123
125
127
128
128
85
125
125
125
125
125
125
126
125
125
125
125
125
125
125
125
125
125
125
125
125
125
125
125
125
125
125
125
125
125
125
125
125
125
125
125
125
125
125
125
125
125
125
125
125
125
125
125
125
125
125
125
125
125
125
125
125
126
125
125
125
125
125
125
125
125
125
125
125
125
125
125
125
125
125
125
125
125
125
125
125
125
125
125
125
125
125
125
125
125
125
125
125
125
126
125
125
125
125
125
126
125
125
126
125
125
125
125
125
125
125
125
125
126
126
126
125
125
125
125
125
125
125
125
125
125
126
126
125
125
125
126
126
126
125
125
125
125
125
125
125
125
125
125
125
126
125
126
125
125
126
125
125
125
125
125
125
125
125
125
125
126
125
125
125
125
125
125
125
125
125
125
125
125
125
125
125
125
125
125
125
125
125
125
125
125
125
125
125
125
125
125
125
125
125
125
125
125
125
125
125
125
125
125
125
125
125
125
125
125
125
125
125
125
125
125
125
125
125
125
125
125
125
125
125
125
125
125
125
125
125
125
125
125
125
125
125
125
125
125
125
125
125
125
125
125
125
125
125
125
125
125
125
125
125
125
125
125
125
125
125
125
125
125
125
125
125
125
125
125
125
125
125
125
125
125
125
125
125
125
125
125
125
125
125
125
125
125
125
125
125
125
125
125
125
125
125
125
125
125
125
125
125
125
125
125
125
125
125
125
125
125
126
125
125
125
125
125
125
125
125
125
125
125
125
125
125
125
125
125
125
125
125
125
125
125
125
125
125
125
125
125
125
125
125
125
125
125
125
125
125
125
125
125
125
125
125
125
125
125
125
125
125
125
125
125
125
126
125
125
125
125
125
125
125
125
125
125
125
125
125
125
125
125
125
125
125
126
125
125
125
125
125
125
125
125
125
125
125
125
125
125
125
125
125
125
125
125
125
125
125
125
125
125
125
125
125
125
125
125
125
125
125
125
125
125
125
125
125
125
125
125
125
125
125
125
125
125
125
125
125
125
125
125
125
125
125
125
125
125
125
125
125
125
125
125
125
125
125
125
126
125
125
125
125
125
125
125
125
125
125
125
125
125
125
125
125
125
125
125
124
125
125
126
126
126
126
125
125
125
125
125
125
125
126
125
125
125
125
125
125
125
125
125
125
125
125
126
126
125
125
126
125
125
126
125
125
125
126
125
125
125
126
125
125
126
125
125
124
125
125
125
126
126
126
126
126
125
125
125
125
125
125
125
125
125
126
125
125
125
125
125
125
125
125
125
125
125
125
126
125
125
125
125
125
125
125
125
125
126
125
125
125
125
125
125
125
125
125
125
125
125
125
125
125
126
126
125
125
125
126
126
125
125
125
126
126
126
126
125
125
125
125
126
125
125
125
125
126
126
126
126
126
125
125
126
126
125
124
125
126
126
125
124
125
126
126
126
125
126
126
126
126
126
126
125
125
125
125
125
125
126
126
125
125
126
126
125
124
125
125
125
125
125
126
125
125
125
126
126
126
126
125
125
126
126
126
125
125
125
126
126
125
125
125
125
125
126
126
126
125
126
125
125
125
125
125
125
125
125
126
126
125
125
126
126
125
126
126
126
126
126
125
126
125
125
124
125
125
125
124
125
125
125
126
125
125
125
125
125
125
125
125
125
125
125
125
125
126
125
125
125
125
126
125
125
125
126
126
125
125
125
125
125
126
126
125
125
126
125
125
126
126
125
125
126
125
125
126
125
125
126
126
125
125
125
125
125
125
126
125
125
125
125
125
125
125
125
125
126
126
125
125
125
126
125
125
125
125
125
125
125
125
125
125
125
125
125
126
125
125
125
125
125
125
125
126
125
125
125
125
125
125
125
125
125
125
125
126
126
126
125
125
125
124
126
124
125
124
124
126
126
126
126
126
125
125
126
126
124
125
125
125
124
125
126
125
124
126
126
126
126
126
126
125
126
126
126
125
125
125
125
125
126
126
126
125
126
126
126
125
125
125
125
125
125
125
125
125
125
126
126
126
125
125
125
126
125
125
125
125
125
125
123
125
125
125
126
126
126
126
126
126
126
126
125
125
125
125
125
125
125
126
125
125
125
125
125
125
125
125
125
125
125
125
125
126
126
126
125
125
125
125
125
125
125
126
125
125
125
125
125
125
125
125
125
124
125
125
125
125
125
125
125
125
125
125
125
125
125
126
125
125
125
126
126
126
125
125
125
125
125
126
125
125
126
126
125
125
126
126
125
125
125
125
125
125
125
125
126
125
125
125
125
125
125
125
125
125
125
125
125
125
125
125
125
125
126
125
125
125
125
125
125
125
125
125
125
125
126
125
125
125
125
125
125
124
125
125
125
125
125
125
125
125
125
125
125
125
125
125
125
127
127
126
125
125
125
124
125
125
125
125
125
125
125
125
124
124
125
125
125
125
126
126
126
125
125
125
124
124
125
126
125
124
124
126
127
126
126
125
125
125
125
126
125
125
124
125
125
125
125
125
125
126
126
126
126
126
126
126
126
126
125
125
124
124
125
125
125
125
125
126
126
126
126
125
125
125
122
125
125
125
125
125
125
126
127
126
125
125
125
126
126
125
125
125
126
126
125
125
125
125
126
126
126
126
125
126
127
126
126
125
125
125
126
126
127
127
126
125
124
125
125
124
123
124
124
125
124
125
127
127
126
126
127
126
125
125
126
126
125
124
125
125
123
123
125
125
125
127
129
128
125
124
126
125
123
125
127
125
122
123
127
130
128
127
129
130
126
120
118
116
115
114
118
125
133
141
144
143
138
137
132
120
110
108
110
108
108
113
119
123
127
138
142
141
142
145
139
130
124
121
119
113
106
105
111
118
121
122
124
132
142
141
134
132
132
127
123
120
118
124
129
123
117
122
135
135
127
114
102
116
141
144
132
126
122
123
128
127
123
125
125
124
122
117
115
119
128
132
132
124
124
127
128
124
120
122
126
117
105
120
161
176
137
88
95
145
160
133
105
101
122
141
134
118
109
112
125
132
128
125
128
127
121
121
128
128
124
122
124
125
124
125
133
135
133
126
119
119
126
130
126
121
122
124
125
126
127
127
126
123
120
122
124
125
128
129
126
126
132
131
123
123
127
124
122
126
123
116
122
131
127
121
128
129
122
125
132
126
121
127
125
115
121
137
133
119
124
131
119
119
134
132
118
127
136
119
105
115
121
114
137
172
162
125
106
102
99
114
155
150
85
69
139
183
129
83
124
161
143
131
131
100
74
116
180
168
107
87
106
133
153
155
127
90
82
125
167
152
109
109
141
141
113
110
119
113
136
135
125
124
121
120
134
146
136
118
122
140
136
122
119
116
109
117
128
128
127
128
124
125
128
124
121
123
127
131
127
121
126
132
127
120
121
125
127
129
127
127
130
133
131
123
109
109
126
134
128
124
125
124
121
124
130
132
124
119
122
128
133
129
121
120
125
130
130
127
124
124
126
124
120
122
127
127
123
122
127
128
123
122
126
128
126
121
121
127
130
125
121
125
133
134
123
112
117
133
138
129
120
123
128
126
125
126
126
123
120
123
127
136
130
126
123
125
124
125
121
120
119
121
125
126
124
123
125
126
132
132
123
117
128
136
129
119
119
124
129
131
130
124
120
120
122
125
125
125
128
127
125
125
122
125
133
135
124
113
115
130
134
125
119
122
127
124
122
128
127
122
122
128
131
127
124
125
126
125
129
128
121
119
123
119
127
125
124
129
134
132
126
122
123
127
129
125
119
120
128
129
126
122
122
122
124
127
127
121
122
127
130
128
122
119
123
126
128
129
130
128
123
120
126
133
132
126
121
120
124
128
127
123
117
120
124
129
132
129
123
86
125
125
126
125
125
125
125
125
126
125
125
125
125
125
125
125
125
125
125
125
125
125
125
125
125
125
125
125
125
125
125
125
125
125
125
125
125
125
125
125
125
125
125
125
125
125
125
125
125
125
125
125
125
125
125
125
125
125
125
125
125
125
125
125
125
125
125
125
125
125
125
125
125
125
125
125
125
125
125
125
125
125
125
125
125
125
125
125
125
125
125
125
125
125
125
125
125
125
125
125
125
125
126
125
125
125
125
125
125
125
125
125
125
125
125
125
125
125
125
125
125
125
125
125
125
125
125
125
126
126
126
126
126
126
126
125
125
125
125
125
125
126
126
125
125
125
125
125
125
125
125
125
125
125
125
125
125
125
125
126
125
126
125
125
126
125
126
125
125
125
126
125
125
125
125
125
125
125
125
125
126
125
125
126
125
125
126
125
125
125
125
125
125
125
125
125
125
125
125
125
125
125
125
125
125
125
126
125
125
125
125
125
125
125
125
125
125
125
125
125
125
125
125
125
125
126
126
126
125
125
125
126
125
125
125
125
125
126
125
125
125
125
125
126
126
126
126
125
125
125
126
125
125
125
125
125
126
126
126
126
126
125
126
125
126
125
125
125
126
125
125
125
125
125
125
126
126
126
125
125
126
125
125
125
126
125
126
126
125
126
126
125
126
126
125
125
125
125
125
125
125
125
126
126
125
125
125
125
125
125
125
125
125
125
125
125
125
125
125
125
126
126
125
126
126
125
125
125
126
125
125
125
125
125
125
125
126
125
125
126
125
126
125
126
125
126
125
125
126
126
125
125
125
120
