126
119
121
128
133
130
90
126
126
125
126
126
126
126
126
126
126
126
126
126
126
126
125
126
126
126
126
126
126
126
125
125
125
126
126
126
126
125
125
126
126
126
126
126
126
126
126
126
126
126
126
125
126
125
125
125
126
125
125
125
125
125
125
126
125
126
125
125
125
125
125
125
125
126
125
125
126
126
126
125
126
125
125
125
125
125
126
125
126
125
125
125
125
125
125
125
125
125
125
125
125
125
125
125
125
125
125
125
125
125
125
125
125
125
125
125
125
125
125
125
125
125
125
125
125
125
125
125
125
125
125
125
125
125
125
125
125
125
125
125
125
125
125
125
125
125
125
125
125
125
125
125
125
125
125
125
125
125
125
125
125
125
125
125
125
125
125
125
125
125
125
125
125
125
125
125
126
125
125
125
125
125
126
125
126
126
125
126
125
126
125
126
125
126
125
126
125
126
126
125
125
125
125
126
126
126
126
126
126
126
126
126
126
125
126
126
126
125
126
126
126
126
126
126
126
126
126
126
126
126
126
126
126
126
126
125
126
126
126
126
126
126
126
125
125
126
126
125
125
126
125
126
126
126
126
126
126
126
126
125
125
125
125
125
126
125
126
125
125
125
126
126
125
126
126
126
126
125
126
125
125
125
125
125
125
125
125
125
126
126
126
126
126
125
126
126
126
125
125
125
126
126
125
126
125
126
126
126
126
125
125
125
126
126
125
126
125
126
126
126
126
126
126
126
126
126
125
126
126
125
125
126
125
126
126
126
126
126
125
125
125
125
126
126
125
125
125
126
126
125
126
125
126
125
125
126
126
126
125
126
125
125
126
126
126
125
126
125
125
125
126
125
125
126
126
125
125
126
125
125
126
125
126
125
125
126
126
126
125
126
126
125
126
126
125
125
125
125
125
125
125
125
125
125
125
125
125
125
125
125
125
126
125
125
125
125
126
125
125
125
125
125
125
126
126
126
125
126
125
125
125
125
125
125
125
125
125
125
125
125
125
125
125
125
125
125
125
125
125
125
125
125
125
125
125
125
125
125
125
125
125
125
125
125
125
125
125
125
125
125
125
125
125
125
125
125
125
125
125
125
125
125
125
125
125
125
125
125
125
125
125
125
126
125
125
125
125
125
125
125
125
125
125
125
125
125
125
125
125
125
125
125
125
125
125
125
125
125
125
125
125
125
125
126
125
125
125
125
125
125
125
125
125
125
125
125
126
124
125
125
125
125
125
126
125
125
125
125
125
125
125
126
125
126
125
126
125
125
125
125
125
126
125
126
125
126
126
126
125
125
125
125
124
124
125
125
126
126
126
126
126
126
125
125
125
125
126
125
126
125
126
126
126
126
126
126
125
126
126
126
126
126
126
125
125
126
126
126
126
126
126
126
126
126
126
126
126
126
126
125
125
126
126
126
125
125
125
125
126
126
126
125
125
126
126
125
126
125
125
126
126
126
125
125
126
126
125
125
126
126
126
125
126
126
125
125
126
126
125
125
125
126
125
125
125
126
126
126
126
126
126
126
126
126
125
125
125
126
126
126
126
125
126
125
126
126
125
125
126
126
125
126
126
126
126
126
126
126
125
126
126
126
126
126
126
126
125
126
126
125
125
125
125
126
126
126
126
126
126
126
125
125
126
125
125
126
126
126
126
125
126
126
126
125
125
126
125
126
126
125
125
125
125
126
125
125
125
126
126
126
126
127
127
126
125
125
125
125
125
125
125
125
125
125
125
125
126
126
126
126
125
125
126
126
125
126
126
126
125
126
126
126
125
126
126
126
126
126
125
126
125
125
125
126
125
127
126
126
125
125
125
125
125
125
125
125
125
125
126
125
125
126
125
125
126
126
125
125
125
125
125
125
125
125
125
126
125
125
125
126
126
125
125
126
125
125
125
126
125
125
125
126
125
126
125
125
125
125
125
125
125
125
125
125
125
125
125
125
126
126
125
125
125
125
125
125
126
125
125
125
126
125
125
126
126
125
125
125
125
125
126
126
125
125
125
125
125
126
126
125
125
126
125
125
126
126
125
125
125
125
125
125
126
125
124
125
126
125
125
125
126
125
125
126
126
125
125
126
125
125
125
126
125
125
125
126
125
125
125
126
125
125
125
126
125
125
126
126
125
124
125
126
125
125
126
125
125
125
126
126
125
125
125
125
125
125
125
125
124
126
126
126
125
125
126
126
125
126
126
125
125
125
125
125
125
127
125
123
125
126
127
127
126
126
127
126
125
125
125
126
125
125
126
126
125
126
126
127
126
125
126
126
125
125
125
122
125
125
126
126
126
126
127
127
126
126
126
126
126
125
125
125
126
126
125
125
125
126
126
126
126
126
125
125
126
126
126
126
126
126
126
126
124
124
125
125
125
127
127
127
126
126
126
126
126
126
126
126
125
125
126
126
126
125
125
125
126
125
125
125
125
125
126
126
125
126
126
125
125
125
125
125
125
126
125
125
125
125
126
126
125
126
126
126
125
125
125
125
125
125
126
126
126
126
126
126
126
126
126
126
126
126
125
125
125
125
126
126
125
126
126
125
125
125
125
126
125
125
125
126
125
125
125
125
125
126
125
126
127
128
127
125
122
125
128
128
126
124
123
124
126
125
124
123
124
126
127
126
124
126
128
127
125
125
126
127
128
126
125
125
126
127
125
123
123
125
127
128
128
127
127
127
125
122
123
126
126
125
124
124
125
131
128
125
125
124
124
126
127
126
125
125
126
125
125
125
125
124
125
126
127
126
126
125
125
125
125
125
125
125
125
127
127
127
127
126
127
128
130
126
125
124
123
123
123
122
122
124
125
124
123
124
126
129
130
128
125
125
125
125
126
126
126
126
125
124
124
124
123
123
123
125
127
127
126
126
126
126
126
126
127
128
127
126
125
126
126
123
122
125
126
124
123
126
127
125
125
127
127
124
122
124
126
127
128
126
122
122
125
125
122
121
121
122
126
134
136
129
125
128
129
129
129
126
122
122
124
124
123
122
121
122
128
132
128
124
124
124
125
125
124
121
122
126
126
123
125
128
127
124
125
135
106
130
131
127
125
130
129
126
129
121
108
121
142
134
120
124
132
127
118
112
114
128
147
144
118
108
122
133
132
123
114
120
139
141
124
112
96
129
131
134
129
125
126
126
127
126
129
127
126
125
126
128
128
127
125
126
127
127
126
126
126
125
124
126
126
120
113
124
135
136
129
124
125
132
130
127
129
133
126
120
125
129
122
110
107
117
126
126
131
141
134
115
111
123
129
134
144
141
123
118
129
141
149
146
100
64
115
171
138
84
95
133
145
136
121
111
122
147
149
130
118
120
125
123
122
126
130
126
123
126
124
119
123
127
124
121
122
124
127
128
125
122
126
133
131
123
121
125
129
129
126
125
124
128
132
129
125
125
127
127
123
119
119
122
124
128
128
126
125
126
127
127
126
125
124
126
128
127
124
122
125
127
129
126
121
123
128
131
129
126
123
124
126
126
123
121
121
124
127
127
124
121
124
129
131
128
126
128
128
127
124
124
125
127
134
127
124
125
127
126
124
122
122
122
124
126
123
121
125
129
129
126
124
127
128
128
124
122
123
124
124
126
130
127
123
124
129
132
128
122
122
124
126
126
125
124
122
126
135
131
124
120
123
126
129
127
122
121
123
125
127
126
126
126
125
125
123
124
127
127
126
126
126
125
124
124
126
125
125
126
126
126
124
124
128
130
128
125
124
126
126
125
124
123
122
124
126
125
125
124
123
123
126
126
125
126
126
126
127
126
123
122
123
124
125
124
124
127
127
125
126
128
129
128
125
125
125
124
124
126
126
123
123
128
129
126
123
124
129
128
125
123
123
123
89
125
126
126
125
126
126
125
125
126
125
125
126
125
126
126
126
126
126
126
126
125
125
126
126
125
126
125
126
126
125
125
125
126
125
126
126
126
125
125
126
126
126
125
125
126
125
126
126
125
125
125
125
126
126
126
125
125
125
126
125
126
126
126
125
125
125
125
125
125
126
125
125
126
126
126
126
125
126
125
125
125
125
126
126
125
125
125
125
126
125
125
126
126
126
125
125
125
125
125
125
125
125
125
125
125
125
125
125
125
125
125
125
125
125
125
125
125
125
125
125
125
125
125
125
125
125
125
125
125
125
125
125
125
125
125
125
125
125
125
125
125
125
125
125
125
125
125
125
125
125
125
125
125
125
125
125
125
125
125
125
125
125
126
125
125
125
125
125
125
125
125
125
125
125
125
125
125
125
125
125
125
125
125
125
125
125
125
125
125
125
125
125
125
125
125
125
125
125
125
125
125
125
125
125
125
125
125
125
125
125
125
125
125
125
125
125
125
125
125
125
125
125
125
125
125
125
125
125
125
125
125
125
125
125
125
125
125
126
124
125
125
125
125
125
126
125
125
126
126
125
125
126
125
126
126
125
125
126
126
126
125
125
125
126
126
125
125
126
126
126
126
126
125
125
125
125
126
126
125
125
126
126
126
126
125
126
126
126
126
126
125
125
125
125
125
125
125
125
125
126
126
126
126
126
126
125
126
125
125
125
125
125
125
125
125
125
125
125
125
125
125
125
125
125
125
125
125
125
125
125
125
125
125
125
125
125
125
125
125
125
125
125
125
125
125
125
125
125
125
125
125
125
125
132
