125
126
126
126
123
124
35
125
125
125
125
125
125
125
125
125
125
125
125
125
125
125
125
125
125
125
125
125
125
125
125
125
125
125
125
125
125
125
125
125
125
125
125
125
125
125
125
125
125
125
125
125
125
125
125
125
125
125
125
125
125
125
125
125
125
125
125
125
126
125
126
125
126
126
126
125
125
125
126
126
126
126
126
126
125
125
125
126
126
125
126
126
126
126
126
126
126
126
126
126
126
126
126
126
126
126
126
126
126
126
126
126
126
126
126
126
126
126
126
125
125
126
126
126
126
125
126
126
126
126
125
125
126
126
126
126
126
126
126
126
125
126
125
125
125
125
125
125
126
125
125
125
125
126
125
125
125
126
125
125
126
125
126
126
125
126
125
126
125
125
126
125
126
126
126
126
126
125
125
125
125
125
126
126
125
125
125
126
126
126
126
126
125
125
126
126
126
126
126
126
126
125
125
125
126
126
125
126
125
126
125
125
126
125
125
125
125
125
126
125
125
126
126
125
126
126
125
126
125
126
126
126
125
126
125
125
126
126
125
125
125
126
126
125
126
125
125
126
126
126
126
125
125
126
126
126
126
125
125
125
125
126
125
125
126
126
126
126
126
125
125
125
126
126
126
126
126
126
125
125
126
126
126
126
125
125
125
126
126
125
125
125
125
126
125
125
125
126
125
125
125
125
125
125
125
126
126
126
126
125
125
126
126
126
125
125
125
125
125
125
125
125
125
125
125
125
125
125
125
125
125
125
125
125
125
125
125
125
126
125
125
125
125
125
125
125
125
125
125
125
125
125
125
125
125
125
125
125
125
125
125
125
125
125
125
125
125
125
125
125
125
125
125
125
125
125
125
125
125
125
125
125
125
125
125
125
125
126
125
125
125
125
125
125
125
125
125
125
125
125
125
125
125
125
125
125
125
125
125
125
125
125
125
125
125
125
125
125
125
125
125
125
125
125
125
125
125
125
126
124
125
125
126
125
126
126
126
125
125
125
125
125
125
126
126
126
125
126
125
125
125
126
126
126
125
125
125
125
126
126
126
126
126
126
125
125
125
126
126
126
126
126
126
126
125
125
125
125
125
125
125
125
125
126
126
126
126
126
126
126
126
126
125
125
126
125
124
125
126
125
125
126
126
126
126
126
126
126
126
126
125
125
125
125
125
125
125
126
126
126
125
125
125
126
126
126
126
126
125
125
125
126
126
125
125
125
126
126
126
125
125
125
125
125
125
125
126
126
126
125
125
126
126
125
125
126
126
126
126
125
125
126
126
126
125
126
126
125
124
125
126
126
127
129
128
122
119
123
127
126
122
121
124
130
136
140
137
130
113
98
110
138
147
125
109
114
109
97
130
220
230
100
25
19
129
255
255
99
111
1
217
255
106
9
65
253
255
69
134
29
255
255
65
81
77
255
235
67
42
83
72
79
158
255
234
57
60
59
255
254
78
44
152
181
110
77
111
133
122
112
105
112
156
192
154
78
55
98
146
153
133
125
136
129
101
96
129
159
154
128
109
105
113
126
133
129
120
124
134
133
125
123
129
134
134
128
117
108
112
125
134
135
131
125
120
121
127
131
132
130
127
122
120
121
124
125
126
127
128
128
126
127
130
130
126
121
121
125
128
128
126
124
125
126
127
128
128
127
125
124
124
125
125
125
125
125
125
126
128
128
129
128
126
124
125
126
125
125
125
125
125
126
126
127
128
126
125
124
124
125
125
126
126
126
125
125
126
127
128
127
126
124
123
123
124
124
125
126
126
126
126
125
125
126
127
127
126
125
125
125
125
124
125
125
125
126
127
127
127
126
126
125
125
124
124
125
125
126
126
126
126
126
126
125
125
125
125
125
124
125
125
126
126
126
126
126
125
125
126
125
126
124
126
125
125
125
126
126
126
126
126
126
126
126
126
126
125
125
124
125
125
125
126
126
126
126
126
126
125
126
126
126
126
126
126
126
126
125
125
125
126
125
126
126
126
126
126
126
125
126
125
126
125
125
125
126
126
125
125
125
125
125
125
125
126
125
126
126
124
125
126
126
126
126
126
126
126
126
125
125
125
125
125
125
125
125
126
126
126
125
125
125
126
126
125
125
125
125
125
126
126
125
125
126
126
126
125
126
125
125
125
126
126
125
125
125
126
126
126
125
125
125
125
126
126
125
125
126
126
126
126
126
125
125
125
125
126
125
125
125
126
126
125
125
125
125
125
125
125
125
126
126
125
125
126
126
126
126
125
125
125
125
125
126
126
126
125
125
125
126
126
126
125
125
126
126
126
125
125
125
125
126
126
125
125
126
126
126
125
125
126
126
126
125
125
125
126
126
126
125
125
125
125
125
125
125
125
126
126
126
125
126
126
126
125
124
124
126
129
126
125
125
125
125
125
124
124
125
126
126
125
125
125
125
125
125
125
125
125
125
125
125
126
125
125
125
125
125
125
125
125
125
125
125
125
125
125
125
125
125
125
126
125
125
125
125
125
125
125
125
126
125
125
125
125
125
125
125
125
125
125
125
125
125
125
125
125
125
125
125
125
125
125
125
125
125
125
125
125
125
125
125
125
126
125
125
125
125
125
125
125
125
125
125
125
125
125
125
125
125
125
125
125
125
125
126
125
125
125
126
125
125
126
126
125
125
125
125
125
125
126
125
125
125
126
125
125
125
125
125
125
125
125
125
126
124
125
125
125
125
125
125
125
126
126
129
122
118
126
125
126
126
127
126
126
126
125
125
125
125
125
125
126
125
125
126
125
125
117
124
126
127
127
128
128
127
127
126
126
126
126
126
126
125
126
126
126
126
126
126
126
126
126
126
126
126
126
126
126
125
125
125
125
126
126
126
126
126
126
126
125
125
125
122
123
125
126
126
127
127
127
127
127
126
125
126
126
126
126
125
125
126
126
126
125
125
125
126
126
125
125
125
125
125
125
126
125
126
126
125
126
125
125
126
125
125
125
125
126
126
125
125
126
126
126
125
126
126
125
125
125
125
125
125
125
126
125
126
126
126
126
126
125
125
125
126
126
126
125
126
126
126
126
125
125
125
126
127
126
124
125
126
126
125
125
126
126
126
125
125
126
126
127
126
125
124
126
126
126
125
124
126
126
126
126
125
125
127
126
125
126
125
126
126
126
126
125
125
125
125
125
126
125
125
125
126
125
126
125
126
126
125
126
126
126
126
125
126
126
126
126
126
126
132
126
126
125
125
124
124
124
125
125
125
125
125
126
126
125
126
126
125
125
126
126
127
126
126
131
127
125
124
124
123
124
124
124
125
126
126
125
125
125
125
126
126
125
125
125
125
126
126
126
125
125
125
125
126
126
125
125
125
126
126
125
125
125
125
125
125
125
124
124
125
127
127
126
125
124
126
127
126
125
124
124
125
126
126
126
125
126
125
125
126
125
126
126
125
123
123
125
129
128
124
122
122
125
129
130
127
122
122
126
129
129
127
123
121
125
129
128
125
122
120
122
127
131
129
124
120
120
124
130
133
133
129
121
113
113
121
137
141
130
117
111
113
122
138
145
137
123
143
79
108
132
134
128
124
122
125
132
134
127
120
120
125
129
131
129
125
122
121
122
115
78
136
125
132
132
131
130
129
130
131
129
128
125
126
127
128
127
126
127
127
126
126
126
128
128
127
126
127
128
129
128
126
125
125
125
126
126
126
126
126
126
125
126
126
126
112
125
123
125
128
129
130
129
128
128
128
128
127
126
126
125
125
126
126
125
127
126
125
125
124
125
126
125
125
124
126
127
127
125
123
123
125
126
127
128
126
123
124
124
125
126
126
126
125
124
126
126
126
126
126
125
125
124
125
127
127
126
125
124
124
125
127
34
125
125
125
125
126
125
125
125
125
125
126
126
126
126
126
126
126
126
125
125
126
126
126
126
126
126
126
125
126
126
125
126
126
126
126
126
126
126
125
125
125
125
125
125
125
126
126
126
126
125
126
126
126
126
125
125
126
126
126
126
126
126
126
125
125
126
125
126
126
126
125
125
125
125
125
125
126
126
125
126
125
125
125
125
125
125
125
126
125
125
125
125
125
126
125
126
126
125
125
125
125
125
126
125
125
125
125
125
126
126
125
125
126
125
125
125
125
125
125
125
125
125
125
125
125
125
125
125
125
125
125
125
125
125
125
125
125
125
125
125
125
125
126
125
126
125
125
125
125
125
125
125
125
125
125
126
125
126
125
126
125
125
125
125
125
126
125
125
125
125
125
125
125
125
125
125
125
125
125
125
125
125
125
125
125
125
125
125
125
125
125
125
125
125
125
125
125
125
125
125
125
125
125
125
125
125
125
125
125
125
125
125
125
126
125
125
125
125
125
125
126
125
125
125
125
125
125
125
125
125
125
125
125
125
125
125
125
125
125
125
125
125
125
125
125
125
125
125
125
125
125
125
126
125
125
125
125
126
125
125
125
125
125
126
125
125
125
125
126
126
126
126
125
125
125
125
126
126
126
125
125
125
125
126
126
125
124
125
126
126
124
125
125
125
125
125
126
125
125
125
126
126
126
125
126
126
126
126
126
125
125
126
126
125
126
126
126
126
125
125
125
125
125
125
124
124
126
126
125
126
126
126
126
126
126
126
125
126
126
125
125
126
126
126
126
126
126
126
126
126
126
125
126
125
