126
125
126
126
124
124
25
125
125
125
125
125
125
125
125
125
125
125
125
125
125
125
125
125
125
125
125
125
125
125
125
126
126
125
125
126
125
125
125
125
125
126
125
125
125
126
125
125
125
126
125
125
125
125
125
126
126
125
125
125
125
125
125
125
125
125
125
125
125
125
125
125
125
125
125
125
125
125
125
125
125
125
125
125
125
125
125
125
125
125
125
125
125
125
125
125
125
125
125
125
125
125
125
125
125
125
125
125
125
125
125
125
125
125
125
125
125
125
125
125
125
125
125
125
125
125
125
125
125
125
125
125
125
125
125
125
125
125
125
125
125
125
125
125
125
125
125
125
125
125
125
125
125
125
125
125
125
125
125
125
125
125
125
125
125
125
125
125
125
125
125
125
125
125
125
125
125
125
125
125
125
125
125
125
125
125
125
125
125
125
125
125
125
125
125
125
125
125
125
125
125
125
125
125
125
125
125
125
125
125
125
125
125
125
125
125
125
125
125
125
125
125
125
125
125
125
125
125
125
125
125
125
125
125
125
125
125
125
125
125
125
125
125
125
125
125
125
125
125
125
125
125
125
125
125
124
125
125
125
125
126
127
127
125
124
124
124
125
126
126
123
127
129
124
119
121
122
122
133
139
134
123
121
130
109
100
122
158
144
118
128
118
101
110
140
143
126
123
131
129
112
110
125
143
137
128
119
112
116
126
129
127
137
139
116
113
133
128
110
123
134
129
124
124
126
124
119
119
130
138
125
119
126
124
118
125
137
131
120
120
128
127
119
118
125
130
128
126
126
123
122
125
128
127
126
125
125
124
124
125
125
124
125
127
128
128
125
123
124
125
126
126
126
125
125
125
125
124
125
126
126
125
125
125
125
125
126
124
124
124
126
126
127
127
126
125
125
125
125
126
127
126
125
124
124
125
126
126
126
126
126
125
125
125
125
125
126
126
126
125
125
126
126
126
126
127
126
126
126
126
125
125
125
125
125
125
125
125
125
126
125
125
125
125
125
126
126
126
126
126
125
125
125
125
125
126
126
126
126
126
126
126
126
125
126
125
125
125
125
125
125
125
125
126
125
125
125
125
125
125
125
125
125
125
126
126
125
125
125
125
125
125
125
125
125
125
125
125
125
125
125
125
125
126
125
125
125
125
125
125
125
125
125
125
125
125
125
125
125
125
125
125
125
125
125
125
125
125
125
125
125
125
125
125
125
125
125
125
125
125
125
125
125
126
125
125
125
126
125
125
126
125
125
125
125
125
125
125
125
125
126
126
126
125
125
125
125
125
125
125
125
126
126
125
125
125
125
126
125
126
126
125
125
125
126
126
126
125
125
125
125
125
125
126
126
125
126
126
125
125
125
126
127
126
125
125
125
125
125
125
125
125
125
125
125
125
125
125
125
125
125
126
126
126
125
126
126
125
125
125
125
125
125
125
125
125
126
125
125
125
125
125
125
125
125
125
125
125
125
125
125
125
126
125
125
125
125
125
125
125
125
125
125
125
125
125
125
125
125
126
126
125
125
125
125
125
125
125
126
127
123
125
125
126
126
126
126
125
125
125
125
125
125
126
126
126
126
125
126
126
125
125
126
126
126
126
126
126
126
126
126
126
126
126
125
126
126
126
126
126
126
126
126
126
126
126
126
125
126
126
125
125
125
125
126
126
125
126
126
126
126
125
126
126
126
125
124
125
125
125
125
126
126
126
126
126
126
126
126
126
126
125
125
125
126
125
125
125
125
126
125
125
125
126
126
125
125
125
125
125
126
125
125
125
126
125
125
125
125
126
125
125
126
125
125
125
125
125
125
125
125
125
125
125
125
126
126
126
126
126
125
125
126
125
125
126
125
125
125
125
125
125
126
126
126
125
125
126
126
126
126
126
125
125
126
125
125
125
125
125
125
125
125
125
125
126
126
125
125
125
125
125
126
126
125
126
126
125
126
126
125
125
126
125
125
125
126
126
125
125
126
126
125
126
126
126
125
125
125
126
125
125
125
126
126
126
125
125
125
126
125
125
125
125
126
126
125
125
125
125
125
125
125
125
125
126
125
125
125
125
125
125
125
125
125
126
126
125
126
126
125
125
125
125
125
125
126
126
125
125
125
126
125
125
125
125
125
125
125
125
126
125
125
125
125
126
125
125
125
125
125
125
126
125
126
125
126
126
126
125
125
125
125
125
125
125
125
125
125
125
125
126
125
125
125
125
126
126
125
125
125
126
126
125
125
126
125
125
125
125
125
125
125
125
125
126
125
125
125
125
125
125
125
125
125
125
126
126
125
125
125
125
125
125
125
125
125
125
125
125
125
125
125
125
125
126
126
126
125
125
125
125
126
125
126
126
125
125
125
125
125
125
125
125
125
125
125
125
125
125
125
125
125
125
125
125
125
125
125
125
125
125
125
125
125
125
125
125
125
125
125
125
125
125
125
126
125
125
125
125
125
125
125
125
125
125
125
125
125
125
125
125
125
125
125
125
125
125
125
125
126
125
125
125
125
126
126
125
125
125
125
125
125
126
125
125
125
125
125
126
125
125
125
125
126
125
125
125
125
125
125
125
125
125
125
125
125
125
125
125
125
125
125
125
125
125
125
125
125
126
125
125
127
126
122
126
126
125
126
126
126
125
125
125
125
125
126
125
125
125
126
125
125
125
125
125
125
126
125
126
126
126
125
125
126
126
126
126
125
126
125
126
126
126
126
126
126
125
126
125
125
125
125
125
125
125
125
125
125
125
126
126
126
126
125
125
126
126
125
122
123
125
125
126
125
127
126
127
127
127
126
126
126
125
125
126
126
126
125
125
125
125
125
125
125
125
125
125
125
125
125
125
125
125
125
125
125
125
125
125
125
125
125
125
126
126
126
126
125
125
125
125
125
125
125
125
125
125
125
125
125
125
126
125
125
125
125
125
125
125
125
125
126
126
125
126
125
125
126
125
125
126
125
125
126
125
125
125
125
126
125
125
125
125
125
126
126
126
126
126
125
125
125
125
126
126
125
125
126
125
125
125
126
125
125
125
125
126
125
125
125
125
125
125
125
126
125
126
125
125
126
126
126
126
125
126
126
125
126
125
125
125
124
125
125
126
126
126
130
127
124
125
124
123
124
125
125
125
125
125
125
125
125
125
125
125
125
125
126
125
125
125
125
125
125
125
125
125
125
125
125
125
125
126
125
126
125
125
125
125
125
125
125
125
125
125
125
125
125
126
125
126
126
125
125
125
125
126
125
125
125
126
126
126
125
125
125
133
118
83
134
123
128
130
129
129
128
127
127
126
127
126
126
126
126
127
126
127
126
126
126
126
126
127
127
127
127
126
126
127
126
126
125
126
126
126
126
126
126
126
126
126
126
126
126
126
126
126
126
126
126
126
126
126
126
126
126
126
126
126
125
126
125
125
121
120
125
125
125
127
128
128
127
128
127
127
126
126
125
125
126
126
125
126
126
125
125
125
126
125
125
125
125
125
126
125
125
126
125
125
125
124
125
125
125
127
124
126
125
125
125
125
125
126
125
125
125
125
125
126
125
126
126
125
125
125
125
126
125
126
126
125
126
126
125
125
126
125
126
126
125
126
125
125
126
125
125
125
125
125
125
125
125
125
126
126
126
126
126
125
126
125
125
125
125
125
126
125
125
125
126
126
125
125
126
127
157
121
111
107
112
120
125
131
132
133
132
129
127
125
125
123
122
123
123
125
125
126
127
126
126
126
126
126
126
125
125
125
125
124
125
125
130
134
127
123
124
123
122
123
124
124
124
124
125
124
125
125
125
126
125
126
126
126
126
126
126
125
125
125
125
125
124
121
125
126
126
126
128
127
127
127
126
125
125
125
24
125
125
125
125
125
126
125
125
125
125
125
125
125
125
125
125
125
125
126
125
125
125
125
125
125
125
125
125
125
125
125
125
125
125
125
125
125
125
125
125
125
125
125
125
125
125
125
125
125
125
125
125
125
125
125
125
125
125
125
125
125
125
125
125
125
125
125
125
125
125
125
125
125
125
125
125
125
125
125
125
125
125
125
125
125
125
125
125
125
125
125
125
125
125
125
125
125
125
125
125
125
125
125
125
125
125
125
125
125
125
125
125
125
125
125
125
125
125
125
125
126
125
125
125
125
126
125
125
125
125
125
125
125
125
125
125
125
125
125
125
125
125
125
125
125
125
125
125
125
125
125
125
125
125
125
125
125
125
125
125
125
125
126
125
125
125
125
125
125
125
125
125
125
125
125
125
125
125
125
125
125
125
125
125
125
125
125
125
125
125
125
125
125
125
125
125
125
125
125
125
125
125
125
125
125
125
125
125
125
125
125
125
125
125
125
125
125
125
125
125
125
125
125
125
125
125
125
125
125
125
125
125
125
125
125
125
125
125
125
125
125
126
125
125
125
125
125
125
125
125
125
125
125
126
127
128
126
123
124
124
124
126
127
125
128
129
122
118
121
126
121
132
139
133
125
121
131
102
94
128
169
143
110
130
114
95
117
148
139
124
127
130
126
110
113
129
144
137
125
116
112
118
128
128
128
138
137
116
116
132
124
112
127
134
128
122
124
127
122
119
121
132
137
124
120
126
123
119
127
137
130
119
121
129
127
118
118
127
130
127
126
126
123
122
126
129
126
125
125
125
124
124
125
125
