126
127
126
127
127
126
30
125
125
125
125
125
126
125
125
125
125
125
125
125
125
125
125
125
125
125
125
126
125
125
125
125
125
125
125
126
125
125
125
125
125
125
125
125
125
125
126
126
125
125
125
125
125
125
125
125
125
125
125
125
125
125
125
125
125
125
125
125
125
125
125
125
125
125
125
125
125
125
125
125
125
126
125
125
125
125
125
125
125
125
125
125
125
125
125
125
125
125
125
125
125
125
125
125
125
126
125
125
125
125
125
125
125
125
125
125
125
125
125
125
125
125
125
125
125
125
125
125
125
125
125
125
125
125
125
125
125
125
125
125
125
125
125
125
125
125
125
125
125
125
125
125
125
125
125
125
125
125
125
125
125
125
125
125
125
125
125
125
125
125
125
125
125
125
125
125
125
125
125
125
125
125
125
125
125
125
125
125
125
125
125
125
125
125
125
125
125
125
125
125
125
125
125
125
125
125
125
125
125
125
125
125
125
125
125
125
125
125
125
125
125
125
125
125
125
125
125
125
125
125
125
125
125
125
125
125
125
125
125
126
125
125
125
125
125
125
125
125
125
125
125
125
125
125
125
125
125
125
125
125
125
125
125
125
125
125
125
125
125
125
125
126
125
125
125
125
126
125
125
125
125
125
125
125
125
125
125
126
125
125
125
125
125
125
125
125
125
125
125
125
125
125
125
125
125
125
125
125
125
125
125
125
125
125
125
125
125
125
125
125
125
125
125
125
125
125
125
125
125
125
125
125
125
125
125
126
125
125
125
125
125
126
125
125
125
125
125
125
125
125
125
125
125
125
125
125
125
125
125
125
125
125
125
125
125
125
125
125
125
125
125
125
125
125
125
125
125
125
125
125
125
125
125
125
125
125
125
125
125
125
125
125
125
125
125
125
125
125
125
125
125
125
125
125
125
125
125
124
125
125
125
125
126
125
125
125
125
125
125
125
125
125
125
125
125
125
125
125
125
125
125
125
125
125
125
125
125
125
125
125
125
125
125
125
125
125
125
125
125
125
125
125
125
125
125
125
125
125
125
125
125
125
125
125
125
126
127
126
126
127
128
127
125
123
120
119
122
126
126
123
124
130
134
129
121
118
122
130
134
130
122
118
120
124
126
126
125
122
122
127
131
127
124
129
136
134
123
111
109
120
134
136
128
121
120
125
128
126
123
127
130
128
121
119
121
124
127
132
134
125
116
121
133
138
130
107
83
99
157
192
156
97
86
110
122
124
137
148
137
116
107
114
130
142
135
116
107
118
133
140
133
118
109
115
127
134
133
128
124
126
131
129
123
120
124
128
126
121
119
122
125
126
127
130
132
127
121
120
126
132
131
122
115
119
127
129
126
123
123
125
126
127
128
127
123
123
126
129
127
122
122
125
128
130
128
124
120
119
122
127
131
130
126
123
123
124
126
127
127
127
124
123
124
126
126
124
123
124
127
129
129
127
125
123
123
124
127
129
128
127
124
123
123
125
125
127
126
126
126
127
127
127
126
126
125
126
126
126
125
125
125
125
125
125
125
126
127
127
126
125
125
126
126
125
125
125
125
126
127
126
126
125
125
126
126
127
125
125
125
125
126
127
126
126
126
125
125
125
125
125
125
126
126
126
126
125
125
126
126
126
126
126
126
125
125
125
125
126
126
126
126
126
125
125
126
125
125
125
125
125
125
125
126
126
126
126
126
126
126
126
126
126
126
125
126
125
125
125
125
125
125
125
125
125
126
126
126
126
126
126
126
126
126
126
126
126
126
125
125
125
125
125
125
125
125
125
126
126
126
126
126
125
126
126
126
126
125
126
126
125
125
126
126
126
126
126
126
125
126
126
126
126
126
126
126
125
126
125
125
125
125
125
126
126
125
126
126
126
126
126
126
126
126
126
126
126
125
125
125
125
125
125
125
126
126
127
125
125
125
125
125
126
125
125
125
125
125
125
125
125
126
125
125
125
126
125
125
125
126
126
125
125
125
125
125
125
126
127
126
125
125
125
125
125
125
125
125
125
125
125
125
125
125
125
125
125
125
125
125
125
125
125
126
125
126
126
125
126
125
125
125
125
125
125
125
125
125
125
125
125
126
125
123
125
125
125
126
126
126
126
126
125
125
125
126
125
125
125
125
125
125
125
125
125
125
125
125
125
125
125
125
125
125
125
125
125
125
125
125
125
125
125
125
125
125
125
125
125
125
125
126
126
125
125
125
125
125
125
125
126
125
125
125
126
125
125
125
126
125
126
125
126
125
125
125
126
126
125
125
125
125
125
125
125
125
125
126
125
125
125
125
125
125
125
125
125
125
125
125
125
125
125
125
126
125
125
125
125
125
125
125
125
125
125
125
126
125
125
125
125
125
125
125
126
125
125
125
125
125
126
126
125
125
125
125
125
125
125
125
126
126
125
125
125
125
125
125
125
125
126
125
126
126
126
126
126
125
125
125
125
125
125
125
125
125
125
125
125
125
125
125
125
125
125
125
125
125
125
125
125
125
125
125
125
125
125
125
125
125
125
125
125
125
125
125
125
125
125
126
125
125
125
125
125
125
125
125
125
125
126
125
125
125
125
125
125
125
125
125
125
125
126
125
125
127
128
125
125
125
125
124
125
125
125
125
125
125
125
125
125
125
125
125
125
125
125
125
125
125
125
125
125
125
125
125
125
126
126
123
124
125
126
126
127
127
127
126
126
126
126
125
125
125
125
125
125
125
125
125
125
125
125
125
125
125
125
126
125
125
125
125
125
126
125
125
125
125
125
125
125
125
125
125
125
125
125
126
125
125
125
125
125
125
125
125
125
125
125
125
125
125
126
125
125
125
125
125
126
126
125
125
125
125
125
125
125
125
125
125
125
125
125
125
125
125
125
125
126
126
125
125
125
125
125
125
126
125
125
125
126
125
125
125
125
125
126
125
125
125
126
125
125
126
125
125
125
125
126
125
125
125
126
125
126
126
125
126
125
125
125
125
125
126
126
126
125
125
125
125
126
125
125
125
125
125
126
125
125
125
125
125
125
125
125
125
125
126
125
125
126
125
126
126
125
125
125
125
126
126
126
126
125
125
126
126
126
125
125
125
125
125
126
125
125
126
125
125
125
125
126
126
126
125
125
125
125
125
125
126
125
126
125
125
126
125
125
125
125
125
125
125
126
125
125
125
125
125
126
125
126
126
132
126
125
125
124
122
124
124
124
125
125
125
125
125
125
126
125
125
126
125
126
125
125
126
125
125
126
126
126
125
126
126
126
126
125
125
125
125
125
126
126
126
126
125
125
126
125
125
125
125
125
125
125
125
125
125
126
125
126
125
125
125
125
127
127
126
125
125
125
118
124
124
125
126
127
127
127
127
126
126
126
126
125
125
137
135
108
129
124
125
127
126
126
125
125
124
124
125
125
125
125
125
126
125
126
126
125
125
126
125
126
126
126
126
126
126
126
126
125
126
126
126
126
126
126
126
126
127
126
125
126
126
126
126
126
126
126
126
126
126
125
126
125
126
126
126
125
125
126
126
127
121
120
123
125
126
128
127
127
128
128
127
126
126
125
126
126
125
125
126
127
127
126
126
126
125
125
125
125
125
125
125
126
126
125
126
125
125
126
125
125
125
125
125
125
125
125
125
125
126
125
125
126
125
125
126
125
126
125
126
125
125
125
126
126
126
126
125
126
125
126
126
125
125
126
126
126
126
126
126
125
125
126
125
125
125
125
126
125
125
126
126
126
127
126
126
126
126
126
126
126
126
126
126
126
125
125
126
125
125
125
125
125
126
126
126
125
125
126
126
125
125
126
126
125
125
125
126
126
125
126
126
126
125
126
125
125
126
125
127
126
126
137
127
126
29
125
125
125
125
125
125
125
125
125
125
125
125
125
125
125
125
125
125
125
125
125
125
125
125
126
125
125
125
125
125
125
125
125
125
125
125
125
125
125
125
125
125
125
125
125
125
125
125
125
125
125
125
125
125
125
125
125
125
125
125
125
125
125
125
125
126
125
125
125
125
126
126
126
126
126
126
126
126
126
126
126
126
126
126
126
126
126
126
126
126
126
126
126
126
126
126
126
126
126
126
126
126
126
126
126
126
126
126
126
126
126
126
126
126
126
126
126
126
126
126
126
126
126
125
126
125
126
126
125
126
126
126
126
126
126
126
126
126
126
125
126
125
126
125
126
126
126
125
125
125
125
126
125
125
125
125
125
125
125
125
126
125
125
125
125
126
126
126
126
125
125
126
126
126
125
125
125
126
126
126
126
126
126
126
126
126
125
125
125
125
125
125
126
125
125
125
126
126
126
126
126
126
126
126
125
125
125
125
125
125
125
126
126
125
126
126
126
126
126
125
126
125
125
125
125
125
126
126
126
126
125
125
126
125
125
125
125
125
125
125
125
125
125
125
125
126
126
125
125
126
126
126
125
125
126
125
125
125
125
126
126
126
126
125
125
125
125
125
125
125
125
125
125
125
126
126
125
126
125
125
125
125
125
125
126
126
126
126
126
126
126
125
125
125
125
125
125
125
125
125
125
125
125
125
125
125
125
125
125
125
125
125
125
125
125
125
125
125
125
125
125
125
125
125
125
125
125
125
125
125
125
125
125
125
125
125
125
125
126
125
125
125
125
125
125
125
125
125
125
125
125
125
125
125
