126
125
125
124
124
125
39
125
125
125
125
125
125
125
125
125
125
125
125
125
125
125
125
125
125
125
126
125
125
125
125
125
125
125
125
125
125
125
125
125
125
125
125
125
125
125
125
125
125
125
125
125
125
125
125
125
125
125
125
125
125
125
125
125
125
125
126
125
125
126
126
126
126
126
126
126
126
126
126
126
126
126
126
126
126
126
126
126
126
126
126
126
126
126
126
125
126
126
126
126
126
126
126
126
126
126
126
126
126
126
126
126
126
126
126
126
126
126
126
126
126
126
126
126
126
126
126
126
126
126
126
126
126
125
126
126
126
126
126
126
126
126
126
125
126
125
126
126
125
126
126
125
125
125
125
125
125
125
125
125
125
125
125
126
125
125
125
125
126
125
126
126
125
126
125
125
126
125
126
126
125
125
126
126
126
126
126
126
126
126
125
126
126
126
126
126
126
125
126
126
125
126
125
126
126
125
126
126
126
126
126
126
125
125
125
126
126
126
125
126
125
125
126
126
126
126
126
125
125
125
125
126
125
125
126
125
125
126
125
126
126
125
126
125
125
125
126
125
126
126
125
126
126
126
125
125
126
125
125
125
126
126
125
126
126
125
126
125
125
126
126
126
125
125
125
126
126
126
126
126
126
126
126
125
125
125
125
125
125
125
125
125
125
125
125
125
125
125
125
125
125
125
125
125
125
125
125
125
125
125
125
125
125
125
125
126
125
125
125
125
125
125
126
125
125
125
125
125
125
125
125
125
125
125
125
125
125
125
125
126
125
126
125
125
125
125
125
125
125
125
125
125
125
125
125
125
125
126
126
125
125
125
126
126
125
125
126
126
125
125
125
125
125
125
125
126
125
125
126
127
126
125
125
125
125
125
125
125
125
125
125
126
125
125
125
125
125
126
126
126
126
126
126
126
125
125
125
126
125
125
125
125
125
125
125
124
124
125
126
127
127
126
125
123
122
123
125
126
127
128
127
126
125
124
125
126
126
126
126
125
125
124
125
124
125
126
124
123
126
128
125
122
124
129
129
127
124
124
125
124
123
123
125
127
127
129
129
126
120
117
121
126
130
130
127
125
126
124
121
123
128
129
125
121
123
126
125
125
127
131
130
126
124
124
123
121
120
120
123
128
128
123
127
138
144
138
109
91
127
157
108
65
145
210
111
32
138
223
135
104
118
41
66
255
254
13
66
161
72
124
255
153
63
61
255
201
86
67
96
141
150
141
149
140
95
87
114
120
131
149
130
110
121
128
125
129
133
129
122
116
122
132
122
108
122
142
132
110
117
137
134
118
117
124
125
124
127
130
131
130
127
126
129
128
118
112
118
125
125
127
133
137
133
125
119
118
124
131
130
124
120
121
123
124
126
126
126
128
129
126
124
124
127
128
127
124
122
123
127
129
128
125
123
125
127
128
127
126
124
124
124
123
123
124
126
128
128
126
125
125
126
127
126
125
124
124
124
125
125
126
127
128
127
126
125
125
125
125
126
126
126
126
125
124
124
124
125
125
126
126
126
125
125
125
126
126
127
127
126
126
125
125
125
125
125
125
125
126
126
126
126
126
127
126
125
125
124
124
124
124
125
125
125
125
126
126
126
126
126
126
126
126
125
125
125
124
124
125
126
126
125
125
126
126
126
125
125
125
125
125
125
125
125
126
126
126
126
126
126
125
125
124
124
124
125
125
125
125
126
126
126
126
126
126
126
125
125
125
125
125
125
123
125
125
125
126
126
126
126
126
126
126
125
126
125
125
126
125
125
125
125
125
125
125
125
125
125
125
125
125
125
125
125
125
125
126
126
125
125
125
125
125
125
125
125
125
126
125
125
125
125
125
125
125
125
125
125
125
126
126
126
126
126
125
125
125
125
125
125
125
125
125
125
125
126
126
126
126
125
125
125
125
125
125
125
125
125
125
125
125
125
125
126
126
125
126
125
126
125
125
125
125
125
125
125
125
126
125
125
126
126
125
125
125
125
125
125
126
125
125
126
125
125
125
125
125
125
125
125
125
125
126
126
125
125
125
126
125
125
125
125
125
125
125
126
125
127
125
123
125
126
126
126
126
126
126
125
125
125
125
126
125
126
126
126
126
126
125
126
126
125
125
126
126
126
126
127
127
126
126
126
125
125
126
125
126
126
126
126
126
126
126
126
126
126
125
126
126
126
126
126
125
126
126
126
125
125
126
126
126
125
125
125
125
123
125
125
126
127
126
126
126
126
126
128
126
126
126
125
124
125
125
125
125
126
125
125
125
126
126
125
125
125
126
126
125
125
126
125
126
126
125
125
125
125
123
125
125
126
126
126
126
126
126
126
125
126
126
126
126
125
125
125
125
126
126
125
125
125
126
126
126
126
125
126
126
126
126
126
125
125
125
125
126
125
125
125
125
125
126
126
127
126
125
125
126
126
125
125
125
125
125
126
126
126
125
125
125
126
126
125
125
125
126
126
125
125
126
126
126
125
125
126
126
126
125
125
126
126
126
125
125
125
125
125
125
125
125
126
126
125
125
125
126
126
126
126
126
125
126
126
126
129
126
125
125
125
124
124
124
126
126
126
125
125
125
125
126
126
125
125
126
125
125
125
125
125
125
125
125
125
125
125
125
125
126
125
125
125
125
125
125
125
125
126
125
126
126
125
125
126
126
125
126
125
125
125
125
125
125
125
125
125
125
125
125
125
125
125
125
125
125
125
126
125
125
126
126
125
125
125
125
125
125
126
125
125
125
125
125
126
125
125
125
125
126
125
125
125
125
126
126
125
125
125
126
126
125
125
126
125
124
126
126
126
125
126
126
127
128
126
127
125
122
122
125
126
125
125
125
124
124
125
125
126
126
126
124
124
125
126
126
125
125
125
126
126
127
126
124
125
125
124
123
124
126
126
126
127
127
127
127
126
126
126
125
125
125
125
125
125
124
125
124
125
125
125
125
126
127
127
126
126
126
126
126
125
125
125
125
125
125
124
126
126
126
126
126
126
125
125
125
125
125
125
125
125
125
125
125
126
126
125
126
125
125
125
125
126
126
125
125
125
125
126
126
125
125
125
125
125
126
126
125
125
126
126
126
126
126
126
126
125
125
126
125
125
125
125
125
125
126
125
126
125
125
124
125
124
126
125
126
126
126
126
125
125
125
125
126
126
125
125
125
125
126
126
125
125
126
125
126
125
125
125
125
125
125
126
125
126
125
125
125
125
125
125
125
125
126
125
125
125
125
126
126
126
125
126
126
125
126
125
126
125
125
125
125
125
125
125
125
126
126
125
125
125
125
125
125
125
126
126
125
125
125
124
125
126
125
125
125
126
125
125
125
125
125
125
125
125
126
126
125
125
125
126
125
125
125
125
125
125
125
125
125
125
125
125
125
126
126
125
126
126
126
126
125
125
125
125
125
125
125
125
125
126
126
125
125
125
125
126
125
125
125
125
125
126
125
125
125
125
126
125
125
126
125
126
125
125
125
125
125
125
125
125
124
125
125
124
124
124
125
125
126
126
125
125
125
126
135
112
88
132
124
129
131
130
130
128
128
126
126
125
126
126
127
125
126
126
126
126
126
126
126
126
126
127
127
126
126
126
126
126
125
126
126
126
126
127
127
126
126
126
126
125
126
126
126
126
126
126
127
126
125
126
126
126
126
126
127
125
126
127
126
124
126
120
118
126
126
126
128
128
128
127
127
127
127
127
126
125
125
125
126
126
125
126
126
124
126
126
126
125
125
125
125
125
125
125
125
126
126
125
125
125
125
124
124
123
123
124
125
124
125
127
126
125
125
125
127
125
125
125
124
125
126
126
126
126
124
126
126
124
125
125
124
124
124
126
125
124
125
125
124
40
125
125
125
125
125
125
125
125
125
125
125
125
125
125
125
125
125
125
125
125
125
125
125
125
125
125
125
125
125
125
125
125
125
125
125
125
125
125
125
125
125
125
125
125
125
125
125
125
125
125
125
125
125
125
125
125
125
125
125
125
125
125
125
125
125
125
125
125
125
125
125
125
125
125
125
125
125
125
125
125
125
125
125
125
125
125
125
125
125
125
125
125
125
125
125
125
125
125
125
125
125
125
125
125
125
126
124
125
126
126
125
126
126
126
126
125
125
126
126
126
126
126
126
126
126
126
126
126
126
126
126
126
126
125
126
126
126
126
126
126
126
125
126
126
126
126
126
126
125
126
126
126
126
126
126
126
126
126
126
125
126
126
125
126
126
125
126
126
126
126
126
126
126
126
126
126
126
126
126
125
126
125
126
126
126
125
126
125
125
126
125
125
125
125
125
126
125
125
125
125
125
125
125
125
125
125
125
125
126
125
125
126
125
125
125
125
125
125
126
126
126
125
125
125
125
125
126
126
125
125
125
125
125
125
125
125
125
125
125
125
126
125
126
125
125
125
125
125
125
125
125
125
125
125
126
126
126
125
125
125
126
125
126
126
125
126
125
125
125
126
125
126
126
125
125
125
125
125
125
126
125
125
125
125
125
125
125
125
125
125
126
126
125
125
125
125
126
125
125
125
125
125
125
126
125
125
125
126
125
125
125
125
125
125
125
125
125
125
125
125
125
125
125
125
126
126
126
126
126
126
126
125
126
125
125
125
125
125
125
125
125
125
125
125
125
125
125
126
126
125
125
125
125
125
