128
132
127
125
129
131
82
125
125
125
125
125
125
125
125
125
125
125
125
125
125
125
125
126
125
125
125
125
126
126
125
126
126
126
126
125
126
125
126
126
126
126
125
126
125
126
125
126
126
125
125
125
125
125
125
126
125
126
125
126
125
126
125
125
126
125
125
125
125
125
126
125
125
126
125
125
126
125
125
126
126
126
125
125
126
125
125
125
125
126
126
125
125
125
125
125
125
125
125
125
125
125
125
125
125
125
125
125
125
125
125
125
125
125
125
125
125
125
125
125
125
125
125
125
125
125
125
125
125
125
125
125
125
125
125
125
125
125
125
125
125
125
125
125
125
125
125
125
125
125
125
125
125
125
125
125
125
125
125
125
125
125
125
125
125
125
125
125
125
125
125
125
125
125
125
125
125
125
125
125
126
125
125
125
125
125
125
125
125
125
125
125
125
125
125
125
125
125
125
125
125
125
125
125
125
125
125
125
125
125
125
125
125
125
125
125
125
125
125
125
125
125
125
125
125
125
125
125
125
125
125
125
125
125
125
125
125
125
125
125
126
126
125
125
125
125
125
125
125
125
125
125
125
125
125
125
125
125
125
125
125
125
125
125
125
125
125
125
125
125
125
125
125
125
125
125
125
125
125
125
125
125
125
125
125
125
125
125
125
125
125
125
125
125
125
125
125
125
125
125
125
125
125
125
125
125
125
125
125
125
125
125
125
125
125
125
125
125
125
126
125
126
126
125
125
125
126
125
125
125
125
126
125
126
125
125
125
126
126
126
126
125
125
126
125
125
126
126
125
126
125
125
125
125
125
125
125
125
126
125
125
125
125
126
126
125
126
125
126
126
125
125
125
125
125
125
126
126
126
125
125
125
125
125
125
125
125
125
126
126
125
125
125
125
125
125
125
125
125
125
125
125
125
125
125
125
125
125
125
125
125
125
125
125
125
125
125
125
125
125
125
125
125
125
125
125
125
125
125
125
125
125
125
125
125
125
125
125
125
125
125
125
125
125
125
125
125
125
125
125
125
125
125
125
125
125
126
125
125
125
125
125
125
125
125
125
125
125
125
125
125
125
125
125
125
125
125
125
125
125
125
125
125
125
125
125
125
125
125
125
125
125
125
125
125
125
125
125
125
125
125
125
125
125
125
125
125
125
125
125
125
125
125
125
125
125
125
125
125
125
125
125
125
126
125
125
125
125
125
125
125
125
125
126
125
125
125
125
125
125
125
125
125
125
125
125
125
125
125
125
125
125
125
125
125
125
125
125
125
125
125
125
125
125
125
125
125
125
125
125
125
125
125
125
125
125
125
125
125
125
125
125
125
125
125
125
125
125
125
125
125
125
126
125
125
125
125
125
124
124
124
125
125
125
126
127
126
126
126
126
125
125
125
125
125
124
125
126
126
124
123
124
127
128
125
120
123
130
129
122
123
128
127
124
125
123
121
124
128
129
127
126
126
125
126
124
123
122
125
126
127
126
125
125
126
126
126
125
125
127
127
125
123
124
124
125
125
126
127
128
127
126
125
125
126
126
127
125
125
125
125
125
126
126
125
125
125
126
126
126
125
125
126
126
126
125
125
125
126
126
126
125
125
125
125
126
125
125
125
126
126
126
124
125
125
126
125
126
126
126
126
125
125
126
126
126
126
125
126
126
126
125
125
125
125
125
125
125
125
126
125
125
125
126
126
126
125
125
125
125
125
125
125
126
125
125
126
125
126
126
126
125
126
126
125
126
125
125
125
125
125
125
125
125
125
125
126
126
126
125
125
126
126
125
125
126
125
125
125
125
125
125
126
126
125
126
126
126
125
125
126
125
125
125
125
125
125
125
126
126
125
125
125
125
125
125
125
125
125
126
126
125
125
126
125
125
126
126
125
125
125
126
125
126
126
125
125
125
125
125
125
125
125
125
125
126
126
126
125
125
125
126
126
125
125
125
126
126
125
125
125
125
127
125
126
126
125
124
125
126
125
125
125
125
126
126
125
125
125
125
125
125
125
125
125
125
125
126
126
126
125
125
125
126
125
125
125
126
126
125
125
125
125
126
125
125
125
125
125
125
125
125
125
126
125
125
125
125
126
126
125
124
125
126
125
124
125
126
126
125
125
125
126
126
125
125
125
126
124
126
125
125
125
126
126
126
125
125
125
126
126
126
126
125
126
126
126
126
125
126
126
126
125
125
125
126
126
126
125
125
126
126
126
125
125
126
125
126
126
125
125
125
126
126
125
125
125
126
126
126
126
125
125
126
125
126
125
125
125
125
126
125
125
125
124
124
125
125
125
126
127
126
126
126
126
124
132
130
122
121
121
123
125
126
127
128
128
127
126
125
125
125
125
125
125
125
125
125
125
125
126
125
125
125
125
125
125
125
126
126
126
125
125
126
125
125
125
126
126
125
125
125
125
125
125
125
126
125
125
125
126
126
125
125
125
124
126
127
126
123
124
127
127
125
124
126
126
124
124
126
128
126
124
124
126
127
127
124
122
125
128
127
124
123
126
127
125
124
125
125
126
127
126
125
124
123
125
128
127
124
125
129
127
119
122
128
128
124
126
129
126
124
125
124
122
127
127
122
124
128
126
125
128
125
122
127
128
121
119
124
128
128
127
128
131
127
123
126
125
120
120
125
129
126
126
128
128
126
123
121
119
120
124
128
129
128
127
125
124
125
125
125
126
125
123
127
130
126
122
125
127
123
121
124
126
126
127
129
128
126
125
126
126
124
120
116
119
124
128
131
133
132
130
127
124
121
121
120
118
118
119
121
125
130
133
134
134
133
133
139
130
124
117
115
114
116
114
113
116
123
129
131
132
136
140
141
137
133
130
123
116
112
110
111
112
115
120
126
132
135
136
136
135
133
129
126
123
122
121
122
124
126
126
125
123
122
122
122
123
126
129
127
127
132
131
125
128
132
120
114
125
126
117
128
130
105
112
143
138
112
134
145
108
114
157
134
103
134
137
87
106
166
137
101
153
160
79
92
183
154
79
119
152
80
88
183
160
77
123
164
85
78
178
175
84
100
169
125
72
119
169
137
110
129
129
103
112
149
150
117
115
133
125
106
118
138
134
128
135
124
104
107
135
146
134
118
124
127
117
118
136
145
134
120
118
113
103
119
147
147
119
108
125
134
122
120
129
130
123
120
117
115
127
144
141
128
125
124
115
116
127
127
120
122
129
127
118
118
130
143
148
148
129
98
93
120
136
131
123
117
117
126
135
136
133
123
109
113
135
146
133
122
123
122
114
112
117
131
143
137
122
115
123
131
131
125
120
123
126
135
135
125
116
117
126
132
126
115
114
125
134
133
126
122
123
127
126
119
119
125
133
133
125
119
122
128
129
125
125
130
130
124
122
123
126
126
123
121
123
129
130
129
127
127
124
122
124
123
122
124
128
130
127
125
123
124
125
127
126
125
122
121
124
131
133
128
119
114
118
129
137
144
150
113
120
119
127
131
128
125
123
120
117
118
124
127
128
127
124
121
121
124
124
124
131
134
122
113
122
131
126
122
128
135
129
120
122
128
127
122
124
132
130
122
121
124
123
125
130
129
120
117
126
135
133
123
118
122
128
134
135
124
114
116
127
130
127
128
131
114
110
116
129
136
135
132
127
122
121
126
131
129
125
126
128
126
120
122
129
129
124
122
125
126
125
123
125
129
128
127
125
122
120
121
126
130
129
126
124
122
123
125
126
127
126
125
127
128
128
125
120
120
126
130
128
125
122
121
123
129
132
130
123
118
121
129
130
127
122
120
126
131
129
126
123
121
123
125
125
124
127
131
127
124
129
129
123
118
119
123
127
130
128
125
126
131
130
122
116
116
123
130
129
127
129
131
83
125
125
125
125
125
125
125
125
125
125
125
125
125
125
125
125
125
125
125
125
125
125
125
125
125
125
125
125
125
125
125
125
125
125
125
125
125
125
125
125
125
125
125
125
125
125
125
125
125
125
125
125
125
125
125
125
125
125
125
125
125
125
125
125
125
125
125
125
125
125
125
125
125
125
125
125
125
125
125
125
125
125
125
125
125
125
125
125
125
125
125
125
125
125
125
125
125
125
125
125
125
125
125
125
125
125
125
125
125
125
125
125
125
125
125
125
125
125
125
125
125
125
125
125
125
125
125
125
125
125
125
125
125
125
125
125
125
125
125
125
125
125
125
125
125
125
125
125
125
125
125
125
125
125
125
125
125
125
125
125
125
125
125
125
125
125
125
125
125
125
125
125
125
125
125
125
125
125
125
125
125
125
125
125
125
125
125
125
125
125
125
125
125
125
125
125
125
125
125
125
125
125
125
125
125
125
125
125
125
125
125
125
125
125
125
125
125
125
125
125
125
125
125
125
125
125
125
125
125
125
125
125
125
125
125
125
125
125
125
125
125
125
125
125
125
125
125
125
125
125
125
124
125
125
125
125
125
126
126
125
125
126
125
125
125
125
125
125
125
125
125
125
125
125
125
125
125
125
125
125
125
125
125
125
125
125
125
125
125
125
125
126
125
125
125
125
125
125
125
125
125
125
125
125
126
125
125
125
125
126
125
125
125
125
125
126
125
125
125
125
125
125
125
125
125
125
125
125
126
125
125
125
125
125
125
125
125
125
125
125
125
125
125
125
125
125
125
125
125
125
125
125
125
119
