119
125
133
130
120
116
96
125
125
125
125
125
125
126
125
126
125
125
126
125
126
125
125
125
125
125
125
126
126
126
126
126
126
126
126
126
126
126
126
126
126
126
125
126
126
126
126
126
126
126
125
126
126
126
126
126
126
126
126
126
126
126
126
125
126
126
126
125
126
126
126
126
126
125
126
125
126
125
126
126
126
126
126
126
125
126
126
125
125
125
125
125
126
126
125
126
126
125
125
125
125
126
126
126
125
125
125
125
126
125
125
125
125
125
126
126
126
126
126
125
125
125
125
125
126
126
125
126
126
126
126
125
126
125
125
126
126
125
126
125
126
125
126
125
125
125
126
125
125
126
125
125
126
126
125
125
125
126
125
125
126
126
126
126
126
125
125
126
126
125
126
126
125
126
126
125
125
126
126
126
126
126
126
126
126
126
125
126
126
125
125
125
126
125
125
125
125
126
125
126
125
125
126
125
125
125
126
125
125
125
125
125
125
126
125
126
126
125
126
126
125
126
126
126
126
126
125
125
125
125
125
125
125
126
125
126
125
126
125
126
125
126
125
126
125
126
126
125
125
125
125
125
125
125
125
125
125
125
125
125
125
125
125
125
125
125
125
125
125
125
125
125
125
125
125
126
125
125
125
125
125
125
125
125
125
125
125
125
125
125
125
125
125
125
125
125
125
125
125
125
125
125
125
125
125
125
125
125
125
125
125
125
125
125
125
125
125
125
125
125
125
125
125
125
125
125
125
125
125
125
125
125
125
125
125
125
125
125
125
125
125
125
125
125
125
125
125
125
125
125
125
125
125
125
125
125
125
125
125
125
125
125
125
125
125
125
126
125
125
125
125
126
125
125
125
125
125
126
125
125
125
125
125
125
125
126
125
125
125
125
125
125
125
125
125
125
125
125
126
125
125
125
125
125
125
125
125
125
126
125
125
125
125
125
125
125
125
125
125
125
125
125
125
125
125
125
125
125
125
125
125
125
125
125
125
125
125
125
125
125
125
126
125
125
126
126
126
125
125
125
125
125
125
125
125
125
125
125
125
125
125
125
125
125
125
125
125
125
126
125
125
125
125
125
125
125
125
125
125
125
125
125
125
125
125
125
125
125
125
125
125
125
125
125
125
125
125
125
125
125
125
125
125
125
125
125
125
125
125
125
125
125
125
125
125
125
125
125
125
125
125
125
125
125
125
125
125
125
126
125
125
125
125
125
125
125
125
125
125
125
125
125
126
125
125
125
125
125
125
125
125
125
125
125
125
125
125
125
125
125
125
125
125
125
125
125
125
125
125
125
125
125
125
125
125
125
125
125
125
125
125
125
125
125
125
125
125
125
126
126
125
125
125
125
125
125
125
125
125
125
125
125
125
125
125
125
125
125
125
125
125
125
125
125
125
125
125
125
125
125
125
125
125
125
125
125
125
125
125
125
125
125
125
125
125
125
125
125
125
125
125
125
125
125
125
125
125
125
125
125
125
125
125
125
125
125
125
125
125
125
125
125
125
125
125
125
125
125
125
125
125
125
125
125
125
125
125
125
125
125
125
125
125
125
125
125
125
125
125
125
125
125
125
125
125
125
125
125
125
125
125
125
125
125
125
125
125
125
125
125
125
125
125
125
125
126
125
125
125
125
125
125
125
125
125
126
125
125
125
125
125
125
125
125
125
125
125
125
125
125
125
125
125
125
125
125
125
125
125
125
125
125
125
125
125
125
125
125
125
125
125
125
125
125
125
125
125
125
125
125
125
125
125
126
124
125
125
125
125
126
126
125
126
126
125
125
125
125
125
125
125
125
125
123
125
125
126
127
126
126
126
126
126
126
126
126
126
126
126
126
125
125
125
126
126
125
126
126
126
126
126
126
125
126
125
126
125
126
126
126
126
126
126
126
125
126
126
126
126
126
124
124
125
126
126
126
126
126
126
126
126
126
126
126
125
125
125
125
125
125
125
126
126
126
125
125
125
125
125
126
126
125
125
125
126
126
125
126
126
125
125
126
125
126
126
126
126
125
125
125
125
126
125
125
125
125
126
125
125
126
126
125
125
125
125
125
126
126
125
125
125
126
126
126
125
125
125
125
126
126
126
125
125
125
126
126
125
125
126
126
125
125
126
126
126
125
125
125
125
125
125
126
126
126
125
125
126
125
126
126
126
125
125
126
126
126
125
126
126
125
125
125
125
126
126
125
126
126
126
125
126
126
126
125
125
126
126
125
126
126
125
125
126
126
125
125
126
126
126
125
127
127
126
125
126
125
124
125
125
125
125
125
126
125
125
126
126
126
125
126
126
126
125
128
126
125
125
125
125
125
124
125
126
125
125
125
125
124
125
126
125
125
125
125
126
126
127
126
125
125
125
126
125
125
125
125
125
126
126
125
124
124
126
126
125
125
125
126
125
125
126
126
125
125
125
125
125
125
125
126
125
125
126
126
125
125
125
125
125
125
126
126
125
124
125
125
126
126
126
125
125
124
126
126
125
125
126
126
126
125
125
125
125
125
125
126
125
125
125
125
126
125
125
125
125
125
125
126
126
125
125
125
126
125
125
125
126
126
125
126
126
126
125
124
126
126
124
123
127
122
121
122
125
128
132
133
133
129
123
120
125
129
126
121
117
118
120
120
117
118
122
125
129
135
135
129
134
144
135
118
117
124
126
129
133
125
116
116
122
125
122
120
119
122
128
130
127
125
125
125
126
131
133
130
125
125
127
127
126
126
125
123
122
124
126
127
122
123
121
123
124
126
126
125
126
126
126
127
127
126
125
125
126
128
128
127
125
124
125
126
126
126
125
125
124
125
125
125
125
125
124
124
125
125
124
124
125
125
126
126
126
125
124
124
125
125
126
125
125
126
126
125
125
125
127
127
125
125
125
125
125
124
125
125
125
125
125
125
126
126
125
125
125
126
125
125
125
126
125
125
124
125
125
125
125
125
125
124
125
125
125
124
124
125
127
128
126
124
125
127
127
126
126
126
126
127
126
125
125
125
126
125
125
125
124
124
123
122
122
124
125
125
125
125
125
126
126
126
127
127
126
126
126
127
127
125
125
126
126
125
125
125
125
125
125
125
130
126
125
125
124
122
123
124
124
125
125
125
125
125
126
127
126
126
126
126
126
127
126
125
125
126
125
125
124
125
125
125
124
124
125
125
125
125
126
126
125
125
126
127
126
126
126
127
126
122
115
116
130
141
133
115
112
128
142
141
135
135
120
91
96
131
140
112
105
140
156
129
106
115
131
133
128
129
131
118
107
126
149
144
123
115
129
145
130
98
103
137
135
109
108
129
140
131
120
121
126
127
125
124
125
127
126
123
123
127
132
134
128
118
117
125
128
125
123
123
123
124
128
131
130
127
123
120
122
125
126
126
125
125
126
126
126
126
123
123
126
128
127
123
124
127
127
130
96
107
129
129
129
127
120
121
132
139
132
124
123
131
139
127
102
101
134
112
104
118
121
134
147
150
128
104
133
161
138
109
114
123
118
116
118
119
126
141
152
143
125
121
126
125
124
123
124
127
125
131
142
137
121
114
117
113
111
122
143
155
151
127
96
98
125
129
120
119
129
128
131
133
127
122
133
136
123
119
130
134
125
116
120
127
126
126
129
127
118
118
130
134
131
124
118
118
135
146
126
94
102
149
161
110
83
115
143
146
138
137
140
129
113
105
97
97
104
119
161
203
165
73
49
115
184
171
99
76
134
164
132
113
119
112
110
129
138
122
112
127
151
159
144
109
75
85
148
181
133
84
108
149
142
116
112
121
129
130
123
123
136
139
128
116
114
121
125
123
122
125
130
131
128
126
124
121
123
126
127
126
125
126
128
123
124
130
130
123
120
124
97
126
126
126
126
125
125
125
126
126
126
126
126
126
126
126
126
126
125
125
126
126
126
126
125
126
126
126
126
126
126
126
125
126
126
126
126
126
126
125
125
125
126
125
126
126
126
126
126
125
125
126
125
126
126
125
125
126
126
125
126
125
125
125
125
125
125
125
125
125
125
125
125
125
125
125
126
126
125
126
125
125
125
125
125
126
125
126
125
126
125
126
125
126
125
125
125
125
125
126
125
125
126
126
126
126
126
125
125
125
125
126
125
125
125
125
125
125
125
125
125
125
125
126
125
125
125
125
125
125
125
125
125
125
125
125
125
125
125
125
125
125
125
125
125
125
125
125
125
125
125
125
125
125
125
125
125
125
125
125
125
125
125
125
125
125
125
125
125
125
125
125
125
125
125
125
125
125
125
125
125
125
125
125
125
125
125
125
125
125
125
125
125
125
125
125
125
125
125
125
125
125
125
125
125
125
126
125
125
125
125
125
125
125
125
125
125
125
125
125
125
125
125
125
125
125
125
125
125
125
125
125
125
125
125
125
125
125
125
125
125
125
125
125
125
125
125
125
125
125
125
125
125
125
125
125
125
125
125
125
125
125
125
125
125
125
125
125
125
125
125
125
125
125
125
125
125
125
125
125
125
126
125
125
125
125
126
126
125
125
125
125
125
125
125
125
125
125
126
126
125
125
125
126
125
125
125
125
125
125
125
125
125
125
125
125
126
126
126
126
126
126
126
126
125
125
125
126
126
125
126
126
126
126
126
126
126
125
126
125
126
125
125
126
125
125
125
126
124
125
126
126
126
126
125
