126
125
125
126
125
125
44
125
125
125
125
125
125
125
126
125
125
125
125
126
126
126
126
126
126
125
125
126
126
126
126
126
126
126
126
126
126
126
126
126
126
126
126
126
125
126
125
126
126
126
126
126
126
125
125
126
126
126
126
126
125
126
126
126
126
126
126
126
126
126
126
126
126
126
126
126
126
126
126
126
126
125
125
126
125
125
126
126
126
126
125
125
126
125
125
125
125
126
125
125
125
126
125
125
125
125
126
125
125
125
125
125
126
125
125
125
125
125
125
125
125
125
125
126
126
125
125
125
125
125
125
125
125
125
125
125
125
125
126
125
125
125
125
126
125
125
126
125
125
125
125
125
126
125
125
125
125
125
125
125
125
125
125
125
125
125
125
125
126
125
125
125
125
126
125
125
125
125
125
125
125
125
125
125
125
126
125
125
126
125
125
126
125
125
125
125
126
125
125
125
125
125
126
125
125
125
125
125
125
126
125
125
125
125
125
125
125
125
125
125
125
125
125
126
125
125
125
125
125
126
126
125
125
125
125
125
125
125
125
125
125
125
125
125
125
125
125
125
125
125
125
125
125
125
125
125
125
125
125
125
125
125
125
125
125
125
125
125
125
125
125
125
125
125
125
125
125
125
125
125
125
125
125
125
125
125
125
125
125
125
125
125
125
125
125
125
125
125
125
125
125
125
125
125
125
125
125
125
125
125
125
125
125
125
125
125
125
125
125
125
125
125
125
125
125
125
125
125
125
125
125
125
125
125
125
125
125
125
125
125
125
125
125
125
125
126
126
126
126
126
126
126
125
125
125
126
125
126
126
126
126
126
126
126
126
125
126
125
126
126
126
126
126
125
125
126
126
126
125
126
125
125
126
126
126
125
126
126
126
126
126
125
126
126
125
126
125
125
126
125
126
126
126
125
125
125
126
125
125
125
125
125
125
125
126
126
125
126
125
125
126
125
126
125
125
125
125
125
125
125
125
125
125
125
125
125
125
125
125
125
125
125
125
125
125
125
126
125
125
125
125
125
125
125
125
125
125
125
125
125
125
125
125
125
125
125
125
125
125
125
125
125
126
125
125
125
125
125
125
125
125
126
125
125
125
125
125
125
125
125
125
125
125
125
125
125
125
125
126
125
125
126
125
125
125
125
126
126
125
125
125
125
125
126
126
125
125
125
125
125
125
125
125
125
126
126
126
125
125
125
126
126
125
125
125
125
125
126
126
125
125
125
126
126
125
125
125
126
126
125
125
125
125
126
125
125
125
126
125
126
125
125
125
125
125
125
125
125
125
125
125
125
125
125
125
125
125
125
125
125
125
125
126
123
125
125
125
125
125
125
125
126
126
128
128
127
126
124
122
121
121
122
128
132
134
134
131
123
112
114
133
148
129
103
113
135
130
109
113
135
142
141
144
126
81
79
142
186
156
105
115
131
95
68
163
218
106
26
120
204
127
73
149
199
118
45
101
170
144
98
128
167
135
103
123
134
104
81
118
187
179
77
40
164
229
91
32
143
203
140
62
79
130
181
183
132
68
72
138
168
124
106
126
134
140
130
113
115
118
113
127
162
166
115
67
97
157
148
105
128
158
102
80
150
167
119
116
137
128
117
117
118
112
115
133
144
130
113
118
138
144
128
112
113
124
130
127
122
122
132
139
131
120
119
125
127
124
122
124
127
128
126
125
124
120
120
124
130
130
127
125
126
123
119
123
131
132
127
125
128
127
123
125
131
132
127
121
120
122
126
124
119
118
123
128
129
130
130
129
127
126
126
124
122
122
124
127
127
124
122
126
129
130
129
126
123
122
125
128
129
128
125
122
123
125
126
124
122
123
126
128
128
126
123
122
125
128
130
129
127
125
123
123
122
124
124
123
124
126
128
126
124
123
124
126
128
127
128
129
128
125
122
123
125
125
125
123
122
124
127
126
124
125
126
126
127
128
126
125
125
126
125
124
124
124
125
127
128
126
123
123
126
126
125
125
124
124
126
127
126
124
125
127
125
124
124
126
128
129
126
122
123
128
130
125
120
118
123
129
132
126
121
124
128
127
124
123
123
124
127
129
127
126
124
122
124
127
125
122
123
126
128
127
124
123
124
126
127
126
125
124
126
127
126
124
124
126
126
125
125
125
124
123
125
126
126
126
127
125
124
125
127
126
124
125
125
125
126
126
126
125
124
125
127
127
126
125
124
124
126
127
126
123
123
125
126
125
124
125
125
125
125
125
126
126
126
125
125
125
127
123
124
126
126
126
127
126
125
125
125
126
126
126
125
124
124
125
127
127
126
125
125
126
126
126
126
126
122
124
125
127
127
128
127
126
125
126
126
127
126
125
125
126
125
126
125
126
125
125
126
126
126
126
126
126
127
126
125
125
126
127
126
125
125
126
125
124
123
125
126
126
127
127
127
126
126
126
125
126
126
125
125
125
125
125
126
126
126
125
125
126
125
125
125
126
126
126
125
125
126
126
126
126
126
126
126
125
126
125
124
125
125
126
125
125
125
126
126
126
125
125
126
126
126
125
125
126
126
126
126
125
125
126
125
125
125
126
125
125
125
125
125
126
126
125
125
126
126
126
126
125
126
125
125
125
125
126
126
126
126
126
126
126
126
126
126
125
126
126
125
126
126
125
125
125
125
125
125
125
125
125
125
125
125
125
125
126
126
125
125
125
126
126
125
125
126
126
126
126
125
125
126
125
126
126
125
126
125
126
126
126
126
125
125
126
130
126
125
125
124
124
125
125
125
125
125
125
125
126
125
125
126
125
126
125
125
126
126
125
125
125
125
125
125
125
125
125
125
126
126
130
126
125
125
125
124
125
124
124
125
125
125
125
125
125
125
125
125
125
126
125
125
126
125
125
125
125
125
125
125
125
125
125
126
125
125
126
125
126
126
125
126
135
120
125
125
125
126
126
126
125
125
125
125
125
125
125
125
126
126
126
125
125
126
125
125
125
126
126
126
125
126
126
126
125
125
126
126
126
126
126
126
126
126
126
125
126
126
126
126
126
126
125
126
126
126
125
125
125
125
126
126
126
125
125
126
126
126
126
120
125
125
126
127
127
127
127
126
127
126
126
125
125
125
126
125
126
126
126
126
126
125
125
125
125
125
125
125
126
125
126
126
126
126
125
125
125
125
126
125
125
125
125
125
125
125
125
125
125
126
126
125
125
126
125
126
126
125
125
125
125
125
126
126
126
126
125
125
125
126
125
125
125
125
125
126
126
125
125
126
126
125
125
125
126
126
126
125
126
125
126
126
125
126
126
125
125
125
126
127
126
124
125
126
126
125
125
126
126
125
126
126
126
125
124
125
126
127
126
125
125
126
126
127
126
124
125
126
126
125
125
125
126
125
126
126
125
125
126
126
126
125
125
126
126
126
125
130
126
125
125
126
122
124
125
125
124
126
125
124
125
126
126
125
125
126
126
127
126
126
126
125
125
126
127
126
125
124
124
127
127
126
124
124
126
127
125
125
124
124
125
125
126
126
126
123
125
126
127
125
124
126
127
126
125
124
125
127
126
126
126
126
126
125
124
125
126
126
125
125
126
126
126
126
124
124
125
126
126
125
125
126
126
125
126
126
127
125
123
125
126
126
125
123
124
126
127
126
125
124
126
125
124
125
124
126
126
125
125
125
126
126
125
125
126
126
125
125
125
126
126
125
125
125
126
125
124
124
124
124
126
127
125
124
122
122
125
126
125
126
126
127
125
125
126
127
127
125
123
125
127
127
125
125
125
126
126
125
125
124
125
126
125
126
125
125
125
125
126
126
125
124
126
125
125
124
125
126
125
124
125
125
125
123
124
125
125
126
127
127
127
125
124
126
126
125
43
126
126
125
126
126
126
126
126
126
125
126
125
126
126
126
126
125
126
125
126
126
126
126
126
126
126
126
126
126
126
125
125
125
125
125
125
125
125
125
125
125
126
125
126
125
126
126
126
125
126
125
125
125
125
125
126
126
126
125
125
125
125
125
125
125
126
125
125
125
125
125
125
125
125
125
125
125
125
125
125
125
125
125
125
125
125
125
125
125
125
125
125
125
125
125
125
125
125
125
125
125
125
125
125
125
125
125
125
125
125
125
125
125
125
125
125
125
125
125
125
125
125
125
125
125
125
125
125
125
125
125
125
125
125
125
125
125
125
125
125
125
125
125
125
125
125
125
125
125
125
125
125
125
125
125
125
125
125
125
125
125
125
125
125
125
125
125
125
125
125
125
125
125
125
125
125
126
124
126
126
125
126
126
126
126
126
126
126
126
126
126
126
126
126
126
126
126
126
126
126
125
126
125
126
126
126
126
126
125
125
125
125
125
125
125
125
126
126
126
126
126
126
126
126
126
126
126
126
126
126
126
126
126
126
126
126
125
126
126
126
126
126
126
126
125
126
126
126
126
126
126
126
126
126
126
126
125
125
125
126
126
125
125
126
126
126
125
126
125
125
126
126
126
126
126
126
126
125
126
126
126
126
125
125
125
126
125
125
125
125
125
126
126
126
125
126
126
126
125
126
125
126
126
126
125
126
126
125
126
126
126
125
125
126
126
126
125
125
126
126
125
125
126
126
125
126
125
126
126
126
125
126
126
126
126
126
125
125
125
125
126
126
126
125
126
126
126
125
126
126
125
126
126
125
