126
127
127
126
127
127
73
125
125
125
125
125
125
125
125
125
125
125
125
125
125
125
125
125
125
125
125
125
125
125
125
125
125
125
125
125
126
125
125
125
125
126
125
125
125
125
125
125
125
125
125
125
125
125
125
125
125
125
125
125
125
125
126
125
125
125
125
125
125
125
125
125
125
125
125
125
125
125
125
125
125
125
125
125
125
125
125
125
125
125
125
125
125
125
125
125
125
125
125
125
125
125
125
125
125
125
125
125
125
125
125
125
125
125
125
125
125
125
125
125
125
125
125
125
125
125
125
125
125
125
125
125
125
125
125
125
125
125
125
125
125
125
125
125
125
125
125
125
125
125
125
125
125
125
125
125
125
125
125
125
125
125
125
125
125
125
125
125
125
125
126
125
125
125
125
125
125
125
125
125
125
125
125
125
125
125
125
125
125
125
126
125
125
125
125
125
125
125
125
125
125
125
125
125
125
125
125
125
125
125
125
125
125
125
125
126
125
125
125
125
125
125
125
125
125
125
125
125
125
125
125
125
125
125
125
125
125
125
125
125
125
125
125
125
125
125
125
125
125
125
125
125
125
125
125
125
125
125
125
125
125
125
125
125
125
125
125
125
125
125
125
125
125
125
125
125
125
126
126
125
125
125
125
125
125
125
125
125
125
125
125
125
125
125
125
125
125
125
125
125
125
125
125
125
125
125
125
125
125
125
125
125
125
125
125
125
125
125
125
125
125
125
125
125
125
125
125
125
125
125
125
125
125
125
125
125
125
125
125
125
125
125
125
125
125
125
125
125
125
125
125
125
125
125
125
125
125
125
125
125
125
125
125
125
125
125
125
125
125
125
125
125
125
125
125
125
125
125
125
125
125
125
125
125
125
125
125
125
125
125
125
125
125
125
125
125
125
125
125
125
125
125
125
125
125
125
125
125
125
125
125
125
125
125
125
125
125
125
125
125
125
125
125
125
125
125
125
125
125
125
125
125
125
125
125
125
125
125
125
125
125
125
125
125
125
125
125
125
125
125
125
125
125
125
125
125
125
125
125
125
125
125
125
125
125
125
125
125
125
125
125
125
125
125
125
125
125
125
125
125
125
125
125
125
125
125
125
125
125
125
125
125
125
125
125
125
125
126
125
125
125
125
126
125
125
125
125
125
125
125
125
125
125
125
125
125
125
125
125
125
125
125
125
125
125
125
125
125
125
125
125
125
125
125
125
125
125
125
125
125
125
125
125
125
125
125
125
125
125
125
125
125
125
125
125
125
125
125
125
125
125
125
125
125
125
125
125
125
125
125
125
125
125
125
125
125
125
125
125
125
125
125
125
125
125
125
125
125
125
125
125
125
125
125
125
125
124
125
125
125
125
125
125
125
125
126
126
125
125
125
126
126
125
125
125
126
126
125
124
124
124
124
125
124
125
125
125
126
127
127
126
124
124
125
126
125
123
123
125
126
126
125
124
124
126
127
126
124
124
125
124
126
127
128
127
124
122
124
127
126
124
122
123
126
129
126
122
121
126
131
129
124
121
122
126
128
127
125
123
123
125
126
126
126
125
125
125
125
125
125
124
124
126
127
127
125
125
125
125
125
124
123
124
127
132
134
125
110
107
121
139
143
133
116
116
126
129
125
119
113
123
138
142
139
119
95
109
140
141
126
126
133
126
113
115
129
130
118
118
135
138
120
110
127
143
137
117
107
116
137
143
125
107
110
126
137
135
125
119
124
133
132
126
121
121
122
124
124
124
126
130
129
125
124
125
125
123
121
122
128
131
119
112
155
161
92
57
121
200
211
117
39
9
255
255
23
62
138
255
137
8
134
255
105
191
112
255
236
104
20
225
185
63
87
158
158
104
63
113
203
173
60
79
154
138
94
106
137
147
130
116
129
139
108
91
126
152
135
113
114
128
135
128
112
110
125
139
144
138
121
107
112
127
131
122
117
124
135
132
110
101
142
199
165
44
32
145
207
164
84
67
135
195
143
68
88
151
168
138
102
89
112
135
142
131
127
142
130
92
97
158
174
106
83
128
145
124
125
145
140
110
85
95
145
184
162
105
83
107
131
134
123
117
123
134
142
139
122
111
123
132
114
104
132
151
124
100
119
156
162
126
91
97
133
153
135
112
115
127
128
117
113
120
129
130
128
129
128
126
128
133
130
118
114
122
126
123
130
140
133
115
111
124
136
137
127
115
114
125
132
128
126
132
128
110
103
118
137
141
137
127
115
110
119
133
139
134
128
123
123
126
125
115
111
120
135
136
127
120
124
131
129
124
121
123
126
126
127
126
122
119
123
127
126
124
125
127
126
124
126
130
129
122
118
123
129
126
120
120
125
131
133
128
123
122
125
126
124
122
121
123
128
129
126
125
123
121
124
131
131
122
117
123
126
124
127
128
123
123
128
126
123
129
133
127
122
120
121
124
128
126
122
122
125
127
126
125
124
124
127
128
126
124
124
125
125
125
123
124
125
124
122
124
126
126
127
129
128
125
123
124
124
125
125
124
122
122
124
126
126
128
129
126
125
126
127
125
123
123
123
123
123
125
126
128
127
126
126
125
123
125
127
126
123
122
125
126
125
124
126
126
124
122
122
126
130
128
124
122
123
126
128
127
123
122
125
128
126
124
124
125
126
125
125
124
124
125
126
125
123
123
122
122
126
128
126
125
127
128
128
125
122
121
123
126
127
126
125
125
125
124
124
126
126
126
125
124
124
126
125
125
127
126
124
124
127
126
122
122
127
127
122
123
128
127
122
121
125
126
123
124
127
126
125
126
128
128
126
127
127
125
122
121
122
125
126
125
125
125
126
126
126
125
125
125
125
125
125
125
124
124
124
125
126
126
126
124
124
126
127
125
123
124
125
126
126
125
124
125
125
124
125
125
125
124
124
124
123
125
126
126
126
126
127
126
125
123
124
125
126
125
122
123
125
125
125
127
128
126
124
124
125
126
127
126
124
124
124
124
124
125
125
125
124
124
125
126
127
126
126
126
124
124
125
125
125
125
125
125
124
124
126
126
124
123
125
127
127
125
124
124
123
122
122
123
125
126
126
126
125
126
127
128
127
126
127
125
123
124
125
124
124
124
126
127
127
126
125
125
125
124
124
124
124
125
125
124
122
123
126
127
126
125
125
125
126
126
126
124
123
125
126
123
123
125
126
125
124
125
127
127
127
126
126
124
124
125
125
126
125
125
125
124
126
126
124
122
123
125
128
128
126
124
124
125
125
124
124
124
126
128
125
123
124
127
127
125
124
124
124
124
126
125
124
124
124
124
124
125
126
126
125
123
125
130
130
128
127
127
126
126
127
127
127
127
127
127
126
125
125
117
124
125
126
127
129
129
129
129
130
127
125
125
126
126
126
127
126
125
126
127
126
126
126
126
125
125
125
126
127
126
125
125
126
126
123
123
125
125
126
126
125
125
126
126
127
127
126
124
123
126
128
128
126
124
124
127
128
127
124
122
124
126
126
126
126
125
125
125
124
125
125
127
125
124
125
127
128
127
125
123
124
126
128
126
123
124
125
126
126
126
126
125
124
126
128
127
126
125
125
125
125
125
126
124
125
126
127
127
126
126
125
125
124
126
126
126
124
124
125
126
125
127
126
126
126
126
127
125
123
124
126
126
125
124
126
128
127
127
126
126
127
127
126
125
124
125
125
129
129
125
123
126
124
125
124
123
123
126
126
125
125
125
125
124
126
126
125
125
124
125
126
126
126
126
128
127
126
126
125
124
124
125
125
125
127
127
126
125
154
96
117
126
126
125
129
129
127
127
128
133
130
125
124
125
121
121
125
124
123
124
124
125
125
126
128
128
125
125
125
126
127
125
125
125
125
74
125
125
125
125
126
126
126
125
126
126
125
125
125
126
125
126
125
125
125
125
125
126
125
126
125
125
126
125
125
125
126
126
126
125
125
125
125
125
125
125
125
125
125
125
125
125
125
125
125
125
125
125
125
125
125
125
125
125
125
125
125
125
125
125
125
125
125
125
125
125
125
125
125
125
125
125
125
125
125
125
125
125
125
125
125
126
125
125
125
125
125
125
125
125
125
125
125
125
125
125
125
125
125
125
125
125
125
126
125
125
125
125
125
125
125
125
125
125
125
125
125
125
125
125
125
125
125
125
125
125
125
125
125
125
125
125
125
125
125
125
125
125
125
125
125
126
126
126
126
126
126
126
126
126
126
126
126
126
126
126
126
126
126
126
125
125
125
126
126
126
126
126
126
126
126
126
126
125
126
125
126
126
125
126
126
126
126
126
125
125
126
125
125
125
126
126
126
126
125
125
125
125
125
126
125
126
125
126
126
125
125
126
125
125
126
126
125
125
125
126
125
125
125
125
125
125
125
125
125
125
125
125
125
125
125
126
125
126
125
125
125
125
125
125
125
125
125
125
125
125
125
125
125
125
125
125
126
125
125
125
126
125
125
125
125
125
125
125
125
125
126
125
125
125
126
125
125
125
125
125
126
125
125
125
125
125
125
125
125
125
126
125
125
125
125
125
125
125
125
125
125
125
125
126
125
125
126
125
125
125
126
125
125
126
125
125
126
125
125
125
125
126
125
126
126
125
125
125
126
125
125
126
125
125
125
125
125
125
125
125
125
125
125
126
125
125
125
125
125
125
125
125
125
124
