126
126
122
128
127
127
98
125
125
125
125
125
125
125
125
125
125
126
126
125
126
126
126
126
126
126
125
125
126
126
126
125
126
126
126
125
125
125
125
126
126
126
126
126
126
126
126
126
126
125
126
126
126
126
126
126
126
126
126
126
126
126
126
126
126
126
126
126
126
126
125
126
126
125
126
126
126
126
126
126
126
126
126
125
126
126
125
126
126
126
126
126
126
125
126
126
126
126
125
126
125
126
126
126
125
126
126
126
125
126
125
125
126
125
126
125
125
126
125
126
125
125
125
125
126
125
125
125
125
125
126
125
126
126
126
126
125
125
125
126
125
125
126
125
126
125
126
126
126
126
126
126
125
126
126
125
125
125
126
126
126
126
126
126
125
125
126
126
125
126
125
125
125
126
125
125
125
125
125
126
125
126
125
126
126
125
125
126
126
126
126
125
126
126
125
126
126
126
126
126
126
126
126
125
125
125
125
126
126
126
126
126
125
125
125
126
126
126
126
125
126
125
126
125
126
125
126
125
126
126
126
126
126
126
125
125
125
125
125
125
125
125
125
125
125
125
125
125
125
125
125
125
125
125
125
126
126
125
126
126
125
125
125
125
125
125
125
125
125
125
125
125
125
125
125
125
125
125
125
125
125
125
125
125
125
125
125
125
125
125
125
125
125
125
125
125
126
125
125
125
125
125
125
125
125
125
125
125
125
125
125
125
125
125
125
125
125
125
125
125
125
125
125
125
125
125
125
125
125
125
125
125
125
125
125
125
125
125
125
125
125
125
125
125
125
125
125
125
125
125
125
125
125
125
125
125
125
125
125
125
125
125
125
125
125
125
125
125
125
125
125
126
125
125
125
125
125
125
125
125
125
125
125
125
125
125
125
125
125
125
125
125
125
125
125
125
125
125
125
125
125
125
125
125
125
125
125
125
125
125
125
125
125
125
125
125
125
125
125
125
125
125
125
125
125
125
125
125
125
125
125
125
125
125
125
125
125
125
125
125
125
125
125
125
125
125
125
125
125
125
125
125
125
125
124
125
125
125
125
126
126
126
126
126
125
126
126
126
125
126
125
125
125
125
126
126
126
126
125
124
126
126
126
126
126
126
126
126
125
126
126
126
126
126
126
126
126
126
126
126
125
126
125
126
126
126
125
126
126
126
126
125
126
126
126
126
126
126
126
125
126
124
125
125
126
125
126
126
126
126
125
125
125
125
125
125
126
126
125
125
125
125
125
125
125
125
125
125
125
125
125
125
125
125
126
125
125
126
125
125
125
125
125
125
125
125
125
125
126
125
125
125
125
126
125
125
125
125
126
125
126
125
125
125
125
125
126
126
126
125
125
125
126
126
126
125
125
126
126
125
125
125
126
126
125
126
125
126
125
126
126
126
125
126
126
125
125
126
125
125
126
125
126
126
125
125
126
126
126
126
126
126
125
126
125
126
126
126
125
126
126
126
126
126
126
126
126
126
126
126
125
125
126
126
126
126
126
126
126
126
125
126
126
125
125
126
125
125
125
126
126
127
126
125
125
125
125
125
125
125
125
125
125
125
125
125
125
125
125
125
126
126
125
125
125
126
125
125
125
126
126
125
125
125
125
125
125
125
125
125
125
125
125
125
125
125
125
125
125
125
125
126
125
125
126
125
125
125
125
125
125
125
125
125
125
125
125
126
125
125
125
125
125
125
125
125
125
125
125
125
125
125
125
125
125
125
125
125
125
125
125
125
125
125
125
126
126
125
125
125
125
126
125
125
125
125
125
126
126
125
125
125
125
125
125
125
125
125
125
126
126
125
125
125
126
125
125
125
125
125
125
125
125
125
125
125
126
126
126
125
125
125
125
125
126
125
125
125
125
126
124
125
126
125
126
126
126
126
126
126
125
125
125
125
125
126
126
126
125
125
125
125
124
125
126
126
127
127
126
126
126
126
126
125
125
125
125
125
126
126
126
126
126
126
126
126
126
125
125
126
126
126
125
125
126
126
126
126
126
125
126
126
126
126
125
126
125
124
125
126
125
126
126
126
126
126
126
125
125
126
126
125
126
125
125
126
126
125
125
125
126
126
125
125
125
125
126
126
126
126
125
125
126
126
126
125
125
126
126
126
126
126
126
126
126
126
126
125
125
125
125
125
125
125
125
126
126
126
126
126
125
126
126
126
126
125
125
125
125
125
126
126
125
125
126
126
126
125
125
125
125
125
125
125
125
125
126
126
126
125
126
126
126
126
125
125
125
126
125
125
126
126
126
126
126
126
126
125
126
126
125
125
126
126
125
126
125
125
126
125
126
125
125
125
125
125
125
125
126
125
126
126
126
126
126
126
125
125
125
126
126
125
125
126
126
126
128
127
125
125
125
125
124
124
125
125
125
125
125
125
125
126
126
125
125
125
126
126
125
125
126
126
128
125
125
125
125
124
125
125
125
125
125
125
125
125
125
125
125
125
126
126
125
125
126
126
125
125
125
125
125
125
125
125
125
125
125
126
126
125
125
125
125
125
125
125
126
125
125
125
126
126
125
125
125
126
126
126
125
125
125
125
125
125
125
125
125
125
125
126
126
126
125
125
126
125
124
125
125
123
123
124
124
124
127
131
135
138
134
124
121
129
131
110
92
106
126
128
121
121
120
120
136
159
157
124
106
122
138
130
120
124
128
126
124
122
119
118
121
121
120
122
126
124
121
124
126
128
128
129
129
128
128
130
129
126
126
125
122
122
125
127
124
121
123
124
126
126
124
123
124
124
124
124
125
124
123
124
126
127
128
127
126
128
127
125
125
126
125
124
125
128
128
125
123
124
126
125
123
123
126
127
124
123
125
127
125
124
125
126
125
123
123
125
127
126
124
128
129
126
123
123
126
128
127
125
125
127
126
124
124
126
126
125
122
124
127
127
124
124
127
128
126
124
126
127
125
124
125
127
126
124
116
121
128
124
124
127
128
126
125
126
127
126
125
126
128
128
127
125
126
127
127
125
125
127
128
127
125
127
127
126
125
125
126
120
123
122
122
123
125
126
126
127
127
127
126
127
129
129
128
128
127
126
126
126
125
125
126
126
126
126
125
125
125
125
125
124
124
125
126
125
124
124
126
125
125
126
126
127
126
125
125
127
126
126
125
127
126
126
126
126
125
125
125
126
126
126
125
123
124
126
126
125
125
126
127
127
126
126
126
126
127
123
112
110
128
144
135
117
129
167
159
87
55
111
170
152
96
89
128
159
147
117
113
131
132
122
121
128
130
130
130
122
113
122
136
126
108
120
155
150
110
102
126
137
128
122
121
117
121
135
135
120
117
126
131
127
125
127
126
123
121
124
128
131
127
120
122
129
132
131
125
122
124
128
125
124
124
121
121
124
127
127
128
126
123
121
124
129
127
123
123
126
130
129
126
124
124
124
127
128
126
122
123
125
127
127
125
124
126
128
133
128
123
123
126
125
124
123
123
124
126
128
125
124
123
124
125
128
128
126
125
125
126
126
126
125
123
124
122
121
122
125
127
125
124
126
128
129
129
129
128
129
127
127
127
127
128
125
122
122
123
124
125
124
121
118
116
119
126
131
130
125
125
136
142
132
119
121
127
117
112
124
128
121
128
138
126
113
120
131
131
127
122
124
135
139
122
109
117
125
126
130
129
124
124
126
123
118
122
128
129
126
133
144
133
114
117
127
111
77
80
152
195
148
106
116
136
130
126
127
121
120
128
130
123
116
113
116
126
132
129
128
131
126
124
127
128
121
118
121
125
134
133
124
122
126
124
148
87
121
118
125
124
129
131
132
134
134
123
122
121
124
126
123
119
121
126
129
128
128
126
126
128
126
135
127
121
122
130
128
122
124
126
127
99
125
126
125
126
125
126
126
126
126
126
126
125
126
126
126
126
126
126
126
126
125
125
125
125
125
125
125
125
125
125
125
125
125
125
125
125
125
125
125
125
125
126
125
125
125
125
125
126
125
125
125
125
125
125
125
125
125
125
125
125
125
125
126
125
125
125
125
125
125
125
125
125
125
125
125
125
125
125
125
125
125
125
125
125
125
125
125
125
125
126
125
125
125
125
126
125
125
125
126
126
126
126
126
126
126
126
126
126
126
126
126
126
126
126
126
126
126
126
126
125
126
126
126
126
126
125
126
125
126
126
126
125
125
126
126
126
126
126
126
126
126
126
126
126
126
126
126
126
126
126
126
126
126
126
126
125
126
126
126
126
126
125
126
126
126
126
126
126
126
126
126
126
125
125
126
125
126
125
126
126
126
125
126
126
126
126
126
126
126
126
125
125
126
126
126
126
126
126
126
126
126
126
125
126
126
126
126
126
126
126
126
126
126
126
126
126
126
126
125
126
126
126
126
126
126
126
126
126
126
126
126
125
125
126
126
126
126
126
125
126
126
126
126
126
126
126
126
126
125
126
126
125
126
126
126
126
125
126
126
126
126
126
126
126
126
126
125
126
126
126
126
126
126
126
126
126
126
125
126
126
126
125
125
126
126
126
125
126
126
126
126
126
126
126
126
125
126
126
126
125
126
126
126
126
126
126
126
126
126
126
126
126
125
126
125
125
125
125
125
125
125
125
125
125
125
125
125
125
126
126
125
126
125
125
125
125
126
125
125
125
125
126
125
125
126
125
125
125
125
126
125
125
125
124
