127
132
131
128
126
126
83
126
126
126
126
126
126
126
126
126
126
125
125
126
126
126
126
126
126
126
126
126
125
125
126
125
125
126
126
126
125
125
125
126
125
126
126
125
126
125
126
126
126
125
125
125
126
126
126
126
125
125
126
126
126
126
125
126
126
125
126
126
126
125
125
126
126
126
126
126
125
126
125
126
126
126
126
125
126
126
125
126
125
125
126
126
126
126
126
125
125
126
126
126
126
126
126
125
126
125
126
125
126
125
126
126
126
125
126
126
125
125
125
126
126
125
125
125
126
125
126
126
126
126
126
125
126
126
126
126
126
126
125
126
125
126
125
126
125
126
126
126
126
125
125
126
125
126
125
125
125
125
125
125
126
126
126
126
126
126
126
126
126
126
125
125
125
125
126
125
125
126
125
125
125
125
125
126
126
125
125
126
125
126
125
125
125
125
125
126
126
125
125
126
126
125
125
125
125
125
125
125
125
125
125
125
125
125
125
125
125
125
125
125
125
125
125
125
125
125
125
125
125
125
125
125
125
125
125
125
125
125
125
125
125
125
125
125
125
125
125
125
125
125
125
125
125
125
125
125
125
125
125
125
125
125
125
125
125
125
125
125
125
125
125
125
125
125
125
125
125
125
125
125
125
125
125
126
126
125
126
126
126
125
125
126
126
126
126
126
125
126
126
126
126
126
126
126
126
126
125
126
126
125
126
126
126
126
126
126
126
126
125
126
125
126
126
126
126
125
125
125
125
125
125
125
126
125
125
126
125
125
126
126
126
126
125
125
126
125
125
125
126
125
126
125
126
125
125
126
125
125
125
125
125
125
125
125
125
125
125
125
125
125
125
125
125
125
125
125
125
125
125
125
125
125
125
126
125
126
125
125
125
125
125
125
125
125
125
125
125
125
125
125
125
125
125
125
125
125
125
125
125
126
125
125
126
125
125
125
125
125
125
125
125
125
125
126
125
125
125
125
126
125
125
125
125
125
125
125
125
125
125
126
125
125
125
125
125
125
125
125
125
125
125
125
125
125
126
125
125
125
125
125
125
125
125
125
125
125
125
125
125
125
125
125
125
125
125
125
125
125
125
125
125
125
125
125
125
125
125
126
125
125
125
125
125
125
125
126
126
125
125
125
125
125
125
125
125
125
125
125
125
125
125
125
125
125
125
125
125
125
125
125
126
125
125
125
125
125
125
125
125
125
125
125
125
125
125
125
125
125
125
125
125
125
125
125
125
125
125
125
125
125
125
125
125
125
125
125
125
125
125
125
125
125
125
125
125
125
125
125
125
125
126
124
125
125
125
125
126
126
125
126
126
125
125
125
125
125
125
126
125
126
126
126
126
125
125
125
125
125
125
125
125
125
126
127
127
126
126
126
126
127
126
125
126
126
125
125
126
125
125
125
126
126
126
123
122
125
129
129
125
124
126
128
127
125
124
123
124
127
127
128
126
125
126
126
126
126
124
125
126
125
125
126
126
125
125
126
126
125
126
126
126
125
124
125
125
125
126
126
127
127
127
126
125
125
126
126
126
125
125
125
125
126
126
125
125
125
126
127
126
125
125
125
126
126
126
125
125
125
126
126
125
125
125
126
126
126
125
125
125
126
126
125
125
125
126
126
126
126
125
126
126
126
126
126
126
126
126
126
125
126
126
125
125
125
125
125
125
126
126
126
125
126
126
126
126
126
125
125
126
126
125
125
125
126
126
126
126
126
126
126
126
126
126
125
126
125
126
125
125
125
125
126
126
125
125
126
126
126
125
126
126
125
125
126
126
125
126
126
127
126
126
126
125
125
126
126
125
126
125
126
125
125
125
125
126
126
126
126
125
125
126
126
125
125
125
125
125
125
125
125
126
126
125
125
125
126
126
124
125
125
126
126
126
126
125
126
126
126
126
126
126
126
126
126
127
126
126
126
126
125
125
126
126
125
126
126
126
125
125
126
126
125
126
126
126
125
126
126
126
126
126
126
126
126
126
126
125
125
126
125
125
125
126
126
125
125
125
126
126
126
125
125
126
126
123
125
125
125
126
127
127
126
126
126
126
125
125
126
126
125
125
125
126
125
125
126
125
125
125
125
125
125
125
125
126
126
126
125
125
126
126
126
125
125
125
125
126
126
125
125
125
126
126
125
125
125
125
125
126
125
125
125
126
126
126
126
125
125
126
126
126
125
125
126
126
126
125
125
125
125
126
125
125
125
125
125
125
126
125
125
125
126
126
126
126
126
125
126
125
126
125
126
125
125
125
125
125
125
125
126
125
125
125
125
125
125
125
126
126
125
125
125
125
125
125
125
125
125
125
126
125
125
126
126
125
126
125
125
125
126
125
126
126
126
126
126
125
125
125
125
125
125
125
126
128
126
125
125
125
124
125
125
125
125
125
125
125
126
125
125
125
125
125
126
125
125
125
126
125
126
126
125
125
125
125
125
126
127
126
124
125
126
126
124
125
126
125
124
125
127
126
124
123
125
127
127
126
123
123
126
127
125
124
126
126
124
124
125
125
124
127
128
125
122
123
126
128
126
122
124
127
128
124
124
128
126
122
123
127
126
125
127
124
121
127
129
123
124
128
126
123
124
123
124
130
131
124
120
124
127
125
124
124
127
126
125
114
130
123
122
126
129
126
124
127
128
129
128
126
124
123
124
124
125
126
127
128
125
118
125
128
129
129
125
128
130
122
119
125
129
124
123
128
130
128
129
130
129
126
123
121
123
124
122
121
123
128
130
131
133
133
131
128
125
122
121
119
118
118
118
118
121
124
131
139
143
141
140
139
133
124
115
111
110
108
106
109
118
127
133
137
142
147
145
140
134
128
122
116
111
109
108
112
117
122
126
131
133
134
135
135
135
134
131
127
122
119
119
120
121
123
125
125
126
126
126
124
122
122
123
127
130
132
134
131
125
125
125
119
117
124
126
121
123
124
119
129
143
135
124
129
125
114
128
137
120
120
131
115
107
136
142
119
132
147
106
96
152
155
99
110
147
100
86
166
173
89
110
168
103
66
163
188
92
93
178
133
54
115
185
128
91
147
150
82
93
170
162
96
112
154
121
85
126
156
122
114
153
144
94
97
145
150
120
115
134
124
104
124
148
139
125
132
130
109
98
125
153
144
110
102
121
129
122
129
136
129
123
124
117
111
125
147
143
127
124
122
114
125
130
125
121
133
134
115
99
110
136
150
152
150
129
92
87
119
136
131
129
123
111
116
136
146
140
121
103
113
141
151
128
109
113
125
127
118
113
128
145
139
121
116
124
134
133
124
117
114
121
133
136
126
118
121
131
134
122
113
122
134
133
120
117
126
133
132
124
118
122
127
126
127
130
123
112
114
129
136
132
130
129
124
122
125
126
136
84
128
124
131
130
131
129
129
127
125
122
119
122
130
133
128
124
123
128
125
126
129
131
127
92
86
133
130
138
137
132
126
124
127
129
130
131
130
127
122
125
131
134
129
124
124
125
124
125
125
125
125
127
127
125
124
127
132
132
131
124
117
117
124
133
135
125
118
121
122
127
133
133
126
122
131
137
129
117
117
123
125
129
135
135
125
118
120
123
127
130
128
120
120
130
134
127
119
121
128
131
130
126
118
113
117
125
133
136
130
119
116
126
132
129
126
128
127
122
121
127
129
125
122
124
126
127
124
125
125
124
124
129
132
126
118
118
122
130
133
132
127
120
120
123
128
129
126
124
123
125
125
125
125
122
124
127
130
132
129
123
121
126
129
129
127
124
122
121
125
128
129
126
121
122
129
130
128
125
124
123
123
123
124
125
128
131
127
126
124
121
122
124
123
126
131
132
126
122
125
127
126
125
122
123
128
132
132
128
125
125
82
125
125
125
125
125
125
125
125
125
125
125
125
125
125
125
125
125
125
125
125
125
125
125
125
125
125
125
125
125
125
125
125
125
125
125
125
125
125
125
125
125
125
125
125
125
125
125
125
125
125
125
125
125
125
125
125
125
125
125
125
125
125
125
125
125
125
125
125
125
125
125
125
125
125
125
125
125
125
125
125
125
125
125
125
125
125
125
125
125
125
125
125
125
125
125
125
125
125
125
125
125
125
125
125
125
125
125
125
125
125
125
125
125
125
125
125
125
125
125
125
125
125
125
125
125
125
125
125
125
125
125
125
125
125
125
125
125
125
125
125
125
125
125
125
125
125
125
125
125
125
125
125
125
125
125
125
125
125
125
125
125
125
125
125
125
125
125
125
125
125
125
125
125
125
125
125
125
125
125
125
125
125
125
125
125
125
125
125
125
125
125
125
125
125
125
125
125
125
125
125
125
125
125
125
125
125
125
125
125
125
125
125
125
126
125
125
126
125
125
125
125
125
125
125
126
125
125
125
125
125
125
125
125
125
126
125
125
125
125
125
125
125
125
125
125
125
125
125
126
125
125
125
126
125
125
125
125
126
125
125
125
125
125
125
125
126
125
125
125
125
125
125
125
126
125
125
125
126
125
125
125
125
125
125
125
125
125
125
125
125
125
125
125
125
125
125
125
125
125
125
125
125
125
125
125
125
125
125
125
125
125
125
125
125
125
125
125
125
125
125
125
125
125
125
125
125
125
125
125
125
125
125
125
125
125
125
125
125
125
125
125
125
125
125
125
125
125
125
125
125
125
125
125
122
