126
128
127
126
125
126
71
125
125
126
125
125
125
125
125
125
125
125
125
125
125
125
125
125
125
125
125
126
125
125
125
125
125
125
125
125
126
125
125
125
125
125
125
125
125
125
125
125
125
125
125
125
125
125
125
125
125
125
125
125
125
125
125
125
125
126
125
125
125
125
125
125
126
125
125
125
125
125
125
125
125
126
125
125
125
125
125
125
125
125
125
126
125
125
125
125
125
125
125
125
125
125
125
125
125
125
125
125
125
125
125
125
125
125
125
125
125
125
125
125
125
125
125
125
125
125
125
125
125
125
125
125
125
125
125
125
125
125
125
125
125
125
125
125
125
125
125
125
125
125
125
126
125
125
125
125
125
125
125
125
125
125
125
125
125
125
125
125
125
125
125
125
125
125
125
125
125
125
125
125
125
125
125
125
125
125
125
125
125
125
125
125
125
125
125
125
125
125
125
125
125
125
125
125
125
125
125
125
125
125
125
125
125
125
125
125
125
125
125
125
125
125
125
125
125
125
125
125
125
125
125
125
125
125
125
125
125
125
125
125
125
125
125
125
125
125
125
125
125
125
125
125
125
125
125
126
125
125
125
125
125
125
125
125
125
125
125
125
125
125
125
125
125
125
125
125
125
125
125
125
125
125
125
125
125
125
125
125
125
125
126
126
125
125
125
125
125
125
125
125
125
125
125
125
125
125
125
125
125
125
125
125
125
125
125
125
125
125
125
125
125
125
125
125
125
125
125
125
126
125
125
125
125
125
125
125
125
125
125
125
125
125
125
125
125
125
125
125
125
125
125
125
125
125
125
125
125
125
125
125
125
125
125
125
125
125
125
125
125
125
125
125
125
125
125
125
125
125
125
125
125
125
125
125
125
125
125
125
125
125
125
125
125
125
125
125
125
125
125
125
125
125
125
125
125
125
125
125
125
125
125
125
125
125
125
125
125
125
125
125
125
125
125
125
125
125
125
125
125
125
125
125
125
125
125
125
125
125
125
125
126
125
125
125
125
125
125
125
125
125
125
126
125
125
125
125
125
125
125
125
125
125
125
125
125
125
125
125
125
125
125
125
125
125
125
125
125
125
125
125
125
125
125
126
125
125
125
125
125
125
125
125
125
125
125
125
125
125
125
125
125
125
125
125
125
125
126
125
125
125
125
125
125
125
125
125
125
125
125
125
125
125
125
125
125
125
125
125
125
125
125
125
125
125
125
125
125
125
125
125
125
125
125
125
125
125
126
126
125
125
125
125
125
125
125
125
125
125
125
125
125
125
125
125
125
125
125
125
125
125
125
125
125
125
125
125
125
125
125
125
125
125
125
125
125
125
125
125
125
125
125
125
125
125
125
125
125
125
125
125
125
125
125
125
125
125
126
125
125
125
125
125
126
125
125
124
124
125
125
126
125
126
126
126
125
125
125
125
125
126
127
124
125
125
126
126
126
126
126
125
125
126
126
126
126
126
126
126
126
126
126
126
125
126
126
125
125
126
126
126
125
125
126
126
126
125
126
127
126
126
126
125
126
126
127
126
125
125
126
126
126
126
125
126
126
126
126
125
126
126
126
126
125
126
126
126
126
125
125
126
126
125
126
126
126
126
125
124
124
126
128
126
124
124
126
128
128
125
121
122
127
130
127
124
124
123
125
129
130
125
120
122
129
130
125
123
123
123
124
127
129
126
123
123
125
128
129
127
124
124
124
126
126
125
125
125
125
125
127
128
127
125
123
124
126
127
126
124
123
125
127
128
127
126
125
125
125
125
125
125
126
127
127
127
126
124
124
125
126
128
127
120
118
123
128
129
132
133
126
118
119
129
132
121
118
130
134
122
122
136
134
115
105
118
137
136
124
119
124
133
137
134
123
113
115
124
128
129
129
127
127
128
127
124
121
122
123
126
130
132
129
125
120
115
112
114
131
170
197
147
38
1
115
241
197
66
42
141
193
138
77
118
195
159
37
46
174
201
123
83
124
159
132
99
112
137
133
130
152
136
71
74
161
173
101
100
167
145
71
102
175
140
71
113
174
142
97
108
142
165
152
99
56
86
154
169
122
124
209
225
95
59
42
129
255
255
80
60
70
233
217
113
50
55
120
169
160
136
117
97
115
159
152
104
80
100
144
170
154
109
84
110
141
141
120
104
112
131
139
135
136
129
110
105
120
134
139
139
132
115
111
130
138
121
111
121
133
131
130
123
118
127
132
128
123
127
122
104
106
140
160
134
101
103
127
143
148
139
117
103
115
133
140
129
110
108
131
141
126
118
127
131
134
137
121
100
110
142
151
124
92
97
140
167
144
108
111
135
131
111
113
124
128
132
128
125
131
124
113
118
129
135
134
133
129
122
117
121
125
119
123
136
126
105
119
149
139
106
112
139
138
124
123
124
121
119
126
134
127
113
118
132
127
124
135
134
126
123
120
117
127
139
127
107
110
133
141
128
119
117
126
137
134
125
118
124
129
121
115
123
125
120
127
139
138
128
121
116
118
128
135
129
116
116
131
135
125
118
116
116
127
145
141
117
105
123
138
131
124
126
122
119
126
133
124
116
128
138
130
122
119
124
131
128
118
119
126
127
126
128
128
122
118
121
127
129
126
126
127
123
122
123
128
134
135
129
120
120
128
129
120
116
120
120
125
136
139
126
115
115
123
129
132
129
123
121
128
133
135
131
101
116
123
130
128
125
131
135
128
119
120
122
124
128
129
130
131
129
127
128
125
118
115
121
125
128
134
134
129
128
126
118
118
133
134
117
111
124
135
133
124
119
122
133
141
137
124
111
112
123
131
129
127
130
132
128
116
111
124
140
138
122
116
126
132
127
118
120
126
134
135
125
115
113
123
136
137
123
116
122
129
133
134
133
127
117
115
123
130
129
122
115
119
134
143
130
112
112
128
134
130
126
125
126
127
128
121
113
117
131
135
128
124
128
128
121
118
127
137
132
117
114
124
130
126
125
129
130
124
124
130
130
121
118
121
125
130
134
130
123
118
119
123
129
135
132
124
121
120
121
127
131
129
126
123
124
127
128
123
120
128
134
125
113
115
130
141
135
119
112
122
137
139
124
108
110
131
144
132
114
116
129
135
130
126
124
122
123
128
126
117
116
130
142
135
122
116
122
129
134
126
114
114
128
135
130
121
126
126
130
128
124
123
128
133
124
122
122
120
122
129
127
122
123
130
131
126
127
125
117
118
128
133
128
124
124
125
123
125
128
129
125
118
123
132
133
124
121
124
126
126
127
129
122
118
122
128
133
131
122
113
117
129
133
133
124
120
123
126
125
125
126
124
124
130
132
127
124
125
127
126
125
124
122
122
125
126
126
128
128
128
123
121
126
132
128
117
114
127
136
130
125
126
123
120
124
131
128
124
126
128
123
120
122
127
129
126
122
124
129
130
128
121
116
118
127
132
128
125
127
126
122
122
126
127
125
129
134
128
114
114
125
133
136
132
126
115
111
120
132
133
130
127
127
125
120
119
125
133
130
123
120
122
126
132
132
124
118
120
126
129
126
123
126
129
127
123
122
129
133
128
117
113
122
131
131
128
129
126
123
122
124
124
125
128
130
127
122
120
125
131
129
122
120
122
125
128
130
127
122
122
126
128
128
126
125
123
123
126
127
129
129
124
120
119
123
125
127
128
127
129
130
126
121
119
124
130
127
121
120
123
130
134
128
120
118
127
136
133
122
117
121
129
129
126
125
124
123
123
124
130
131
124
120
123
127
130
128
122
121
126
129
125
124
126
125
122
123
128
130
124
118
121
128
129
128
134
122
123
125
124
124
127
126
118
119
124
129
130
124
119
124
129
126
122
126
128
129
125
121
121
126
130
127
125
127
70
125
126
125
125
125
125
125
126
125
126
126
126
125
126
125
125
125
125
126
126
125
126
125
125
125
126
125
125
125
125
126
125
125
125
125
125
126
126
125
126
125
125
125
125
125
126
126
125
125
126
125
125
126
125
125
126
126
126
125
125
125
126
125
125
125
126
126
125
125
125
125
125
126
125
125
125
126
125
125
125
125
126
126
126
126
126
125
125
125
125
125
125
125
126
126
126
126
125
125
125
125
125
125
125
125
125
125
125
126
125
125
125
125
125
126
125
125
125
125
125
125
125
125
125
125
125
125
125
125
125
125
125
125
125
125
125
125
125
125
125
125
125
126
125
125
125
125
125
125
125
125
125
125
125
125
125
125
125
125
125
125
125
125
125
125
125
125
125
125
125
125
125
125
125
125
125
125
125
125
125
125
125
125
125
125
125
125
125
125
125
125
125
125
125
125
125
125
125
125
125
125
125
125
125
125
125
125
125
125
125
125
125
125
125
125
125
125
125
125
125
125
125
125
125
125
125
125
125
125
124
125
126
126
126
126
126
126
126
126
125
126
126
125
125
126
126
126
125
126
126
125
125
126
125
126
126
126
126
126
126
125
126
126
126
125
125
125
125
125
125
125
125
125
125
126
125
126
125
125
125
125
126
126
125
125
126
125
126
126
125
126
125
126
125
126
125
126
125
125
126
125
125
125
125
126
126
125
125
126
125
126
125
126
125
125
125
125
126
126
125
125
125
125
125
125
125
125
125
125
126
125
126
126
125
126
126
126
126
126
125
125
126
125
126
126
126
125
126
126
126
125
125
125
127
