126
126
126
125
126
126
57
125
125
125
125
125
125
125
125
125
125
125
125
125
125
125
125
125
125
125
125
125
125
125
125
125
125
125
125
125
125
125
125
125
125
125
125
125
125
125
125
125
125
125
125
125
125
125
125
125
125
125
125
125
125
125
125
125
125
125
125
125
125
125
125
125
125
125
125
125
125
125
125
125
125
125
125
125
125
125
125
125
126
126
126
126
126
126
126
126
126
126
126
126
126
126
126
126
126
126
126
125
126
125
126
125
126
126
126
126
126
126
125
126
126
125
126
126
126
126
126
126
126
126
125
125
126
126
126
126
126
125
126
126
126
126
126
126
126
126
126
125
125
125
125
125
126
125
125
126
125
126
126
126
126
125
125
125
125
125
125
125
125
125
125
126
125
125
125
125
126
125
125
125
125
125
125
125
125
125
125
125
125
125
125
125
125
125
125
126
125
125
125
125
125
125
125
125
125
125
125
125
125
125
125
125
126
125
125
125
125
125
125
125
125
125
125
125
126
125
125
125
125
125
126
126
125
125
126
125
125
126
125
125
125
125
125
125
125
126
125
125
125
125
125
125
125
125
125
125
125
125
125
125
125
126
126
125
125
126
125
126
125
125
126
125
126
125
126
126
125
125
126
125
125
126
125
126
126
125
125
125
125
125
125
125
125
125
125
125
126
125
126
126
125
125
125
125
125
125
125
125
125
125
125
125
125
125
125
125
125
125
125
125
125
125
125
125
125
125
125
125
125
125
125
125
125
125
125
125
125
125
125
125
125
125
125
125
125
125
125
125
125
125
125
125
125
125
125
125
125
125
125
125
125
125
125
125
125
125
125
125
125
125
125
125
125
125
125
125
125
125
125
125
125
125
125
125
125
125
125
125
125
125
125
125
125
125
125
125
125
125
125
125
125
125
125
125
125
125
125
125
125
125
125
125
125
126
124
125
125
125
126
126
126
126
126
125
126
125
125
126
125
126
126
126
126
126
125
126
126
126
126
125
126
126
126
126
126
126
124
125
126
126
126
126
126
126
126
126
126
126
126
126
126
126
126
126
125
126
126
126
126
126
126
126
126
126
126
126
126
126
125
126
125
125
125
126
126
126
126
126
126
126
126
126
125
126
125
126
125
123
121
119
125
139
157
161
125
77
76
112
97
52
111
255
255
146
99
6
214
210
58
109
205
143
43
57
168
211
157
84
85
130
141
125
126
123
94
100
152
158
107
108
170
153
61
56
139
180
150
121
111
111
128
142
137
127
122
115
109
108
121
141
148
135
116
110
119
132
135
128
121
120
124
128
131
129
124
119
119
123
126
127
127
129
129
131
134
131
119
110
115
126
131
128
124
124
127
128
128
128
127
126
125
124
123
125
128
130
127
121
118
122
127
129
129
129
128
127
126
125
124
122
123
124
126
129
130
128
124
121
123
127
130
130
127
123
121
121
123
126
128
128
127
125
125
127
127
126
125
124
124
125
125
126
126
126
125
125
125
125
125
126
126
126
126
126
125
125
125
125
125
126
126
125
125
126
127
127
126
126
124
124
123
124
124
124
125
126
126
127
127
126
125
124
124
125
126
126
125
125
126
126
126
126
126
125
125
126
126
124
125
125
124
125
126
126
125
125
125
125
126
126
127
126
127
127
127
126
125
125
125
126
126
126
126
126
126
125
125
125
125
126
126
126
127
126
126
126
126
126
125
125
125
125
125
125
125
125
126
126
126
126
126
125
126
126
126
126
126
126
126
126
126
126
125
123
124
125
125
126
126
126
127
127
126
126
126
126
126
125
125
125
125
125
125
125
126
126
126
126
126
126
126
126
126
126
126
126
126
125
125
125
125
125
125
126
126
125
126
125
125
125
125
125
125
125
125
125
126
126
126
126
126
126
125
125
126
126
125
125
126
126
125
126
126
125
125
126
126
125
125
126
126
126
125
125
126
125
125
126
126
125
125
126
127
126
125
125
126
126
125
125
125
125
125
125
125
125
126
126
125
126
127
126
125
125
125
126
126
126
125
125
126
126
125
125
125
126
126
125
125
125
124
125
126
126
125
125
126
126
126
125
126
126
126
125
125
125
126
125
125
125
126
128
126
125
125
125
126
124
124
126
126
125
125
125
125
125
125
126
126
125
125
125
125
125
125
126
126
125
124
126
126
126
125
126
126
125
125
126
126
125
125
125
124
126
126
125
125
126
125
125
125
125
126
126
126
125
125
125
126
126
126
125
125
126
125
125
125
125
125
125
125
125
125
125
125
125
125
126
126
125
125
125
125
125
125
125
125
125
125
125
125
125
125
125
125
125
125
125
126
125
125
125
125
125
125
125
125
125
125
125
125
125
125
125
125
125
125
125
125
125
125
125
125
125
125
125
125
125
125
125
125
125
125
125
125
125
126
125
125
125
126
125
125
125
125
125
125
125
125
125
125
125
125
125
125
125
125
125
125
125
125
125
125
125
125
125
125
125
125
125
125
125
125
125
126
125
125
125
125
125
125
125
125
125
125
125
125
125
125
125
125
125
125
125
125
125
125
125
125
125
125
125
125
125
125
125
125
126
124
125
127
129
121
125
126
126
126
126
126
126
125
125
125
125
125
125
126
125
126
125
126
126
126
125
125
120
124
126
126
126
128
127
127
126
126
126
126
126
126
126
126
126
126
126
126
126
126
126
126
126
126
126
126
125
125
126
126
126
126
126
125
126
125
126
125
125
126
124
122
125
126
125
126
127
127
126
127
127
126
125
126
126
126
126
126
126
125
126
125
126
126
126
125
125
125
125
125
125
126
125
125
125
126
125
125
125
125
126
125
125
125
125
125
125
125
126
126
125
126
126
125
126
125
126
126
125
126
126
126
126
126
126
125
126
125
125
125
126
125
126
126
126
126
126
126
125
126
125
126
125
125
125
126
125
126
126
126
126
125
125
126
126
126
126
126
126
125
126
126
125
126
126
126
126
126
126
126
125
125
126
125
126
125
125
125
126
125
125
126
125
125
126
126
126
126
126
125
125
126
126
126
125
126
126
125
126
126
126
125
126
126
125
126
126
126
126
131
126
125
125
124
123
124
125
125
125
125
125
125
125
125
125
126
126
126
125
126
126
126
126
126
125
125
125
126
126
125
126
128
129
126
125
125
124
123
124
125
125
125
125
125
125
126
125
126
125
125
126
126
126
125
125
126
126
126
125
125
126
126
125
126
125
125
125
125
125
125
125
125
125
125
126
126
125
125
126
126
125
126
126
125
125
124
125
125
126
125
126
126
126
126
125
125
123
124
122
123
126
132
130
120
117
127
136
131
118
119
131
138
124
108
121
143
132
106
113
159
118
116
104
123
149
148
119
116
131
128
121
128
130
121
114
112
117
129
132
129
125
123
130
138
134
123
122
128
128
120
117
124
126
126
124
121
127
133
128
123
124
122
103
126
128
131
133
131
125
124
127
130
128
124
122
126
129
128
128
127
125
124
127
128
127
125
117
128
127
127
125
128
128
128
126
126
125
126
127
126
125
125
126
128
129
126
127
129
126
126
125
125
124
123
123
125
126
125
124
124
127
126
125
125
126
126
125
125
126
125
125
125
126
126
126
125
125
125
126
126
124
124
126
126
126
125
126
127
127
126
126
127
128
127
124
124
125
124
124
125
124
125
126
126
126
127
127
127
125
126
125
125
125
125
125
126
125
126
126
125
125
125
126
125
126
126
126
125
125
125
127
125
124
125
127
125
126
127
125
125
127
126
126
125
125
126
126
126
127
125
124
125
125
125
126
126
127
125
126
127
127
125
124
126
128
126
126
126
126
126
126
124
124
126
134
130
124
122
126
123
123
125
124
124
126
126
125
124
123
58
125
125
125
125
125
125
125
125
125
125
125
125
125
125
125
125
125
125
125
125
125
126
125
125
125
125
125
125
125
125
125
126
125
125
125
125
126
125
125
125
125
125
125
125
125
125
125
125
125
125
125
125
125
125
125
125
125
125
125
125
125
125
125
125
125
125
125
125
125
125
125
125
125
126
125
125
125
125
125
125
125
125
125
125
125
125
125
125
125
125
125
125
125
125
125
125
125
125
125
125
125
125
125
125
125
125
125
125
125
125
125
125
125
125
125
125
125
125
125
125
125
125
125
125
125
125
125
125
125
125
125
125
125
126
124
125
125
126
125
126
126
126
126
126
126
126
126
126
126
126
126
126
125
126
125
126
126
126
125
125
125
126
126
126
126
126
126
126
126
126
126
126
126
126
126
126
125
126
126
126
125
126
126
126
126
126
126
126
126
126
126
126
126
126
126
126
126
126
126
126
125
125
125
126
125
126
126
126
126
126
126
126
126
126
125
125
125
126
125
125
125
125
126
126
125
126
125
126
125
125
125
126
126
125
126
126
126
126
126
126
126
125
125
126
126
126
125
126
126
126
125
126
126
125
125
126
126
126
126
126
126
126
125
126
125
125
125
125
126
126
126
126
126
126
126
126
125
126
125
126
126
126
125
125
125
125
126
126
125
126
125
126
126
126
126
126
126
126
125
126
125
125
125
125
126
126
126
126
125
126
126
126
125
126
126
125
126
125
126
125
125
126
126
126
126
126
126
126
126
126
126
125
125
125
125
126
126
126
125
126
126
125
126
126
126
126
126
126
126
126
126
126
126
124
