127
123
121
125
133
133
69
126
126
125
125
126
126
126
126
125
125
126
126
125
125
126
125
125
126
126
125
126
126
125
126
126
125
125
125
126
126
126
126
125
125
125
126
125
126
126
126
126
125
126
126
125
126
125
125
126
125
126
126
126
126
125
125
125
125
125
125
125
125
125
125
125
125
125
126
125
125
125
125
125
126
125
125
125
125
125
125
125
125
126
125
126
126
125
125
125
125
125
125
125
125
125
125
125
125
125
125
125
125
125
125
125
125
125
125
125
126
125
125
125
125
125
125
125
125
125
125
125
125
125
125
125
125
125
125
125
125
125
125
125
125
125
125
125
125
125
125
125
125
125
125
125
125
125
125
125
125
125
125
125
125
125
125
125
125
125
125
125
125
125
126
125
125
125
126
125
125
125
126
126
125
125
125
125
125
125
125
125
126
125
126
125
125
125
125
125
125
125
125
125
125
125
125
125
125
125
125
125
125
125
125
125
125
125
125
125
126
125
125
125
125
125
125
125
125
125
125
125
125
125
125
126
125
125
125
125
125
125
125
125
125
125
125
125
125
125
126
125
125
125
125
125
125
125
125
125
125
125
125
125
125
125
125
125
125
125
125
125
125
125
125
125
125
126
125
125
125
125
125
125
125
125
125
125
125
125
125
125
125
125
125
125
125
125
125
125
125
125
125
125
125
125
125
125
125
125
125
125
125
125
125
125
125
125
125
125
125
125
125
126
125
125
125
125
125
125
125
125
125
125
125
125
125
125
125
125
125
125
125
125
125
125
125
125
125
125
125
125
125
125
126
125
125
125
125
125
125
126
125
125
125
125
125
126
125
125
125
125
125
125
125
125
125
125
125
125
125
125
125
125
125
125
125
125
125
125
125
125
126
125
125
125
125
125
125
125
125
125
125
125
125
125
125
125
125
125
125
125
125
125
125
125
125
125
125
125
125
125
125
125
125
125
125
125
125
125
125
125
125
125
125
125
125
125
125
125
125
125
125
125
125
125
125
125
125
125
125
125
125
125
125
125
125
125
125
125
125
125
125
125
125
125
125
125
125
125
125
125
125
125
125
125
125
125
125
126
125
125
125
125
125
125
125
125
125
125
125
125
125
126
125
125
125
125
125
125
125
125
125
125
126
125
125
125
125
126
126
125
125
126
126
125
125
125
126
125
125
125
125
125
125
126
125
125
125
125
125
125
125
125
125
125
125
125
125
125
125
125
125
125
125
125
125
125
125
125
125
125
125
125
125
125
125
126
125
125
125
125
125
125
125
125
125
125
125
125
125
125
125
125
125
125
126
125
125
126
125
125
125
125
125
125
125
125
125
125
125
125
125
125
125
125
125
125
125
125
125
125
125
125
125
125
125
125
125
125
125
125
126
125
125
125
125
125
125
125
125
125
125
125
125
125
125
125
125
125
125
125
125
125
126
125
125
125
125
125
126
126
125
125
125
125
125
125
125
125
126
126
126
125
125
125
126
125
125
125
126
125
125
126
126
126
125
125
124
124
125
126
126
125
125
125
126
128
128
126
126
126
126
125
124
123
123
124
125
125
125
125
126
127
126
126
126
126
126
125
125
125
124
125
125
126
126
125
125
126
126
126
125
125
125
126
126
125
124
124
125
126
125
124
126
128
128
126
124
124
125
125
124
122
123
125
126
125
125
126
128
128
127
127
127
126
125
123
123
124
124
124
125
126
125
123
125
127
127
127
126
125
124
125
125
125
126
128
128
126
125
124
123
124
126
126
125
125
124
125
125
125
125
126
126
126
125
125
126
126
126
125
125
125
125
125
125
126
126
125
125
126
126
126
125
125
125
124
125
128
128
125
121
122
126
128
124
123
125
125
125
126
127
125
124
124
127
127
125
123
124
126
128
125
123
124
126
126
126
125
124
124
124
125
126
124
117
118
136
163
162
104
34
57
178
249
159
43
59
132
161
161
147
109
57
60
160
228
175
106
83
100
120
115
93
96
190
255
207
76
66
210
255
162
67
46
72
185
245
118
8
59
157
195
205
167
57
26
122
190
139
91
107
127
124
130
154
162
140
112
97
80
92
144
172
131
105
133
149
124
97
117
159
154
88
60
122
190
182
119
67
78
141
184
158
97
77
110
148
152
136
121
112
107
118
146
156
118
79
93
142
164
146
123
116
114
114
128
149
142
112
100
119
136
141
134
120
118
133
133
116
112
133
152
133
96
98
136
146
121
110
123
135
135
126
118
127
136
132
120
113
117
130
134
126
120
124
136
145
137
110
94
111
142
149
129
111
112
126
138
140
129
116
111
122
136
138
127
116
114
125
135
135
125
114
118
130
134
127
121
119
120
124
131
139
138
125
115
117
126
131
127
122
122
122
122
125
130
133
127
117
114
127
136
139
134
125
114
114
120
120
119
129
139
137
128
122
117
121
128
128
126
129
127
120
124
132
127
116
117
127
133
130
126
127
127
122
118
124
132
128
119
119
123
126
132
137
132
120
115
122
130
128
116
115
128
140
134
119
112
125
147
137
94
74
123
191
185
105
68
109
134
136
150
136
78
86
174
183
79
61
183
163
74
119
183
127
83
111
128
127
130
123
115
136
150
128
108
109
111
110
138
180
166
95
61
102
157
171
141
99
92
116
152
144
116
107
121
134
133
123
116
116
126
141
142
127
113
114
124
132
131
126
120
120
125
129
128
129
125
119
122
129
129
147
153
81
34
149
255
131
63
83
255
196
30
54
255
162
26
83
255
234
75
49
255
255
21
54
140
255
224
77
5
65
194
238
150
27
24
152
233
168
64
78
161
164
95
82
140
168
137
111
112
109
114
138
153
140
117
105
114
131
132
122
120
129
125
122
128
134
130
122
117
118
124
133
137
129
117
116
124
126
122
125
130
126
121
126
136
129
108
112
149
153
101
83
144
163
115
104
128
131
135
128
103
112
154
141
101
101
149
163
102
100
134
146
113
106
123
139
140
131
113
111
129
137
129
122
123
119
117
126
141
139
119
113
122
128
126
126
126
125
124
126
128
126
123
122
125
128
127
124
121
123
126
127
126
126
128
130
129
125
122
119
120
124
129
131
127
120
118
125
134
131
122
121
125
126
126
129
127
122
123
126
127
125
124
128
131
127
124
123
122
122
124
128
129
126
123
122
122
124
128
125
124
129
133
125
117
120
128
127
122
123
130
133
128
122
120
124
127
127
128
127
126
124
122
123
126
125
122
125
129
127
123
124
125
125
124
125
126
127
128
128
126
125
123
123
124
125
124
124
127
129
129
126
124
124
123
122
122
125
128
125
109
125
123
127
128
127
126
127
130
124
116
116
131
140
131
113
108
124
140
138
123
116
119
124
127
126
128
133
127
116
117
128
132
127
124
128
131
127
119
117
121
127
130
130
128
127
126
125
122
123
124
122
124
129
128
123
124
128
127
123
119
121
127
133
133
129
126
122
121
123
122
122
127
130
124
118
121
131
133
126
125
127
123
117
121
134
139
130
114
108
116
128
133
130
124
121
123
128
132
131
127
123
128
132
128
119
115
119
123
125
127
122
124
132
134
125
121
127
133
128
119
115
119
128
130
125
130
148
90
135
126
127
124
127
130
125
117
120
130
131
124
119
124
129
128
125
125
125
124
122
126
131
131
125
121
122
129
136
136
129
121
118
121
125
127
124
118
121
136
137
127
117
119
130
135
128
120
120
123
125
128
132
123
121
123
124
127
128
126
127
128
125
121
114
120
126
124
124
129
132
133
134
128
124
125
126
127
129
129
126
123
121
122
124
125
128
131
132
128
123
118
113
117
126
135
135
129
123
122
123
128
133
130
125
123
121
120
120
122
126
128
124
120
124
131
70
125
125
125
125
125
125
125
125
125
125
125
125
125
125
125
125
125
125
125
125
125
125
125
125
125
125
125
125
125
125
125
125
126
125
125
125
125
125
125
125
125
125
125
125
125
125
125
125
125
125
125
125
125
125
125
125
125
125
125
125
125
125
125
125
125
125
125
125
125
125
125
125
125
125
125
125
125
125
125
125
125
126
125
125
125
125
125
125
125
125
125
125
125
125
125
125
125
125
125
125
125
125
125
125
125
125
125
125
125
125
125
125
125
125
125
125
125
125
125
125
125
125
125
125
125
125
125
125
125
125
125
125
125
125
125
125
125
125
125
125
125
126
125
125
125
125
125
125
125
125
125
125
125
125
125
125
125
125
125
125
125
125
125
125
125
125
125
125
126
125
125
125
125
125
125
125
125
125
125
125
125
125
125
125
125
125
125
125
125
125
125
125
125
125
125
125
125
125
125
125
125
125
125
125
125
125
126
125
125
125
125
125
125
125
125
125
125
125
125
125
125
125
125
125
125
125
125
125
126
126
126
126
126
126
126
125
126
126
125
126
126
125
126
125
125
125
125
125
126
125
126
126
125
125
125
126
126
126
125
126
125
126
125
125
125
125
125
125
126
125
125
126
125
125
126
125
125
126
126
126
126
126
126
125
125
126
125
125
125
125
125
125
125
125
125
125
126
125
125
126
125
125
125
125
125
125
125
125
125
125
126
125
125
126
125
125
125
126
125
125
125
126
125
125
125
126
125
126
126
126
125
125
125
126
125
125
126
125
125
125
125
125
126
126
126
125
125
125
126
126
126
126
125
127
