108
119
125
123
124
127
26
125
125
125
125
125
126
125
125
126
126
125
126
125
126
126
126
126
125
126
126
125
125
126
126
126
126
126
125
125
126
125
126
125
125
126
125
126
125
125
125
126
126
126
126
126
126
126
126
126
126
126
126
126
126
125
126
126
126
126
126
126
126
126
126
126
126
126
126
125
126
126
126
125
125
125
126
126
126
126
126
126
125
126
125
126
125
125
125
125
125
126
125
125
126
126
126
126
126
126
126
126
126
125
126
126
125
125
125
126
125
125
126
125
125
126
126
125
126
126
126
125
125
125
126
126
125
125
125
125
126
126
126
125
126
125
126
125
125
126
125
125
125
126
126
125
125
125
126
125
125
125
126
126
125
125
125
125
125
126
125
126
126
125
126
126
125
126
126
125
126
126
126
125
125
126
125
126
125
126
125
126
125
126
125
126
126
126
126
125
126
126
125
125
126
126
125
126
125
126
125
125
126
125
125
126
126
126
125
126
125
126
126
125
126
126
126
126
126
126
126
126
126
125
125
125
125
125
125
125
125
125
126
125
125
125
125
125
125
125
125
125
125
125
125
125
125
125
125
125
125
125
125
126
125
125
126
125
125
125
125
126
126
126
125
125
125
125
125
123
118
122
137
149
136
112
102
103
109
133
165
160
118
97
98
87
112
191
232
132
14
57
195
214
73
53
175
204
91
56
122
153
141
146
136
95
98
141
127
96
134
159
102
91
144
147
121
124
128
116
114
127
137
137
122
109
119
137
132
117
122
134
125
119
131
128
109
113
134
139
126
116
122
132
131
122
119
124
129
128
124
123
125
126
124
124
127
132
131
124
121
124
128
127
123
121
124
127
128
126
123
123
127
130
129
126
125
125
125
125
126
126
124
123
124
126
128
127
126
126
125
125
126
125
124
124
125
127
127
126
125
125
125
127
127
126
125
125
125
125
125
125
125
125
125
125
126
127
126
125
125
125
126
127
126
125
124
124
125
125
125
125
125
126
126
126
126
126
126
126
125
125
125
125
125
125
125
125
125
125
125
125
125
125
125
126
125
126
126
126
126
126
126
126
125
125
125
125
125
125
125
125
126
126
126
126
126
126
125
125
125
125
125
125
125
125
126
126
126
125
125
125
126
125
125
126
125
125
125
125
125
125
125
125
125
125
125
125
125
125
125
125
125
125
125
126
125
125
125
125
125
126
125
125
125
125
125
125
125
125
125
125
125
125
126
125
125
125
126
126
126
126
126
125
125
125
125
125
125
125
126
126
126
125
125
124
124
125
125
125
125
125
125
125
125
125
125
125
125
125
125
126
126
126
125
125
124
125
126
126
125
124
125
126
126
125
125
125
126
125
125
125
124
124
127
127
125
125
126
127
126
125
125
124
124
125
123
120
122
127
131
130
125
121
123
129
132
128
123
122
126
128
125
122
124
126
125
124
126
127
125
124
125
126
124
124
125
126
126
124
125
125
124
122
123
128
133
131
124
119
121
127
129
127
125
125
123
121
122
127
131
128
123
124
127
126
122
122
127
131
127
120
120
127
130
126
122
125
131
131
125
122
122
123
122
123
127
130
130
129
123
119
125
131
129
126
128
128
122
118
120
128
136
135
123
112
115
133
150
133
92
95
150
171
131
94
101
128
144
137
124
118
122
130
128
123
120
128
138
129
114
115
132
132
125
126
128
123
124
126
126
126
125
124
126
130
128
123
123
126
126
124
125
127
127
125
123
124
127
128
126
125
125
125
125
125
127
128
126
124
124
125
126
126
126
125
125
126
125
124
125
126
126
126
126
126
125
125
126
126
125
125
126
126
126
126
126
127
126
125
125
126
126
126
126
125
125
125
126
126
125
125
125
126
126
125
125
126
126
126
126
126
126
126
126
126
126
126
126
126
126
125
125
125
126
126
126
125
125
126
126
125
125
126
126
126
126
125
125
126
126
125
125
126
127
126
125
125
125
126
126
126
126
126
126
125
125
126
126
126
126
126
126
126
126
125
126
126
126
127
126
125
125
125
125
126
125
125
125
125
126
126
126
126
126
126
125
125
125
125
125
125
125
125
126
125
126
126
126
125
125
127
127
126
125
125
125
125
125
125
125
125
125
125
125
125
125
125
125
125
125
125
125
126
126
125
125
125
125
125
125
125
125
125
125
125
125
125
125
125
125
126
125
125
125
125
126
126
126
125
125
125
126
125
125
125
125
125
125
125
125
125
126
126
125
125
125
125
125
125
125
125
125
125
125
125
125
125
125
125
125
125
125
125
125
125
125
125
125
125
126
125
125
125
126
126
126
125
125
125
126
125
125
125
125
126
126
125
125
125
126
125
125
125
126
126
125
125
125
126
126
125
125
125
125
125
125
125
126
126
124
124
125
126
126
125
125
125
125
125
125
125
125
125
125
125
125
125
126
126
125
125
125
126
125
125
125
125
126
126
125
125
125
125
126
126
125
125
125
125
126
125
125
125
125
125
125
125
125
125
125
125
126
126
125
124
125
126
126
125
124
125
126
126
126
125
124
125
126
126
126
125
125
125
125
125
125
125
125
125
126
125
125
126
126
125
125
125
125
126
126
124
124
126
126
126
125
125
125
128
126
122
124
125
126
127
126
125
125
125
125
126
126
125
125
125
125
126
126
126
125
125
125
126
120
123
126
126
126
128
127
127
126
127
126
126
126
125
126
126
126
126
126
125
125
125
126
126
125
126
126
125
125
126
126
126
125
125
126
125
126
126
126
126
126
126
124
123
125
126
125
126
127
126
127
127
126
126
125
126
126
126
125
125
125
126
125
125
126
126
126
125
125
125
126
125
125
125
126
126
126
125
125
125
126
126
126
125
125
125
125
126
126
126
125
125
126
127
127
126
125
125
124
125
126
126
125
125
126
126
125
125
125
126
126
126
126
125
125
125
125
126
125
125
125
126
126
126
125
125
125
126
126
125
126
126
125
126
126
126
125
125
125
126
126
126
126
126
125
126
126
125
125
125
126
125
126
126
125
126
125
125
125
126
126
126
126
126
126
125
126
126
127
124
126
125
126
125
125
125
125
125
126
126
126
126
126
125
126
126
125
125
126
125
127
130
126
124
125
124
123
125
125
125
125
126
125
125
125
126
125
126
126
126
126
126
126
126
125
126
126
125
125
125
126
126
126
132
126
125
125
125
123
124
125
124
125
123
126
124
125
125
125
126
126
126
126
126
126
126
126
125
125
126
125
126
125
125
125
126
125
125
125
126
126
125
125
125
125
125
125
125
125
125
125
125
125
126
125
125
125
125
125
125
125
125
125
125
126
125
125
126
125
125
125
125
125
125
125
126
125
125
125
126
126
127
127
126
126
125
124
125
126
126
126
126
126
126
126
126
125
125
125
125
125
125
126
126
126
125
126
125
125
125
125
125
125
125
126
125
130
147
105
126
123
125
126
127
125
125
126
125
125
124
124
124
124
125
125
124
125
125
125
125
125
126
126
125
125
125
118
83
125
126
129
129
133
131
130
130
129
128
128
127
127
126
126
126
127
127
127
125
127
127
126
127
126
125
126
127
127
127
126
126
126
126
127
124
117
125
125
126
128
129
129
128
128
127
127
126
126
126
125
125
125
125
125
126
125
126
126
126
125
126
126
126
125
125
125
126
125
125
126
125
125
126
123
124
126
125
124
126
127
126
125
126
125
124
126
126
125
125
125
125
125
126
125
126
125
126
124
125
127
126
126
125
126
125
126
126
126
126
124
126
126
126
125
125
126
126
126
126
126
125
124
126
125
125
126
125
125
126
127
126
125
126
125
124
126
126
125
124
127
125
126
127
126
125
125
126
126
125
126
126
126
126
126
127
126
126
27
126
126
126
126
126
125
126
126
126
125
126
126
126
126
126
126
126
126
126
126
126
126
125
126
126
126
126
126
126
125
126
126
126
126
126
126
126
126
126
125
126
126
126
126
125
126
126
126
126
126
126
126
126
126
126
126
125
126
126
125
126
125
125
126
126
126
126
126
126
126
126
126
126
125
126
126
125
126
126
126
125
126
126
126
126
126
126
126
126
126
125
126
126
126
126
125
126
126
126
126
126
125
126
126
126
126
126
126
125
126
126
126
125
125
125
125
125
125
125
125
125
125
125
125
125
125
125
125
125
126
126
125
125
125
125
125
126
126
125
126
125
126
125
125
125
125
125
126
126
126
126
126
125
125
125
125
125
125
125
125
125
125
125
125
125
125
125
125
125
125
125
125
125
125
125
125
125
125
125
125
125
125
125
125
125
125
125
125
125
125
125
125
125
125
125
125
125
125
125
125
125
125
125
125
125
125
125
125
125
125
125
125
125
125
125
125
125
125
125
125
126
125
125
125
126
125
125
126
126
126
126
126
126
125
125
126
126
125
126
125
126
125
126
126
126
126
126
126
125
126
126
126
126
126
126
126
126
126
126
125
126
126
126
126
126
126
126
126
123
122
126
133
135
127
121
123
122
113
113
132
151
143
113
91
103
136
158
154
131
109
108
126
133
116
110
139
158
131
93
88
118
155
166
144
110
95
110
132
134
124
127
123
112
127
143
126
122
136
123
103
120
147
137
119
117
121
126
134
125
119
136
138
114
115
134
123
109
128
141
129
117
119
128
131
126
124
125
128
126
120
121
128
127
165
