112
110
121
130
133
128
96
126
126
125
125
126
126
125
126
126
125
126
126
125
125
125
126
125
126
126
125
125
125
126
125
125
126
125
125
125
126
126
126
126
125
125
125
126
125
125
125
126
125
126
125
126
126
125
125
126
126
125
125
126
126
125
125
125
125
125
126
125
126
126
126
125
126
126
125
126
126
125
125
126
125
125
125
125
125
125
125
126
125
125
125
125
126
125
125
125
125
125
125
125
125
125
125
125
125
125
125
125
125
125
125
125
125
125
125
125
125
125
125
125
125
125
125
125
125
125
125
125
125
125
125
125
125
125
125
125
125
125
125
125
125
125
125
125
125
125
125
125
125
125
125
125
125
125
125
125
125
125
125
125
125
125
125
125
125
125
125
125
125
125
125
125
125
125
125
125
125
125
125
125
125
125
125
125
125
125
125
125
125
125
125
125
125
125
125
125
125
126
125
125
125
125
125
125
125
126
125
125
125
125
125
125
125
125
125
125
125
125
126
125
125
125
125
125
125
125
125
125
125
125
125
125
125
125
125
125
125
125
125
125
125
125
125
125
125
125
125
125
125
125
126
125
125
125
125
125
125
125
125
125
125
125
125
125
125
125
125
125
125
125
125
125
125
125
125
125
125
125
125
126
125
125
125
125
125
125
125
125
125
125
125
125
125
125
125
125
125
125
125
125
125
125
125
125
125
125
125
125
125
125
125
125
125
125
125
125
125
125
125
125
125
125
126
125
125
125
125
125
125
125
125
125
125
125
125
125
125
125
125
125
125
125
126
125
125
125
125
125
125
125
125
125
125
125
125
125
125
125
125
125
125
125
125
125
125
125
125
125
125
125
125
125
125
125
125
125
125
125
125
125
125
125
125
125
125
125
125
125
125
125
125
125
125
125
125
125
125
125
125
125
125
125
125
125
125
125
125
126
126
125
125
125
125
125
125
125
125
125
125
125
125
125
125
125
125
125
125
125
125
125
125
125
125
125
125
125
125
125
125
125
125
125
125
125
125
125
125
125
125
125
125
125
125
125
125
125
125
125
125
125
125
125
125
125
125
125
125
125
125
125
125
125
125
125
125
125
125
125
125
125
125
125
125
125
125
125
125
125
125
125
125
125
125
125
125
125
125
125
125
125
125
125
125
125
125
125
125
125
125
125
125
125
125
125
125
125
125
125
125
125
125
126
124
125
125
125
125
126
125
125
125
125
125
125
125
125
125
125
125
125
124
125
125
125
126
126
126
126
126
126
126
126
126
126
125
125
126
126
126
125
125
126
126
125
126
126
125
126
125
125
126
125
125
125
125
125
126
125
125
125
126
126
125
126
126
126
126
125
125
125
125
126
125
126
126
126
126
126
125
125
125
125
125
125
125
125
125
125
125
125
125
126
125
126
125
125
125
126
125
125
125
125
126
126
126
125
125
125
126
125
126
126
125
126
126
126
125
125
126
125
125
126
125
125
126
125
125
125
125
126
126
125
126
125
125
125
125
126
125
125
126
125
125
125
125
125
126
125
125
125
125
126
126
126
126
125
125
126
126
125
125
125
125
126
126
126
125
125
125
125
126
126
125
126
126
126
126
126
125
125
126
126
125
125
126
126
125
126
125
126
126
125
126
126
126
126
126
125
126
126
126
126
126
126
126
126
126
126
125
126
125
125
126
125
126
126
126
126
127
127
126
125
126
125
125
125
125
125
125
125
125
126
125
125
126
125
125
126
126
126
126
127
126
125
125
125
125
125
125
125
125
125
125
125
125
125
125
125
125
125
125
126
126
125
125
125
125
125
125
125
125
125
125
125
125
125
125
125
125
125
125
125
125
126
125
126
126
125
125
126
125
125
125
125
125
125
125
125
125
125
125
125
125
125
125
125
125
125
125
125
125
125
125
125
125
125
125
125
125
125
125
125
125
125
125
125
125
125
125
125
125
125
125
125
125
125
125
125
125
125
125
125
125
125
125
125
125
125
125
125
126
125
125
125
125
125
125
125
125
125
125
125
125
125
125
126
125
125
125
125
125
125
125
125
125
125
125
125
125
125
125
125
125
125
125
125
125
125
125
125
125
125
125
125
125
125
125
125
125
125
125
125
125
126
124
125
125
125
125
126
126
126
126
125
125
125
125
125
126
125
125
126
126
125
125
125
125
125
125
126
125
125
125
126
125
125
125
126
126
126
125
125
125
125
125
125
125
125
125
125
126
126
126
125
125
126
126
125
126
126
125
125
126
126
125
125
126
126
125
125
124
124
124
126
126
126
126
126
126
126
125
126
126
125
125
126
126
125
125
126
126
125
125
126
125
125
125
126
126
125
125
125
125
125
125
126
125
125
125
125
125
125
125
126
126
126
126
126
125
125
125
126
125
125
125
125
125
126
126
125
124
125
126
126
125
125
125
125
125
125
126
126
125
125
125
125
125
125
126
125
125
125
125
125
125
125
125
125
126
125
126
126
125
124
125
126
126
126
126
125
125
125
126
126
125
125
126
126
125
125
125
126
125
125
125
125
125
124
124
126
126
125
125
125
125
125
125
126
126
125
125
126
126
125
125
125
126
126
125
126
127
126
125
124
126
126
124
123
125
124
125
125
126
129
133
133
130
126
120
121
126
129
125
120
116
118
121
119
118
119
122
125
131
137
134
127
133
144
137
118
115
123
126
129
132
125
115
115
122
125
122
119
119
123
128
130
127
124
124
125
127
131
132
128
124
125
127
126
126
126
125
123
122
124
127
127
125
123
122
122
123
124
125
125
125
125
126
126
127
126
125
126
126
127
128
127
125
124
125
126
126
126
126
125
125
125
124
124
125
124
124
124
125
125
125
124
125
126
126
125
125
125
125
124
126
126
126
125
125
126
126
125
125
125
126
126
125
125
125
125
125
125
125
125
126
125
125
125
126
126
125
125
126
126
125
125
125
125
129
119
125
124
126
125
126
126
125
125
125
125
125
124
123
126
129
129
126
124
125
127
127
127
126
125
126
127
127
126
125
125
126
125
125
124
124
124
107
116
123
126
128
129
128
127
127
128
128
127
126
127
128
128
128
127
127
127
126
126
126
126
126
125
125
125
125
125
120
125
125
125
125
127
126
126
127
127
126
126
126
126
127
126
126
126
126
126
126
126
127
126
126
125
125
125
125
125
125
125
125
125
125
125
125
125
125
127
126
126
125
126
127
127
127
126
125
121
116
120
133
138
127
114
116
133
145
134
129
134
126
100
97
127
140
121
102
106
132
159
145
111
109
132
143
136
118
109
118
128
134
142
139
117
106
139
182
152
65
47
123
178
149
105
102
120
138
144
132
113
107
122
140
136
119
115
127
138
137
129
121
119
123
130
126
115
113
123
132
131
129
130
127
124
125
125
124
124
125
126
125
124
126
127
127
127
126
125
126
127
127
125
125
125
126
126
127
129
128
126
126
125
122
121
117
119
126
133
132
125
121
128
136
123
102
112
138
131
117
134
159
137
90
106
151
141
108
108
130
137
132
124
119
114
111
118
126
126
132
145
148
137
121
115
118
128
132
124
114
111
119
127
129
128
126
125
128
134
138
124
107
108
116
113
125
155
162
131
99
107
137
144
122
103
113
133
136
125
128
144
142
117
92
93
125
157
156
114
90
116
145
143
128
131
137
132
115
107
112
119
127
129
120
111
116
130
147
161
151
114
64
129
170
137
66
32
88
220
255
129
1
42
166
212
164
105
97
120
130
122
125
131
128
122
118
119
121
126
132
140
147
139
114
97
114
142
146
121
95
107
142
152
126
108
120
134
131
124
122
126
134
134
122
114
120
132
136
124
116
119
123
122
124
130
135
134
123
107
119
123
130
137
137
117
107
122
137
135
97
125
125
125
125
125
125
125
125
125
125
125
125
125
125
125
125
125
125
125
125
125
125
125
125
125
125
125
125
125
125
125
125
125
125
125
125
125
125
125
125
125
125
125
125
125
125
125
125
125
125
125
125
125
125
125
125
125
125
125
125
125
125
125
125
125
125
125
125
125
125
125
125
125
126
125
125
125
125
125
125
125
125
125
125
125
125
125
125
125
125
125
125
125
125
125
125
125
125
125
125
125
125
125
125
125
125
125
125
125
125
125
125
125
125
125
125
125
125
125
125
125
125
125
125
125
125
125
125
125
125
125
125
125
125
125
125
125
125
125
125
125
125
125
125
125
125
125
125
125
125
125
125
125
125
125
125
125
125
125
125
125
125
125
125
125
125
125
125
125
125
125
125
125
125
125
125
126
126
126
126
125
126
125
126
125
125
126
125
125
125
125
125
126
125
125
126
125
125
126
125
125
125
125
126
125
126
126
126
126
126
126
126
126
126
125
126
125
126
125
125
126
126
126
126
126
125
126
126
125
125
125
126
126
126
126
126
125
125
125
125
126
125
126
126
126
126
126
126
125
126
125
125
125
125
125
125
125
125
125
125
126
125
125
126
125
125
125
125
126
125
126
126
126
126
126
126
126
125
126
126
126
126
125
126
126
126
125
125
125
126
125
126
126
125
125
126
125
125
126
125
125
126
126
126
126
125
125
126
125
126
126
125
125
125
125
126
125
125
126
126
126
126
125
126
126
126
126
125
125
125
126
125
125
125
125
126
126
126
125
126
125
125
126
126
126
126
126
125
125
125
126
126
125
124
