126
126
126
128
125
125
28
125
125
125
125
125
125
125
125
125
125
125
125
125
125
125
125
125
125
125
125
125
125
125
125
125
125
125
125
125
125
125
125
125
125
125
125
125
125
125
125
125
125
125
125
125
125
125
125
125
125
125
125
125
125
125
125
125
125
125
125
125
125
125
125
125
125
125
125
125
125
125
125
125
125
125
125
125
125
125
125
125
125
125
125
125
125
125
125
125
125
125
125
125
125
125
125
125
125
125
125
125
125
125
125
125
125
125
125
125
125
125
125
125
125
125
125
125
125
125
125
125
125
125
125
125
125
125
125
125
125
125
125
125
125
125
125
125
125
125
125
125
125
125
125
125
125
125
125
125
125
125
125
125
125
125
125
125
125
125
125
125
125
125
125
125
125
125
125
125
125
125
125
125
125
125
125
125
125
125
125
125
125
125
125
125
125
125
125
125
125
125
125
125
125
125
125
125
125
125
125
125
125
125
125
125
125
125
125
124
125
125
125
125
125
125
125
125
125
125
125
125
125
125
125
125
125
126
124
125
125
125
125
126
126
125
125
126
126
125
125
125
125
125
125
125
125
125
125
125
126
125
125
125
125
126
126
125
125
124
123
120
127
157
164
96
38
102
215
185
85
74
133
166
142
60
68
187
255
131
22
32
133
255
210
8
48
138
255
216
81
54
96
138
150
143
114
91
111
144
140
116
110
124
135
132
122
117
117
122
129
132
124
115
120
137
140
122
108
119
133
133
126
119
117
124
130
129
125
125
127
125
123
122
123
126
128
128
126
125
125
124
121
122
125
128
131
131
129
125
124
123
121
121
124
130
133
129
122
119
121
126
129
129
127
125
124
125
127
128
127
125
123
123
124
124
124
125
127
129
129
127
125
124
124
125
125
125
125
126
126
126
127
127
126
126
125
125
125
125
125
124
125
125
126
126
126
125
125
126
126
127
127
126
125
124
124
125
125
125
125
125
126
126
126
125
125
125
126
126
126
126
126
125
125
125
126
126
125
125
125
125
125
125
125
125
125
125
125
125
125
126
125
125
125
125
125
125
125
125
125
125
125
125
126
126
126
125
125
125
125
125
125
125
125
125
125
125
125
125
126
125
125
125
125
125
125
125
125
125
125
125
125
125
125
125
125
125
125
125
125
125
125
125
125
125
125
125
125
125
125
125
125
125
125
125
125
125
125
125
125
125
125
125
125
125
125
125
125
125
125
125
125
125
125
125
125
125
125
125
125
125
125
125
125
125
125
125
125
125
125
125
125
125
125
125
125
125
125
124
125
126
126
125
124
125
125
125
125
124
124
124
125
126
126
125
125
125
126
127
127
125
124
125
126
126
124
122
122
125
129
128
125
122
123
126
128
126
124
123
123
124
126
127
126
123
122
125
127
127
124
123
124
127
128
127
125
123
123
125
126
126
126
125
123
123
126
128
126
122
121
124
127
128
125
124
126
127
125
124
125
126
125
125
125
124
123
125
126
126
125
126
125
124
125
126
126
125
124
125
125
123
123
125
126
126
126
126
126
125
125
125
125
125
125
126
127
126
124
123
123
124
124
124
126
127
126
125
124
125
125
125
126
126
126
125
123
122
125
128
127
125
125
128
127
121
118
123
128
129
128
126
123
122
123
125
126
128
126
124
124
125
128
127
122
121
126
129
126
123
123
124
126
126
126
125
124
124
125
126
126
126
126
125
124
124
125
126
127
126
125
124
124
125
126
126
125
124
124
124
126
126
126
125
125
125
125
125
125
125
125
125
125
125
125
125
125
125
125
125
125
125
125
125
125
125
125
125
125
125
125
126
126
125
125
125
125
125
125
125
125
125
125
125
125
125
125
126
126
125
125
124
125
126
125
125
125
125
125
125
125
126
125
125
126
125
126
125
125
125
125
125
125
125
125
125
125
125
125
125
125
125
125
125
125
125
125
125
125
125
125
125
125
125
125
125
125
125
125
125
125
125
126
126
126
126
125
125
125
124
124
125
126
125
124
124
125
126
126
126
125
125
125
125
125
125
124
124
125
125
125
125
125
125
125
126
126
126
126
125
125
125
125
125
125
125
125
125
125
125
125
125
125
125
125
125
125
125
125
125
125
125
125
124
125
125
125
125
125
125
125
125
125
125
125
125
125
125
125
125
125
124
125
125
125
125
125
125
126
125
125
125
125
125
125
125
125
125
125
125
125
124
124
125
125
125
125
125
125
125
125
125
125
125
125
125
125
125
125
125
125
125
125
125
125
125
125
125
125
125
125
125
125
125
125
125
124
125
125
125
125
125
125
125
125
125
125
125
125
126
125
125
125
125
125
126
125
125
125
125
125
125
126
125
125
125
125
125
125
125
125
125
124
125
125
125
125
125
125
125
125
125
125
125
125
125
125
125
125
125
126
125
125
125
125
125
125
125
125
125
125
125
125
125
125
125
125
125
125
125
125
125
125
125
125
125
125
125
125
125
125
125
125
125
124
125
125
125
125
125
125
126
126
125
125
125
125
125
126
126
125
124
125
126
126
125
125
125
125
125
125
125
125
124
124
124
125
125
125
124
124
125
126
126
126
126
126
126
125
125
125
124
125
125
125
125
125
125
126
126
126
125
125
125
125
125
126
125
125
125
124
125
125
125
125
125
125
125
125
125
125
125
125
125
125
125
125
125
125
125
125
125
125
125
125
125
125
125
125
125
125
125
125
125
125
125
125
125
125
125
125
125
125
125
125
122
121
124
126
126
127
127
126
127
126
126
125
125
125
125
125
125
125
125
125
125
124
125
125
125
125
125
125
125
126
125
125
125
125
125
125
126
126
126
125
125
125
124
125
125
125
125
125
124
125
125
125
125
125
125
126
126
125
125
125
125
126
125
125
125
125
125
125
125
125
125
125
125
125
126
125
125
125
125
125
125
125
125
125
125
125
125
125
126
125
125
126
126
125
125
125
125
125
125
125
125
125
126
125
125
125
125
125
125
125
125
125
125
124
124
125
125
125
125
126
126
126
126
125
125
124
124
125
126
126
124
124
126
127
126
125
125
125
125
125
125
124
124
124
124
124
125
124
124
125
125
126
126
127
127
126
126
126
125
125
125
124
125
124
125
126
126
126
125
125
126
126
125
125
125
125
125
125
125
125
125
126
125
125
125
125
125
125
125
125
125
124
125
125
125
124
125
125
125
125
125
126
125
126
126
125
125
125
125
125
125
125
126
125
125
125
126
125
125
124
125
125
125
126
132
126
125
125
125
123
123
124
124
124
125
125
125
124
125
125
125
125
125
125
125
126
125
126
125
125
124
124
125
125
124
125
126
125
125
125
125
125
125
125
124
125
125
125
125
125
125
125
125
125
125
126
125
125
125
125
125
125
125
125
126
126
126
125
125
125
125
126
125
125
125
125
125
125
125
124
125
124
125
125
125
125
125
125
125
125
125
125
125
125
124
125
126
126
125
125
124
125
125
125
125
125
125
125
125
126
125
124
125
126
125
125
125
124
125
125
125
125
124
124
126
126
126
126
126
126
127
126
125
125
124
128
123
127
125
122
123
125
127
126
125
124
124
124
126
126
124
123
122
123
124
125
124
124
124
126
126
127
128
127
126
126
126
126
125
123
124
124
124
125
126
126
126
125
126
127
125
125
124
124
125
125
124
124
125
125
126
125
125
125
125
126
125
125
125
125
125
125
123
124
124
124
124
126
125
125
125
126
126
125
126
125
125
125
125
125
126
125
125
126
124
124
125
124
125
124
125
125
125
125
125
125
125
125
126
126
126
126
125
123
124
125
124
126
125
126
126
126
126
126
125
125
126
126
125
125
124
125
124
124
125
123
124
125
124
125
124
125
123
123
123
29
125
125
125
125
125
125
125
125
125
125
125
125
125
125
125
125
125
125
125
125
125
125
125
125
125
126
126
125
125
125
125
125
125
125
125
125
125
125
125
125
125
125
125
125
125
125
125
125
125
125
125
125
125
125
125
125
125
125
125
125
125
125
125
125
125
125
125
125
125
125
125
125
125
125
125
125
125
125
125
125
125
125
125
125
125
125
125
125
125
125
125
125
125
125
125
125
125
125
125
125
125
125
125
125
125
125
125
125
125
125
125
125
125
125
125
125
125
125
125
125
125
125
125
125
125
125
125
125
125
125
125
125
125
125
125
125
125
125
125
125
125
125
125
125
125
125
125
125
125
125
125
125
125
125
125
125
125
125
125
125
125
125
125
125
125
125
125
125
125
125
125
125
125
125
125
125
125
125
125
125
125
125
125
125
125
125
125
125
125
125
125
125
125
125
125
125
125
125
125
125
125
125
125
125
125
125
125
125
125
125
125
125
125
125
125
125
125
125
125
125
125
125
125
125
125
125
125
125
125
125
125
125
125
125
125
125
125
125
125
125
125
125
125
125
125
125
125
125
125
125
125
125
125
125
126
126
126
125
123
119
122
145
170
132
50
56
167
226
130
61
112
166
133
81
88
165
209
146
65
85
94
151
221
149
11
17
192
255
180
58
48
116
170
147
123
108
90
115
157
148
104
96
130
148
136
119
109
115
134
138
119
107
121
144
145
123
105
113
134
140
128
115
113
122
130
130
127
126
126
123
123
126
125
122
124
130
129
125
124
126
124
120
121
126
131
132
129
125
125
125
123
120
120
126
