125
127
127
126
124
124
48
125
125
125
125
125
125
125
126
125
125
125
126
125
125
125
125
125
125
125
125
125
125
125
125
125
125
125
125
125
125
125
125
125
125
125
125
125
125
125
125
125
125
125
125
125
126
125
125
125
126
125
125
125
125
125
125
125
125
125
125
125
125
125
125
125
125
125
125
125
125
125
125
125
125
125
125
126
125
125
125
125
125
125
125
125
125
125
125
125
125
125
125
125
125
125
125
125
125
125
126
125
125
125
125
125
125
125
125
125
125
125
125
125
125
125
125
125
125
125
125
125
125
125
125
125
125
125
126
126
125
125
125
125
125
125
125
125
125
125
125
125
125
125
125
125
125
125
125
125
125
125
125
125
125
125
125
125
125
125
125
125
125
125
125
125
125
125
125
125
125
125
125
125
125
125
125
125
125
125
125
125
125
125
125
125
125
125
125
125
125
125
125
125
125
125
125
125
125
125
125
125
125
125
125
125
125
125
125
125
125
125
125
125
125
125
125
125
125
125
125
125
125
125
125
125
125
125
125
125
125
125
125
125
125
125
125
125
125
125
125
125
125
125
125
125
125
125
125
125
125
125
125
125
125
125
125
125
126
125
125
126
125
125
125
125
125
125
125
125
125
125
125
125
125
125
125
125
125
125
125
125
125
126
125
125
125
125
125
125
125
125
125
125
126
125
125
125
125
125
125
125
125
125
125
125
125
125
125
125
125
125
125
125
125
125
125
125
125
125
125
125
125
125
125
125
125
125
125
125
125
125
125
125
125
125
125
125
125
125
125
125
125
125
125
125
125
125
125
125
125
125
125
125
125
125
125
125
125
125
125
125
125
125
125
125
125
125
125
125
125
125
125
125
125
125
126
125
125
125
125
125
125
125
125
125
125
125
125
125
125
125
125
125
125
125
125
125
125
125
125
125
125
125
125
125
125
125
125
125
125
125
125
125
125
125
125
125
125
125
125
125
125
125
125
125
125
125
125
125
125
125
125
125
125
125
125
125
125
125
125
125
125
125
125
125
125
125
125
125
125
125
125
125
125
125
125
125
125
125
125
126
126
125
125
125
125
125
125
125
125
125
125
125
125
125
125
125
125
125
125
125
125
125
125
125
125
125
125
125
125
125
125
125
125
125
125
125
125
125
125
125
125
125
125
125
125
125
125
125
126
126
126
126
125
125
125
126
126
125
124
125
125
124
124
126
126
125
125
128
127
124
123
126
127
125
124
124
125
125
124
124
123
124
127
128
126
124
123
125
127
127
126
125
126
126
125
124
123
125
126
126
125
125
125
126
125
123
124
126
127
126
124
124
124
126
126
124
124
125
125
125
124
124
126
129
130
128
125
124
123
123
123
124
126
126
125
124
126
128
128
124
123
126
128
127
125
124
122
122
128
133
130
121
118
124
126
125
128
133
130
120
115
121
133
137
131
125
118
112
120
137
139
120
110
120
135
138
131
123
119
122
131
129
115
116
132
134
122
124
136
123
108
125
149
131
106
116
134
134
127
129
126
114
113
134
148
127
99
110
140
139
117
113
133
148
128
97
102
141
173
149
82
67
142
188
120
86
147
160
96
68
114
188
193
106
30
85
198
192
132
85
50
105
231
215
23
1
167
255
149
17
46
169
254
227
105
30
7
173
255
188
15
22
198
235
111
47
89
174
180
82
85
185
111
31
191
255
39
22
145
229
158
99
94
99
126
149
133
163
141
69
59
156
206
129
50
90
163
164
116
93
104
133
163
164
124
87
93
120
138
149
149
122
93
107
153
159
120
92
105
139
155
137
105
97
119
143
146
131
120
120
125
125
122
121
127
132
131
124
122
126
132
133
125
117
115
121
130
134
129
122
121
127
128
127
126
127
128
126
123
122
122
122
122
125
126
127
127
127
127
126
125
124
122
123
126
130
131
128
125
123
124
126
126
123
122
122
125
128
128
126
124
125
126
126
125
124
126
126
126
127
127
127
126
125
124
124
123
123
125
127
128
127
126
125
125
125
125
125
126
124
122
124
126
127
126
125
125
126
126
127
126
126
125
124
124
125
125
126
126
127
126
123
124
126
126
126
126
126
126
126
126
124
123
125
128
130
128
121
120
125
127
125
124
126
127
126
126
125
124
125
126
125
124
125
128
127
123
121
123
126
128
127
126
126
127
127
127
127
126
125
126
126
125
124
125
125
125
124
124
126
126
125
125
125
125
125
125
123
122
125
127
127
126
126
127
128
128
127
126
126
125
125
125
125
125
125
125
124
124
125
126
126
126
125
125
126
126
125
124
124
124
124
125
125
126
125
126
126
126
125
126
126
126
124
125
124
124
125
125
125
125
126
126
127
127
124
125
125
125
126
126
125
124
125
126
126
125
125
125
126
126
126
126
125
125
125
125
125
125
126
127
126
125
124
125
126
126
126
125
125
126
126
125
125
125
125
125
125
125
126
127
125
123
124
125
126
125
124
125
126
126
126
125
125
125
126
126
125
124
125
126
126
125
125
125
125
126
127
126
125
125
126
126
126
125
125
126
126
126
125
125
125
126
125
124
124
125
128
126
125
124
125
125
125
125
124
125
126
126
125
124
124
126
126
125
125
125
126
126
126
126
125
125
126
126
125
125
125
125
126
125
125
125
125
125
125
125
125
125
126
125
125
125
125
126
125
125
126
126
124
124
125
125
126
126
126
126
127
126
125
125
125
125
125
126
125
123
124
126
126
126
126
126
125
126
126
126
125
125
124
124
124
124
124
124
124
125
126
126
127
126
127
127
127
126
125
124
124
124
124
124
125
125
125
125
126
127
126
126
126
125
125
125
125
124
124
124
125
125
125
125
125
125
125
126
126
126
125
126
125
125
125
125
125
125
125
125
125
126
126
125
126
126
125
126
127
118
126
125
125
126
125
126
126
126
126
125
125
125
125
126
126
126
126
126
126
126
125
125
126
126
126
126
125
125
126
126
126
125
125
126
126
125
125
125
125
126
125
125
125
125
125
125
125
126
126
126
126
125
125
126
125
126
125
125
126
125
125
125
125
126
126
122
122
125
126
126
127
127
127
127
127
126
126
126
125
125
125
125
125
125
125
125
125
125
125
125
125
125
125
125
125
125
125
125
125
125
125
125
125
125
126
125
125
125
125
125
125
125
125
125
125
125
125
125
126
125
125
125
125
125
125
125
125
126
125
125
125
125
125
125
125
125
124
124
126
126
126
125
126
127
128
127
126
125
124
124
125
127
125
122
121
125
127
127
126
125
125
126
126
126
124
125
124
123
123
123
123
124
125
126
127
128
128
129
129
125
125
125
126
126
126
125
125
125
126
125
125
125
124
125
126
126
126
125
126
126
126
126
125
125
126
125
125
125
126
126
125
125
125
126
131
127
125
126
124
123
124
123
123
124
125
125
124
124
125
125
125
125
126
126
127
125
125
126
125
125
125
125
125
125
126
126
125
125
126
125
126
125
125
126
125
125
120
121
125
126
126
128
128
127
127
127
126
126
125
125
126
126
126
126
125
126
125
126
126
125
124
125
125
126
126
124
125
125
125
126
125
125
125
125
126
125
125
125
126
125
125
125
125
126
127
126
125
125
125
125
124
125
124
125
125
125
125
125
126
126
126
125
125
124
125
126
125
125
125
126
127
126
126
125
125
126
126
124
125
124
126
125
125
125
125
125
126
126
125
125
125
125
126
125
124
125
124
124
126
126
126
126
127
126
124
125
125
125
126
126
124
124
124
125
126
127
126
126
125
124
126
126
126
126
126
126
125
125
125
125
125
126
124
124
125
127
127
126
126
125
124
126
126
125
125
125
125
125
125
125
125
124
125
125
124
126
127
128
127
126
125
47
125
125
125
125
126
126
125
125
125
125
125
125
125
125
125
125
125
125
125
125
126
125
125
126
125
125
125
125
125
125
125
125
125
125
125
125
125
125
125
125
125
125
126
125
125
125
126
125
126
125
125
125
125
125
125
125
125
125
125
125
125
125
125
125
125
125
125
125
125
125
125
125
125
125
125
125
125
125
125
125
125
125
125
125
125
125
125
125
125
125
125
125
125
125
125
125
125
125
125
125
125
125
125
125
125
125
125
125
125
125
125
125
125
125
125
125
125
125
125
125
125
125
125
125
125
125
125
125
125
125
125
125
125
125
125
125
125
125
125
125
125
125
125
125
125
125
125
125
125
125
125
125
125
125
125
125
125
125
125
125
125
125
125
125
125
125
125
125
125
125
125
125
125
125
125
125
125
125
126
125
125
125
125
125
126
126
125
125
125
125
125
125
125
125
125
125
125
125
125
125
125
126
125
126
125
125
125
125
125
125
125
125
125
125
125
125
125
125
125
125
125
125
125
125
125
125
125
125
125
125
125
125
126
126
126
126
126
126
125
126
126
125
125
126
125
126
126
126
126
126
126
126
125
125
126
126
126
126
126
125
126
125
126
126
125
125
126
126
125
126
126
125
125
126
125
126
125
125
125
125
126
125
125
125
125
126
125
126
125
125
125
126
125
125
126
126
125
126
125
125
125
125
125
125
125
126
125
126
125
125
125
126
125
125
125
125
125
125
126
125
126
125
125
125
126
126
126
126
126
126
126
126
125
125
125
125
126
125
126
126
126
125
126
126
125
125
126
125
125
125
126
126
126
125
