126
126
126
125
125
125
41
125
125
125
125
125
125
125
125
125
125
125
125
125
125
125
125
125
125
125
125
125
125
125
125
125
125
125
125
125
125
125
125
125
125
125
125
125
125
125
125
125
125
125
125
125
125
125
125
125
125
125
125
125
125
125
125
125
125
125
125
125
125
125
125
125
125
125
125
125
125
125
125
125
125
125
125
125
125
125
125
125
125
125
125
125
125
125
125
125
125
125
125
125
125
125
125
125
125
125
125
125
125
125
125
125
125
125
125
125
125
125
125
125
125
125
125
125
125
125
125
125
125
125
125
125
125
125
125
125
125
125
125
125
125
125
125
125
125
125
125
125
125
125
125
125
125
125
125
125
125
125
125
125
125
125
125
125
125
125
125
125
125
125
125
125
125
125
125
125
125
125
125
125
125
125
125
125
125
125
125
125
125
125
125
125
125
125
125
125
125
125
125
125
125
125
125
125
125
125
125
125
125
125
125
125
125
125
125
125
125
125
125
125
125
125
125
125
125
125
125
125
125
125
125
125
125
125
125
125
125
125
125
125
125
125
125
125
125
125
125
125
125
125
125
125
125
125
125
125
125
125
125
125
125
125
125
125
125
125
125
125
125
125
125
125
125
125
125
125
125
125
125
125
125
125
125
125
125
125
125
125
125
125
125
125
125
125
125
125
125
125
125
125
125
125
125
125
125
125
125
125
125
125
125
125
125
125
125
125
125
125
124
125
125
125
125
125
125
125
125
125
125
125
125
125
125
125
125
125
125
125
125
125
125
125
125
125
125
125
125
125
125
125
125
125
125
125
125
125
125
125
125
125
125
125
125
125
125
125
125
125
125
125
125
125
125
125
125
125
125
125
125
125
125
125
125
125
125
125
125
125
125
125
125
125
126
125
125
125
125
125
125
125
125
125
125
125
125
125
125
125
125
125
125
125
125
126
125
125
125
125
125
125
125
125
125
125
126
126
125
124
124
124
124
124
125
126
127
127
126
125
124
124
125
126
127
127
125
122
120
125
131
130
124
117
116
122
130
131
127
125
128
131
126
117
117
127
124
113
118
149
172
133
74
85
136
135
119
139
150
147
122
77
85
157
170
114
102
136
133
103
108
136
144
139
133
120
111
108
116
138
149
128
102
110
136
142
133
123
111
113
129
129
117
125
143
136
119
118
125
126
126
126
119
111
116
131
140
135
125
120
121
128
133
127
116
117
128
136
129
109
97
115
148
156
137
122
116
111
114
121
127
141
141
114
102
130
153
130
104
115
140
137
115
108
123
135
128
120
122
129
130
125
121
121
123
125
126
126
126
125
125
127
132
133
128
120
114
114
122
129
131
127
121
121
128
135
133
124
119
122
127
127
122
117
117
122
129
132
129
125
125
125
124
124
125
128
128
125
121
121
124
128
129
126
124
124
125
126
126
126
125
124
123
123
123
124
125
125
125
126
127
127
126
125
124
124
124
125
125
125
125
126
127
126
125
124
125
124
124
124
125
126
126
125
125
125
124
123
123
124
126
126
125
125
126
126
126
126
125
125
125
126
127
126
124
123
124
125
125
125
125
125
125
124
124
124
125
126
126
125
125
125
125
125
125
124
126
126
126
125
125
125
125
125
125
125
125
125
125
126
126
125
125
125
125
125
125
124
124
125
125
126
125
125
125
125
125
125
126
126
125
125
125
125
125
124
124
125
125
126
125
125
125
125
125
125
125
125
125
125
125
125
125
125
125
125
125
125
125
125
125
125
125
125
125
125
125
126
125
125
125
125
125
125
125
125
125
124
124
125
125
125
125
125
125
125
126
125
125
125
125
125
125
125
125
125
125
125
125
125
125
125
125
125
125
125
125
125
125
125
125
125
125
125
125
125
125
125
125
125
125
125
125
125
125
125
125
125
125
125
125
125
125
125
125
125
125
125
125
125
125
125
125
125
125
125
125
125
125
125
125
125
125
125
125
125
125
125
125
125
125
125
125
125
125
125
125
125
125
125
125
125
125
125
125
125
125
125
125
125
125
125
125
125
125
125
125
125
125
125
125
125
126
126
125
124
125
126
126
125
124
125
126
126
126
124
124
125
126
125
125
125
125
124
125
126
126
124
124
125
125
126
125
125
125
125
125
125
125
125
125
124
126
126
124
124
126
126
126
125
125
125
125
125
125
125
125
125
125
125
124
125
125
125
125
124
125
125
125
125
125
125
125
125
125
125
124
125
126
126
125
125
126
126
126
125
124
125
125
124
125
126
125
124
124
125
125
124
125
125
125
126
126
125
125
125
125
125
125
125
125
125
125
125
125
125
125
125
125
125
125
125
126
125
125
124
124
125
125
125
125
125
125
125
125
125
125
125
125
124
125
125
125
125
125
125
125
125
125
125
125
126
126
126
125
125
125
125
124
124
125
125
125
125
125
125
125
124
125
125
125
125
125
126
126
124
125
125
125
124
125
125
125
125
125
125
125
125
125
125
125
124
124
126
126
125
124
124
125
126
125
124
124
124
125
125
126
126
125
124
124
125
125
126
125
125
125
125
125
125
125
125
125
125
125
124
124
125
125
125
125
126
125
126
126
126
125
125
125
124
125
125
125
125
125
125
125
125
125
125
125
125
124
125
125
125
125
125
125
125
125
125
125
125
125
125
125
125
125
125
125
125
125
125
125
125
125
125
125
125
125
125
125
124
125
125
125
125
125
125
125
125
125
125
125
125
125
125
125
125
125
125
125
125
125
125
125
125
125
125
125
125
125
125
125
125
125
125
125
125
125
125
125
125
125
126
125
124
125
125
125
125
125
125
125
125
125
125
125
126
126
125
124
125
126
127
125
124
124
125
126
126
125
124
124
125
125
125
125
126
126
124
123
125
126
125
125
125
124
125
127
127
124
122
124
128
127
124
124
125
126
124
124
126
125
124
125
125
125
124
125
126
125
124
126
124
125
125
125
126
126
125
125
125
125
125
133
120
120
124
125
125
127
127
126
126
125
124
124
125
125
126
126
125
125
125
125
125
125
125
121
117
124
127
126
128
128
128
128
126
126
126
125
126
126
126
126
125
126
126
126
126
125
125
125
127
126
126
125
125
126
125
125
125
126
125
125
125
127
126
126
125
125
122
122
125
126
124
126
127
127
127
127
126
127
127
126
126
125
125
125
124
125
125
125
125
126
125
125
125
124
124
125
125
125
125
126
126
126
125
125
125
126
125
125
126
125
125
125
125
125
125
125
125
125
123
125
125
126
125
125
125
126
126
126
126
126
126
125
126
125
125
126
125
125
125
126
125
125
125
125
125
126
125
125
124
126
125
124
125
125
126
126
125
125
125
125
126
126
126
125
123
124
126
126
126
125
125
125
126
126
126
125
126
125
125
125
125
124
125
124
125
126
126
126
126
126
126
126
125
124
124
124
125
125
126
126
126
125
126
126
126
125
125
125
125
125
125
125
125
125
125
125
125
125
125
126
127
126
126
126
125
125
126
125
125
125
124
125
125
125
125
148
77
119
125
128
127
130
129
128
127
128
126
126
126
126
126
126
126
126
126
126
126
125
126
127
127
128
126
126
125
126
126
127
126
126
126
126
126
125
124
126
126
126
126
125
126
127
93
91
134
125
132
132
133
133
131
128
128
128
129
128
126
126
127
128
128
127
115
124
125
126
127
128
127
126
126
128
128
128
128
128
128
128
127
128
126
126
124
125
126
126
124
124
126
127
128
127
125
125
124
126
127
126
125
124
125
125
126
125
124
124
125
126
126
127
127
127
126
123
124
125
127
126
124
123
126
128
127
125
124
124
125
124
124
125
125
125
127
126
124
125
126
127
125
123
125
127
128
126
124
124
125
126
126
125
124
42
125
126
125
125
126
126
125
126
125
125
125
125
125
125
125
125
126
126
125
125
126
125
125
125
125
125
125
125
125
126
125
126
125
125
125
125
125
125
125
125
125
125
125
125
125
125
126
125
125
126
126
125
125
125
125
125
125
125
125
125
125
125
125
125
125
125
125
125
125
125
125
125
125
125
125
125
125
125
125
125
125
125
125
125
125
125
125
125
125
125
125
125
125
125
125
125
125
125
125
125
125
125
125
125
125
125
125
125
125
125
125
125
125
125
125
125
125
125
125
125
125
125
125
125
125
125
125
125
125
125
125
125
125
125
125
125
125
125
125
125
125
125
125
125
125
125
125
125
125
125
125
125
125
125
125
125
125
125
125
125
126
125
125
126
126
125
126
126
126
126
126
126
126
125
126
126
125
126
126
125
126
126
126
126
126
126
126
126
125
125
125
126
126
126
125
126
125
125
125
126
125
126
126
126
125
125
126
125
125
126
126
126
125
126
125
126
126
126
126
126
126
126
126
126
125
125
125
126
125
125
125
125
125
126
126
125
126
125
125
125
125
125
125
125
125
125
125
125
125
125
125
125
125
125
125
125
125
126
125
125
125
125
125
125
125
125
125
126
126
125
125
126
125
126
125
125
125
125
126
125
125
125
126
126
125
125
125
126
126
125
125
125
125
125
125
125
125
125
125
125
126
125
125
125
125
125
125
125
125
125
125
125
125
126
125
125
125
125
125
125
125
126
125
125
125
125
125
125
125
125
125
125
125
125
125
125
125
125
125
125
125
125
125
125
125
125
125
125
125
125
125
125
125
125
