131
133
125
124
125
124
36
125
125
125
125
125
125
125
125
125
125
125
125
125
125
125
125
125
125
125
125
125
125
125
125
125
125
125
125
125
125
125
125
125
125
125
125
125
125
125
125
125
125
125
125
125
125
125
125
125
125
125
125
125
125
125
125
125
125
125
125
125
125
125
125
125
125
125
125
125
125
125
125
125
125
125
125
125
125
125
125
125
125
125
125
125
125
125
125
125
125
125
125
125
125
125
125
125
125
125
125
125
125
125
125
125
125
125
125
125
125
125
125
125
125
125
125
125
125
125
125
125
125
125
125
125
125
125
125
125
125
125
125
125
125
125
125
125
125
125
125
125
125
125
125
125
125
125
125
125
125
125
125
125
125
125
125
125
125
125
125
125
125
125
125
125
126
124
125
125
125
125
126
125
126
125
125
125
125
125
126
125
125
125
126
125
125
125
125
125
125
125
125
125
125
126
125
125
126
125
125
125
125
125
125
125
125
125
125
125
125
125
125
125
125
125
125
125
126
126
126
125
125
126
125
125
126
125
125
125
125
125
126
126
125
125
125
125
125
125
125
125
126
125
125
125
126
125
125
125
125
125
125
125
125
125
125
125
125
125
125
125
125
125
125
125
125
125
125
125
125
125
125
125
125
125
125
125
125
125
125
125
125
125
125
125
125
125
125
125
125
125
125
125
125
125
125
125
125
125
125
125
125
125
125
125
125
125
125
125
125
125
125
125
125
125
125
125
125
125
125
125
125
125
125
125
125
125
125
125
125
125
125
125
125
125
125
125
125
125
125
125
125
125
125
125
125
125
125
125
125
125
125
125
125
125
125
125
125
125
125
125
125
125
125
125
125
125
126
125
125
125
125
125
125
125
125
125
125
125
125
125
125
126
126
125
125
125
125
125
125
125
125
125
125
125
125
125
125
125
125
125
125
125
125
125
125
125
125
125
125
125
125
125
125
125
125
125
125
125
125
125
125
125
125
125
125
125
125
125
125
125
125
125
125
125
125
125
125
125
125
125
125
125
125
125
125
125
125
125
125
125
125
125
125
125
125
125
125
125
125
125
126
125
125
125
125
125
125
125
125
125
125
125
125
125
125
125
125
125
125
125
125
125
125
125
125
125
125
125
125
125
125
125
125
125
125
125
125
125
125
125
125
125
125
125
125
125
125
125
125
125
125
125
125
125
125
125
125
125
125
125
125
125
125
125
125
125
125
125
125
125
125
125
125
125
125
125
125
125
125
125
125
125
125
125
125
125
125
125
125
125
125
125
125
126
125
125
125
125
126
126
125
123
123
124
125
125
126
128
129
128
124
120
120
120
120
124
130
124
124
149
162
121
52
50
138
240
229
109
26
61
124
187
166
92
36
77
153
164
255
216
7
40
231
198
141
75
255
255
165
20
109
123
60
149
254
127
16
35
165
233
189
86
43
104
165
149
112
106
114
132
154
147
111
91
102
130
145
127
101
112
144
156
140
117
97
99
124
143
137
125
128
128
119
117
128
133
127
119
116
120
133
141
133
118
112
116
123
130
134
128
119
120
129
132
126
120
123
129
129
125
122
122
124
128
131
129
126
127
125
119
118
125
131
129
125
122
121
122
126
129
127
124
126
127
127
126
124
123
125
127
125
123
127
129
127
126
124
122
125
127
124
124
129
129
123
123
125
125
124
125
127
128
128
126
123
124
128
127
125
126
128
127
124
123
126
128
126
124
123
124
125
127
126
124
124
126
128
128
127
126
125
125
125
124
123
124
126
127
128
128
126
124
124
125
125
125
125
125
125
126
125
125
126
127
127
127
126
126
125
125
124
124
125
125
125
125
126
126
126
126
126
125
126
125
125
125
126
125
125
125
125
125
126
125
125
125
125
125
125
125
126
125
126
126
126
126
125
125
125
125
125
125
125
125
125
126
125
126
127
126
126
126
125
125
125
125
125
125
125
125
126
126
126
125
125
125
125
125
125
125
125
125
125
125
126
126
126
126
126
126
126
126
126
125
125
125
124
125
125
125
125
125
126
126
126
126
126
125
126
125
125
124
124
125
126
126
126
125
125
126
126
126
125
124
124
125
126
126
125
126
125
125
125
126
126
125
125
125
126
126
126
125
124
124
125
126
126
125
125
126
129
126
125
125
126
125
125
124
123
124
126
126
124
124
125
126
125
125
126
126
126
125
126
126
125
124
125
126
126
125
125
125
125
125
126
126
125
125
126
126
125
125
126
126
125
125
125
126
125
124
124
125
126
127
126
124
124
127
127
125
122
123
126
128
126
124
123
125
126
126
125
125
125
125
125
125
125
125
126
126
124
123
124
126
128
126
125
124
125
127
127
125
123
125
126
126
125
124
124
126
127
126
124
124
124
125
126
126
125
125
125
125
125
125
125
125
125
125
126
125
125
125
125
125
125
125
125
125
125
126
125
125
125
125
125
125
125
126
125
125
125
125
125
125
125
125
125
125
125
125
125
125
125
125
125
125
125
125
125
125
126
125
125
125
125
125
125
125
125
125
125
125
125
125
125
125
125
125
125
125
125
125
125
125
125
125
125
125
125
125
125
125
125
125
125
125
125
125
125
125
125
125
125
125
125
125
125
125
125
125
125
125
125
125
125
125
125
125
125
125
125
125
125
125
125
125
125
125
125
125
125
125
125
125
125
125
125
125
125
125
126
125
125
125
125
125
125
125
125
125
125
125
125
125
125
125
125
126
125
125
125
125
125
125
125
125
125
125
125
125
125
125
125
125
125
125
125
125
125
125
125
125
125
125
125
125
125
125
125
126
126
125
125
125
131
119
125
125
125
125
127
127
126
126
125
125
125
125
125
125
126
125
126
125
125
125
126
125
125
125
126
126
125
126
126
126
126
125
125
126
125
126
126
125
126
126
126
126
126
126
125
125
125
126
125
126
126
125
126
126
126
126
126
125
126
125
125
125
125
126
126
124
122
124
125
125
126
127
127
126
127
126
126
126
126
125
125
125
126
126
126
125
125
125
125
125
125
125
125
125
125
125
125
125
125
125
125
125
126
125
125
125
125
125
125
125
125
125
125
126
125
126
125
125
125
125
126
126
125
125
125
125
126
125
125
125
125
125
125
125
125
125
125
126
125
125
125
125
126
126
126
125
124
126
126
126
125
125
126
126
126
125
124
126
126
126
125
125
126
126
125
125
126
125
126
125
126
126
126
125
125
125
126
125
125
125
125
126
125
125
125
126
126
126
125
125
125
126
126
125
125
126
125
125
126
125
125
126
125
125
126
125
125
125
125
126
126
125
125
125
126
129
128
126
124
125
124
124
124
124
124
126
126
125
125
125
126
126
126
125
125
125
125
125
126
126
124
124
125
127
127
126
124
125
125
125
125
125
125
124
124
126
126
124
125
127
125
124
125
127
129
126
120
120
125
130
129
124
121
123
126
126
126
125
126
126
126
124
124
125
127
126
123
122
126
128
126
125
123
124
125
126
127
126
125
125
123
123
126
128
126
125
123
124
124
124
126
125
125
125
126
125
125
127
127
126
123
124
125
126
126
124
124
124
125
126
127
125
124
125
124
126
126
126
126
124
125
126
125
125
125
126
125
125
125
125
126
126
126
124
125
126
126
126
125
126
126
125
125
125
125
125
125
125
125
125
125
126
125
125
124
125
126
126
125
125
127
124
124
125
125
125
125
125
124
125
125
124
125
125
127
123
126
123
126
126
124
125
124
125
126
125
125
125
125
125
125
126
126
126
125
125
125
125
126
125
125
125
124
125
125
125
125
124
125
126
125
126
126
126
126
125
139
149
98
130
121
125
126
128
126
126
126
125
123
124
124
125
125
125
125
124
124
124
125
126
125
122
37
125
125
126
125
125
125
125
125
125
125
125
125
125
125
125
125
125
125
125
125
125
125
125
125
125
125
125
125
125
125
125
125
125
125
125
125
125
125
125
125
125
125
125
125
125
125
125
125
125
125
125
125
125
125
125
125
125
125
126
125
125
125
125
125
125
125
125
125
125
125
125
125
125
125
125
125
125
125
125
125
125
125
125
125
125
125
125
125
125
125
125
125
125
125
125
125
125
125
125
125
125
125
125
125
125
125
125
125
125
125
125
125
125
125
125
125
125
125
125
125
125
125
125
125
125
125
125
125
125
125
125
125
125
125
125
125
125
125
125
125
125
125
125
125
125
125
125
125
126
125
125
125
125
125
125
125
126
125
125
125
125
125
125
125
125
125
125
125
125
125
125
125
125
125
125
125
125
125
125
125
125
125
125
125
125
125
125
125
125
125
125
125
125
125
125
125
125
125
125
125
125
125
125
125
125
125
125
125
125
125
125
125
125
125
125
125
125
125
125
125
126
126
125
125
125
125
125
125
125
125
125
125
125
125
125
125
125
125
125
125
125
125
125
125
126
125
125
125
125
125
125
125
125
125
125
125
125
125
125
125
125
125
125
125
125
125
125
125
125
125
125
125
125
125
125
125
125
125
125
125
125
125
125
125
125
125
125
125
125
125
125
125
125
125
125
124
125
125
125
125
126
125
125
125
125
125
125
125
125
125
125
125
125
125
125
125
125
125
125
125
125
125
125
125
125
125
125
125
125
125
125
125
125
125
126
125
125
125
125
125
125
125
125
125
125
125
125
125
125
125
125
125
125
125
