127
125
126
126
125
125
59
125
126
126
125
125
125
125
125
126
125
125
125
125
125
125
126
125
125
125
125
125
125
125
125
125
125
125
125
125
125
125
125
125
125
125
125
125
125
125
125
125
125
125
125
125
125
125
125
125
125
125
125
125
126
125
125
125
125
125
125
125
125
125
125
125
125
125
125
125
125
125
125
125
125
125
125
125
125
125
125
125
125
125
125
125
125
125
125
125
125
125
125
125
125
125
125
125
125
125
125
125
125
125
125
125
125
125
125
125
125
125
125
125
125
125
125
125
125
125
125
125
125
125
125
125
125
125
125
125
125
125
125
125
125
125
125
125
125
126
125
125
126
125
125
126
125
125
125
125
125
125
125
126
126
126
126
126
126
126
126
126
125
125
125
125
125
125
126
125
126
126
126
126
126
126
126
126
126
126
126
125
125
126
126
125
125
126
126
126
126
126
126
126
126
126
126
125
125
126
126
126
126
126
126
126
125
126
126
126
126
126
125
125
126
126
126
126
125
125
125
125
125
125
125
125
125
126
125
125
125
126
126
126
125
125
125
125
125
126
125
125
126
126
125
126
125
126
126
126
125
125
126
125
126
126
125
125
125
126
125
126
126
126
126
126
125
126
126
125
126
126
126
126
126
125
125
125
126
125
126
125
126
126
126
126
126
126
126
126
125
126
126
125
126
125
126
125
125
126
125
126
126
126
125
126
125
126
125
125
126
125
125
126
126
125
126
125
126
125
125
125
126
126
125
126
126
126
125
126
125
125
126
125
125
126
125
125
125
125
126
125
126
126
126
125
125
125
125
126
126
125
125
126
126
126
126
125
125
125
125
126
126
125
125
125
126
126
125
125
125
125
125
126
125
125
125
125
125
125
125
125
125
125
125
125
126
126
126
127
126
126
125
125
125
125
125
125
125
125
125
125
125
126
126
126
126
126
125
125
125
125
125
125
125
125
125
125
125
125
125
125
125
125
125
125
125
125
125
125
125
125
125
125
125
125
125
125
125
125
125
125
125
125
125
126
124
125
125
125
125
126
125
125
125
125
125
125
125
125
126
126
126
126
125
125
125
125
125
125
126
125
125
126
126
126
125
126
125
126
125
126
125
125
125
125
126
126
125
125
125
125
125
125
126
126
125
125
126
125
125
126
126
126
126
125
125
125
125
125
125
126
126
126
123
123
125
128
128
126
124
123
126
129
129
128
129
129
128
121
113
111
118
124
128
134
138
134
131
134
126
108
110
129
134
124
117
122
139
144
119
91
88
118
167
183
138
109
92
109
129
129
141
164
150
90
51
75
149
210
202
125
54
61
91
127
181
195
117
39
74
174
218
166
85
58
114
164
141
96
102
145
147
105
93
139
181
161
98
69
110
154
140
102
106
154
173
124
72
86
142
164
140
114
112
125
136
134
123
117
120
124
129
130
123
118
123
131
129
122
122
131
136
132
121
113
116
129
137
133
124
122
123
122
121
124
129
129
125
122
123
126
126
125
125
127
126
124
123
126
130
130
129
127
125
120
117
119
125
130
131
129
127
126
126
125
125
125
126
126
125
122
120
120
123
127
129
128
125
124
124
126
126
126
125
126
126
125
124
124
126
128
128
127
125
124
124
124
125
126
126
125
124
124
125
125
125
125
126
126
126
125
125
125
126
125
125
125
126
126
126
125
125
125
125
126
126
125
125
125
125
126
127
126
125
124
125
126
126
125
125
125
125
125
124
125
125
126
125
125
125
126
126
126
125
125
125
126
125
126
126
126
126
127
127
124
125
125
124
125
125
125
126
125
125
125
125
125
125
126
126
126
125
126
126
126
125
126
125
126
126
124
126
126
127
127
127
126
126
126
125
125
125
125
125
125
125
126
126
126
126
126
126
126
126
126
126
126
126
126
126
127
126
125
125
125
125
126
126
126
125
123
126
127
126
126
126
126
126
126
126
126
126
126
125
124
125
125
125
125
125
126
127
126
126
126
126
126
126
126
125
125
125
125
125
125
125
125
126
127
126
127
126
126
126
126
126
125
125
125
125
125
126
125
125
125
125
126
126
125
125
126
126
126
125
125
126
126
126
126
125
126
126
126
126
126
126
126
126
126
126
126
125
125
125
125
126
125
125
125
125
125
125
125
125
126
126
126
125
125
126
126
126
125
125
126
125
125
126
126
126
126
126
126
125
126
126
126
126
125
125
125
126
126
126
125
125
125
125
125
125
125
126
126
126
126
126
126
126
126
126
125
125
125
125
126
126
125
125
128
126
126
124
125
125
125
125
125
126
126
126
125
125
125
125
125
125
125
125
125
126
126
125
125
125
125
125
125
125
126
126
126
126
126
128
126
125
125
125
124
125
125
125
125
126
125
125
125
125
125
125
125
125
125
126
126
125
126
125
125
126
126
125
125
125
125
125
125
125
125
125
125
125
125
125
126
126
125
126
126
126
127
126
126
125
125
125
126
126
125
123
124
126
126
126
126
126
125
125
125
126
125
125
125
124
124
124
125
125
125
125
126
126
127
127
127
126
126
126
126
125
124
124
124
124
124
125
126
126
126
127
127
126
126
125
125
125
125
124
124
124
125
125
125
125
125
126
126
126
126
125
125
125
125
125
125
125
125
125
125
125
125
125
125
125
125
126
126
125
125
126
126
126
125
125
125
125
125
125
124
124
125
125
125
125
125
125
126
127
126
126
126
125
125
125
125
125
125
125
125
125
125
125
125
125
126
126
125
125
125
125
125
125
125
125
125
125
125
125
125
125
126
125
125
125
125
125
125
125
125
125
124
126
126
125
125
125
125
125
126
125
125
126
126
126
125
125
125
125
126
125
125
125
125
125
125
125
125
125
125
126
126
125
125
125
126
125
125
125
125
125
125
125
125
126
125
125
125
125
126
125
125
125
125
125
125
125
128
129
112
124
126
126
128
127
127
126
125
125
125
125
125
125
125
125
125
126
126
125
125
125
125
109
123
127
127
128
129
129
129
130
128
126
126
126
125
126
127
126
123
123
125
127
128
127
127
127
126
126
126
126
126
127
125
124
125
125
125
125
126
126
128
128
128
127
123
127
128
125
126
124
125
125
125
125
125
127
126
127
127
127
127
126
126
125
125
124
124
124
125
125
125
125
126
126
126
126
126
125
125
125
125
125
125
125
125
125
125
126
126
126
126
125
126
126
125
126
126
126
126
125
126
126
126
126
125
125
124
124
124
125
125
125
125
125
126
126
127
126
126
126
126
126
126
126
125
125
126
126
126
126
126
126
126
126
125
125
126
126
125
125
124
125
125
125
125
125
126
125
125
126
126
126
126
125
127
127
124
124
125
126
126
126
126
126
126
126
125
126
127
126
125
125
125
125
126
126
126
127
126
125
125
125
126
125
125
125
125
125
125
125
126
127
133
126
125
124
123
122
124
125
125
125
126
126
125
125
125
126
126
125
125
125
126
126
126
126
126
126
126
125
125
125
125
127
132
126
124
125
124
123
123
123
125
125
125
124
125
126
125
124
124
123
126
128
126
125
126
128
129
126
125
126
126
124
123
126
127
124
121
122
126
128
128
126
124
126
127
127
124
122
122
122
122
125
125
124
123
124
127
129
129
129
129
129
127
126
125
125
123
122
123
122
123
125
126
127
127
129
129
127
125
124
124
124
124
123
124
124
123
124
125
126
126
138
133
105
126
124
125
129
129
127
126
126
124
124
125
124
126
126
126
126
126
126
126
125
125
126
125
125
125
126
126
124
125
125
124
124
124
110
70
133
122
133
134
135
135
133
132
129
127
128
126
126
127
127
127
127
127
128
127
127
128
127
126
126
126
126
126
125
119
116
125
127
127
130
129
130
130
60
126
126
126
125
125
125
126
126
126
125
126
125
126
125
126
126
125
126
126
125
126
126
125
125
126
125
125
126
125
126
126
126
126
125
126
125
126
125
125
125
126
125
125
126
126
126
126
126
126
125
125
125
125
126
126
126
125
126
126
126
126
125
126
126
125
125
126
126
125
125
125
126
125
126
125
126
126
126
126
125
126
126
125
125
126
126
126
125
125
125
126
125
126
126
126
126
126
126
126
125
126
126
126
126
125
126
126
125
126
126
125
126
126
125
125
125
126
125
126
125
125
125
125
125
126
126
125
125
126
125
125
125
125
125
126
125
125
125
125
125
125
126
125
125
125
125
126
126
126
125
125
125
125
125
125
125
125
125
125
125
125
125
125
125
125
125
125
125
125
126
125
125
125
125
125
125
125
125
125
125
125
125
125
125
125
125
125
125
125
125
125
125
125
125
125
125
125
125
125
125
125
125
125
125
125
125
125
125
125
125
125
125
125
125
125
125
125
125
125
125
125
125
125
125
125
125
125
125
125
125
125
125
125
125
125
125
125
125
125
125
125
125
125
125
125
125
125
125
125
125
125
125
125
125
125
125
125
125
125
125
125
125
125
125
125
125
125
125
125
125
125
125
125
125
125
125
125
125
125
125
125
125
125
125
125
125
125
125
125
125
125
125
125
125
125
125
125
125
125
125
125
125
125
125
125
125
125
125
125
126
124
125
125
125
125
126
126
125
125
126
125
125
125
125
125
125
126
125
126
125
125
126
125
125
125
125
125
126
126
126
126
126
126
126
126
126
126
126
126
126
126
126
126
127
