126
126
126
126
125
125
27
126
125
125
125
126
125
125
125
126
125
125
125
125
125
125
125
126
125
125
125
125
125
125
125
125
125
125
125
125
125
125
125
125
125
125
126
125
125
125
126
126
126
126
126
126
126
126
126
126
125
126
126
126
126
126
126
125
126
125
126
126
125
126
126
125
126
126
126
126
126
126
126
126
125
126
126
126
126
126
126
126
126
126
125
126
125
126
126
126
126
126
126
126
126
125
126
126
126
125
126
126
126
125
125
126
126
125
126
126
126
125
125
126
125
125
126
125
126
125
125
125
125
126
125
125
125
125
125
125
125
125
126
126
125
125
125
125
125
125
125
125
125
125
125
126
125
126
125
125
125
125
125
125
125
125
125
125
125
126
125
125
126
126
126
125
125
125
125
125
125
125
125
126
126
125
125
125
125
126
126
125
126
126
125
126
125
125
125
125
125
125
125
125
125
125
125
125
126
125
125
125
126
125
126
125
125
125
125
125
125
125
125
125
125
126
125
125
125
125
125
125
125
125
125
125
125
125
125
125
125
125
126
125
125
125
125
125
125
126
125
125
125
125
125
125
125
126
126
125
125
126
126
125
125
125
125
125
125
125
125
125
125
125
125
125
125
126
125
122
117
124
146
154
129
92
90
114
126
140
168
158
92
81
114
106
128
214
223
65
3
121
240
162
15
58
222
244
86
12
106
185
170
132
114
95
97
134
137
108
125
151
112
89
130
150
135
123
116
115
125
130
126
127
127
122
125
131
123
115
126
137
126
113
121
131
124
117
124
132
127
121
124
131
129
122
120
124
127
127
125
124
124
125
126
127
129
129
127
123
121
124
129
129
123
119
121
127
129
127
123
122
125
130
130
126
124
124
125
126
125
124
124
123
124
126
127
127
126
125
125
125
126
125
124
123
123
126
127
127
126
125
125
126
126
126
125
125
124
124
125
125
125
125
125
125
126
126
126
126
125
125
125
126
125
125
124
124
125
126
126
125
125
125
126
126
126
126
126
126
126
125
125
125
125
125
125
126
124
124
125
125
125
125
125
125
126
126
126
126
126
126
126
126
126
125
125
125
125
125
125
125
125
126
126
126
126
126
126
126
125
125
125
125
125
125
126
126
126
126
126
125
125
126
125
125
126
126
126
125
126
126
125
126
125
126
126
126
125
125
125
125
125
125
125
125
126
126
125
126
126
126
126
126
126
126
125
125
125
125
125
125
125
125
125
126
126
125
125
126
126
126
126
125
125
125
125
125
126
126
126
125
125
126
126
126
125
125
125
125
125
126
126
126
126
126
125
125
125
125
125
126
126
126
126
125
125
125
125
125
125
125
126
126
126
125
126
126
126
125
125
124
123
124
127
128
127
126
126
126
126
126
127
126
123
122
123
125
125
125
124
126
129
129
127
124
122
125
131
131
124
120
124
129
128
125
124
126
126
125
124
124
125
127
128
127
124
123
124
125
125
128
128
125
121
120
126
133
132
125
120
122
126
128
127
125
125
125
124
123
125
127
129
129
127
125
124
123
125
127
127
125
124
124
125
126
126
127
128
127
125
125
126
125
122
120
122
127
131
131
126
121
123
128
129
127
124
128
129
123
117
118
128
136
132
119
113
122
141
139
112
98
125
153
145
119
108
115
127
133
132
126
121
124
127
124
120
122
132
135
124
116
121
127
128
130
129
122
120
124
127
126
125
123
124
128
128
126
124
125
124
124
125
127
126
125
123
124
126
127
126
125
125
125
124
125
127
127
126
124
124
125
125
126
126
126
125
125
125
125
125
125
125
126
126
126
126
125
125
126
125
125
125
125
125
125
126
126
126
125
125
125
126
126
126
125
125
125
125
125
125
125
125
126
125
125
125
125
125
125
125
125
125
126
126
126
125
125
125
125
125
125
125
125
125
125
125
125
125
125
125
125
125
125
126
126
125
125
125
125
125
125
125
126
126
126
125
124
124
125
125
126
126
125
125
125
125
126
126
126
125
125
125
125
125
125
125
125
125
125
125
125
125
125
125
126
126
125
125
125
126
126
125
125
125
125
125
125
125
125
125
125
125
125
125
125
125
125
125
125
125
125
125
125
125
125
125
125
126
126
124
125
126
125
126
126
126
126
126
125
125
125
126
126
125
126
125
125
125
125
126
125
125
125
125
124
124
125
125
126
126
127
126
126
126
126
126
126
126
126
126
125
126
126
126
126
126
126
126
126
126
126
126
125
126
126
126
125
126
126
126
125
125
125
126
125
123
125
126
126
126
126
126
126
127
126
125
126
126
126
126
125
125
125
126
126
126
125
126
125
126
126
125
126
126
126
125
126
126
126
125
125
126
126
126
125
125
125
125
126
125
125
126
126
125
125
126
126
126
126
125
125
125
125
125
126
126
126
125
125
126
126
126
126
125
125
126
126
126
125
126
126
125
125
126
126
126
125
125
126
126
125
125
125
125
126
125
126
125
125
126
126
126
126
125
125
125
125
126
126
126
125
125
125
126
126
126
126
125
126
126
125
125
125
126
125
125
125
126
126
126
126
125
126
126
127
126
126
126
126
126
126
125
125
125
125
125
126
126
126
126
126
126
126
128
127
126
125
125
125
124
124
124
125
125
125
125
126
126
126
125
126
126
126
126
126
125
125
125
125
126
126
125
126
125
125
126
125
127
128
126
125
125
125
125
125
125
125
125
125
125
125
125
125
125
125
125
125
126
126
126
125
125
125
125
125
125
125
125
125
125
126
126
126
126
126
131
112
121
124
126
126
127
127
127
127
126
125
125
125
126
126
126
125
126
126
126
125
126
126
125
125
126
126
126
126
126
126
126
126
126
126
126
125
126
126
126
126
126
125
125
125
115
125
126
125
128
128
128
127
127
126
126
126
126
126
125
125
125
126
126
126
126
122
124
126
127
126
127
126
126
127
127
126
126
126
126
126
126
125
125
126
126
126
126
126
126
126
126
126
125
125
125
125
125
125
126
126
126
126
125
126
126
126
126
125
125
125
125
126
126
125
125
126
126
127
126
126
125
125
126
126
125
124
124
124
125
125
125
125
125
125
126
127
128
127
126
126
126
126
126
125
125
124
125
125
125
126
126
126
126
126
126
126
125
125
125
125
125
125
125
126
126
126
125
125
125
126
126
125
126
125
125
125
125
126
126
125
126
125
126
126
126
127
126
125
125
126
125
126
125
125
126
125
126
126
126
126
126
125
126
126
126
126
126
126
126
126
126
126
125
129
128
126
125
125
124
124
124
124
124
125
125
125
125
126
125
125
126
125
126
125
125
125
126
126
126
125
126
125
125
126
126
126
125
125
126
126
126
125
125
125
126
126
125
125
126
126
125
125
125
125
125
126
130
130
127
124
125
124
123
124
124
124
125
125
125
125
125
125
126
125
125
126
126
126
126
126
126
125
125
125
125
125
125
125
125
126
126
125
126
125
126
126
126
125
125
125
125
125
125
125
126
126
125
126
126
125
125
125
125
125
125
124
124
124
126
126
126
126
126
126
127
126
125
125
124
125
126
126
125
123
124
127
127
127
125
125
125
126
126
125
125
123
124
124
125
125
125
124
124
125
127
127
127
127
126
127
127
125
125
125
124
125
125
126
126
126
126
126
126
126
126
125
125
125
125
125
124
124
125
125
126
124
125
125
126
126
125
125
125
125
125
125
125
125
125
125
125
126
126
125
125
125
125
125
126
125
126
125
126
125
126
127
126
126
125
125
126
125
124
125
125
124
125
125
126
126
126
126
125
125
125
125
125
126
124
125
125
125
126
125
125
125
125
125
126
125
126
125
125
126
124
125
125
124
125
125
124
125
126
125
125
125
125
125
125
126
126
124
26
125
125
125
125
125
125
125
126
125
125
125
125
125
125
125
125
125
125
125
125
125
125
125
125
125
125
125
125
125
125
125
125
125
125
125
125
125
125
125
125
125
125
125
125
125
126
125
125
125
125
125
125
125
125
125
125
125
125
125
125
125
125
125
125
125
125
125
125
125
125
125
125
125
125
125
125
125
125
125
125
125
125
125
125
125
125
125
125
125
125
125
125
125
125
125
125
125
125
125
125
125
125
125
125
125
125
125
125
125
125
125
125
125
125
125
125
125
125
125
125
125
125
125
125
125
125
125
125
125
125
125
125
125
125
125
125
125
125
125
125
125
125
125
125
126
125
125
125
125
125
125
125
125
125
125
125
125
125
125
125
125
125
125
125
125
125
125
125
125
125
125
125
125
125
125
125
125
126
125
125
126
126
126
126
126
126
126
126
126
125
125
126
126
126
126
126
126
126
126
126
125
125
125
125
125
126
125
125
126
126
126
126
126
126
126
126
126
126
126
126
126
126
126
125
125
126
126
126
126
126
126
126
126
126
126
126
126
126
125
126
126
126
126
126
126
126
126
126
126
126
126
126
126
126
125
125
126
126
126
126
125
125
126
126
126
125
125
125
125
125
124
125
128
141
147
121
93
89
112
135
189
182
75
52
131
188
134
76
135
188
115
75
149
137
68
115
208
171
71
68
117
153
167
146
92
82
144
167
105
80
139
161
108
90
133
157
136
114
115
125
130
125
125
131
128
121
120
124
128
132
130
120
118
127
133
126
117
119
127
130
128
125
124
126
129
127
121
120
126
133
132
123
116
125
