130
127
122
115
118
124
70
125
125
125
125
125
125
125
125
125
125
125
125
125
125
125
125
125
125
125
125
125
125
125
125
125
125
125
125
125
125
125
125
125
125
125
125
125
125
125
125
125
125
125
125
125
125
125
125
125
125
125
125
125
125
125
125
125
125
125
125
125
125
125
125
125
125
125
125
125
125
125
125
125
125
125
125
125
125
125
125
125
125
125
125
125
125
125
126
125
125
125
125
125
125
125
125
125
125
125
125
125
125
125
125
125
125
126
126
125
125
125
125
125
125
125
125
125
125
125
125
125
125
125
125
125
125
125
125
125
125
125
125
125
125
125
125
125
125
125
125
125
125
125
125
125
125
125
125
125
125
125
125
125
125
125
125
125
125
125
125
125
125
125
125
125
125
125
125
125
125
126
125
125
125
125
125
125
125
125
125
125
125
125
125
125
125
125
125
125
126
125
125
125
125
126
126
125
125
125
125
125
125
125
125
125
125
125
125
125
125
125
125
125
125
125
125
125
125
125
125
125
125
125
125
125
125
125
125
125
125
125
125
125
125
125
125
125
125
125
125
125
125
125
125
125
125
125
125
125
125
125
125
125
125
125
125
125
125
125
125
125
125
125
125
125
125
125
126
125
125
125
126
126
126
126
126
126
126
126
126
126
126
126
126
126
126
126
126
126
126
126
126
126
126
126
126
126
126
126
126
126
126
126
126
126
126
126
126
125
126
126
126
126
126
126
126
126
126
126
126
126
126
126
126
126
126
126
126
126
126
126
126
126
126
126
126
126
126
126
126
126
125
125
125
125
126
126
126
126
126
125
126
126
125
126
126
126
125
125
125
125
126
126
125
125
125
126
125
125
125
126
125
125
125
125
126
125
125
125
126
125
125
125
126
126
125
125
125
125
125
125
125
125
125
125
125
125
125
125
125
126
126
126
125
126
125
125
126
126
125
125
125
125
125
126
126
126
126
126
126
126
126
126
126
126
125
125
125
125
125
126
126
126
126
125
125
126
126
126
126
125
126
125
125
125
125
125
125
125
126
126
126
126
126
125
126
126
125
125
125
125
125
126
125
125
125
126
125
125
125
125
125
125
125
125
125
125
126
126
126
126
125
126
126
125
125
125
125
125
125
125
126
126
125
125
125
125
125
125
125
125
125
125
125
125
125
125
125
125
125
125
125
125
125
125
125
125
125
125
125
125
125
125
125
125
125
125
125
125
125
125
125
125
125
125
125
125
125
125
125
125
125
125
125
125
126
126
125
125
125
125
126
125
125
125
125
125
125
125
125
126
125
125
125
125
125
125
125
125
125
125
126
125
125
125
125
125
125
125
125
125
126
125
125
125
125
126
125
125
125
125
126
126
125
125
125
126
126
125
125
125
125
126
125
126
125
126
126
126
126
125
125
126
125
126
125
125
125
125
126
125
125
125
125
126
125
125
125
125
126
126
126
125
125
125
125
125
125
125
125
125
125
125
125
125
126
125
125
125
126
126
126
125
125
125
125
125
125
125
125
126
125
125
125
125
125
126
126
125
125
126
126
125
125
125
125
125
124
123
123
125
127
129
128
126
125
126
127
125
124
124
125
125
124
124
125
125
125
126
127
126
125
124
125
127
127
126
124
124
125
126
126
125
125
126
126
125
125
125
125
125
126
125
125
125
126
126
126
125
124
124
125
124
124
125
126
126
126
127
128
127
126
125
123
122
123
125
126
127
127
126
125
125
125
126
126
126
126
125
124
124
124
126
126
127
128
127
125
123
124
125
125
126
126
124
124
125
125
125
125
125
126
126
126
126
126
126
125
126
126
125
126
125
125
125
126
126
126
125
126
126
124
123
124
126
126
125
125
126
126
126
126
126
125
125
125
125
126
128
128
125
123
125
125
126
128
126
120
122
129
127
123
125
125
122
127
132
129
123
123
124
116
106
114
144
174
170
100
19
61
206
243
106
26
114
190
164
118
100
86
88
129
164
154
144
159
122
44
74
164
170
139
137
102
77
125
161
125
100
134
150
115
100
168
171
87
71
118
143
144
138
120
120
134
130
114
108
119
134
132
130
135
136
128
114
108
123
136
123
101
113
157
177
133
73
79
141
172
139
96
97
129
154
149
120
93
102
139
151
128
106
109
128
147
148
128
107
104
121
138
138
124
119
127
131
124
114
114
126
141
146
138
125
108
99
110
132
145
136
123
118
117
120
131
137
125
116
126
134
128
118
119
126
130
125
121
122
126
132
135
131
120
115
121
129
130
120
113
125
142
137
116
112
128
135
127
120
119
126
130
124
120
128
131
126
125
124
124
126
131
128
124
124
120
116
121
130
131
129
128
123
120
124
129
129
126
123
126
134
133
122
113
116
122
125
129
133
133
126
115
113
122
133
136
133
128
118
117
133
136
116
105
122
142
136
117
114
129
138
132
121
114
119
126
128
135
142
130
107
102
122
139
133
121
125
137
131
115
116
131
136
124
114
119
125
121
121
137
150
134
107
106
127
139
132
123
120
121
125
127
124
122
125
122
116
115
134
152
137
112
111
123
131
132
127
119
114
121
137
137
117
122
146
120
99
133
149
122
109
114
117
135
148
132
112
116
130
129
121
115
114
126
145
152
135
106
96
111
144
155
131
104
105
126
139
136
125
114
116
129
137
130
119
113
121
131
132
123
121
128
133
127
121
126
132
125
115
118
129
132
126
119
121
139
146
105
71
116
202
194
66
16
137
241
155
31
84
202
143
48
97
218
242
54
77
145
255
151
16
65
203
208
117
68
92
126
160
169
117
76
105
139
138
146
154
127
92
92
118
136
137
135
136
121
99
112
152
162
132
103
107
127
132
120
116
127
132
124
120
130
136
128
121
118
116
122
136
139
125
115
120
126
125
124
127
128
123
124
141
137
89
77
162
211
112
26
120
202
140
94
123
127
122
129
107
95
151
183
106
55
125
224
127
59
112
167
139
103
102
123
147
150
121
100
117
132
126
125
131
127
119
122
134
133
124
121
124
126
127
128
123
116
115
124
134
137
131
123
118
122
126
124
121
123
126
128
126
122
125
131
131
128
125
122
122
128
129
123
119
122
127
126
121
123
132
135
129
121
121
125
128
126
122
125
139
91
127
118
125
126
125
127
129
131
132
131
127
123
123
123
124
126
127
123
122
124
128
130
129
129
125
122
125
130
129
124
122
126
129
126
123
125
128
129
127
131
123
123
127
125
120
125
133
129
122
122
127
128
125
122
125
127
128
127
125
123
125
128
125
118
122
129
128
126
130
129
124
116
120
125
130
129
127
126
125
128
130
129
124
122
125
128
123
122
130
133
127
119
120
128
133
127
119
119
126
130
127
122
126
130
127
121
122
127
126
123
122
125
130
130
127
123
124
124
122
121
125
131
129
123
121
123
125
126
130
129
123
120
123
127
128
127
127
124
123
125
126
126
127
125
125
127
127
124
124
127
128
127
124
122
123
127
127
126
125
126
127
124
121
121
128
132
127
121
122
128
132
129
123
122
123
125
126
127
127
124
125
126
125
123
124
128
131
129
123
119
123
127
125
121
122
125
129
131
126
119
121
125
130
131
128
124
126
130
131
125
121
125
128
126
122
122
124
125
125
127
125
129
135
132
125
122
124
126
122
117
119
124
126
125
127
128
125
124
130
132
125
119
123
129
128
122
123
125
123
125
129
130
127
123
123
123
124
127
127
124
125
130
129
123
120
125
130
126
122
123
128
128
125
123
125
127
127
127
124
122
121
124
128
134
132
120
119
127
128
124
122
122
123
125
126
125
125
123
124
125
127
128
124
123
127
129
128
125
122
123
123
124
127
130
127
124
123
126
127
115
114
121
124
69
125
125
125
126
125
125
125
125
125
125
125
125
125
125
125
125
125
125
125
125
125
125
125
125
125
125
125
125
125
125
125
125
125
125
125
125
125
125
125
125
125
125
125
125
125
125
125
125
125
125
125
125
125
125
125
125
125
125
125
125
125
125
125
125
125
125
126
125
125
125
125
125
125
125
126
125
125
125
125
125
125
125
125
125
125
125
125
125
125
125
125
125
125
125
125
125
125
125
125
125
125
125
125
125
125
125
125
125
125
125
125
125
125
125
125
125
125
125
125
125
125
125
125
125
125
125
125
125
125
125
125
125
125
125
125
125
125
125
125
125
125
125
125
125
125
125
125
125
125
125
125
125
125
125
125
125
125
125
125
125
125
125
125
125
125
125
125
125
125
125
125
125
125
125
125
125
125
125
125
124
125
125
125
125
125
126
125
125
125
125
125
125
125
125
125
125
125
125
125
125
125
125
125
125
125
125
125
125
125
125
125
125
125
125
125
125
125
125
125
125
125
125
125
125
125
125
125
125
125
125
125
125
125
125
125
125
125
125
125
125
125
125
125
125
125
125
125
125
125
125
125
125
125
125
125
125
125
125
125
125
125
125
125
125
125
125
125
125
125
125
125
125
125
125
125
125
125
125
125
125
125
125
125
125
125
125
125
125
125
125
125
125
125
125
125
125
125
125
125
125
125
125
125
125
125
125
125
125
125
125
125
125
125
125
125
125
125
125
125
125
125
125
125
125
125
125
125
125
125
125
125
125
125
125
125
125
125
125
125
125
125
125
125
125
125
125
125
125
125
125
125
125
125
128
