126
126
125
125
127
127
67
126
126
126
126
126
126
126
126
126
126
126
126
126
126
126
126
125
126
126
126
126
126
126
126
126
126
126
126
126
126
126
125
126
126
126
126
125
126
126
126
126
126
126
126
125
126
126
126
126
126
126
126
126
126
126
126
126
126
126
126
126
126
125
126
126
126
125
126
126
126
126
125
126
126
126
126
126
126
126
126
126
126
125
125
125
126
125
126
125
125
126
125
125
125
125
125
125
125
125
125
126
125
126
126
125
125
126
126
126
125
125
125
125
125
125
125
125
125
125
125
125
125
125
125
125
125
125
125
125
125
125
125
125
125
125
125
125
125
125
125
125
125
125
125
125
125
126
125
125
125
125
125
125
125
125
125
125
125
125
125
125
125
125
125
125
125
125
125
125
125
125
125
125
125
125
125
125
125
125
125
125
125
125
125
125
125
125
125
125
125
125
125
125
125
125
125
125
125
125
125
125
125
125
125
125
125
125
125
125
125
125
125
125
125
125
125
125
125
125
125
125
125
125
125
125
125
125
126
124
125
126
126
125
126
125
126
126
126
125
125
126
126
126
126
126
126
126
126
126
125
125
126
126
126
126
126
126
126
126
126
126
126
126
126
126
126
126
125
126
126
126
126
126
126
126
126
126
126
126
126
126
126
126
126
126
126
126
126
126
126
126
126
126
126
126
125
125
126
126
126
126
126
126
126
126
126
126
126
126
125
126
126
126
126
125
126
126
126
126
125
126
126
126
125
126
126
126
126
126
125
126
126
125
126
126
126
125
125
126
125
126
126
126
126
126
126
126
125
125
125
125
126
126
126
126
125
126
126
126
126
125
125
126
126
125
126
126
126
126
125
126
125
126
125
126
126
126
126
126
126
126
126
126
125
126
125
125
125
126
126
126
125
126
125
126
126
126
125
126
125
126
126
125
126
125
126
126
126
126
126
125
126
126
126
126
125
126
126
126
126
126
126
126
126
126
126
126
126
126
126
126
126
126
126
126
125
126
126
126
126
125
126
125
125
127
127
126
125
125
126
126
125
125
125
125
125
125
125
125
125
125
125
125
126
126
126
126
125
125
126
127
125
125
126
125
125
125
125
125
125
125
125
125
125
125
125
125
125
125
125
125
125
125
125
125
125
125
125
125
125
125
125
125
125
126
126
126
126
125
125
125
125
126
125
125
125
125
125
125
125
125
125
125
125
126
125
125
125
125
125
125
125
125
125
125
126
125
125
125
125
126
126
125
125
125
125
126
125
125
125
125
125
126
125
125
125
125
125
125
125
125
125
125
125
125
125
125
125
125
125
125
126
125
125
125
125
125
125
125
125
125
125
125
125
125
125
125
125
125
125
125
126
126
125
125
125
125
125
125
125
125
126
125
125
125
125
125
126
126
126
126
126
125
125
125
125
125
125
125
125
126
126
126
126
126
126
125
125
125
125
124
124
125
126
126
126
126
126
127
126
125
125
125
125
125
125
126
127
126
125
125
125
126
126
126
127
126
123
121
121
122
125
130
133
132
129
128
126
122
120
123
126
125
123
126
128
127
126
129
133
129
118
109
111
127
144
146
132
116
113
120
126
127
128
130
129
124
133
141
120
98
116
139
114
101
154
172
116
95
126
131
113
128
153
137
100
97
132
152
135
111
114
128
132
133
129
112
106
132
154
138
114
120
130
118
108
121
142
156
146
95
31
66
216
255
158
30
13
197
255
160
12
20
145
212
148
86
97
136
154
149
126
107
110
122
124
120
124
129
126
125
128
129
126
123
124
126
128
128
126
123
124
125
126
126
125
126
127
126
124
122
123
127
128
125
124
126
127
125
124
126
128
127
125
124
125
126
126
125
125
126
127
126
125
125
124
125
127
128
127
125
125
126
125
125
126
126
125
124
126
126
128
127
126
125
125
125
125
125
124
124
125
127
129
129
128
129
128
122
116
119
128
131
125
121
127
136
133
120
113
117
128
136
133
123
119
129
138
136
123
113
115
125
129
124
121
121
125
131
128
123
126
132
127
118
119
128
133
128
125
125
124
122
126
132
130
123
121
122
124
127
129
126
121
119
124
129
131
128
123
121
125
128
127
125
124
125
127
128
127
124
122
124
126
126
124
123
125
129
129
126
122
123
126
129
126
122
120
125
130
129
123
120
123
127
128
128
127
127
127
128
124
118
114
116
127
143
151
138
117
102
100
117
142
151
127
111
113
121
131
137
136
126
117
114
121
129
132
129
125
123
123
125
126
125
125
126
128
125
123
124
125
127
126
125
124
124
124
125
126
124
125
131
130
120
118
126
132
128
123
123
125
126
130
127
116
115
129
138
133
121
115
120
131
131
124
125
130
125
116
124
138
133
116
114
126
129
124
123
128
128
126
125
127
128
126
121
119
124
129
130
128
125
124
125
123
121
124
128
128
126
125
126
125
125
124
123
128
128
126
126
124
120
123
128
130
128
127
127
123
119
121
129
132
127
119
119
125
130
131
129
124
120
121
128
130
125
122
123
125
128
126
125
126
127
127
127
125
124
127
127
125
124
128
130
125
119
121
128
132
130
124
123
126
127
126
125
125
125
125
125
124
124
125
125
123
125
128
125
123
127
131
131
126
122
124
129
132
127
120
118
124
132
135
127
118
118
123
127
130
127
123
122
126
129
127
124
123
124
128
128
126
124
123
125
128
127
125
125
126
126
126
124
124
124
123
125
130
131
125
122
125
128
125
124
125
125
125
129
129
121
117
126
132
126
123
131
130
116
114
134
137
122
118
129
132
123
114
118
129
138
139
125
111
114
129
138
136
124
113
112
123
136
139
132
124
120
120
123
127
128
126
125
125
125
124
125
125
125
127
127
126
125
126
127
127
125
125
125
125
127
127
127
126
123
122
123
127
128
126
124
126
127
126
123
125
129
129
124
123
126
127
126
123
122
129
130
127
121
123
128
128
125
121
123
129
126
122
123
127
126
127
129
124
120
124
126
125
126
129
127
126
125
124
125
128
133
126
123
122
122
122
124
126
128
128
126
124
123
124
125
126
126
125
123
125
126
128
129
127
125
124
123
123
124
126
127
125
125
124
125
126
126
127
128
128
126
123
124
124
125
125
125
126
127
126
125
125
124
124
126
126
126
126
126
125
125
125
126
126
125
125
124
125
124
124
126
127
127
125
125
126
127
126
125
124
125
125
126
126
126
124
123
124
125
126
126
126
126
126
125
126
126
126
126
125
125
125
125
125
125
126
127
128
127
125
124
124
125
125
125
125
124
142
94
120
128
127
127
129
127
125
126
127
127
126
126
124
125
125
127
127
126
126
125
126
127
127
119
92
127
128
129
129
131
129
129
128
128
127
127
127
126
126
127
126
126
127
127
126
126
127
127
127
126
126
126
127
127
127
126
126
126
126
126
126
126
125
126
127
127
116
124
124
125
127
129
129
128
126
126
126
127
128
127
125
125
125
126
126
128
124
126
124
125
125
125
126
126
126
126
125
125
124
125
126
126
125
125
124
125
126
126
126
125
125
126
127
126
125
125
126
126
125
124
125
125
126
126
126
126
126
125
125
124
125
126
126
126
126
125
126
126
127
127
126
125
126
125
124
123
124
127
127
126
125
125
127
127
126
125
125
125
125
124
125
126
125
126
125
125
126
126
125
125
123
132
129
125
122
121
123
126
128
127
128
126
126
124
124
125
126
126
126
125
125
126
125
125
125
125
126
125
125
125
125
125
127
126
126
126
126
126
127
125
126
125
125
126
126
129
131
125
125
127
124
124
122
122
122
123
124
126
126
127
126
125
126
126
126
127
126
127
126
126
126
125
125
126
135
127
124
122
123
123
123
124
124
125
66
125
126
125
125
126
125
125
125
125
125
125
125
125
125
125
125
125
125
125
125
125
125
125
125
125
125
125
125
125
125
125
125
125
125
125
125
125
125
125
125
125
125
125
125
125
125
125
125
125
125
126
125
125
126
126
126
126
126
126
126
126
126
126
126
126
126
126
126
126
126
126
126
126
126
125
126
125
126
126
126
125
125
126
126
126
126
126
126
126
126
126
126
126
126
126
126
126
126
126
126
126
126
126
125
126
126
126
126
126
126
126
126
126
126
126
126
126
126
126
126
125
126
126
126
126
126
126
126
126
126
125
125
125
126
125
126
125
125
126
126
126
125
126
125
125
126
125
126
126
126
126
126
126
126
125
126
125
126
126
126
126
126
125
126
126
125
126
125
125
126
125
125
126
125
126
125
126
125
126
126
125
126
125
125
126
126
126
126
126
126
125
125
126
126
125
125
126
126
126
126
126
126
125
125
125
126
126
126
125
126
125
126
125
126
126
126
126
126
126
126
126
126
126
126
126
126
126
125
126
125
126
126
126
126
126
126
126
125
126
126
126
126
126
126
126
126
126
126
126
126
126
126
126
126
126
126
126
126
126
126
126
126
126
126
126
126
126
126
125
126
125
125
125
125
125
126
125
125
125
125
126
125
126
126
125
126
126
126
125
125
125
125
125
125
125
125
126
125
125
125
125
126
125
125
126
125
125
125
125
125
125
125
125
125
125
125
125
125
126
125
126
125
126
125
125
125
125
125
125
125
125
125
125
125
125
125
125
125
125
125
125
125
125
125
125
125
125
125
125
125
125
125
125
126
