131
132
131
128
127
128
64
126
126
126
126
126
126
126
126
126
125
125
126
126
125
125
125
125
126
126
126
126
125
126
126
125
126
125
125
125
126
126
126
126
125
126
126
126
126
126
126
126
126
126
126
126
125
126
126
126
126
125
126
125
126
126
126
126
126
126
125
126
125
125
125
125
125
125
125
125
126
125
125
125
126
125
125
125
125
126
126
125
126
126
125
125
125
125
125
125
126
126
125
125
125
125
125
125
125
125
125
125
125
125
125
125
125
125
125
125
125
125
125
125
125
125
125
125
125
125
125
125
125
125
125
125
125
125
125
125
125
125
125
125
125
125
125
125
125
125
125
125
125
125
125
125
125
125
125
125
125
125
125
125
125
125
125
125
125
125
125
125
125
125
125
125
125
125
125
125
125
125
125
125
125
125
125
125
125
125
125
125
125
125
125
125
125
125
125
125
125
125
125
125
125
125
125
125
125
125
125
125
125
125
125
125
125
125
125
125
125
125
125
125
125
125
125
125
125
125
125
125
125
125
125
125
125
125
125
125
125
125
125
125
125
125
125
125
125
125
125
125
126
125
125
125
125
125
125
125
125
125
125
126
125
125
126
125
126
125
125
125
125
125
126
125
125
125
125
125
125
126
125
125
125
125
125
125
125
125
124
125
125
126
126
126
126
126
126
126
125
126
125
125
126
126
126
125
125
126
126
125
125
125
125
125
125
126
125
126
125
125
125
126
125
126
126
126
126
125
125
125
125
125
125
125
126
125
125
125
126
126
126
125
126
125
126
125
126
125
125
126
125
125
126
126
125
126
125
126
125
125
125
125
125
125
125
126
125
125
125
126
126
125
125
125
125
125
125
125
126
126
126
125
125
125
125
125
125
125
125
126
126
125
125
125
126
125
125
125
125
125
125
126
125
126
125
125
125
125
126
126
126
125
125
126
125
126
125
126
126
125
125
125
125
125
126
125
126
125
125
125
125
125
125
126
125
125
126
125
125
125
125
125
126
126
126
125
126
126
125
125
125
125
125
125
125
126
125
125
125
126
125
126
126
126
126
125
125
125
126
125
126
125
125
125
125
126
125
125
125
125
125
125
125
125
125
125
125
125
126
125
125
125
126
125
126
126
126
126
126
126
125
125
125
125
125
125
125
125
126
126
126
125
125
125
125
125
125
125
125
126
125
125
125
125
125
125
125
125
125
125
125
125
126
125
125
125
125
125
125
126
126
125
125
125
125
126
125
125
125
125
125
125
125
125
125
125
125
125
125
125
126
126
126
124
124
125
126
127
126
124
124
125
126
127
125
124
125
127
128
125
122
121
123
126
128
126
124
125
127
127
123
121
122
126
128
128
128
127
125
124
123
123
126
128
127
123
120
119
124
130
132
129
125
125
127
128
125
118
117
125
134
131
123
120
121
124
129
130
125
119
116
121
136
150
144
116
92
101
134
152
143
125
110
101
111
138
151
134
113
115
128
131
125
123
123
123
129
135
128
113
113
130
143
132
117
116
121
130
141
142
119
80
77
135
167
136
168
241
131
88
8
255
255
107
22
89
128
129
134
146
146
118
91
110
125
116
132
180
193
138
58
22
69
158
208
177
120
87
84
114
158
157
114
95
119
149
150
117
97
125
152
125
90
110
148
150
127
111
114
127
136
135
128
122
119
122
128
129
123
119
122
128
130
126
123
125
127
128
127
125
123
124
127
128
128
127
124
121
120
120
122
126
131
131
128
127
128
129
127
123
121
123
126
126
123
121
123
125
126
127
128
128
127
125
126
126
125
124
123
124
126
126
126
125
125
126
127
127
126
124
123
123
124
125
127
127
126
126
126
125
125
126
126
126
125
126
125
124
124
125
125
125
126
126
126
125
126
126
126
125
126
126
126
125
125
124
124
125
125
126
126
126
126
126
126
125
125
125
125
125
125
125
125
126
126
126
126
125
126
126
125
126
127
126
124
124
125
125
125
125
126
126
127
128
126
124
124
125
125
124
125
125
125
125
126
126
126
126
126
125
124
124
127
129
125
122
124
126
126
125
125
125
126
126
126
125
124
125
126
126
127
126
124
124
124
125
126
125
124
124
126
126
126
126
124
124
125
127
125
124
125
127
126
124
123
125
127
126
124
124
124
125
126
126
126
125
125
125
125
126
126
125
124
125
126
125
124
125
126
126
125
125
126
127
127
126
125
125
125
125
125
125
125
124
122
124
127
128
125
124
126
127
125
124
125
125
125
125
125
124
126
127
126
125
124
124
125
126
125
124
125
126
126
125
125
126
126
126
126
126
125
124
125
126
126
124
124
126
130
122
124
127
127
124
125
127
126
123
124
127
125
122
124
130
129
124
124
126
124
124
125
122
126
137
130
110
112
134
141
127
113
117
129
136
113
106
148
169
110
68
127
176
134
94
115
147
134
107
119
140
137
112
114
136
135
118
123
131
121
118
133
139
120
107
124
142
129
113
118
137
136
115
112
132
144
130
110
111
131
144
131
116
116
126
132
129
122
121
126
129
125
120
125
137
134
119
115
122
125
127
135
130
114
115
128
130
129
135
133
117
106
120
139
140
123
110
117
136
141
124
112
121
137
136
121
113
120
132
133
125
121
123
126
132
132
123
118
123
130
132
126
118
117
126
137
133
121
115
119
128
134
132
121
116
123
132
131
125
123
125
125
125
124
126
128
125
122
124
127
127
124
122
123
126
128
127
125
125
126
127
126
127
126
124
123
125
127
127
125
124
125
126
126
126
126
126
125
125
125
126
125
126
125
125
126
126
124
124
126
127
125
125
127
127
125
125
128
127
127
126
123
122
125
127
126
125
125
126
124
126
126
125
125
125
125
126
126
126
127
126
126
125
125
125
125
125
126
127
126
125
125
129
127
125
124
124
124
125
124
124
125
126
125
125
125
125
125
126
125
125
125
125
125
125
126
125
125
126
125
126
126
125
125
124
126
126
126
126
125
124
125
125
125
126
126
125
124
125
126
126
126
126
125
125
126
126
126
126
125
126
125
124
125
127
126
125
124
126
126
126
125
125
125
126
126
125
124
125
124
125
125
125
126
125
125
125
125
125
125
124
125
125
126
126
126
125
125
125
124
125
126
126
125
125
125
126
126
125
122
126
125
126
126
127
121
125
124
126
124
126
126
127
126
126
125
126
126
125
125
125
125
125
124
125
126
126
125
125
125
126
127
126
126
125
126
126
125
124
124
125
124
125
125
125
126
126
126
126
127
126
126
127
127
126
125
124
124
125
126
126
125
126
127
125
125
125
125
126
127
125
125
117
121
124
126
126
129
126
124
123
127
127
124
124
128
127
122
122
125
127
127
125
125
126
124
123
125
127
127
125
124
125
124
125
133
128
126
124
123
124
124
123
125
125
125
124
125
126
125
123
124
126
127
127
125
128
126
125
125
125
126
126
125
125
124
117
123
125
125
127
129
128
128
127
125
125
127
127
125
125
125
126
125
125
126
126
124
124
125
124
126
130
128
122
121
123
128
128
125
125
127
125
122
120
126
132
129
123
122
124
127
126
125
127
128
125
120
123
129
129
124
124
125
126
126
125
125
124
126
128
126
125
125
123
123
126
127
128
126
124
123
123
125
127
127
126
125
125
126
126
125
126
127
125
125
124
125
125
124
124
125
126
126
126
125
126
126
125
124
124
125
126
125
125
125
126
127
126
126
125
125
127
126
124
124
126
126
127
126
125
124
123
126
126
123
122
124
126
127
128
126
126
125
126
127
125
124
124
125
126
124
124
126
125
125
125
127
127
127
126
127
124
124
125
125
125
124
122
124
126
125
125
126
126
128
127
126
124
126
127
125
123
124
124
126
126
126
125
63
126
125
125
125
125
125
125
125
125
125
125
125
125
126
125
125
125
125
125
125
125
125
125
125
125
125
125
125
125
125
126
125
125
125
125
125
125
125
125
125
125
125
125
125
125
125
125
125
125
125
125
125
125
125
125
126
126
125
125
125
125
125
125
125
125
125
125
125
125
125
125
125
125
125
125
125
125
125
125
125
125
125
125
125
125
126
125
125
125
125
125
125
125
125
125
125
125
125
125
125
125
125
125
125
125
125
125
125
125
125
126
126
126
126
126
126
125
126
126
126
126
126
126
126
125
125
125
125
126
125
125
125
126
126
125
126
126
125
126
125
125
125
125
125
125
126
125
125
125
126
126
125
125
126
125
126
125
126
125
125
125
125
125
125
125
125
125
125
125
125
125
125
125
125
125
125
126
125
125
126
125
126
125
126
125
126
126
126
125
125
125
126
126
125
125
125
126
126
126
125
126
126
126
126
125
125
126
125
126
126
125
125
125
126
126
126
126
126
125
125
125
126
126
125
125
125
126
125
125
125
125
126
126
126
126
126
125
126
126
125
125
125
125
126
126
126
125
125
126
126
126
126
126
126
125
126
125
125
125
125
126
126
126
126
125
126
126
125
126
126
125
126
126
126
126
125
125
125
126
125
126
125
126
125
126
125
126
126
125
125
126
126
126
125
126
125
126
125
125
125
125
126
125
125
125
125
125
126
125
126
125
125
126
126
126
125
126
126
126
126
126
126
126
126
126
126
126
125
126
125
125
125
125
125
125
125
125
125
125
125
125
125
125
125
125
125
125
125
125
125
125
125
125
132
