128
126
128
129
126
122
70
126
125
126
126
126
125
126
125
125
126
125
126
126
126
126
126
125
125
126
125
126
126
126
126
126
126
126
126
126
126
126
126
126
125
126
126
126
126
126
125
126
126
126
126
125
126
125
125
125
125
126
126
125
126
125
125
126
126
125
125
126
125
126
126
126
126
126
126
126
125
126
125
126
126
126
126
126
125
126
126
126
126
125
126
126
126
126
126
126
126
126
125
126
126
125
126
125
125
126
126
126
125
125
125
125
126
125
126
126
126
126
126
125
125
125
125
125
125
125
125
125
125
125
125
125
125
125
125
125
125
125
125
125
125
125
125
125
125
125
125
126
125
125
125
125
125
125
125
125
125
125
125
125
125
125
125
125
125
125
125
125
125
125
125
125
125
125
125
125
125
125
125
125
125
125
125
125
125
125
125
125
125
125
125
125
125
125
125
125
125
125
125
125
126
125
125
125
125
125
125
125
125
125
125
125
126
126
125
125
125
125
125
125
125
125
125
125
125
125
125
125
125
125
125
125
125
125
125
125
125
125
125
125
125
125
125
126
125
125
125
125
125
125
125
125
125
125
125
125
125
125
125
125
125
125
125
125
125
125
125
125
125
125
125
125
125
125
125
125
125
125
125
125
125
125
125
125
125
125
125
125
125
125
125
125
125
125
125
125
125
125
125
125
125
125
125
125
125
125
125
125
125
125
125
125
125
125
125
125
125
125
125
125
125
125
125
125
125
125
125
125
125
125
125
125
125
125
125
125
125
125
125
125
125
125
125
125
125
125
125
125
125
125
125
125
125
125
125
125
125
125
125
125
125
125
125
125
125
125
125
125
125
125
125
125
125
125
125
125
125
125
125
125
125
125
125
125
125
125
125
125
125
125
125
125
125
125
125
125
125
125
125
125
125
125
125
125
125
125
125
125
125
125
125
125
125
125
125
125
125
125
125
125
125
125
125
125
125
125
125
125
125
125
125
125
125
125
125
125
125
125
125
125
125
125
125
125
125
125
125
125
125
125
125
125
125
125
125
125
125
125
126
126
125
125
125
125
125
125
125
125
125
125
125
125
125
125
125
125
125
125
125
125
125
125
125
125
125
125
124
125
125
125
125
126
126
126
125
126
125
125
125
125
125
125
125
125
125
125
125
125
125
125
125
125
125
125
125
125
125
125
125
125
125
125
125
125
125
125
125
125
125
125
125
125
125
125
125
125
125
125
125
125
125
125
125
125
125
125
125
125
126
125
125
125
125
125
125
125
125
125
125
125
125
125
125
125
125
125
125
125
125
125
125
125
125
125
125
125
125
125
125
126
125
125
125
125
125
125
125
125
125
126
125
125
125
125
125
125
125
125
126
125
125
125
125
125
125
125
125
125
125
125
125
125
125
125
125
125
125
126
126
125
125
126
126
125
125
125
126
126
126
125
125
125
126
125
125
125
125
125
125
125
125
125
125
126
126
125
125
125
125
125
125
125
126
125
125
126
126
126
125
125
125
125
125
126
125
125
125
125
126
127
126
126
125
126
126
125
125
125
125
125
125
125
125
125
125
125
125
125
125
126
127
126
125
125
126
126
127
127
126
124
124
125
126
125
124
125
127
126
124
124
126
126
126
125
124
125
125
125
125
127
127
127
126
125
125
125
125
124
124
124
124
124
126
126
126
127
126
125
125
126
126
126
126
124
123
124
126
128
130
128
121
111
110
127
150
150
125
103
109
137
147
125
107
113
126
131
130
127
125
127
129
124
120
123
126
126
125
125
126
126
126
126
125
126
127
126
123
122
125
127
125
124
125
126
124
125
127
126
125
125
126
126
126
125
125
124
125
126
126
125
126
126
125
124
125
126
126
125
124
125
126
126
125
125
125
126
123
118
124
135
134
121
122
126
121
125
136
131
111
114
134
136
124
122
127
127
124
122
120
120
122
126
131
139
157
157
99
21
52
199
255
126
2
60
188
226
193
120
39
41
115
156
141
153
173
147
93
56
90
186
210
89
23
113
168
155
165
157
76
29
101
194
196
138
96
94
110
131
145
141
127
117
112
113
126
139
137
131
129
116
98
112
140
142
133
133
117
97
112
143
148
137
126
117
109
109
125
142
140
126
116
114
128
144
131
104
110
136
139
122
111
114
130
146
142
120
107
118
128
126
127
130
129
126
122
119
134
148
123
90
97
130
147
147
152
147
109
65
78
151
197
140
83
92
129
142
139
123
115
129
137
118
111
124
134
137
135
127
115
106
118
141
138
121
120
126
120
120
131
137
128
119
118
120
125
131
131
126
124
123
122
124
129
128
125
124
127
128
125
123
124
126
128
120
114
125
134
130
125
127
129
124
118
121
133
133
122
122
130
127
119
119
121
125
131
127
117
117
127
137
136
122
116
125
128
124
126
132
131
125
116
110
113
131
146
138
124
117
119
124
126
126
123
124
131
137
128
112
114
129
133
128
131
134
126
115
116
128
135
126
116
122
131
127
118
124
138
138
122
116
127
134
127
119
122
129
130
127
125
120
119
125
129
122
122
139
141
121
112
125
131
123
118
125
129
125
127
132
123
121
144
137
105
116
138
126
116
116
119
128
139
136
124
120
121
125
129
124
119
126
133
133
133
130
113
102
119
149
152
124
101
106
125
140
141
127
113
115
129
134
127
121
123
126
126
125
120
119
129
137
131
123
125
130
123
115
121
130
131
125
125
131
130
109
93
126
176
166
95
62
119
186
158
86
90
155
142
87
93
161
226
134
32
72
255
194
14
44
181
211
134
82
95
113
130
153
147
105
96
118
141
161
153
113
93
109
127
128
125
138
145
124
99
109
143
158
137
108
101
121
140
134
116
113
125
133
130
126
126
128
129
124
115
116
129
140
137
124
114
120
129
129
119
115
125
138
148
130
85
88
168
194
96
42
138
194
127
91
129
136
122
123
111
105
150
177
104
50
116
217
132
66
115
163
133
108
114
126
145
144
114
100
120
136
129
126
128
124
118
124
135
133
122
121
128
130
126
125
118
111
118
132
137
134
129
123
119
125
129
121
115
125
134
131
124
119
121
131
136
127
118
122
130
125
120
124
127
124
121
123
127
130
129
128
128
127
124
124
125
123
122
124
127
129
126
120
123
128
127
123
125
126
122
126
131
131
126
121
118
123
131
129
119
119
126
132
132
126
121
123
124
123
126
132
131
123
118
122
126
127
127
127
125
123
124
128
127
125
128
128
121
120
125
126
127
127
125
123
126
128
125
123
127
128
125
122
124
128
127
122
120
124
130
129
124
123
126
131
131
123
118
123
127
124
124
126
124
121
123
127
128
128
127
125
125
124
124
125
126
125
127
121
123
120
124
129
133
129
126
124
122
124
128
127
124
124
127
129
126
125
125
123
123
127
129
124
121
122
127
130
129
124
120
122
125
125
128
128
125
122
125
129
126
123
124
126
125
127
127
124
123
125
129
130
124
120
121
127
129
125
120
122
127
128
124
121
125
130
129
124
122
126
129
126
125
122
120
125
131
129
124
122
124
127
128
129
126
121
121
125
127
126
123
124
127
127
126
125
125
125
124
124
128
128
123
121
125
129
125
121
122
126
128
128
127
125
124
125
127
128
124
121
124
128
128
126
127
129
126
123
122
124
126
127
125
122
123
126
128
126
123
123
127
128
125
122
125
128
127
123
125
127
126
123
124
123
124
127
128
126
126
127
126
123
122
125
125
126
127
124
123
126
126
124
122
125
127
128
129
128
126
124
125
126
127
124
121
124
125
126
128
126
123
123
125
126
127
127
125
123
123
125
125
125
126
127
125
124
128
128
124
122
128
128
123
119
124
128
129
126
124
134
133
129
125
119
71
125
126
125
125
125
126
125
125
125
125
125
125
125
125
125
125
125
125
125
125
125
125
125
126
125
125
125
125
125
125
125
125
125
125
125
125
125
126
125
125
125
125
125
125
125
125
125
125
125
125
125
125
125
125
125
125
125
125
125
125
125
125
126
125
125
125
126
125
125
126
125
125
125
125
125
125
125
125
125
125
126
125
125
125
125
125
125
125
125
125
125
125
126
125
126
125
125
125
125
125
125
125
125
125
125
125
125
125
125
125
125
125
125
125
125
125
125
125
125
125
125
125
125
125
126
125
126
125
125
125
125
125
125
125
125
125
125
125
125
125
125
125
125
125
125
125
125
125
125
126
125
125
125
125
125
125
125
125
125
125
125
125
125
125
125
125
125
125
125
125
125
125
125
125
126
126
125
125
125
125
125
125
125
125
125
126
125
125
125
125
125
125
125
125
125
126
126
126
126
126
126
126
126
126
126
125
125
125
126
126
125
125
126
126
125
125
126
126
126
126
126
126
126
126
125
126
125
125
126
126
126
126
125
126
125
125
126
125
126
126
126
126
125
125
125
125
126
126
126
126
126
126
126
126
126
126
125
125
126
125
126
125
126
126
126
126
126
125
126
126
126
126
125
126
125
125
125
125
126
125
126
125
126
125
125
125
125
125
125
125
126
126
126
125
125
125
125
125
126
125
125
125
126
126
126
125
125
126
126
125
126
125
126
126
126
126
125
125
125
125
126
125
125
125
125
126
126
126
126
125
126
126
126
126
126
126
125
125
125
126
125
126
125
126
126
126
126
126
126
125
126
126
126
129
