124
124
124
125
126
125
70
125
125
125
125
125
125
125
125
125
125
125
125
125
125
125
125
126
125
125
125
125
125
125
125
125
125
125
125
125
125
125
125
125
125
125
125
125
125
125
125
125
125
125
125
125
125
125
125
125
125
125
125
125
125
125
125
125
125
125
125
125
125
125
125
125
125
125
125
125
125
125
125
125
125
125
125
125
125
125
125
125
125
125
125
125
125
125
126
125
125
125
125
125
125
125
125
125
125
125
125
125
125
125
125
125
125
125
125
125
125
125
125
125
125
125
125
125
125
125
125
125
125
125
125
125
125
125
125
125
125
125
125
125
125
125
125
125
125
125
125
125
125
125
125
125
125
125
125
125
125
125
125
125
125
125
125
125
125
125
125
125
125
125
125
125
125
125
125
125
125
125
125
125
125
125
125
125
125
125
125
125
125
125
125
125
125
125
125
125
125
125
125
125
125
125
125
125
125
125
125
125
125
125
125
125
125
125
125
125
125
125
125
125
125
125
125
125
125
125
125
125
125
125
125
125
125
125
125
126
126
125
125
125
125
125
125
125
125
125
125
125
125
125
125
125
125
125
125
125
125
125
125
125
125
125
125
125
125
125
125
125
125
125
125
125
125
125
125
125
125
125
125
125
125
125
125
126
125
125
125
125
125
125
125
125
125
125
125
125
125
125
125
125
125
125
125
125
125
125
125
125
125
125
125
125
125
125
125
125
125
125
125
125
125
125
125
125
125
125
125
125
125
125
125
125
125
125
125
125
125
125
125
125
125
125
125
125
125
125
125
125
125
125
125
125
125
125
125
125
125
125
125
125
125
125
125
125
125
125
125
125
125
125
125
125
125
125
125
125
125
125
125
125
125
125
125
125
125
125
125
125
125
125
125
125
125
125
125
125
125
125
125
125
125
125
125
125
125
125
125
125
125
125
125
125
125
125
125
125
125
126
124
125
125
125
126
126
126
126
126
126
125
126
126
126
125
126
126
125
126
126
125
126
125
126
126
125
126
126
126
126
126
126
126
126
126
126
126
126
126
126
126
125
126
125
126
126
126
126
126
126
126
126
126
125
126
126
126
126
126
126
126
125
126
126
126
126
126
126
126
125
126
125
125
125
126
126
125
126
126
125
125
126
125
125
126
125
125
125
125
126
125
125
125
125
125
125
125
125
125
125
125
126
126
125
126
126
125
125
125
125
125
125
125
126
126
126
126
126
125
125
126
125
125
125
125
125
125
125
125
125
125
125
125
125
125
126
126
126
125
125
125
126
126
125
125
125
126
126
125
125
126
125
126
126
125
125
126
126
125
125
125
125
126
125
125
125
125
126
125
125
125
126
125
125
125
126
126
126
125
125
125
126
125
125
125
126
126
125
126
126
125
126
126
126
125
125
125
126
126
125
125
126
126
126
125
125
125
126
126
126
126
125
125
125
126
125
125
126
126
125
125
125
126
127
126
126
125
125
125
125
125
125
125
126
126
125
125
125
125
126
125
125
125
125
125
126
125
125
125
125
125
126
125
125
125
125
126
125
125
125
125
125
125
125
125
125
126
125
126
126
125
125
125
125
125
125
125
125
125
125
126
127
126
125
124
125
127
128
127
125
124
125
125
125
125
124
125
127
127
125
123
125
126
126
125
125
125
125
126
126
126
125
125
126
126
125
125
126
126
127
126
124
123
123
123
123
124
126
128
129
131
129
126
123
122
121
120
120
124
128
129
127
126
126
127
127
124
124
125
127
127
126
123
122
122
124
127
128
126
124
125
127
127
127
125
126
126
125
125
125
126
125
124
123
125
126
125
125
125
125
125
126
126
126
125
125
125
124
124
126
127
126
126
124
124
124
125
126
126
124
123
127
132
130
124
119
122
127
128
125
123
125
126
124
124
127
127
124
124
127
127
123
122
129
134
127
111
100
110
142
169
162
121
86
96
142
165
108
18
58
243
255
96
66
75
255
225
137
113
37
24
97
255
255
67
20
89
200
184
132
107
75
70
156
210
139
77
108
137
112
99
133
152
133
121
127
130
134
123
78
82
166
212
138
55
82
152
163
124
101
115
134
140
126
107
115
145
138
103
106
144
164
140
93
84
131
166
143
104
100
122
137
138
132
118
116
125
127
122
127
131
122
115
124
135
130
125
128
125
115
112
124
139
145
129
105
110
147
157
122
89
96
123
140
148
143
124
119
132
130
115
103
105
119
142
154
142
118
106
113
128
139
134
118
112
122
132
134
129
121
121
126
132
129
121
119
125
125
123
127
128
124
126
131
126
119
122
125
122
119
124
131
133
126
122
128
132
124
119
125
129
121
116
121
126
132
130
125
120
120
126
130
131
132
130
126
125
126
121
114
120
130
127
122
123
126
128
133
128
114
115
133
139
129
123
124
121
118
119
123
130
134
133
122
116
127
137
124
113
122
131
124
120
127
133
133
126
118
114
120
131
134
133
129
121
120
120
122
124
134
126
116
122
131
126
125
133
133
123
113
117
133
137
123
115
121
129
135
135
124
110
111
121
129
131
133
136
129
118
118
129
129
123
122
122
122
121
122
129
126
122
149
148
98
95
140
149
125
109
104
120
148
142
111
109
138
146
119
107
121
125
125
138
150
136
102
91
116
149
151
126
104
110
131
140
135
125
114
110
122
139
140
125
114
118
129
133
123
113
119
131
137
130
125
124
123
122
128
130
124
117
119
131
147
136
86
70
145
218
156
26
47
191
235
106
36
134
187
85
50
148
255
183
47
5
255
255
32
11
148
244
177
79
64
103
137
168
149
91
89
134
136
131
154
155
110
83
99
132
144
141
138
128
105
101
130
160
149
111
94
120
142
130
114
122
132
128
120
121
129
133
127
115
112
124
140
138
123
117
124
128
127
125
122
121
123
125
134
145
119
77
113
201
173
47
53
181
178
99
105
140
127
124
113
91
119
193
161
62
61
192
204
71
68
146
164
121
102
107
131
156
144
106
101
129
137
127
123
123
120
119
132
140
129
115
116
128
129
126
128
125
115
119
130
135
134
129
118
114
125
131
123
119
127
132
127
122
120
127
136
131
122
118
122
124
126
127
128
125
121
120
123
127
129
131
129
126
122
122
124
124
125
126
128
129
126
122
122
121
123
125
128
126
122
126
129
128
123
123
126
127
125
126
125
122
124
129
128
124
120
122
127
132
130
125
122
125
125
124
122
123
128
131
128
121
121
125
127
125
126
129
127
121
121
125
129
128
126
123
123
124
126
124
123
127
131
128
125
122
124
124
124
126
125
124
125
128
126
122
124
127
127
124
125
128
130
128
124
122
124
122
122
125
127
125
123
125
127
128
127
126
127
127
125
123
119
120
126
132
129
125
125
128
126
123
121
126
129
129
125
123
122
122
124
127
129
128
122
120
124
127
126
126
128
129
126
124
128
124
129
131
126
118
119
125
128
122
121
126
131
130
124
123
124
126
128
128
126
122
122
124
125
123
124
125
129
130
125
120
116
126
128
124
122
127
127
128
128
127
128
128
126
124
124
127
127
122
119
124
128
127
125
125
125
126
128
130
124
118
122
128
130
125
122
124
125
124
124
125
127
131
130
126
121
120
123
127
127
122
124
129
129
124
123
123
125
128
127
125
123
122
127
128
124
119
124
130
130
124
123
124
124
126
129
127
123
122
125
129
127
124
123
123
123
125
127
129
128
125
126
126
123
123
124
126
125
124
125
126
124
124
126
129
127
124
125
127
124
124
125
125
124
127
129
128
120
119
124
130
131
126
121
123
124
124
126
127
128
126
122
122
126
126
126
125
124
126
127
127
125
123
125
125
126
126
129
125
124
123
128
128
125
123
123
123
126
127
123
71
125
125
125
125
125
126
125
125
125
125
126
126
125
125
125
125
125
125
125
125
125
125
125
125
125
125
125
126
126
125
125
125
125
125
125
125
125
125
125
126
125
125
125
125
125
125
126
125
125
125
125
125
125
125
125
125
125
125
125
125
126
125
126
125
125
125
125
125
125
125
125
125
125
125
126
125
125
126
125
125
125
125
125
125
125
125
125
126
126
125
125
125
125
126
125
125
125
125
125
125
125
125
125
125
125
125
125
125
125
125
125
125
125
125
125
126
126
125
125
125
125
125
125
125
125
125
125
125
125
125
125
125
125
125
125
125
125
125
125
125
125
125
125
125
125
125
125
125
125
125
125
125
125
125
125
125
125
125
125
125
125
125
125
125
125
125
125
125
125
126
125
125
125
125
125
125
125
125
125
125
125
125
125
125
125
125
126
125
125
125
125
125
125
125
125
125
125
125
125
125
125
125
125
125
125
125
125
125
125
125
125
125
125
125
125
125
125
125
125
125
125
125
125
125
125
125
125
125
125
125
125
125
125
125
125
125
125
125
125
125
125
125
125
125
125
125
125
125
125
125
125
125
125
125
125
125
126
125
126
125
125
125
125
125
125
125
125
126
125
125
125
125
125
125
125
126
125
125
125
125
126
125
125
125
125
125
125
125
125
125
125
125
125
125
125
125
125
125
125
125
126
125
125
125
126
125
125
125
125
125
125
125
125
125
126
125
125
125
126
125
125
126
126
126
126
125
125
126
126
125
126
125
126
126
126
126
126
125
125
125
125
125
126
125
125
126
126
125
126
126
125
126
125
126
