128
131
131
123
119
126
88
125
125
125
126
125
125
125
126
125
126
125
126
125
126
126
126
125
125
126
125
125
126
125
125
125
125
126
125
125
125
125
125
125
126
125
125
125
125
126
125
125
125
125
125
126
126
126
125
125
126
126
126
126
126
125
126
126
126
125
125
126
126
125
126
126
126
125
126
126
125
125
125
126
126
125
125
126
125
126
125
125
125
126
125
125
125
125
125
125
125
126
126
126
125
125
126
126
126
125
125
126
125
126
126
126
125
125
125
126
125
126
125
126
125
125
126
126
125
125
125
125
125
125
125
125
126
125
126
125
126
126
125
126
125
126
125
125
125
125
125
126
125
126
126
126
125
125
126
126
125
126
126
125
125
125
126
125
126
125
126
126
126
125
126
126
126
126
126
126
126
126
126
126
126
126
125
126
126
126
125
126
125
125
125
125
125
126
126
125
126
126
126
126
125
126
125
125
126
125
126
126
125
126
126
126
125
126
125
125
125
125
126
126
126
126
125
125
126
126
126
126
126
125
125
125
125
126
125
126
125
125
125
125
125
125
125
125
125
125
125
125
125
125
125
125
125
125
125
125
125
126
126
126
125
125
125
125
126
125
126
125
126
126
126
126
126
126
126
125
126
125
125
125
126
126
125
126
126
126
125
126
125
126
125
125
125
125
125
125
125
125
125
125
125
125
125
125
125
125
125
126
126
125
125
126
125
125
125
125
125
125
125
125
125
125
125
125
125
126
125
125
125
125
125
125
125
124
125
125
125
126
126
125
125
125
126
125
125
125
125
125
125
126
126
126
125
125
125
126
125
125
125
125
125
125
125
125
125
125
125
125
125
125
125
125
125
126
125
125
125
125
125
125
125
125
125
125
125
125
125
125
125
125
125
125
125
125
125
125
125
125
125
125
125
125
125
125
125
125
125
125
125
125
125
125
125
125
125
125
125
125
125
125
125
125
125
125
125
125
125
125
125
125
125
125
125
125
125
125
125
125
125
125
125
125
125
125
125
125
125
125
125
125
125
125
125
125
125
125
125
125
125
125
125
125
125
125
126
125
125
125
125
125
125
125
125
125
125
125
125
125
125
125
125
126
125
125
125
125
125
125
125
125
125
125
125
125
125
125
125
125
125
125
125
125
125
125
125
125
125
125
125
125
125
125
125
125
125
125
125
125
125
125
125
125
125
125
125
125
125
125
125
125
125
125
125
125
125
125
125
125
125
125
125
125
125
125
125
125
125
125
125
125
125
125
125
125
125
125
125
125
125
125
125
125
125
125
125
125
125
125
125
125
125
125
125
125
125
125
125
125
125
125
125
125
125
125
125
125
125
125
125
125
125
125
125
125
125
125
125
125
125
125
125
125
125
125
125
125
125
125
125
125
125
125
125
125
126
125
125
125
125
125
125
125
125
125
125
125
125
126
126
125
125
125
125
125
125
125
125
126
126
125
125
125
125
125
125
125
125
125
125
126
126
125
125
126
125
125
125
126
126
125
125
125
125
126
125
125
125
125
125
125
125
125
125
125
125
125
125
125
125
125
125
125
125
125
125
125
125
125
126
126
125
125
125
125
125
125
126
125
124
125
126
125
126
126
126
126
125
125
125
126
125
125
125
125
126
126
125
125
125
125
125
125
125
126
125
125
125
125
125
125
125
125
126
125
125
125
125
125
126
125
125
125
125
125
125
126
125
125
125
125
126
125
125
125
125
125
125
126
126
125
125
125
125
125
125
125
125
126
125
125
125
125
126
125
125
125
126
125
125
125
125
125
125
125
125
125
126
126
125
125
126
125
125
125
125
125
125
126
126
125
125
125
125
125
126
126
126
125
125
125
125
125
125
125
125
125
126
125
125
125
126
125
125
125
125
125
125
126
126
125
125
125
125
126
126
126
125
125
125
125
125
125
125
125
125
125
127
125
125
125
125
125
125
126
125
125
125
125
125
125
125
125
125
125
125
126
125
125
126
126
126
125
126
126
125
125
125
125
125
125
126
125
125
125
126
126
125
125
126
125
125
125
126
125
125
125
126
125
124
126
126
125
125
125
125
125
125
126
126
125
125
125
126
125
125
125
125
125
125
126
125
125
125
128
123
125
125
125
125
126
126
126
126
125
125
125
125
125
125
126
125
125
125
125
125
125
125
126
125
126
125
126
125
125
125
126
125
125
125
126
122
124
125
125
126
126
127
126
126
126
125
126
126
125
125
126
125
125
126
126
126
126
126
125
126
126
125
126
125
126
123
125
126
126
126
126
126
126
126
126
126
126
125
126
126
125
125
126
125
125
125
125
126
125
125
125
126
125
126
126
126
125
125
125
125
125
125
125
126
126
125
125
125
125
125
125
125
126
125
125
125
125
125
125
125
126
126
125
125
125
126
125
125
125
126
126
126
125
126
126
125
126
126
125
125
125
125
126
126
125
125
126
126
126
126
126
126
126
126
126
126
125
125
125
125
125
125
125
125
126
126
126
126
126
126
126
126
126
125
125
125
125
125
125
125
126
126
126
126
126
126
125
125
125
125
125
125
125
125
125
125
126
126
125
126
126
125
125
126
126
126
126
127
126
125
124
125
126
129
128
126
125
125
124
125
125
124
124
124
125
126
125
125
126
126
126
126
125
126
126
126
125
125
126
126
126
126
126
126
125
124
124
125
125
126
127
126
125
125
126
126
126
126
126
128
126
125
126
125
125
123
123
124
125
125
126
125
124
125
126
126
126
125
124
125
126
126
127
126
126
126
126
125
125
124
124
123
124
124
123
123
124
125
127
128
129
131
134
135
133
128
122
116
110
109
112
118
124
128
131
133
135
137
136
129
121
118
123
134
136
118
109
118
126
124
121
119
120
126
131
128
126
131
133
127
124
132
136
128
124
123
104
100
143
172
121
68
108
155
136
115
130
139
127
119
117
120
141
156
127
88
109
151
134
95
94
117
142
162
147
104
102
138
137
101
104
152
165
150
129
110
91
98
121
141
152
149
116
81
97
145
150
112
115
150
146
111
94
126
130
121
125
140
142
133
117
98
102
139
167
145
103
98
127
143
127
112
125
141
129
108
118
137
131
120
131
140
128
112
106
117
131
133
124
124
132
134
129
125
129
131
123
118
117
123
129
125
122
125
127
125
123
129
136
131
119
114
119
126
131
134
130
123
115
119
125
129
127
127
124
123
124
126
129
130
128
123
118
119
128
136
138
132
123
129
154
145
87
71
120
149
128
102
109
143
155
134
113
114
133
140
123
106
115
136
142
130
119
128
136
122
110
123
132
115
114
142
145
112
110
142
140
108
100
118
118
111
112
132
133
121
129
142
128
101
110
140
148
137
129
120
109
112
126
130
123
121
132
137
128
119
121
126
127
126
122
118
124
129
131
130
126
122
125
129
123
118
121
130
132
128
124
121
119
120
125
131
132
129
125
124
124
123
122
126
130
128
125
125
124
125
128
128
123
122
126
128
125
124
125
127
127
124
122
123
124
125
125
124
122
122
122
126
131
134
130
122
120
123
125
127
127
125
125
128
128
126
128
129
126
123
124
125
124
126
127
125
121
121
125
126
124
125
127
124
125
126
125
123
126
127
126
124
126
127
126
135
130
128
123
120
120
123
123
122
123
126
128
128
126
126
125
123
122
122
125
128
126
124
124
126
127
126
125
126
126
125
124
125
127
126
123
126
128
125
121
122
125
127
128
128
129
129
129
127
123
120
120
123
115
119
125
132
132
128
121
124
134
135
130
124
120
121
122
127
130
128
123
121
158
87
120
126
130
129
129
125
122
127
132
127
120
122
126
129
123
117
120
128
131
126
123
127
129
128
125
119
122
129
129
124
123
130
135
133
124
87
125
125
125
125
126
125
125
125
125
125
125
125
125
125
125
125
125
125
125
125
125
126
125
125
125
125
125
126
125
125
125
125
126
125
125
125
125
125
125
125
125
126
125
125
125
125
125
125
125
125
125
125
125
125
125
125
125
125
125
125
125
125
125
125
125
125
125
125
125
125
125
125
125
125
125
125
125
125
125
125
125
125
126
125
125
125
125
125
126
125
126
125
125
125
125
125
125
125
125
125
125
125
125
125
125
125
125
125
125
125
125
125
125
125
125
125
125
125
125
125
125
125
125
125
125
125
125
125
125
125
125
125
125
125
125
125
125
125
125
125
126
125
125
125
125
125
125
125
125
125
125
125
125
125
125
125
125
125
125
125
125
125
125
125
125
125
125
125
125
125
125
125
125
125
125
125
125
125
125
125
125
125
125
125
125
125
125
125
125
125
125
125
125
125
125
125
125
125
125
125
125
125
125
125
125
125
125
125
125
125
125
125
125
125
125
125
125
125
125
125
125
125
125
125
125
125
125
125
125
125
125
125
125
125
125
125
125
125
125
125
125
125
125
125
125
125
125
125
125
125
125
126
125
125
125
126
125
126
125
125
125
125
125
125
126
125
125
125
124
126
126
126
126
126
126
126
126
126
125
125
125
125
126
125
125
125
126
126
126
126
126
126
126
126
126
125
125
125
125
125
125
126
126
126
126
126
125
126
126
126
126
126
125
125
125
125
126
126
126
125
125
125
126
126
126
126
125
126
126
126
125
126
125
125
125
125
126
125
126
125
125
125
125
125
125
126
125
125
125
125
126
126
125
123
