106
71
131
118
132
134
56
125
126
126
125
125
125
125
125
125
125
125
125
126
126
125
125
125
125
125
125
125
125
125
125
125
125
125
125
125
125
125
125
125
125
125
126
125
125
125
125
125
125
125
125
125
125
125
125
125
125
125
125
125
125
125
125
125
125
125
125
125
126
126
125
125
125
125
125
125
125
125
125
125
125
125
125
125
125
125
125
125
125
125
125
125
125
125
125
125
125
125
125
125
125
125
125
125
125
125
125
125
125
125
125
125
125
125
125
125
125
125
125
125
125
125
125
125
125
125
125
125
125
125
125
125
125
125
125
125
125
125
125
125
125
125
125
125
125
125
125
125
125
125
125
125
125
125
125
125
125
125
125
125
125
125
125
125
125
125
125
125
125
125
125
125
125
125
125
125
125
125
125
125
125
125
125
125
125
125
125
125
125
125
125
125
125
125
125
125
125
125
125
125
125
125
125
125
125
125
125
125
125
125
125
125
125
125
125
125
125
125
125
125
125
125
125
125
125
125
125
125
125
125
125
125
125
125
125
125
125
125
125
125
125
125
125
125
125
125
125
125
125
125
125
125
125
125
125
125
125
125
125
125
125
125
125
125
125
125
125
125
125
126
125
125
125
125
125
125
125
126
125
125
125
125
125
125
125
125
125
125
125
125
125
125
125
125
125
125
125
125
125
125
125
124
125
126
125
126
126
125
126
126
126
125
126
126
125
125
126
126
125
126
126
126
125
125
125
125
125
125
125
126
125
125
125
125
125
125
126
125
126
125
126
126
125
126
125
125
125
125
126
125
125
125
125
125
125
125
125
125
125
125
125
125
125
126
125
125
125
125
125
125
126
125
125
125
125
125
125
126
125
125
125
125
126
125
125
126
125
125
125
125
125
125
125
126
125
125
126
125
125
126
125
125
126
125
125
126
125
126
125
125
125
125
125
126
126
126
125
126
126
126
126
126
125
125
125
125
126
125
125
126
126
125
125
125
125
126
125
125
125
125
126
125
125
126
126
125
125
125
125
126
125
126
126
125
125
126
126
125
125
125
125
125
125
125
125
125
126
125
125
126
125
125
125
126
125
125
126
125
125
126
126
125
125
125
125
125
125
125
125
125
125
125
125
125
125
125
126
125
126
125
125
125
125
125
125
125
125
125
126
126
126
126
125
124
125
130
140
141
109
68
83
144
175
155
138
143
142
115
71
62
117
188
187
122
72
85
139
159
142
129
117
98
90
140
195
151
54
75
170
165
93
103
143
144
131
125
119
118
119
118
123
133
142
132
115
118
133
128
111
111
130
150
143
114
102
117
129
129
128
128
130
131
124
114
110
118
138
146
125
102
113
140
144
131
121
114
112
125
143
142
125
113
114
122
129
132
129
124
121
124
125
121
121
129
132
121
112
119
133
137
132
126
122
118
118
125
133
134
127
121
120
124
127
126
123
122
125
128
129
128
128
126
124
123
122
123
124
124
124
125
126
126
127
124
125
125
125
125
126
127
127
125
124
124
126
127
127
126
125
124
124
124
125
125
125
126
126
126
125
124
123
124
126
128
128
127
125
124
125
125
126
126
126
125
124
124
125
126
126
127
127
127
126
126
125
125
124
124
124
124
125
125
126
127
127
127
127
126
126
123
123
124
125
125
125
125
126
126
126
126
126
126
126
126
126
125
125
125
126
125
125
125
125
125
126
126
126
125
125
125
125
125
125
126
126
126
126
126
126
125
125
125
125
125
125
125
125
126
126
126
126
126
125
125
125
125
125
125
125
125
125
125
125
125
125
126
126
126
126
125
125
125
125
125
125
125
125
125
125
125
126
126
125
125
125
126
125
125
125
125
125
125
125
126
126
126
126
126
126
126
125
125
125
125
125
125
125
125
125
125
125
125
125
125
126
126
126
126
126
125
126
125
125
125
125
125
125
125
126
126
126
126
126
126
125
125
125
124
125
126
126
125
125
126
125
125
126
127
126
125
125
126
125
125
125
125
125
125
125
125
125
124
125
125
126
126
126
126
125
124
125
126
126
125
125
125
125
126
125
125
125
126
125
125
125
125
126
125
125
126
126
126
125
125
125
126
126
126
125
125
125
125
125
125
125
125
126
125
125
125
125
125
125
125
125
125
125
124
124
125
126
126
126
126
125
126
126
126
125
125
126
126
125
124
125
125
125
125
125
126
125
125
125
125
125
125
125
125
125
125
125
125
125
125
126
125
125
125
126
125
125
126
125
125
125
125
125
125
124
125
126
126
125
126
126
127
124
122
123
126
126
126
126
126
126
125
125
125
125
126
126
126
126
125
126
125
125
125
125
125
126
126
125
125
125
125
125
125
122
124
125
126
126
127
127
127
126
126
126
126
126
126
125
125
125
125
126
125
125
126
125
125
126
126
126
126
126
126
125
126
125
125
124
123
125
126
126
126
126
126
126
127
126
126
126
126
126
125
125
125
125
125
125
125
126
126
126
125
125
125
125
125
125
125
125
125
125
126
126
126
125
125
126
126
125
126
126
125
125
125
126
126
125
125
125
125
125
125
125
126
125
125
125
125
126
125
125
125
126
126
125
125
125
125
125
125
125
125
126
126
126
126
125
126
125
126
126
125
125
125
126
126
126
126
126
125
125
126
126
125
126
125
126
126
125
125
126
126
126
126
125
125
125
125
125
125
125
126
125
125
125
125
125
126
126
125
126
125
126
125
126
126
126
126
125
126
125
124
125
126
126
126
126
126
126
126
126
126
125
126
128
128
126
125
125
124
125
124
125
125
125
125
125
125
126
126
125
125
126
126
126
126
126
126
126
126
125
125
125
125
125
125
126
125
125
126
125
125
125
125
125
127
128
126
125
125
124
125
125
125
125
125
126
125
125
125
125
126
125
125
125
125
126
126
125
125
126
125
125
125
125
125
125
126
126
126
125
126
125
125
125
125
125
125
125
125
125
125
125
125
125
125
126
125
125
125
125
125
126
125
125
125
125
125
125
125
125
125
125
125
125
125
125
125
125
126
126
125
125
125
126
127
119
125
125
125
126
127
126
126
126
126
125
125
126
125
125
126
125
125
125
125
125
125
125
125
126
126
126
125
126
125
125
126
126
125
125
125
125
126
125
126
125
126
126
126
125
125
125
125
126
125
125
126
125
125
126
126
125
126
125
126
126
125
126
126
126
125
119
125
126
125
127
127
126
126
126
126
126
126
126
125
125
125
125
125
125
125
125
125
125
126
125
125
125
125
125
125
125
125
125
125
126
126
125
125
126
125
125
126
126
125
124
125
125
125
125
126
125
125
125
125
125
125
125
126
127
126
125
126
126
125
124
125
126
126
124
123
124
125
125
126
125
126
125
125
127
126
125
125
126
126
126
126
126
125
125
126
125
125
124
124
124
124
124
125
125
125
126
127
126
126
125
126
126
124
124
126
127
126
122
124
128
128
124
123
125
127
126
125
126
125
125
125
124
125
125
125
125
125
125
125
125
126
126
124
124
126
126
125
124
125
127
127
125
124
133
127
127
125
124
121
122
125
125
123
123
125
127
126
124
124
126
126
126
125
126
127
126
126
125
125
125
126
125
126
124
124
126
126
125
125
125
125
126
125
125
125
126
126
126
125
125
125
126
126
124
124
125
126
126
125
125
126
125
125
125
125
126
127
126
126
126
125
126
125
124
125
125
125
125
125
127
127
125
125
125
125
126
125
125
124
126
125
125
125
125
125
124
125
125
126
126
126
125
125
125
125
125
125
125
125
125
125
125
125
126
123
125
125
126
126
125
126
125
125
126
125
125
125
125
125
126
125
125
125
126
126
125
124
125
125
126
126
125
125
125
124
125
129
72
115
126
131
129
131
57
126
126
126
126
126
126
126
126
126
126
126
126
126
125
126
125
126
126
126
126
126
126
126
126
126
126
126
126
126
126
126
126
126
126
125
125
126
126
126
126
126
126
126
126
126
126
125
126
126
126
126
126
125
126
126
125
125
125
125
125
126
125
125
126
125
125
125
126
125
125
125
125
125
125
125
125
126
126
125
125
125
125
125
125
125
125
125
125
125
125
125
125
125
125
125
125
125
125
125
125
125
125
125
125
125
125
125
125
125
125
125
125
125
126
125
125
125
125
125
125
125
125
125
125
125
125
125
125
125
125
125
125
125
125
125
125
125
125
125
125
125
125
125
125
125
125
125
125
125
125
125
125
126
125
125
125
125
125
125
125
125
125
125
125
125
125
125
125
125
125
125
125
125
125
125
125
125
125
125
125
125
125
125
125
125
125
125
125
125
125
125
125
125
125
125
125
125
125
125
126
124
125
125
125
125
126
125
125
125
126
125
125
125
125
125
125
126
126
125
125
125
125
125
125
125
125
125
125
125
125
126
126
126
126
126
126
126
125
125
125
126
126
126
126
126
126
126
126
126
126
126
125
125
126
126
126
126
126
126
126
126
126
126
125
126
126
126
125
125
125
125
125
126
126
126
126
126
126
125
126
125
125
125
126
125
126
125
126
126
125
125
126
125
125
126
125
126
126
125
126
125
125
126
125
126
125
126
125
125
125
125
125
126
126
125
125
125
126
125
126
125
125
125
125
126
126
126
126
125
125
125
125
125
125
125
126
125
126
126
126
125
125
126
126
126
125
125
126
126
125
126
125
126
127
