127
127
127
126
125
111
60
125
125
125
125
125
125
125
125
125
125
125
125
125
125
125
125
125
125
125
125
125
125
125
125
125
125
125
125
125
125
125
125
125
125
125
125
125
125
125
125
125
125
125
125
125
125
125
125
125
125
125
125
125
125
125
125
125
125
125
125
125
126
126
126
125
125
125
125
126
125
126
126
126
126
125
125
125
125
125
125
125
125
125
125
126
125
126
125
125
126
126
126
126
125
125
125
125
125
126
125
126
126
126
126
125
126
126
126
126
126
125
125
125
126
125
125
125
125
125
126
125
126
125
125
125
125
126
126
126
126
125
125
125
125
125
125
125
125
125
125
125
125
125
125
125
125
125
125
125
125
125
125
125
125
125
125
125
125
125
125
125
125
125
125
125
125
126
125
125
125
125
126
125
125
125
125
125
125
126
125
125
125
125
125
125
125
125
125
125
125
125
125
125
125
125
125
125
125
125
125
125
125
125
125
125
125
125
125
125
125
125
125
125
125
125
125
125
125
125
125
125
125
125
125
125
125
125
125
125
125
125
125
125
125
125
125
125
125
125
125
125
125
125
125
125
125
125
126
126
125
125
125
125
125
125
125
125
125
125
125
125
125
125
125
125
125
125
125
125
125
126
126
125
125
125
125
125
125
125
125
125
125
125
125
125
125
125
125
125
125
125
125
125
125
125
125
125
125
125
125
125
125
125
125
125
125
125
125
125
125
125
125
125
125
125
125
125
125
125
125
125
125
125
125
125
125
125
125
125
125
125
125
125
125
125
125
125
125
125
125
125
125
125
125
125
125
125
125
125
125
125
125
125
125
125
125
125
125
125
125
125
125
125
125
125
125
125
125
125
125
125
125
125
125
125
125
125
125
125
125
125
125
125
125
125
125
125
125
125
125
125
125
125
125
125
125
125
125
125
125
125
125
125
125
125
125
125
125
125
125
125
125
125
125
125
125
125
125
125
125
125
125
125
125
125
125
125
125
125
125
125
125
125
125
125
125
125
125
125
125
125
125
125
125
125
125
125
125
125
125
125
125
125
125
125
125
125
125
125
125
125
125
125
125
125
125
125
125
125
125
125
125
124
123
123
125
129
131
134
136
131
116
97
94
112
138
155
155
131
105
116
143
129
87
99
167
190
127
57
58
111
176
217
163
44
36
137
206
147
123
137
109
67
122
162
133
137
129
63
82
181
179
106
107
137
101
94
165
178
96
58
108
161
174
158
112
70
84
139
170
149
110
100
117
133
138
134
120
108
117
134
139
128
117
118
125
130
128
126
126
124
117
118
129
138
132
120
116
118
121
128
135
133
125
122
126
128
125
124
126
125
120
118
121
128
132
130
124
122
126
131
130
124
118
118
122
128
130
127
123
121
123
126
128
128
127
127
123
125
125
126
126
126
125
125
125
125
125
125
126
127
128
126
125
123
123
125
127
127
127
127
126
126
126
125
124
124
125
127
127
127
125
123
123
125
126
126
125
124
124
126
127
128
127
126
125
125
125
126
126
126
125
125
125
125
125
124
124
125
126
127
127
126
124
125
125
125
125
126
126
127
127
126
127
126
126
124
123
123
124
126
128
127
124
123
125
126
126
125
124
125
126
127
126
125
125
124
126
128
127
124
123
125
125
125
125
125
125
125
125
125
125
126
126
126
126
126
126
125
126
126
125
125
126
126
125
125
125
125
125
126
125
125
126
126
126
125
125
126
126
125
125
125
126
126
125
125
125
125
125
125
125
125
125
125
126
126
126
126
126
126
126
126
125
125
124
125
125
125
125
125
125
126
126
126
126
126
126
126
126
126
125
125
125
125
125
125
125
125
125
125
126
126
126
125
125
125
125
125
125
125
125
125
126
126
126
125
125
126
125
125
126
126
125
125
125
125
125
125
125
125
125
125
125
125
125
125
126
126
125
126
125
126
125
125
125
125
125
125
125
125
125
125
125
124
125
125
125
126
126
126
126
126
126
126
125
126
125
125
125
125
125
124
125
125
125
125
125
125
126
125
125
125
125
125
125
125
125
125
125
125
126
125
125
125
125
125
125
125
125
125
125
125
125
125
125
125
125
126
126
125
125
125
125
125
125
125
125
125
125
125
125
125
125
125
125
125
125
125
125
125
125
125
125
126
125
125
125
125
125
125
125
125
125
125
125
125
125
125
125
125
126
126
125
125
125
125
126
125
125
125
125
125
125
125
125
125
125
125
125
125
125
125
125
126
126
125
125
125
125
125
125
125
125
125
126
125
125
125
125
125
124
124
125
125
125
125
125
125
125
125
125
125
125
125
125
125
125
125
125
125
125
125
125
125
125
125
125
125
125
125
125
125
125
125
125
125
125
125
125
125
125
125
125
125
125
125
127
126
124
124
126
126
124
123
125
126
125
125
125
125
125
125
126
126
125
125
126
126
125
124
124
125
126
126
126
125
124
124
126
126
126
125
124
124
125
126
126
124
124
125
126
126
125
124
124
125
125
125
125
125
125
127
127
126
125
125
125
125
125
125
124
125
126
126
125
125
125
126
126
125
125
125
124
124
124
124
125
126
128
121
126
124
125
125
126
127
126
126
125
124
125
126
125
125
125
126
126
126
126
126
125
125
126
126
126
126
126
125
126
127
126
125
126
126
125
125
126
125
125
125
126
126
126
126
126
126
125
125
125
125
125
126
126
125
126
126
126
126
126
126
125
125
125
125
125
122
125
125
126
126
127
126
126
127
126
126
126
126
125
125
125
125
125
125
126
126
125
125
126
125
125
125
125
125
125
126
125
125
125
126
126
125
125
125
125
125
125
125
125
126
126
125
125
125
126
125
125
125
125
125
126
125
125
125
125
125
125
125
125
126
126
126
125
125
126
125
126
126
127
126
125
125
125
126
125
125
125
125
125
125
125
125
125
125
125
125
125
126
125
125
125
126
126
125
125
125
125
125
125
126
125
126
126
125
125
125
125
125
126
126
125
125
126
126
126
125
125
125
125
125
125
125
126
125
125
125
125
126
125
125
126
126
126
126
125
125
126
125
125
125
125
126
126
130
126
125
125
125
123
124
124
125
125
125
125
126
125
125
125
125
125
125
125
125
125
126
125
125
125
125
125
125
125
125
125
125
125
125
125
125
125
125
125
125
125
125
125
125
126
125
126
125
124
124
125
125
125
125
125
125
125
126
126
124
125
126
125
125
127
127
124
123
126
125
124
127
127
124
124
126
126
124
124
127
126
125
123
125
126
125
124
126
125
125
126
125
125
125
125
125
126
127
125
123
124
127
127
126
124
124
126
125
123
124
127
127
126
127
126
125
125
126
126
124
125
126
125
125
124
123
124
125
126
126
127
128
129
127
126
126
125
125
124
125
125
126
126
126
126
128
127
126
125
125
125
125
125
125
125
125
125
125
126
126
126
125
126
127
126
126
125
125
124
125
126
125
125
125
127
126
125
125
126
125
125
127
127
125
124
125
126
126
126
126
126
126
126
127
125
126
133
126
124
123
123
124
125
125
125
125
126
125
124
126
126
126
125
125
125
125
126
127
126
125
125
126
126
125
125
126
127
126
125
125
125
125
126
125
124
125
126
132
128
126
124
125
124
123
123
123
124
125
125
125
125
125
126
128
126
126
125
125
126
127
126
126
125
127
126
124
124
125
125
124
124
124
126
125
126
126
125
125
126
125
125
125
125
124
123
124
127
124
125
125
126
125
126
126
126
125
125
125
124
126
125
125
125
125
125
126
127
126
126
125
125
126
126
126
125
125
126
127
125
125
123
124
126
125
126
127
127
126
125
125
125
124
124
124
125
126
124
123
124
126
127
127
125
125
125
125
126
125
123
125
123
124
126
126
59
126
126
126
126
126
126
126
126
126
126
126
126
126
126
126
126
126
126
126
126
126
126
125
126
125
125
125
125
126
126
126
125
126
125
125
126
126
126
125
126
126
126
126
126
126
126
126
126
126
126
125
125
126
126
125
126
125
125
125
126
125
126
126
126
125
125
125
125
125
125
125
125
125
125
125
125
125
125
125
126
125
125
125
125
125
125
125
125
125
126
125
126
126
125
125
125
126
125
126
125
125
125
125
126
125
125
125
126
125
125
125
125
125
125
125
125
125
125
126
125
125
125
125
125
125
125
125
125
125
125
125
125
126
125
126
125
126
125
125
125
126
126
125
125
125
125
126
125
125
126
125
126
125
125
125
125
125
125
125
125
125
125
125
125
126
126
126
126
126
126
126
126
126
125
125
125
125
125
125
125
125
125
125
126
126
125
125
126
125
125
125
125
125
125
125
125
125
125
125
126
126
125
125
125
125
125
125
125
125
125
125
125
125
125
125
125
125
125
125
125
125
125
125
125
125
125
125
126
125
125
125
125
125
125
125
125
125
125
125
125
125
125
125
125
125
125
125
125
125
125
125
125
125
125
125
125
125
125
125
125
125
125
125
125
125
125
125
125
125
125
125
125
125
125
125
125
125
125
125
125
125
125
125
125
125
125
125
125
125
125
125
125
125
126
125
125
125
125
125
125
125
125
125
125
125
125
125
125
125
125
125
126
124
125
126
126
126
126
126
126
125
125
125
125
126
126
125
125
125
126
126
125
126
126
125
125
125
125
125
126
126
126
126
126
126
126
126
125
126
126
126
126
126
125
