121
118
118
127
131
124
71
125
125
125
125
125
125
125
125
125
125
125
125
125
125
125
125
125
125
125
125
125
125
126
125
125
125
125
125
125
125
125
125
125
125
125
125
125
125
125
125
125
125
125
125
125
125
125
125
125
125
125
125
125
125
125
125
125
125
125
125
125
125
125
125
125
125
125
125
125
125
126
125
125
125
125
125
125
125
125
126
125
125
126
126
125
126
125
125
126
125
125
125
125
125
126
125
125
125
125
125
125
125
125
125
125
125
125
126
126
125
125
125
125
125
125
125
125
125
125
125
125
125
125
125
125
125
125
125
125
125
125
125
125
125
125
125
125
125
125
125
125
125
125
125
125
125
125
125
125
125
125
125
125
125
126
125
126
125
125
125
125
126
125
126
125
125
126
126
126
126
126
126
125
126
126
126
126
126
126
126
126
126
126
126
126
126
126
126
126
126
126
125
126
126
126
126
126
126
126
126
126
126
126
126
126
126
126
126
126
126
126
126
126
126
126
126
126
126
126
126
126
126
126
126
126
126
126
126
126
126
125
126
125
126
126
126
126
126
126
126
126
125
126
126
125
125
125
125
126
126
126
126
126
126
126
126
126
125
126
125
126
126
125
126
126
126
126
126
126
126
126
126
125
125
126
126
126
125
126
125
126
126
125
126
126
126
126
126
126
126
126
126
126
125
126
126
126
125
126
126
125
126
126
126
125
126
126
126
126
125
126
126
126
126
126
126
126
126
125
126
126
126
126
126
126
126
125
125
126
126
125
126
125
125
126
126
125
125
125
126
125
126
126
126
126
126
125
126
126
126
125
126
126
126
126
126
126
126
125
126
126
126
125
126
126
126
125
126
125
126
126
126
126
125
125
125
125
125
126
126
125
125
126
125
125
125
125
125
125
126
125
125
125
125
126
125
126
125
125
125
126
125
125
125
125
125
125
125
125
125
125
125
126
126
126
125
125
125
126
125
125
125
125
125
125
126
125
125
125
125
126
126
125
125
125
125
125
125
125
126
126
126
126
126
125
125
125
126
125
125
125
125
125
125
125
125
125
125
125
125
125
125
125
125
125
125
125
125
125
125
125
125
125
125
125
125
125
125
125
125
125
125
125
125
125
125
125
125
125
125
125
125
125
125
125
125
125
125
125
125
125
125
125
125
125
125
125
125
125
125
125
125
125
125
125
125
125
125
125
125
125
125
125
125
125
125
125
125
125
125
125
125
125
125
125
125
125
125
125
126
125
125
125
125
125
125
125
125
125
125
125
125
125
125
125
125
125
125
125
125
125
125
126
125
125
125
125
125
125
125
125
125
125
125
125
125
125
125
125
125
125
125
125
125
125
125
125
125
126
125
125
125
125
125
125
125
125
125
126
126
125
125
125
125
126
125
125
125
125
125
125
125
125
125
126
126
125
125
125
125
125
125
127
125
124
124
125
126
127
126
126
126
126
126
126
126
125
125
126
126
126
126
126
125
125
126
127
126
126
125
126
127
126
125
125
125
126
126
126
126
126
127
126
126
126
126
126
126
126
126
125
125
126
126
126
126
126
126
126
126
126
126
125
125
126
126
126
126
126
126
125
126
126
126
126
127
126
126
125
125
125
126
126
126
125
125
126
126
127
127
126
124
124
126
128
126
125
125
125
125
126
128
127
123
122
126
128
127
124
124
124
125
126
127
127
126
124
124
126
128
128
126
124
124
125
126
126
126
125
125
125
127
128
128
126
125
124
125
127
127
125
124
124
126
127
127
126
125
125
125
126
125
126
126
126
126
127
126
125
124
125
126
127
125
123
122
125
127
125
129
133
130
122
118
125
130
125
121
128
133
124
121
128
131
124
116
115
124
133
132
126
125
127
130
132
129
120
114
119
127
131
130
128
126
127
127
126
123
122
122
125
128
130
129
125
120
116
113
117
136
171
187
137
46
20
113
216
189
87
62
127
165
145
118
125
145
134
91
92
145
157
122
106
130
150
126
95
105
142
153
138
128
112
86
89
144
174
128
96
128
145
121
129
147
110
75
116
171
161
112
97
131
164
154
97
43
82
178
174
85
117
255
255
48
139
65
216
255
255
43
85
140
255
205
66
20
52
117
188
195
119
61
95
162
175
128
75
63
111
178
185
133
82
82
126
152
136
117
111
112
128
146
142
129
113
100
113
136
136
126
129
127
118
120
131
139
135
121
104
114
144
153
118
93
113
137
143
136
123
105
103
125
149
151
128
105
112
131
136
140
138
119
106
117
133
132
121
106
109
133
150
142
125
109
110
138
149
122
103
123
152
137
100
89
115
146
161
140
100
104
145
144
114
124
140
114
95
125
158
140
97
98
129
145
141
133
130
119
119
133
126
107
110
133
143
129
117
127
134
120
107
124
142
130
121
130
125
113
124
147
140
105
100
130
138
122
121
123
124
139
152
131
107
109
131
133
108
101
129
144
133
126
124
127
131
132
131
133
122
106
107
119
124
133
137
125
121
134
138
123
119
123
127
133
128
106
113
146
146
121
119
126
107
100
126
145
140
128
123
116
111
129
148
142
122
109
114
130
130
118
121
139
133
113
123
146
136
103
99
126
139
129
131
144
136
109
97
115
142
146
129
111
110
122
134
137
134
127
117
112
118
131
139
142
137
121
105
107
118
134
146
135
111
105
124
146
148
118
96
111
146
156
128
100
108
134
136
120
120
133
132
120
119
126
128
123
120
121
131
137
127
120
128
131
123
113
109
120
140
151
132
108
115
141
138
108
96
126
150
135
110
109
127
142
136
122
119
127
136
132
117
110
122
136
132
119
116
123
127
131
137
129
114
111
127
142
135
121
122
129
121
113
125
133
126
122
129
128
117
121
137
134
113
111
132
144
133
120
115
116
125
133
130
120
122
131
131
126
123
118
121
131
135
128
120
120
121
120
128
137
131
113
110
128
142
135
119
117
129
130
120
117
124
131
130
123
121
126
130
129
131
130
118
112
124
139
131
112
113
130
135
129
127
126
122
125
128
124
122
126
134
129
121
118
117
124
135
134
120
117
126
133
130
124
122
121
125
129
124
115
123
138
135
122
118
121
123
126
127
127
129
131
127
119
116
124
136
135
122
118
122
125
129
133
130
123
118
118
121
125
131
133
130
121
115
121
130
132
133
132
124
113
114
125
126
128
134
127
115
117
131
135
129
122
119
122
127
128
126
125
129
128
122
118
119
126
137
139
126
113
116
128
132
132
128
118
115
121
133
135
125
116
120
133
135
124
118
125
131
129
122
123
131
127
113
114
128
132
126
123
128
133
127
116
117
125
127
124
123
125
127
133
128
117
114
127
141
138
120
110
118
130
132
127
125
120
118
125
131
129
131
129
117
118
135
139
123
115
142
130
126
133
115
111
122
133
131
124
122
122
122
124
128
134
134
127
119
115
117
125
131
125
120
126
136
131
120
123
133
132
124
119
122
122
122
129
136
131
120
118
124
130
132
127
121
121
126
130
129
126
123
124
125
124
125
131
134
124
115
119
131
131
122
122
128
124
129
124
122
123
125
125
129
134
130
121
122
128
130
127
127
127
125
122
121
124
130
132
125
116
121
133
135
126
117
118
122
126
128
128
130
127
123
123
128
127
125
127
130
129
121
115
119
131
137
128
117
118
129
136
128
114
112
130
143
133
118
116
125
133
127
119
117
123
130
133
128
122
120
129
135
128
119
118
123
126
124
128
134
129
118
121
133
132
117
112
121
128
129
134
137
131
121
115
120
127
132
133
126
115
115
126
132
128
125
127
130
128
122
120
124
131
127
119
125
131
129
121
122
125
128
132
131
123
114
119
130
136
130
122
123
129
127
122
120
124
131
133
122
70
125
125
125
125
125
125
125
125
126
125
125
125
125
126
126
125
125
125
125
125
125
125
125
125
125
125
125
125
125
125
125
125
125
125
126
125
125
125
125
125
125
125
125
125
125
125
125
125
125
125
125
125
125
125
125
125
125
126
125
125
125
125
125
125
125
125
125
126
126
125
125
125
125
125
125
125
125
125
125
125
125
125
125
125
125
125
125
125
126
125
125
125
126
125
126
125
125
125
125
125
125
125
125
125
125
125
126
125
125
125
125
125
125
125
125
126
125
125
125
125
125
125
125
125
125
125
125
125
125
125
125
125
125
125
125
125
126
125
125
125
125
125
125
125
125
125
125
125
125
125
125
125
125
125
125
125
125
125
125
125
125
125
125
125
125
125
125
125
125
125
125
125
125
125
125
125
125
125
125
125
125
125
126
125
125
125
125
125
125
125
125
125
125
125
125
125
125
125
125
125
125
125
125
125
125
125
125
125
125
125
125
125
125
125
125
125
125
125
125
125
125
125
125
125
125
125
125
125
125
125
125
125
126
126
125
125
125
125
125
125
125
125
125
125
126
125
125
125
125
125
125
126
126
126
126
126
126
126
126
126
126
125
126
126
125
126
126
126
126
126
126
126
126
126
125
126
126
126
126
126
126
125
126
125
125
125
126
126
125
126
126
126
125
126
125
125
126
126
126
126
125
125
126
126
126
125
126
126
126
126
126
125
125
125
125
125
126
126
126
125
125
125
125
126
125
125
125
125
125
125
126
125
126
126
126
125
125
125
125
125
126
125
126
126
126
126
125
126
126
125
126
125
125
128
