127
121
118
120
125
128
80
126
126
125
125
126
126
125
125
126
125
125
126
125
125
125
125
126
125
125
125
125
126
125
126
126
125
126
125
125
126
126
125
125
125
125
125
125
125
125
125
125
125
125
125
125
125
125
125
125
125
125
125
125
125
125
125
125
125
125
125
125
125
125
125
125
125
125
125
125
125
125
125
125
125
125
125
125
125
125
125
125
125
125
125
125
125
125
125
125
125
125
125
125
125
125
125
125
125
125
125
125
125
125
125
125
125
125
125
125
125
125
125
126
125
125
125
125
125
126
125
125
125
125
125
125
125
125
125
125
125
125
125
125
125
125
125
125
125
125
126
125
125
125
125
125
125
125
125
125
125
125
125
125
125
125
125
125
125
125
125
125
126
125
125
125
125
125
125
125
125
125
125
125
125
126
125
125
125
126
125
125
125
125
125
125
126
125
125
125
125
125
125
125
125
125
125
125
125
125
125
125
125
125
125
125
125
125
125
125
125
125
125
125
125
125
125
125
125
125
125
125
125
125
125
125
125
125
125
125
125
125
125
125
125
125
125
125
125
126
125
125
125
125
125
125
125
125
125
125
125
125
125
125
125
125
125
125
125
125
125
125
125
125
125
125
125
125
125
125
125
125
126
125
125
125
125
125
125
125
125
125
125
125
126
125
125
125
125
125
125
125
125
125
125
125
125
125
125
125
125
125
125
125
125
125
125
125
125
125
125
125
125
125
125
125
125
125
125
125
125
125
125
125
125
125
125
125
125
125
126
126
125
125
125
125
125
125
125
125
125
125
125
125
125
125
125
125
125
125
125
125
125
125
125
125
125
125
125
125
125
125
125
125
125
125
125
125
125
126
125
125
125
125
125
125
125
125
125
125
125
125
125
125
125
125
125
125
125
125
125
125
125
125
125
125
125
125
125
125
125
125
125
125
125
125
125
125
125
125
125
125
125
125
125
125
125
125
125
125
125
125
125
125
125
125
125
125
125
125
125
125
125
125
125
125
125
125
125
125
125
125
125
125
125
125
125
125
125
125
125
125
125
125
125
125
125
125
125
125
125
125
125
125
125
125
125
125
125
125
125
125
125
125
125
125
125
125
126
124
125
125
125
125
125
125
125
125
125
125
125
125
125
125
125
125
125
125
124
125
125
126
126
126
126
126
126
125
126
126
125
125
125
125
126
125
125
125
125
125
126
126
125
126
125
126
125
125
126
126
125
126
126
125
125
125
125
125
126
125
126
126
126
126
126
125
124
125
125
126
125
126
126
126
126
125
126
125
126
125
125
125
125
126
125
125
125
125
125
125
125
125
126
125
126
125
125
126
125
125
125
125
125
125
125
126
126
127
126
125
123
125
129
129
124
122
121
115
110
130
149
135
123
139
127
98
113
140
127
130
158
90
101
141
182
98
31
137
244
173
2
70
195
187
71
92
193
160
55
79
160
160
127
114
87
92
182
194
120
59
87
150
165
122
105
126
131
122
128
131
118
121
133
128
122
130
130
122
119
120
121
122
126
134
138
133
125
119
117
122
129
133
134
129
117
110
118
131
139
136
123
114
115
127
137
135
124
118
122
129
128
122
121
125
128
128
129
127
125
124
124
123
125
127
127
125
125
127
126
126
125
125
126
125
125
125
126
127
128
125
124
125
128
128
127
126
124
123
123
124
124
123
123
126
130
128
124
125
128
126
125
125
124
124
125
125
124
123
125
126
127
127
126
126
126
126
126
126
126
126
125
125
125
125
125
125
125
124
124
125
125
126
126
126
126
126
126
126
126
125
125
124
124
124
125
125
125
126
125
125
126
126
127
127
126
125
125
125
124
125
125
124
124
126
126
124
124
127
125
124
125
126
126
125
125
126
126
125
124
125
126
125
125
125
125
125
126
126
126
126
125
125
125
125
126
126
125
124
124
125
126
126
125
126
125
126
127
127
126
125
125
125
126
125
125
125
125
125
126
126
126
126
126
126
127
127
126
125
125
126
126
124
124
125
126
123
123
125
126
126
126
126
126
127
126
125
125
126
126
126
125
125
125
126
125
125
125
125
126
126
124
125
126
127
126
124
124
125
126
126
125
125
125
125
125
126
126
126
126
126
125
125
125
126
126
124
124
126
127
127
125
125
125
126
125
124
124
124
125
125
126
126
125
125
126
127
127
126
125
125
126
126
126
126
125
125
125
126
126
125
125
125
126
126
125
125
125
125
125
125
126
125
125
125
125
125
126
126
125
125
125
125
125
126
126
125
125
125
126
126
125
125
125
125
126
126
125
125
125
125
126
126
125
125
125
125
126
125
125
125
125
125
125
125
125
125
125
125
125
126
126
126
125
125
125
128
126
125
125
125
125
125
125
125
125
126
125
125
125
125
125
125
125
125
125
125
126
125
125
125
126
125
125
125
126
126
126
125
125
126
126
126
125
125
125
125
125
125
125
125
125
125
125
126
126
126
125
125
126
125
125
124
124
125
125
125
126
125
124
124
126
126
127
126
125
125
125
125
125
125
125
125
124
125
126
127
124
124
124
125
126
126
125
124
124
125
126
126
125
126
126
125
125
125
125
124
125
125
125
125
126
126
126
126
126
125
124
124
124
125
126
126
125
126
127
127
126
124
124
124
124
124
124
124
126
127
128
127
125
124
125
124
124
124
127
127
126
124
125
125
125
124
123
125
128
128
124
124
127
128
124
122
123
125
125
125
125
126
126
126
126
125
125
126
126
124
123
124
125
126
126
124
124
126
128
127
127
126
125
127
122
124
123
124
122
123
125
127
126
126
127
128
131
131
128
126
125
122
119
112
119
126
121
121
126
132
133
127
122
128
136
136
126
119
122
125
121
121
128
130
121
117
128
135
129
121
121
126
130
133
129
121
122
128
128
124
124
126
124
124
124
124
127
128
124
122
127
124
125
126
130
127
123
125
128
126
126
128
125
118
118
128
134
126
118
127
139
127
109
122
141
130
115
128
137
119
110
137
153
124
97
107
128
141
141
126
112
117
131
131
122
121
129
128
120
115
121
135
140
131
120
118
122
126
127
125
124
128
130
124
121
126
128
126
123
124
127
129
127
124
123
127
128
120
115
122
136
137
127
122
129
129
122
121
126
128
125
125
126
124
121
123
127
129
128
124
123
126
126
123
119
118
124
129
129
126
126
128
128
127
129
129
125
122
123
124
122
121
126
130
129
125
124
126
130
133
133
128
116
111
122
132
127
120
123
126
125
129
132
122
116
126
137
131
122
122
126
131
126
126
124
122
123
121
117
123
139
143
130
113
110
119
129
132
128
127
130
129
124
127
124
127
129
124
118
122
130
127
119
118
125
132
132
124
119
118
123
131
135
134
131
122
115
119
126
126
127
128
124
117
119
131
137
131
123
122
125
128
127
125
122
120
122
125
123
122
126
129
126
123
125
127
126
126
127
127
126
124
123
123
123
123
126
127
127
127
130
128
124
124
127
127
126
125
122
119
119
124
127
127
125
123
126
130
129
124
122
124
126
125
124
126
129
124
117
115
123
136
139
137
123
110
115
131
139
133
117
105
117
136
135
127
133
137
113
86
107
157
167
124
87
106
153
157
118
64
124
132
123
121
138
139
128
120
120
126
133
131
128
131
122
111
121
137
134
127
127
125
121
126
129
125
126
129
129
125
121
124
132
132
121
111
114
132
142
134
118
112
121
133
137
130
122
121
127
129
128
127
126
124
123
126
129
128
125
122
120
122
127
132
130
121
109
122
124
124
134
138
124
116
124
131
129
128
129
127
121
117
122
132
133
124
121
125
126
127
127
123
122
124
125
126
128
127
128
129
127
115
102
113
141
154
139
116
109
113
117
125
135
134
79
125
126
126
125
126
126
126
126
126
126
125
125
125
126
125
125
125
125
126
126
126
126
126
126
126
126
125
125
126
125
126
125
125
125
126
126
126
125
125
126
126
126
126
126
126
125
126
125
125
125
125
126
125
126
126
125
125
125
126
126
126
125
126
126
126
126
126
125
126
126
126
126
126
126
126
126
126
125
126
126
126
126
126
125
126
125
126
125
125
125
126
126
126
126
125
125
126
126
125
125
125
126
126
126
125
125
126
126
126
125
125
126
126
126
126
125
125
125
125
125
126
126
125
125
125
126
126
126
125
126
125
126
125
125
125
126
126
126
126
125
125
125
126
126
126
125
125
126
125
125
126
126
125
126
126
126
126
125
126
125
126
125
125
126
126
125
125
126
125
125
125
126
126
125
125
126
125
126
125
126
126
125
125
126
125
125
125
125
126
125
125
125
126
126
125
125
125
125
125
125
125
125
125
125
125
125
125
125
125
125
125
125
125
125
125
125
125
125
125
125
125
125
126
125
125
125
125
125
125
125
125
126
125
125
125
125
125
125
125
125
125
125
125
125
125
125
125
125
125
125
125
125
125
125
125
125
125
125
125
125
126
125
125
125
125
125
125
125
125
126
126
125
126
125
126
125
125
125
125
125
125
125
125
125
125
125
125
125
125
125
125
125
125
125
125
125
125
125
125
125
125
125
126
126
125
125
125
126
125
125
125
125
125
125
125
125
125
125
125
126
125
125
125
125
125
126
125
125
125
125
126
125
125
126
126
125
125
125
125
125
125
125
125
125
125
125
125
125
125
125
125
125
125
131
