125
125
125
125
125
125
23
125
125
125
125
125
125
125
125
125
126
125
125
125
125
125
125
125
126
125
125
125
126
125
125
125
125
125
125
125
125
125
125
125
125
125
126
125
125
125
125
125
125
125
125
125
125
125
125
125
125
125
125
125
125
125
125
125
125
125
125
125
125
125
125
125
125
125
125
125
125
125
126
125
125
125
126
126
125
125
125
125
126
125
125
125
125
125
126
126
125
125
124
125
125
125
125
125
127
128
127
124
124
126
126
124
124
125
125
125
125
125
125
126
126
125
125
126
126
126
125
125
124
125
127
126
125
124
124
126
127
126
124
123
126
129
127
123
123
127
130
126
121
123
127
120
115
131
149
130
104
116
136
128
113
119
151
140
107
103
129
148
131
110
105
133
146
109
105
142
157
136
122
100
77
140
209
124
39
104
182
172
142
108
84
103
126
123
136
152
132
105
108
130
145
134
113
117
132
127
112
112
124
140
143
125
108
120
138
131
114
112
125
132
131
130
130
123
117
121
131
133
125
117
118
125
131
130
126
124
125
124
124
124
125
125
127
128
128
125
122
122
125
128
127
126
125
125
126
125
124
125
126
125
124
125
127
128
126
124
123
124
124
126
127
127
125
124
124
126
127
126
125
125
125
126
126
126
125
124
125
126
127
126
125
124
124
125
126
126
125
125
125
126
126
125
125
125
125
125
125
126
125
125
125
125
125
125
125
125
126
126
125
125
125
125
126
126
126
125
125
125
125
125
125
126
125
125
125
125
125
125
125
125
125
125
126
125
125
125
125
125
125
125
125
125
125
125
125
125
125
126
125
125
125
125
125
125
125
125
125
125
125
125
125
125
126
126
126
125
125
125
125
125
125
125
125
125
125
125
125
125
125
125
125
125
125
125
125
126
125
125
125
125
125
125
125
125
126
126
125
125
125
125
125
125
125
125
125
125
125
126
124
125
125
125
126
126
126
126
126
126
126
126
126
126
126
126
126
126
126
126
126
125
125
125
126
125
125
125
126
126
126
126
126
126
126
126
126
125
126
126
126
126
126
126
126
125
126
125
125
125
125
126
126
125
125
126
126
126
126
126
126
126
125
126
126
126
125
125
125
126
126
126
126
126
126
126
126
125
125
125
125
125
125
125
125
125
125
125
125
125
125
125
125
125
125
126
126
125
125
125
125
125
126
126
126
125
125
126
126
125
125
125
126
126
125
125
125
125
125
125
125
125
125
125
125
125
126
126
126
125
125
126
126
125
125
125
126
125
125
125
126
126
125
125
125
125
125
125
125
125
125
125
125
125
125
125
125
126
125
125
125
126
125
126
126
126
126
125
126
126
125
125
125
125
125
125
125
125
126
126
126
126
126
126
126
126
126
125
125
125
125
125
125
126
126
127
125
125
126
126
125
125
124
125
125
125
126
126
125
125
125
126
127
126
126
127
126
126
125
126
125
124
124
125
125
125
125
125
126
126
125
125
125
126
126
125
125
125
125
125
125
125
125
126
125
125
125
125
125
126
125
125
125
125
125
125
126
126
126
125
125
125
125
125
124
124
125
125
125
126
126
126
126
126
126
125
126
125
126
126
126
126
125
125
125
125
125
125
125
125
125
125
125
125
125
125
125
126
126
126
126
126
126
126
125
125
125
125
126
125
125
126
125
125
126
125
125
125
125
125
125
125
125
125
125
125
125
125
126
125
125
125
126
126
126
125
125
125
125
125
125
125
126
125
125
125
125
125
125
125
125
125
126
126
125
125
125
125
125
125
125
125
125
125
126
126
125
125
125
125
125
125
125
125
126
125
125
125
125
125
126
125
125
125
125
125
125
125
125
125
125
126
125
125
125
125
125
125
125
125
125
126
125
125
125
126
125
125
125
125
126
125
125
125
125
126
125
125
125
125
126
125
125
125
126
125
125
125
125
126
125
125
125
125
125
125
125
125
125
125
125
125
125
125
126
125
125
125
125
125
125
125
126
125
125
125
125
125
125
126
125
125
125
125
125
125
125
125
125
125
125
125
125
125
125
125
125
125
125
125
125
126
125
125
125
125
125
127
126
125
125
125
125
125
125
125
125
125
125
125
125
125
125
125
125
125
125
125
125
125
125
125
125
125
125
125
125
125
125
125
124
124
125
125
125
126
126
126
126
126
125
125
125
125
125
125
125
125
125
125
125
125
125
125
125
125
125
125
125
125
125
125
125
125
125
125
125
125
125
125
125
126
125
125
125
125
125
125
125
125
126
125
125
125
125
125
125
125
125
125
125
125
125
126
125
126
125
125
125
125
125
126
125
125
125
125
125
125
125
125
125
125
125
125
125
125
125
125
125
125
125
125
125
125
125
125
125
125
125
126
125
125
125
125
125
126
124
125
126
126
125
125
125
125
125
125
125
125
125
126
125
125
125
125
125
126
126
125
125
125
125
126
125
125
125
125
125
125
125
126
125
125
125
125
125
125
125
125
125
125
125
125
125
125
125
125
125
125
125
125
125
125
125
125
125
125
125
125
125
125
125
125
126
125
125
125
125
125
126
126
125
125
125
125
125
125
125
125
125
125
125
125
125
125
126
127
125
126
125
125
125
125
125
125
125
125
125
125
125
125
125
125
125
125
125
125
125
125
125
125
125
125
125
129
126
126
125
125
124
124
124
124
125
125
125
125
125
125
125
125
125
125
125
125
125
125
126
125
125
126
125
125
125
125
126
125
125
122
124
125
125
125
127
127
126
126
126
126
125
125
125
125
125
125
126
126
126
125
125
125
125
125
125
125
125
126
126
125
125
125
125
125
125
125
125
125
125
125
125
125
125
125
126
125
125
126
125
126
125
125
125
125
125
125
125
125
126
126
126
125
125
125
125
125
125
125
126
126
125
126
126
125
124
124
124
126
125
125
126
126
126
125
126
125
126
126
126
125
125
125
125
125
125
125
126
126
125
126
125
125
125
125
125
125
125
125
126
125
126
125
125
126
125
126
126
125
125
125
125
126
125
125
126
125
124
125
125
126
125
126
126
126
126
125
126
126
125
125
126
125
125
126
125
125
125
125
125
125
126
126
125
125
125
125
125
125
125
125
125
125
126
126
125
125
125
125
125
125
125
125
125
126
125
126
125
125
125
126
125
126
125
125
125
125
125
125
125
125
126
125
125
125
125
125
125
125
126
125
125
125
125
126
125
125
126
125
126
125
125
125
125
125
125
125
125
126
126
126
126
127
130
126
125
125
124
123
124
124
124
125
125
125
125
125
125
125
125
125
126
125
125
125
125
126
125
125
125
125
126
126
125
125
125
125
126
125
125
125
125
126
125
125
125
125
125
125
125
125
126
125
125
125
125
125
125
126
126
126
126
126
125
125
125
125
125
125
125
125
124
146
72
130
121
131
127
130
128
127
127
126
126
125
125
126
126
126
127
126
126
127
126
126
127
126
125
126
127
127
126
126
127
126
126
125
126
124
126
125
127
126
126
126
126
126
126
125
125
105
108
130
124
127
131
130
130
129
129
129
130
129
128
126
126
125
125
127
116
122
121
125
127
130
129
129
128
128
128
128
125
124
124
123
124
123
124
124
125
126
128
129
128
129
129
129
128
128
127
124
123
123
123
124
122
122
124
125
126
127
127
126
127
126
127
126
125
123
123
124
124
124
124
124
125
126
127
126
126
125
126
126
125
124
125
125
125
125
126
126
126
126
126
125
126
126
126
127
127
125
125
125
126
126
125
124
124
123
124
124
125
126
126
125
125
125
126
126
124
127
126
127
126
126
127
126
125
126
126
125
125
125
125
126
126
126
126
124
125
125
125
125
125
125
126
124
125
126
125
125
126
126
126
126
126
126
126
126
126
125
24
125
125
125
125
125
125
125
125
125
125
125
125
125
125
125
125
125
125
125
125
125
125
125
125
125
125
125
125
125
125
125
125
125
125
125
125
125
125
125
125
125
125
125
125
125
125
125
125
125
125
125
125
125
125
125
125
125
125
125
125
125
125
125
125
125
125
125
126
126
125
124
125
126
126
125
125
125
125
125
126
125
125
125
126
126
126
125
125
125
125
125
124
124
126
127
128
127
124
124
126
126
124
123
125
126
126
125
124
125
126
127
126
125
125
126
126
125
124
125
126
127
125
125
125
126
125
125
125
125
125
126
125
126
128
127
123
122
126
130
125
117
121
130
128
122
126
134
130
118
117
122
126
122
130
141
127
99
110
151
153
114
99
116
144
140
108
89
111
162
196
148
71
64
124
181
153
85
85
147
177
136
99
110
127
113
101
125
156
150
116
99
118
139
140
126
119
119
119
119
125
132
131
125
124
126
125
124
123
121
121
124
127
129
131
130
123
120
123
127
127
124
123
123
123
124
126
128
129
128
126
122
121
123
126
127
128
127
123
122
124
127
128
127
126
125
125
124
125
125
125
125
125
126
126
126
125
126
126
125
125
125
125
125
125
125
125
125
125
126
126
126
126
126
126
125
124
124
124
125
126
126
126
125
125
125
125
125
126
125
125
125
126
126
125
124
124
125
125
125
125
125
125
125
126
126
126
125
125
125
125
125
125
125
125
125
126
125
125
125
125
125
125
125
125
125
125
125
125
125
125
125
125
125
125
125
125
125
125
125
125
125
125
126
125
125
125
125
125
126
125
125
125
125
126
