129
127
123
124
125
124
92
125
125
125
125
125
125
125
125
125
125
125
125
125
125
125
125
125
125
125
125
125
125
125
125
125
125
125
125
125
125
125
125
125
125
125
125
125
125
125
125
125
125
125
125
125
125
125
125
125
125
125
125
125
125
125
125
125
125
125
125
125
125
125
125
125
125
125
125
125
125
125
125
125
125
125
125
125
125
125
125
125
125
125
125
125
125
125
125
125
125
125
125
125
125
125
125
125
125
125
125
125
125
125
125
125
125
125
125
125
125
125
125
125
125
125
125
125
125
125
125
125
125
125
125
125
125
125
125
125
125
125
125
125
125
125
125
125
125
125
125
125
125
125
125
125
125
125
125
125
125
125
125
125
125
125
125
125
125
125
125
125
125
125
125
125
125
125
125
125
125
125
125
125
125
125
125
125
125
125
125
125
125
125
125
125
125
125
125
125
125
125
125
125
125
125
125
125
125
125
125
125
125
125
125
125
125
125
125
125
125
125
125
125
125
125
125
125
125
125
125
125
125
125
125
125
125
125
125
125
125
125
125
125
125
125
125
125
125
125
125
125
125
125
125
125
125
125
125
125
125
125
125
125
125
125
125
125
125
125
125
125
125
125
125
125
125
125
125
125
125
125
125
125
125
125
125
125
125
125
125
125
125
125
125
125
125
125
125
125
125
125
125
125
125
125
125
125
125
125
125
125
125
125
125
125
125
125
125
125
125
125
125
125
125
125
125
125
125
125
125
125
125
125
125
125
125
125
125
125
125
125
125
125
125
125
125
125
125
125
125
125
125
125
125
125
125
125
125
125
125
125
125
125
125
125
125
125
125
125
125
125
125
125
125
125
125
125
125
125
125
125
125
125
125
125
125
125
125
125
125
125
125
125
125
125
125
125
125
125
125
125
125
125
125
125
125
125
125
125
125
125
125
125
125
125
125
125
125
125
125
125
125
125
125
125
125
125
125
125
125
125
125
125
125
125
125
125
125
125
125
125
125
125
125
125
125
125
125
125
125
125
125
125
125
125
125
125
125
125
125
125
125
125
125
125
125
125
125
125
125
125
125
125
125
125
125
125
125
125
125
125
125
125
125
125
125
125
125
125
125
125
125
125
125
125
125
125
125
125
125
125
125
125
125
125
125
125
125
125
125
125
125
125
125
125
125
125
125
125
125
125
125
125
125
125
125
125
125
125
125
125
125
125
125
125
125
125
125
125
125
125
125
125
125
125
125
125
125
125
125
125
125
125
125
125
125
125
125
125
125
125
125
125
125
125
125
125
125
125
125
125
125
125
125
125
125
125
125
125
125
125
125
125
125
125
125
125
125
125
125
125
125
125
125
125
125
125
125
125
125
125
125
125
125
125
125
125
125
125
125
125
125
125
125
125
125
125
125
125
125
125
125
125
125
125
125
125
125
125
125
125
125
125
125
125
125
125
125
125
125
125
125
125
125
125
125
125
125
125
125
125
125
126
125
125
125
125
125
125
125
125
125
125
125
125
125
125
125
125
125
125
125
125
125
125
125
125
125
125
125
125
125
125
125
125
125
125
125
125
125
125
125
125
125
125
125
125
125
125
125
125
125
125
125
125
125
125
125
125
125
125
125
125
125
125
125
125
125
125
125
125
125
125
125
125
125
125
125
125
125
125
125
125
125
125
125
125
125
125
125
125
125
125
125
125
125
125
125
125
125
125
125
125
125
125
125
125
125
125
125
125
125
125
125
125
125
125
125
125
125
125
125
125
125
125
125
125
125
125
125
125
125
125
125
125
125
125
125
125
125
125
125
125
125
125
125
125
125
125
125
125
125
125
125
125
125
125
125
125
125
125
125
125
125
125
125
125
125
125
124
125
125
125
125
125
125
125
125
125
125
125
125
125
125
125
125
125
125
126
126
125
122
125
125
125
125
126
126
125
126
126
125
125
126
125
125
125
125
125
125
125
125
125
125
125
125
125
125
125
125
125
125
125
125
125
125
125
125
126
123
124
125
125
126
126
126
126
126
126
125
125
125
125
125
126
126
125
126
126
125
125
126
126
125
126
126
125
125
126
126
126
126
126
125
125
125
126
125
125
126
126
126
125
125
126
125
125
126
126
125
125
126
126
125
125
126
125
125
126
126
125
125
126
127
125
124
124
126
125
125
126
127
125
125
126
126
125
125
126
125
125
125
126
126
124
125
126
126
125
125
126
125
125
125
126
125
125
126
126
125
125
125
126
125
125
125
126
125
124
125
126
126
125
125
126
126
125
125
126
126
125
125
126
125
124
125
126
126
125
126
126
126
125
125
126
126
125
125
126
126
125
125
126
126
125
125
126
126
125
125
126
126
126
125
125
126
125
125
125
126
126
125
125
125
125
125
125
125
126
125
125
125
125
125
125
125
126
126
126
125
125
125
125
125
128
126
126
125
125
124
125
125
125
124
125
125
125
125
126
126
125
125
125
126
125
125
125
125
125
125
125
125
125
125
128
126
125
125
124
124
124
125
125
125
125
125
125
125
126
125
125
125
126
125
125
125
125
125
125
125
125
125
125
125
125
125
125
125
125
125
125
125
125
125
125
124
124
125
125
125
125
127
129
129
125
121
122
126
129
127
123
122
124
125
125
124
123
123
124
125
126
126
126
125
126
126
126
125
126
126
126
127
126
125
123
122
124
126
126
127
127
127
124
121
123
126
126
124
123
122
124
126
127
125
124
124
125
126
127
127
126
126
126
126
125
125
124
125
125
125
124
124
125
125
124
124
124
125
125
125
125
126
126
126
126
126
126
126
125
125
126
125
125
125
125
125
124
124
124
125
125
125
125
124
124
125
127
127
127
125
125
125
124
125
125
125
125
124
125
125
125
125
125
125
125
125
126
126
126
126
126
125
125
125
125
125
125
125
124
124
125
126
125
123
124
126
126
125
124
125
124
123
123
125
125
124
125
126
126
124
125
126
126
128
127
126
126
131
133
126
116
119
127
126
120
120
124
123
121
128
133
125
120
127
131
127
122
124
128
127
125
123
123
123
123
124
124
124
122
120
120
125
133
133
125
123
131
136
125
109
112
135
140
123
115
122
128
128
126
124
124
125
126
128
127
121
117
121
129
132
126
122
127
130
126
122
122
121
123
130
130
123
122
124
124
126
127
125
126
128
128
124
122
122
124
124
125
124
124
127
129
128
125
126
127
127
124
125
124
120
120
128
134
131
123
121
126
127
123
123
127
125
115
112
123
131
129
121
121
125
122
131
150
140
106
98
128
153
143
114
100
117
145
150
119
91
118
162
146
92
90
133
149
131
115
114
120
130
139
139
130
117
110
120
137
138
122
111
119
132
133
125
118
115
116
123
133
134
127
122
123
125
127
128
129
125
122
125
127
126
124
122
123
126
128
127
125
127
128
124
122
123
125
124
124
124
123
124
124
126
128
127
124
124
125
127
129
128
123
121
124
127
124
124
128
127
122
118
119
123
126
129
126
121
124
130
131
131
128
121
113
115
124
130
128
126
124
124
131
135
131
125
123
122
124
128
130
123
116
118
124
126
126
124
124
122
124
127
130
130
126
122
123
127
128
126
123
121
122
123
127
127
125
126
127
123
122
127
130
127
121
121
125
129
128
124
122
123
126
127
126
124
124
126
126
126
125
125
124
125
127
128
125
123
124
125
125
125
125
125
123
121
124
125
124
124
125
125
125
127
126
126
127
127
124
122
126
130
128
124
122
122
122
125
128
127
125
124
125
126
127
125
124
123
125
126
126
124
124
124
127
126
124
123
124
124
126
126
126
125
123
125
127
124
124
126
128
126
123
124
126
127
125
122
122
125
125
124
127
126
123
124
126
129
126
124
128
129
125
93
125
125
125
125
125
125
126
126
125
125
125
125
125
125
125
125
125
125
125
125
125
125
125
125
125
125
125
125
125
125
125
125
125
125
125
125
125
125
125
125
125
125
125
125
125
125
125
125
125
125
125
125
125
125
125
125
125
125
125
125
125
125
125
125
125
125
125
125
125
125
125
125
125
125
125
125
125
125
125
125
124
125
125
125
125
125
125
125
125
125
125
125
125
125
125
125
125
125
125
125
125
125
125
125
125
125
125
125
125
125
125
125
125
125
125
126
125
125
126
126
125
126
126
126
126
126
126
126
126
126
126
126
126
126
126
126
125
126
126
125
126
126
126
125
126
126
126
126
126
126
126
126
126
125
126
126
126
126
126
126
126
126
126
126
126
126
126
125
126
126
126
126
126
126
126
125
126
126
126
126
125
126
126
126
126
126
126
126
126
125
125
126
126
125
126
126
126
126
125
126
125
125
125
125
125
125
125
125
125
125
125
125
125
126
125
125
126
125
126
125
125
125
125
125
125
126
125
125
126
125
125
125
125
125
125
126
125
126
125
125
125
125
125
125
126
126
125
125
125
125
125
125
126
125
126
126
125
126
126
126
126
126
126
125
125
125
125
125
126
125
126
126
125
125
125
125
126
125
125
125
125
125
125
125
125
126
125
126
126
126
125
126
125
125
125
126
126
125
125
125
126
126
125
125
125
125
125
125
125
125
125
125
125
125
125
125
125
125
125
125
125
125
125
126
125
126
126
125
126
125
125
125
125
124
125
126
126
126
126
126
126
126
125
125
125
125
125
125
125
125
125
125
125
117
