127
125
126
126
126
125
58
126
126
126
126
126
125
125
125
126
126
126
125
125
125
126
126
126
126
126
126
126
126
126
126
126
126
126
126
125
126
126
126
126
126
125
125
126
126
125
126
126
126
126
126
126
126
126
126
126
125
126
126
126
126
126
126
126
126
126
126
126
126
126
126
126
126
125
126
126
125
126
126
126
126
126
126
125
125
126
126
125
126
126
126
126
126
126
126
126
126
125
126
126
126
126
126
126
126
125
126
125
125
125
125
126
125
125
126
125
126
125
125
125
125
126
126
126
125
125
126
125
125
125
126
125
125
126
126
126
125
125
125
125
125
125
125
125
125
125
125
125
125
125
125
125
125
125
125
125
125
126
125
125
125
125
125
125
125
125
125
125
125
125
125
125
125
125
125
125
125
125
126
125
125
125
125
125
125
125
125
125
125
125
125
125
125
125
125
125
125
125
125
125
125
125
125
125
125
125
125
125
125
125
125
125
125
125
125
125
125
125
125
125
125
125
125
125
125
125
125
125
125
125
125
125
125
125
125
125
125
125
125
125
125
125
125
125
125
125
125
125
125
125
125
125
125
125
125
125
125
125
125
125
125
125
125
125
125
125
125
125
125
125
125
125
125
125
125
125
125
125
125
125
125
125
125
125
125
126
125
125
125
125
125
125
125
125
125
125
125
125
125
125
125
125
125
125
125
125
125
125
125
125
125
125
125
125
125
125
125
125
125
125
125
125
125
125
126
125
125
126
126
125
126
126
125
125
126
125
126
125
126
126
125
126
126
125
126
125
125
126
126
126
126
125
125
125
126
125
126
126
126
126
126
126
126
126
126
126
126
126
126
125
126
126
125
126
126
125
126
126
126
126
125
126
126
126
126
126
126
125
126
126
125
125
125
126
125
126
126
126
126
126
126
126
126
126
126
125
125
125
125
125
125
125
125
126
126
125
126
126
126
125
125
125
125
126
125
126
126
126
126
126
126
126
126
126
125
125
126
126
125
125
126
125
126
126
126
125
126
126
126
125
125
125
126
126
126
126
125
126
125
125
126
125
126
125
125
126
126
126
126
125
125
125
126
126
126
126
126
126
126
125
125
126
125
125
126
126
126
126
125
125
125
125
125
126
125
125
125
126
126
126
125
125
125
125
126
126
126
126
126
126
125
124
124
126
126
124
122
122
126
129
129
131
131
122
114
119
131
138
134
124
120
123
119
116
129
140
118
95
130
181
151
64
72
169
195
107
63
101
135
167
168
114
79
117
159
147
104
85
115
165
165
110
79
108
149
159
147
120
89
95
128
149
150
133
109
110
130
130
121
127
132
119
110
118
128
134
136
132
128
125
118
111
120
139
141
125
116
122
131
131
124
117
116
125
134
133
125
120
122
124
124
122
123
127
129
127
123
122
123
125
131
135
132
124
120
123
126
126
122
120
121
124
129
132
131
126
122
121
122
126
129
131
128
123
118
118
123
130
131
127
124
123
123
124
126
127
128
127
125
124
124
126
127
127
126
125
123
122
123
124
125
125
126
128
128
126
124
124
124
125
126
126
126
125
125
124
124
124
125
126
126
126
126
125
125
126
126
125
124
125
126
127
126
125
124
123
123
124
126
127
128
127
127
127
126
125
125
125
125
125
126
125
126
125
126
124
125
125
126
127
127
126
126
126
126
126
125
125
125
126
127
127
126
126
125
125
125
125
125
126
126
126
126
126
126
126
126
126
125
125
125
125
125
126
125
125
126
126
126
126
126
125
125
125
125
125
126
125
126
126
126
126
126
126
126
126
126
126
126
126
125
125
126
125
125
125
125
126
125
126
126
126
126
126
126
126
125
125
125
125
125
126
126
126
126
126
126
125
125
125
125
125
126
126
126
126
126
126
126
125
126
125
126
126
126
126
125
125
126
126
126
126
126
126
126
125
125
125
125
125
126
126
127
127
125
124
124
127
128
125
123
126
126
123
126
129
124
122
128
129
124
124
128
126
123
125
129
129
124
123
126
127
125
124
126
128
126
123
124
127
126
124
125
126
126
126
127
125
124
128
129
126
124
123
125
127
127
124
124
129
129
123
122
128
127
125
126
128
125
121
122
127
127
123
125
129
127
123
122
125
127
127
125
124
126
127
126
124
124
126
127
125
124
125
127
128
125
126
128
126
124
127
126
122
123
126
127
124
123
125
127
125
124
125
127
125
124
128
128
123
122
127
130
125
122
124
126
126
127
127
124
123
126
125
124
126
126
124
124
126
125
126
126
126
127
127
124
120
121
126
130
129
125
122
123
126
127
125
125
125
127
127
125
125
125
125
125
125
128
120
124
124
126
125
126
126
125
125
126
126
126
126
126
125
125
125
125
125
126
126
126
125
125
125
126
125
126
126
126
126
125
125
125
126
126
126
125
125
125
126
126
126
126
125
126
126
126
125
125
126
126
126
126
126
126
126
126
125
125
125
125
126
125
125
125
123
124
125
125
125
126
127
126
126
126
126
126
126
125
125
125
125
125
125
126
125
125
126
125
126
126
125
125
125
125
125
125
125
125
125
125
125
125
125
125
125
125
125
125
125
125
125
125
125
125
126
126
125
126
126
126
125
125
125
125
125
125
125
125
125
125
125
125
125
125
125
125
126
125
125
125
126
126
126
126
125
126
126
125
125
125
125
126
126
125
125
125
125
125
125
126
125
125
125
125
125
125
125
125
125
125
125
125
125
125
126
125
125
126
126
126
125
126
126
126
126
126
125
125
126
126
126
126
126
125
126
125
126
125
125
125
126
125
125
125
125
125
125
126
126
126
125
125
127
129
126
124
125
124
125
125
125
125
126
125
125
125
125
125
125
125
125
126
126
125
126
126
126
126
126
125
125
125
125
125
125
125
126
125
125
125
125
125
125
125
126
125
125
126
126
125
125
125
125
125
126
125
125
125
125
125
125
126
125
125
126
125
125
125
125
125
125
125
125
125
125
125
125
126
125
125
125
126
125
125
125
126
125
125
126
125
125
125
125
125
125
126
126
125
125
125
125
125
125
125
125
126
126
125
125
125
126
125
125
125
125
125
126
126
124
125
126
125
125
125
125
125
125
125
125
126
125
125
125
125
125
125
126
125
125
126
126
125
125
126
125
125
125
125
125
125
125
125
125
125
125
125
125
126
125
126
125
125
125
125
125
126
125
125
125
125
125
126
125
126
125
125
126
125
126
126
124
125
125
125
125
125
125
126
125
125
125
125
126
126
125
126
125
126
125
125
126
125
125
125
126
125
126
126
125
125
125
125
125
125
125
125
125
126
126
126
126
126
126
126
126
126
142
85
133
123
127
127
126
126
126
126
126
125
125
125
125
125
126
126
127
127
126
125
125
125
91
116
128
129
130
132
132
130
129
128
127
127
126
127
127
126
126
126
127
126
127
126
126
126
128
128
126
125
126
126
126
126
126
126
126
127
127
126
126
126
125
125
125
117
125
125
126
128
129
127
128
128
128
125
125
126
126
127
127
126
125
126
126
127
126
126
125
125
126
126
126
124
124
125
126
126
125
126
126
126
124
124
125
126
125
125
126
126
126
125
124
126
125
125
125
126
126
126
125
125
125
125
126
126
126
127
126
125
125
124
125
125
125
126
126
126
126
125
126
126
125
126
126
125
126
125
126
126
125
125
125
126
125
125
125
126
126
126
126
125
126
126
125
125
125
126
127
125
125
125
126
126
126
126
126
127
125
126
125
125
126
124
125
125
125
126
128
125
126
126
126
125
125
125
125
125
126
125
125
125
125
126
126
125
127
124
125
125
126
126
127
136
126
125
127
122
122
122
126
125
125
125
124
125
125
125
126
125
125
126
126
126
126
125
126
59
125
125
125
125
125
125
125
125
125
125
125
125
125
125
125
125
125
125
125
125
125
125
125
125
126
125
125
125
125
125
125
125
125
125
125
125
125
125
125
125
125
125
125
125
125
125
126
126
126
126
126
126
126
126
126
126
126
125
125
126
126
126
126
126
125
126
125
126
126
125
126
125
125
126
126
125
125
126
126
126
126
126
126
126
126
126
125
125
125
126
126
126
126
126
126
126
126
126
126
126
125
126
126
126
126
125
126
126
126
126
125
125
126
126
126
126
125
126
125
126
125
125
125
125
125
126
125
125
126
126
125
125
125
125
125
125
126
126
125
125
125
125
125
125
126
125
125
125
126
126
125
125
125
125
125
125
125
125
125
125
125
125
125
125
125
125
125
125
125
125
125
125
125
125
125
125
125
125
125
126
126
126
126
126
125
125
125
125
125
126
125
125
125
126
126
126
125
125
125
126
126
125
125
125
125
125
125
125
125
125
125
125
126
125
126
126
125
126
126
126
125
125
125
125
125
126
126
126
126
125
126
125
125
125
125
125
125
126
125
126
125
125
126
125
125
125
125
125
125
126
125
125
126
125
125
125
125
125
125
125
126
126
126
125
125
125
125
125
125
125
125
125
125
125
125
125
125
125
125
125
125
125
125
125
125
125
126
125
125
125
125
125
125
125
125
125
125
125
125
125
125
125
125
125
125
125
125
125
125
125
125
125
125
125
125
125
125
125
125
125
125
125
125
125
125
125
125
125
125
125
125
125
125
125
125
125
125
125
125
125
125
125
125
125
125
125
125
125
125
125
125
125
125
124
