124
125
126
125
125
124
54
125
125
125
125
125
125
125
125
125
125
125
125
125
125
126
126
125
125
125
125
125
125
125
125
125
126
125
125
125
125
125
125
126
125
125
125
125
125
125
125
125
125
125
125
125
125
125
125
125
125
125
125
125
125
125
125
125
125
125
125
125
125
125
125
125
125
125
126
125
126
125
125
125
125
125
125
125
125
125
125
125
125
125
125
125
125
125
125
125
125
125
125
125
125
125
125
125
125
125
125
125
125
125
125
125
125
125
125
125
125
125
125
125
125
125
125
125
125
125
125
125
125
125
125
125
125
126
125
125
125
125
125
125
125
125
125
125
125
125
125
125
125
125
125
125
125
125
125
125
125
125
125
125
125
125
125
125
125
125
125
125
125
125
125
125
125
125
125
125
125
125
125
125
125
125
125
125
126
125
125
125
125
125
125
125
125
125
125
125
125
126
125
125
125
125
125
125
125
125
125
125
125
125
125
125
125
125
125
125
125
125
125
125
125
125
125
125
125
125
125
125
125
125
125
125
125
125
125
125
125
125
125
125
125
125
125
125
125
125
125
125
125
125
125
125
125
125
125
125
125
125
125
126
125
125
125
125
125
125
125
125
125
125
125
125
125
125
125
125
125
125
125
125
125
125
125
125
125
125
125
125
125
126
126
126
125
125
125
125
125
125
125
125
125
125
125
125
125
125
125
125
125
125
125
125
125
125
125
125
125
125
125
125
125
125
125
125
125
125
125
125
125
125
125
125
125
125
125
125
125
125
125
125
125
125
125
125
125
125
125
125
125
125
125
125
125
125
125
125
125
125
125
125
125
125
125
125
125
125
125
125
125
125
125
125
125
125
125
125
125
125
125
125
125
125
125
125
125
125
125
125
125
125
125
125
125
126
126
126
126
126
126
126
126
125
125
126
126
126
126
126
126
126
125
125
126
126
125
126
126
126
126
126
126
126
126
126
126
126
126
126
126
126
125
126
126
126
126
126
126
125
125
126
126
126
126
125
126
126
126
126
126
126
126
126
125
125
126
126
126
126
126
126
126
126
125
125
125
125
126
126
126
126
125
126
126
126
126
125
125
125
126
125
125
126
125
125
125
125
125
125
125
125
125
126
126
125
126
126
126
126
125
125
125
125
125
125
126
127
129
129
129
125
119
112
103
105
141
182
160
94
83
138
145
100
129
186
143
39
54
210
231
35
78
140
255
255
19
66
18
90
255
255
74
156
50
255
235
173
103
2
63
201
197
91
88
119
114
138
151
98
83
143
162
130
118
117
111
117
121
116
122
130
133
140
138
112
93
109
139
155
145
113
89
102
138
155
141
117
109
119
133
134
124
118
125
131
126
120
123
129
128
123
121
123
131
136
132
123
122
126
126
120
118
124
131
132
127
124
126
130
130
126
124
124
125
124
122
121
124
128
129
128
126
126
127
127
125
122
123
126
128
127
125
125
126
127
127
126
127
128
127
124
123
124
125
127
127
126
124
124
125
125
126
127
127
125
125
125
126
127
126
126
124
124
125
126
126
125
126
126
126
126
125
126
126
126
125
125
125
126
126
125
124
124
124
125
125
126
126
126
126
127
127
128
127
126
125
125
126
125
123
122
122
123
124
125
126
127
128
127
127
127
126
125
126
126
126
125
124
125
126
126
126
125
125
126
126
124
124
125
125
126
126
126
126
126
126
126
125
125
126
126
126
125
124
124
125
126
127
126
125
125
125
126
125
125
126
126
125
124
125
126
127
126
125
125
126
126
125
125
125
125
126
125
125
125
125
126
126
126
125
125
125
125
125
124
124
124
125
126
126
125
125
125
125
126
126
127
126
125
125
126
126
125
124
125
126
127
125
125
125
125
125
125
125
125
125
126
125
125
126
125
125
125
125
126
126
125
125
125
126
125
125
126
125
124
125
126
126
125
125
125
125
125
127
126
125
123
125
125
125
125
127
126
125
126
126
126
125
124
125
126
125
125
125
126
125
125
125
125
125
126
125
125
125
126
126
125
125
125
126
127
126
124
124
126
126
125
125
125
125
124
125
126
126
125
126
126
125
125
125
125
125
125
125
126
125
125
125
125
125
125
125
126
125
125
125
125
126
126
125
125
125
126
125
125
125
125
125
125
126
126
125
124
126
126
125
125
125
125
125
125
126
126
125
125
125
125
125
125
125
126
125
126
126
125
126
125
125
125
125
125
125
126
126
126
126
125
124
125
126
126
125
125
125
126
126
125
125
125
125
125
125
125
125
125
125
125
126
126
125
125
125
125
125
125
125
125
125
125
126
125
126
125
126
126
126
126
126
126
125
125
125
125
124
124
125
125
125
125
125
125
125
125
125
126
126
126
126
125
125
125
126
126
125
125
125
125
126
125
125
125
126
126
126
125
125
125
126
125
125
125
125
125
125
125
125
125
126
126
125
125
125
125
125
125
125
126
128
126
125
125
124
124
125
125
124
125
125
126
125
125
125
125
125
125
125
125
125
125
125
125
125
125
125
125
125
125
125
125
125
125
125
125
125
125
125
123
123
125
126
125
126
126
126
126
126
125
125
126
125
125
125
125
125
125
126
125
125
125
125
125
125
125
125
125
125
125
125
125
125
125
125
125
125
125
125
126
125
125
125
125
126
126
126
126
125
126
126
125
125
125
125
125
125
125
125
125
125
125
125
126
126
126
125
125
125
125
125
125
125
125
125
125
125
125
126
126
126
133
123
124
126
125
125
126
126
126
126
126
125
125
125
125
125
125
126
126
125
126
125
125
125
125
125
126
126
126
126
126
126
126
125
125
126
126
126
126
126
126
126
126
127
126
126
126
126
126
125
125
125
125
125
125
126
126
125
125
126
126
126
126
126
126
126
126
126
126
126
125
125
126
124
122
124
126
126
128
127
127
127
126
126
126
125
125
125
125
126
125
125
125
125
126
126
125
126
126
125
125
125
126
125
125
126
125
125
126
125
126
126
125
126
125
125
125
125
126
126
126
125
126
125
126
126
125
125
126
125
126
126
125
125
125
126
126
126
126
131
126
126
125
125
124
124
124
125
125
125
126
125
126
126
126
126
126
126
125
125
126
126
126
126
126
126
126
125
121
124
125
126
126
128
128
126
127
124
126
125
127
125
125
126
125
126
127
127
125
124
125
126
127
127
125
124
125
126
126
126
125
125
125
125
126
125
124
125
125
126
127
126
127
127
125
126
126
125
126
125
124
125
125
128
130
125
125
126
125
125
124
123
124
125
126
125
125
124
125
125
126
126
125
126
127
126
124
124
125
126
125
126
127
127
125
122
122
123
124
126
126
124
124
128
131
126
118
119
128
131
125
120
124
131
127
118
121
137
135
114
113
135
142
127
113
113
121
128
130
126
123
124
127
127
126
127
128
125
122
124
127
127
124
123
123
123
125
126
125
127
128
124
123
126
127
126
124
123
124
123
125
126
124
126
126
126
127
126
125
125
125
125
124
124
125
124
125
126
128
127
126
124
125
125
126
123
126
124
124
124
126
126
122
122
123
128
128
124
121
123
128
128
126
126
126
124
122
124
127
127
126
125
124
126
127
127
124
123
125
126
126
126
124
123
123
124
126
127
127
127
127
127
125
123
123
124
125
126
125
125
125
126
126
125
123
125
126
125
125
125
125
125
125
125
125
125
125
125
126
126
125
125
126
126
125
125
125
126
126
125
125
125
125
125
125
125
126
125
125
125
124
124
126
125
126
125
125
126
126
125
125
125
125
125
125
125
125
123
124
125
125
125
126
124
125
125
126
125
125
125
125
126
127
126
123
122
123
126
127
125
125
124
125
127
126
125
127
126
124
122
123
123
123
123
124
140
138
106
131
53
125
125
125
125
125
125
125
125
125
125
125
125
125
125
125
125
125
125
125
125
125
125
125
125
125
125
125
125
125
125
125
125
125
125
125
125
125
125
125
125
125
125
125
125
125
125
125
125
125
125
125
125
125
125
125
125
125
125
125
125
125
125
125
125
125
125
125
125
125
125
125
125
125
125
125
125
125
125
125
125
125
125
125
125
125
125
125
125
125
125
125
125
125
125
125
125
125
125
125
125
125
125
125
125
125
125
125
126
125
125
125
125
125
125
125
126
125
125
125
125
125
125
125
125
125
125
125
125
125
125
125
125
125
125
125
125
125
125
125
125
125
125
125
125
125
125
125
125
125
125
125
125
125
125
125
125
125
125
125
125
125
125
125
125
125
125
125
125
125
125
125
125
125
125
125
126
126
125
125
125
125
125
125
125
125
125
125
125
125
125
125
125
125
125
125
125
125
125
125
125
125
125
125
125
125
125
125
125
125
125
125
125
125
125
125
125
125
125
125
125
125
125
125
125
125
125
125
125
125
125
125
125
125
125
125
125
125
125
125
125
125
125
125
125
125
125
125
125
125
125
126
126
125
125
125
125
125
125
125
125
125
125
125
125
125
125
125
125
125
125
125
125
125
125
125
125
125
125
125
125
125
125
125
125
125
125
125
125
125
125
125
125
125
125
125
125
125
125
125
125
125
125
125
125
125
125
125
125
125
125
125
125
125
125
125
125
125
125
125
125
125
125
125
125
125
125
125
125
125
125
125
125
125
125
125
125
125
125
125
125
125
125
125
125
125
125
125
125
125
125
125
125
125
122
