126
124
124
125
126
126
47
125
125
125
125
125
125
125
125
125
125
125
125
125
125
125
125
125
125
125
125
125
125
125
125
125
125
125
125
125
125
125
125
125
125
125
125
125
125
125
125
125
125
125
125
125
125
125
125
125
125
125
125
125
125
125
125
125
125
125
125
125
125
125
125
125
125
125
125
125
125
125
125
125
125
125
125
125
125
125
125
125
125
125
125
125
125
125
125
125
125
125
125
125
125
125
125
125
125
125
125
125
125
125
125
125
125
125
125
126
125
125
125
125
125
125
125
125
125
125
125
125
125
125
125
125
125
125
125
125
125
125
125
125
125
125
125
125
125
125
125
125
125
125
125
125
125
125
125
125
125
125
125
125
125
125
125
126
125
125
125
125
126
126
125
125
125
125
125
125
125
125
125
125
125
125
126
125
125
125
125
125
125
125
125
125
125
125
125
125
125
125
125
126
125
125
125
125
125
125
125
125
125
125
125
125
125
125
125
125
125
125
125
125
125
125
125
125
125
125
125
125
125
125
125
125
125
125
125
125
125
125
125
125
125
125
125
126
125
125
125
125
125
125
125
125
125
125
125
125
125
125
125
125
125
125
125
125
125
125
125
125
125
125
125
125
126
125
125
125
125
125
125
125
125
125
125
125
125
125
125
125
125
126
125
125
125
125
125
125
125
125
125
125
125
125
125
125
125
125
125
125
125
125
125
125
125
125
125
125
125
125
125
125
125
125
125
125
125
125
125
125
125
125
125
125
125
125
125
125
125
125
125
125
125
125
125
126
125
125
125
125
125
125
125
125
125
125
125
125
125
125
125
125
125
125
125
125
125
125
125
125
125
125
125
125
125
125
125
125
125
126
126
125
125
125
126
125
125
125
125
125
125
125
125
125
125
125
125
125
126
125
125
125
124
126
126
127
126
125
125
125
125
125
125
125
125
125
125
126
125
125
125
125
125
125
125
125
127
126
125
125
125
125
125
125
125
125
125
126
125
125
125
125
125
125
125
125
125
125
125
125
125
125
125
125
125
125
125
125
125
125
126
125
125
125
125
125
126
125
125
125
125
125
125
125
125
125
125
125
125
125
125
125
125
125
125
125
125
125
125
125
125
125
125
125
125
125
125
125
124
125
126
125
125
126
126
126
125
126
126
126
125
125
126
126
125
126
126
126
124
125
127
127
126
125
125
125
125
126
125
126
126
125
126
126
125
125
125
125
126
127
127
126
125
125
125
126
127
127
125
124
125
125
127
126
125
124
125
125
125
126
127
126
126
127
127
125
123
123
126
130
130
124
123
125
126
124
125
128
128
127
126
125
124
122
123
125
127
127
127
126
124
122
121
121
124
130
134
130
124
123
126
126
122
122
125
129
129
128
127
124
122
122
126
126
124
124
126
130
132
129
122
117
118
124
128
128
127
127
128
128
125
123
125
130
132
126
120
120
125
126
121
121
126
126
120
121
131
135
131
128
129
126
120
118
126
135
130
115
116
135
139
119
105
122
140
136
123
123
124
116
118
135
144
130
109
110
128
136
133
139
133
98
87
140
170
122
91
131
171
141
84
77
137
177
143
89
82
118
161
171
120
73
120
184
151
88
99
132
121
118
126
125
134
150
134
95
102
151
160
120
96
119
143
128
107
114
134
142
128
112
120
138
138
128
123
115
112
126
137
127
114
119
133
142
135
116
107
119
134
130
121
127
133
129
120
118
122
130
132
126
121
123
126
129
129
125
121
121
127
131
128
123
122
124
127
128
126
123
121
124
128
128
127
125
123
125
128
126
122
122
126
128
127
125
124
124
126
127
126
125
126
125
125
125
126
126
126
126
126
125
125
126
126
126
124
123
124
125
126
126
126
125
125
125
125
125
125
126
126
126
125
125
125
125
125
125
126
126
126
125
125
125
125
126
126
126
125
125
125
125
125
125
125
125
125
125
126
127
126
126
125
125
125
125
125
126
126
126
126
125
125
125
125
125
124
125
125
125
126
126
126
126
126
126
125
125
124
125
125
126
125
125
126
125
126
126
126
125
125
125
125
125
125
125
125
125
125
125
125
127
128
126
124
124
124
123
124
128
128
124
122
125
128
128
127
125
121
119
123
130
130
131
127
121
119
128
133
125
118
125
133
129
121
120
122
122
122
126
129
128
127
125
125
126
125
123
122
125
128
128
126
124
123
122
127
126
123
123
127
130
129
124
121
124
130
129
125
124
124
125
126
126
124
123
126
127
126
123
123
122
121
123
127
129
130
126
123
123
126
127
127
130
130
127
125
123
121
122
125
126
126
124
124
125
126
125
126
127
127
125
123
124
126
128
126
123
122
124
125
126
126
127
127
127
127
126
125
124
126
126
124
123
123
125
127
127
126
124
124
124
125
126
127
127
126
125
124
125
126
126
125
125
125
126
125
125
125
125
126
126
125
125
125
125
126
127
127
126
125
125
125
124
124
126
127
126
124
124
125
126
126
125
125
125
126
127
126
125
124
124
125
125
124
125
125
125
126
126
126
126
126
125
125
126
125
125
125
125
125
125
126
126
126
126
126
126
125
125
125
125
125
125
123
125
126
126
125
124
126
128
127
124
123
126
128
126
123
123
125
128
128
124
121
124
128
127
126
126
125
124
125
126
126
125
126
125
124
126
127
126
125
124
125
126
125
125
123
123
125
126
127
127
125
126
128
127
124
125
125
124
124
124
125
125
125
125
125
127
127
125
124
124
125
125
124
124
125
127
127
126
124
124
125
125
125
126
126
126
125
125
124
125
124
123
125
126
126
127
127
126
126
126
126
126
126
125
125
125
125
126
126
125
125
125
125
125
125
125
125
125
125
125
125
125
125
125
126
126
125
126
126
125
124
124
125
125
126
126
125
125
125
125
126
126
125
125
125
125
125
125
125
125
125
125
125
125
125
125
126
125
125
125
125
126
125
125
125
124
125
125
124
125
125
126
125
126
126
127
127
126
125
125
124
125
126
127
126
123
124
126
126
126
125
125
125
125
126
126
125
124
123
123
125
125
124
125
125
126
127
127
127
127
126
127
126
125
125
124
124
125
125
126
126
126
126
126
126
126
125
125
125
125
125
125
125
125
125
125
125
125
124
127
129
125
124
122
123
124
125
126
126
126
126
126
126
126
125
125
125
125
125
125
125
126
125
126
126
126
126
126
125
125
125
124
125
125
125
124
125
125
126
126
125
126
125
125
125
126
125
125
126
126
126
126
125
126
125
125
125
125
125
125
125
125
125
125
125
125
125
125
125
124
125
131
125
125
125
124
124
123
124
124
124
125
125
125
126
125
126
125
125
126
125
126
126
126
126
126
125
126
125
125
125
125
125
126
126
125
126
119
124
124
125
126
128
127
127
126
126
125
125
125
126
126
126
125
125
125
125
125
126
125
126
126
126
126
125
125
126
125
125
125
125
125
125
124
124
125
124
125
125
125
126
125
125
126
125
126
125
124
124
126
127
126
126
125
126
126
127
125
124
124
124
125
127
127
125
123
125
127
127
125
125
124
124
125
125
149
84
116
119
126
125
129
128
127
128
129
129
130
128
128
128
127
127
126
124
124
124
125
126
126
127
127
127
128
128
127
126
122
125
126
126
126
126
126
127
127
126
126
125
126
126
126
127
126
126
126
126
126
126
124
125
126
125
126
127
126
126
126
125
126
125
125
126
126
127
126
126
127
122
116
125
125
124
127
128
128
128
128
128
127
126
126
126
126
126
126
126
127
126
126
125
124
126
126
125
126
125
125
124
125
126
126
123
124
124
124
125
125
125
124
124
125
124
124
125
125
126
126
125
125
125
125
126
124
124
125
125
127
127
126
127
127
126
126
127
125
46
126
125
126
125
126
125
125
126
126
125
125
126
125
126
125
126
126
125
125
126
126
126
125
126
125
125
125
126
125
125
125
126
126
125
126
125
126
125
125
125
125
125
125
126
126
126
126
125
125
126
125
125
125
126
125
125
125
125
125
125
126
125
126
126
126
126
126
126
126
126
126
126
125
126
125
125
126
126
126
126
126
126
126
125
126
126
125
125
126
126
125
125
126
126
126
125
126
125
126
125
126
126
125
126
126
126
125
126
125
125
125
126
125
125
125
125
125
125
125
125
125
125
126
126
126
125
125
125
125
125
125
125
125
125
125
125
125
125
125
125
125
125
125
125
125
125
125
126
125
125
125
125
125
125
125
125
125
125
125
125
125
125
125
125
125
125
125
125
125
125
125
125
125
125
125
125
125
125
125
125
125
125
125
125
125
125
125
125
125
125
125
125
125
125
125
125
125
125
125
125
125
125
125
125
125
125
125
125
125
125
125
125
125
125
125
125
125
125
125
126
125
125
125
125
125
125
125
125
125
125
125
125
126
126
125
125
126
125
125
125
125
125
125
125
125
125
125
125
125
125
125
125
125
125
125
125
125
125
125
125
125
125
125
125
125
125
125
125
125
125
125
125
125
125
125
125
125
125
125
125
125
125
125
125
125
125
125
125
125
125
125
125
125
126
125
125
125
125
125
125
125
125
125
125
125
125
125
125
125
125
125
125
125
125
125
125
125
125
125
125
125
125
125
125
125
125
126
125
125
125
125
125
125
125
125
125
126
125
125
125
125
125
125
125
125
125
126
125
125
125
125
125
125
125
