128
125
123
124
125
126
63
125
125
125
125
126
125
125
125
125
125
125
125
126
125
125
125
125
125
125
125
125
125
125
125
125
125
125
125
125
125
125
125
125
125
125
125
125
125
125
125
125
125
125
125
125
125
125
125
125
125
125
125
125
125
126
125
125
125
125
125
125
125
125
125
125
125
125
125
125
125
125
125
125
125
125
125
125
125
125
125
125
125
125
125
125
125
125
125
125
125
125
125
125
125
125
125
125
125
125
125
125
126
126
125
125
125
125
125
125
125
125
125
125
125
125
125
125
125
125
125
126
125
125
125
125
125
125
125
125
125
125
125
125
125
125
125
125
125
125
125
125
125
125
125
125
125
125
125
125
125
125
125
125
125
125
125
125
125
125
125
125
125
125
125
125
125
125
125
125
125
125
125
125
125
125
125
125
125
125
125
126
125
125
125
125
125
125
125
125
125
125
125
125
125
125
125
125
125
125
125
125
125
125
125
125
125
125
125
125
125
125
125
125
125
125
125
125
125
125
125
125
125
125
125
125
125
125
125
125
125
125
125
125
125
125
125
125
125
125
125
125
125
125
125
125
125
125
125
125
125
125
125
125
126
126
125
125
125
125
125
125
125
125
125
126
125
125
125
125
125
125
125
125
125
125
125
125
125
125
125
125
125
125
125
125
126
125
125
125
125
125
125
126
125
125
126
126
126
126
126
126
126
126
126
126
126
126
126
126
126
126
126
126
126
126
126
126
126
126
125
126
126
126
126
126
126
126
126
126
126
126
126
126
126
126
126
126
126
126
126
126
126
125
126
126
125
126
126
126
126
126
126
126
126
126
126
126
126
126
126
126
126
126
126
126
126
125
125
126
126
126
126
126
126
127
126
125
125
125
125
125
125
125
125
125
125
125
125
125
125
125
125
125
125
125
125
125
125
126
125
126
125
124
125
126
125
126
126
126
126
126
126
125
125
126
125
126
126
125
126
125
125
125
125
125
126
125
125
125
126
125
126
125
126
125
126
125
125
125
126
125
126
125
126
125
126
126
126
126
126
126
126
126
126
126
125
126
125
125
125
125
125
126
126
126
125
125
125
125
126
126
126
126
126
126
125
126
125
125
125
125
126
125
125
125
125
125
125
125
125
125
125
125
125
126
126
125
125
126
126
125
125
125
126
126
125
125
125
126
125
125
126
126
125
126
125
126
125
125
126
126
125
125
125
125
125
125
125
126
126
125
125
125
125
125
125
125
125
125
125
125
125
125
125
125
126
126
125
125
125
125
125
125
125
126
126
125
125
126
126
126
125
125
125
125
126
126
126
125
125
126
125
124
125
126
127
125
124
124
125
125
125
125
126
126
125
125
125
125
126
127
127
125
124
125
125
124
124
124
126
126
126
128
127
126
125
124
122
121
123
127
129
129
129
125
118
114
122
137
142
129
115
117
128
132
124
119
126
134
130
114
107
119
137
143
133
117
114
122
128
127
129
132
127
121
124
128
121
117
127
133
124
119
122
126
130
130
127
151
165
60
9
138
255
166
1
199
255
44
82
240
255
125
13
101
147
118
102
140
155
125
101
133
147
114
72
81
148
193
186
157
106
41
19
93
218
244
128
22
51
157
216
174
91
62
105
142
131
121
132
144
148
134
103
90
113
136
141
137
136
129
116
109
120
133
132
122
121
129
127
120
119
124
129
132
129
124
124
126
125
126
129
128
124
122
122
119
113
114
126
142
148
142
130
117
109
111
119
126
130
132
131
128
124
122
122
122
125
129
129
126
125
125
126
126
125
125
125
125
125
125
126
128
128
127
124
122
122
124
126
126
126
127
128
128
126
125
124
124
125
126
126
125
125
126
126
127
126
125
124
125
125
126
126
126
125
125
125
126
126
126
125
125
125
125
125
125
125
126
126
126
126
125
125
125
125
125
125
125
125
126
126
126
126
126
125
126
126
126
124
123
125
127
126
124
124
126
127
126
125
125
126
127
126
124
125
128
128
124
121
122
126
128
126
124
123
125
127
127
125
124
124
126
128
126
124
124
126
127
126
126
125
125
126
126
125
124
125
125
126
126
126
126
126
126
125
124
123
125
127
125
124
125
126
126
124
123
125
128
127
124
125
125
125
127
126
124
123
125
127
126
125
124
125
126
126
126
126
125
126
126
124
125
127
126
124
124
126
125
124
124
125
125
126
128
127
124
126
127
125
124
126
126
123
123
124
126
127
128
127
125
124
127
127
125
123
125
125
124
125
127
126
127
126
123
123
126
127
124
123
126
126
125
125
126
127
125
126
126
126
124
125
127
125
123
124
126
127
126
124
125
126
126
127
127
124
123
125
127
125
123
124
127
129
126
125
126
127
123
120
123
129
133
131
119
113
121
133
134
123
119
126
128
119
120
138
143
120
101
114
138
143
126
114
126
130
115
119
141
136
115
110
126
137
133
126
123
117
109
122
149
147
115
99
116
141
144
124
110
122
136
127
114
121
138
138
120
108
119
135
136
126
121
123
124
122
133
126
124
117
119
127
134
130
124
124
129
127
120
122
129
129
120
120
126
130
131
132
129
120
116
123
131
130
124
122
126
129
126
123
127
130
126
123
124
127
127
125
123
125
127
127
127
125
124
124
128
130
128
124
122
122
127
132
130
122
117
122
131
133
127
121
121
126
131
130
126
123
124
124
124
123
123
125
129
130
130
126
126
126
126
126
125
123
122
124
126
126
126
126
126
125
126
126
126
126
125
125
125
125
126
126
125
125
125
125
120
124
127
129
127
126
126
126
126
125
125
126
125
123
126
129
127
123
123
126
127
127
126
123
123
126
129
129
125
123
123
126
128
127
124
124
125
125
126
126
125
125
125
126
126
126
125
125
125
126
127
126
125
124
125
126
126
126
126
125
125
126
126
125
126
126
126
126
126
125
125
126
127
126
126
125
125
125
126
126
126
125
126
125
126
126
127
125
125
125
126
126
125
124
124
126
127
126
125
125
125
126
126
125
126
126
127
126
124
125
126
127
126
125
129
126
126
126
125
123
124
124
125
126
126
125
125
126
126
126
125
126
126
126
126
126
125
126
126
125
125
125
125
125
125
125
125
126
126
126
126
125
125
126
125
125
125
125
125
126
125
125
125
125
125
125
125
126
126
125
126
126
126
125
126
126
126
126
125
125
125
125
125
125
125
126
126
125
125
126
126
125
126
125
126
126
125
125
125
126
125
125
124
126
125
125
125
125
125
125
126
126
126
125
124
125
126
126
125
125
131
128
126
125
125
123
124
124
124
124
125
125
126
124
124
125
125
126
127
125
125
127
127
125
125
126
125
125
126
126
125
124
119
124
126
126
125
128
127
126
127
127
127
126
124
125
126
126
126
125
125
125
126
125
125
126
126
125
124
125
126
127
125
124
124
125
125
124
125
126
127
126
126
126
124
124
126
126
125
125
125
126
126
125
125
125
125
128
126
124
124
126
125
125
125
125
125
126
128
127
124
124
124
124
126
127
126
125
124
125
126
127
126
125
125
126
125
125
126
127
128
124
122
125
127
128
127
123
121
125
127
127
124
122
124
127
129
127
124
122
123
125
127
127
126
125
123
123
127
128
127
124
123
125
127
127
126
124
125
125
125
126
126
126
126
126
124
125
126
126
125
125
125
125
125
126
126
126
126
127
125
124
124
125
126
125
126
125
124
125
126
125
124
126
126
125
123
125
126
125
125
126
125
125
124
125
124
125
126
125
125
127
128
126
122
122
127
129
127
124
125
130
129
119
112
121
140
137
119
113
122
131
130
128
124
122
122
127
132
129
122
122
126
126
123
124
125
125
123
125
128
128
135
129
123
121
125
125
124
121
120
125
127
64
125
125
125
125
125
125
125
125
125
125
125
125
125
125
125
125
125
125
125
125
125
125
125
125
125
125
125
125
125
125
125
125
125
125
125
125
125
125
125
125
125
125
125
125
125
125
125
125
125
125
125
125
125
125
125
125
125
125
125
125
125
125
125
125
125
125
125
125
125
125
125
125
125
125
125
125
125
125
125
125
125
125
125
125
125
125
125
125
125
125
125
125
125
125
125
125
125
125
125
125
125
125
125
125
125
125
125
125
125
125
125
125
125
125
125
125
125
125
125
125
125
125
125
125
125
125
125
125
125
125
125
125
125
125
125
125
125
125
125
125
125
125
125
125
125
125
125
125
125
125
125
125
125
125
125
125
125
125
125
125
125
125
125
125
125
125
125
125
125
125
125
125
125
125
125
125
125
125
125
125
125
125
125
125
125
125
125
125
125
125
125
125
125
125
125
125
125
125
125
125
125
125
125
125
125
125
125
125
125
125
125
125
125
125
125
125
125
125
125
125
125
125
125
125
125
125
125
125
125
125
125
125
125
125
125
125
125
125
125
125
125
125
125
125
125
125
125
125
125
125
125
125
125
126
125
125
125
125
125
125
125
125
125
125
125
125
125
125
125
125
125
125
125
125
125
125
125
125
125
125
125
125
125
125
125
125
125
125
125
125
125
125
125
125
125
125
125
125
125
125
125
125
125
125
125
125
125
125
125
125
125
125
125
125
125
125
125
125
125
125
125
125
125
125
125
125
125
125
125
125
125
125
125
125
125
125
125
125
125
125
125
125
125
125
125
125
125
125
125
125
125
125
125
125
