125
127
126
127
126
125
32
125
125
125
125
126
125
125
125
125
125
125
126
125
125
125
126
125
126
125
125
126
125
125
125
126
125
125
125
125
125
125
125
125
125
125
126
125
125
125
125
125
125
125
125
125
125
125
125
125
125
125
125
126
125
125
125
125
125
125
125
126
125
125
125
125
125
125
125
125
125
125
125
125
125
125
125
125
126
125
125
125
125
125
125
125
125
125
125
125
125
125
125
125
125
125
125
125
125
125
125
125
125
125
125
125
125
125
125
125
125
126
125
125
125
126
125
125
125
125
125
125
125
126
126
125
125
125
125
125
125
125
125
125
125
125
125
125
125
125
125
125
125
125
125
125
125
125
125
125
125
125
125
125
125
125
125
125
125
125
125
125
125
125
125
125
125
125
125
125
125
125
125
125
125
125
125
125
125
125
125
125
125
125
125
125
125
125
125
125
125
125
125
125
125
125
125
125
125
125
125
125
125
125
125
125
125
125
125
125
125
125
125
125
125
125
125
125
125
125
125
125
125
126
125
125
125
125
125
125
125
125
125
125
125
125
125
125
125
125
125
125
125
125
125
125
125
125
125
126
126
125
125
125
125
126
126
126
125
124
124
125
125
125
125
125
125
125
125
125
127
128
127
125
124
125
126
127
126
124
123
124
125
125
124
124
126
127
127
127
126
125
125
124
124
124
124
122
123
126
128
127
125
125
126
129
129
126
123
122
124
125
122
122
126
130
130
127
125
124
123
124
124
124
124
125
125
126
125
125
125
126
126
126
126
124
124
125
126
126
125
124
125
126
127
126
125
126
126
126
125
125
124
125
126
126
126
126
126
125
125
125
126
126
126
126
125
125
125
126
126
126
125
124
125
125
125
125
127
125
123
125
128
127
124
123
126
127
125
123
126
128
125
123
124
127
128
125
122
124
127
126
124
124
125
127
127
125
124
125
127
126
125
124
124
127
130
126
120
122
129
129
123
122
125
127
126
125
126
126
124
125
127
125
122
124
127
126
127
126
122
122
127
123
125
131
125
121
127
127
121
129
131
120
122
130
127
121
123
126
128
125
122
126
128
125
124
125
126
126
125
125
125
125
125
125
125
124
124
126
126
125
126
128
125
122
126
128
124
123
126
126
124
124
125
125
125
125
125
126
127
125
123
126
127
124
124
125
125
126
126
125
124
126
126
124
125
128
128
124
123
127
126
123
124
126
126
124
124
128
128
125
124
124
125
128
127
120
122
130
128
123
124
125
125
128
127
124
125
126
125
123
125
126
127
126
123
124
129
127
125
129
124
107
100
114
157
199
175
68
1
66
225
255
146
1
20
108
222
255
173
15
17
118
171
148
126
99
59
98
251
255
106
123
11
244
255
99
28
121
197
215
152
28
8
97
209
196
141
118
78
54
117
194
173
97
90
140
161
133
99
84
98
131
148
135
121
122
129
133
131
120
113
118
125
130
139
141
123
102
107
131
143
133
119
122
129
125
116
116
122
129
137
140
129
113
110
120
133
137
130
121
118
123
127
126
124
127
130
130
126
121
119
120
124
130
133
132
130
126
121
118
119
122
126
127
127
127
127
126
124
126
128
129
126
123
122
125
126
124
123
121
127
130
131
127
125
124
125
125
124
124
124
125
125
126
127
127
126
125
124
125
126
126
125
125
126
127
126
125
125
125
126
126
127
126
126
125
125
126
126
126
126
126
126
126
125
125
126
126
125
124
124
125
127
127
126
125
125
126
127
127
126
125
125
125
125
124
122
125
126
126
126
126
126
126
126
126
126
127
127
126
125
125
125
125
125
125
125
126
126
126
126
126
126
125
125
125
126
126
125
125
126
126
125
125
126
126
125
125
126
126
125
124
125
125
126
126
126
126
125
126
126
126
125
125
126
126
126
125
124
125
125
126
127
126
126
125
125
125
125
126
126
125
124
125
126
126
125
125
126
126
126
126
125
126
126
126
126
126
126
125
125
126
126
126
125
125
125
126
126
126
125
125
125
126
126
126
126
126
125
125
125
125
126
125
126
125
125
126
126
126
126
125
126
126
126
126
125
125
125
126
126
126
125
125
125
125
126
126
126
125
125
125
126
126
125
126
127
125
125
125
125
125
125
125
125
125
125
126
126
125
125
125
126
125
125
125
125
126
128
126
126
125
125
125
125
126
126
125
125
125
125
126
126
125
125
125
126
126
125
125
125
126
126
126
126
125
125
125
125
125
125
125
125
125
126
126
126
125
125
125
126
126
125
124
124
125
126
127
126
125
124
124
126
127
126
125
124
124
125
126
126
126
125
124
125
125
126
125
125
125
126
125
125
125
126
126
126
125
124
124
126
127
126
125
124
124
126
126
125
125
126
126
125
126
126
125
125
125
126
125
125
125
125
126
125
125
125
126
126
126
125
125
125
125
125
125
126
126
125
125
125
125
125
128
121
125
125
126
125
125
125
126
126
126
125
125
125
125
126
125
126
126
125
125
125
126
126
125
125
125
125
125
126
126
126
126
125
125
126
126
126
125
125
125
126
125
125
125
125
126
126
125
125
125
126
126
126
125
125
125
125
125
125
125
125
125
125
125
125
125
126
121
125
125
125
126
127
127
126
125
126
126
126
125
126
125
126
125
125
125
125
125
125
125
125
125
125
125
125
125
125
125
125
125
125
126
126
125
125
125
125
126
125
125
125
125
125
126
126
125
125
125
125
126
126
125
124
124
124
126
126
126
125
125
126
126
126
125
125
125
126
126
125
125
125
125
125
125
125
126
126
125
125
125
125
126
126
126
125
125
124
124
125
125
126
125
125
125
126
127
126
126
125
125
126
126
126
125
125
125
126
126
125
125
125
125
125
125
125
125
125
125
125
125
125
125
125
126
125
125
125
126
126
126
125
125
125
126
126
125
125
125
125
125
125
125
125
125
125
125
127
128
125
125
125
124
124
125
125
125
125
125
125
125
125
126
125
126
125
126
125
126
125
125
125
126
125
125
125
125
127
124
125
125
125
125
126
126
125
125
125
125
125
125
125
125
125
126
126
125
125
125
125
125
125
125
126
125
125
125
125
125
125
125
125
125
125
126
126
125
125
125
125
125
125
125
127
118
125
124
125
125
127
127
126
126
126
126
126
125
125
125
125
125
125
125
125
126
125
125
125
125
126
126
126
126
125
125
125
125
126
126
125
124
125
125
125
126
126
126
126
126
126
126
126
126
125
126
125
125
126
126
126
126
125
126
126
125
126
126
126
125
125
125
118
123
125
126
126
128
126
127
127
125
125
125
126
126
126
126
126
126
125
125
125
125
125
125
125
126
126
125
125
125
126
126
125
125
125
125
125
125
125
125
125
125
126
125
126
125
125
125
125
126
126
125
125
126
125
125
126
125
125
125
126
133
126
125
125
124
125
123
123
124
124
125
125
124
125
125
125
125
126
125
126
126
126
126
126
125
126
125
125
125
125
125
125
125
122
120
125
128
123
128
127
128
128
127
125
125
127
126
127
126
125
125
126
126
126
125
124
125
125
126
125
126
126
125
125
125
125
126
126
126
125
125
124
124
125
125
125
126
126
126
125
125
125
126
126
126
125
125
125
126
125
125
126
125
126
126
126
125
126
124
126
125
125
125
125
125
124
124
125
127
124
125
124
125
125
125
127
126
125
125
126
125
125
125
125
126
125
125
125
124
126
125
125
125
125
126
126
125
126
126
125
126
126
125
126
125
125
125
125
126
125
125
125
125
126
126
126
126
125
125
125
125
126
125
125
125
127
126
125
126
126
125
125
125
125
122
124
125
126
126
126
126
126
125
125
126
126
126
126
125
125
125
125
126
125
125
126
126
126
126
126
125
125
125
31
125
125
125
125
125
126
125
125
125
125
125
125
125
125
125
125
125
125
125
125
125
125
126
125
125
125
125
125
125
125
125
125
125
126
125
125
125
125
125
125
125
125
125
125
125
125
125
125
125
125
125
125
125
125
125
125
125
125
125
125
125
125
125
125
125
125
125
125
125
125
125
125
125
125
125
125
125
125
125
125
125
125
125
125
125
125
125
125
125
125
125
125
125
125
125
125
125
125
125
125
125
125
125
125
125
125
126
125
125
125
125
125
125
125
126
125
125
125
125
125
125
125
125
125
125
125
125
125
125
125
125
125
125
125
125
125
125
125
125
125
125
125
125
125
125
125
125
125
125
125
125
125
125
125
125
125
125
125
126
125
125
125
125
125
125
125
125
125
125
125
125
125
125
125
125
125
125
125
125
125
125
125
125
125
125
125
125
125
125
125
125
125
125
125
125
125
125
125
125
125
125
125
125
125
125
125
125
125
125
125
125
125
125
125
125
125
125
125
125
125
125
125
125
125
125
125
125
125
125
125
125
125
125
125
125
125
125
125
125
125
125
125
125
125
125
125
125
125
125
125
126
126
126
124
124
124
126
127
128
128
125
122
123
124
123
123
126
128
125
122
126
130
128
124
124
127
128
128
128
126
119
118
126
128
121
118
121
128
137
139
129
116
117
126
130
124
115
116
127
133
127
122
125
129
128
127
130
131
121
117
123
123
120
127
132
128
124
126
127
130
132
120
108
120
138
133
118
117
129
134
128
119
122
134
131
117
117
129
132
127
122
120
125
130
127
123
126
130
127
123
125
126
123
125
