-0.957031
-0.957031
-0.980469
-0.964844
-0.964844
-0.972656
-0.980469
-0.972656
-0.957031
-0.949219
-0.964844
-0.972656
-0.980469
-0.972656
-0.980469
-0.996094
-0.996094
-0.980469
-0.980469
-0.980469
-0.972656
-0.980469
-0.988281
-0.988281
-0.988281
-0.988281
-0.988281
-0.988281
-0.996094
-0.988281
-0.980469
-0.988281
-0.988281
-0.996094
-0.996094
-0.972656
-0.996094
-0.996094
-0.996094
-0.980469
-0.988281
-0.980469
-0.988281
-0.996094
-0.980469
-0.980469
-0.988281
-0.980469
-0.972656
-0.972656
-0.972656
-0.972656
-0.972656
-0.972656
-0.972656
-0.964844
-0.972656
-0.972656
-0.972656
-0.980469
-0.964844
-0.964844
-0.972656
-0.972656
-0.972656
-0.972656
-0.980469
-0.972656
-0.964844
-0.972656
-0.972656
-0.972656
-0.972656
-0.972656
-0.972656
-0.964844
-0.964844
-0.972656
-0.972656
-0.964844
-0.972656
-0.972656
-0.972656
-0.964844
-0.972656
-0.972656
-0.964844
-0.964844
-0.972656
-0.972656
-0.964844
-0.964844
-0.972656
-0.972656
-0.964844
-0.964844
-0.980469
-0.972656
-0.964844
-0.949219
-0.972656
-0.964844
-0.957031
-0.980469
-0.964844
-0.964844
-0.964844
-0.972656
-0.964844
-0.972656
-0.957031
-0.964844
-0.964844
-0.964844
-0.972656
-0.980469
-0.972656
-0.972656
-0.972656
-0.996094
-0.988281
-0.972656
-0.988281
-0.996094
-0.980469
-0.972656
-0.980469
-0.972656
-0.972656
-0.972656
-0.988281
-0.980469
-0.972656
-0.972656
-0.980469
-0.972656
-0.988281
-0.980469
-0.972656
-0.964844
-0.972656
-0.972656
-0.972656
-0.972656
-0.964844
-0.972656
-0.972656
-0.964844
-0.972656
-0.964844
-0.964844
-0.972656
-0.972656
-0.972656
-0.972656
-0.964844
-0.972656
-0.972656
-0.972656
-0.964844
-0.972656
-0.972656
-0.980469
-0.972656
-0.972656
-0.980469
-0.980469
-0.972656
-0.972656
-0.980469
-0.972656
-0.964844
-0.957031
-0.957031
-0.972656
-0.972656
-0.972656
-0.957031
-0.964844
-0.980469
-0.980469
-0.964844
-0.964844
-0.972656
-0.972656
-0.972656
-0.972656
-0.980469
-0.972656
-0.972656
-0.972656
-0.972656
-0.980469
-0.980469
-0.972656
-0.972656
-0.972656
-0.972656
-0.980469
-0.988281
-0.996094
-0.996094
-0.964844
-0.980469
-0.988281
-0.988281
-0.980469
-0.988281
-0.980469
-0.988281
-0.972656
-0.972656
-0.980469
-0.980469
-0.980469
-0.980469
-0.996094
-0.996094
-0.988281
-0.988281
-0.988281
-0.996094
-0.980469
-0.996094
-0.988281
-0.980469
-0.988281
-0.996094
-0.996094
-0.996094
-0.996094
-0.996094
-0.988281
-0.996094
-0.980469
-0.996094
-0.980469
-0.988281
-0.988281
-0.980469
-0.980469
-0.988281
-0.996094
-0.996094
-0.996094
-0.996094
-0.980469
-0.980469
-0.972656
-0.980469
-0.980469
-0.980469
-0.972656
-0.980469
-0.980469
-0.980469
-0.972656
-0.988281
-0.980469
-0.980469
-0.980469
-0.972656
-0.988281
-0.972656
-0.980469
-0.972656
-0.972656
-0.972656
-0.964844
-0.972656
-0.964844
-0.980469
-0.964844
-0.964844
-0.964844
-0.957031
-0.972656
-0.964844
-0.972656
-0.980469
-0.972656
-0.972656
-0.972656
-0.964844
-0.972656
-0.964844
-0.972656
-0.964844
-0.972656
-0.972656
-0.972656
-0.964844
-0.972656
-0.980469
-0.972656
-0.972656
-0.972656
-0.980469
-0.972656
-0.972656
-0.972656
-0.972656
-0.972656
-0.972656
-0.972656
-0.972656
-0.972656
-0.980469
-0.988281
-0.988281
-0.972656
-0.972656
-0.972656
-0.980469
-0.988281
-0.980469
-0.972656
-0.972656
-0.972656
-0.972656
-0.972656
-0.972656
-0.980469
-0.972656
-0.972656
-0.972656
-0.980469
-0.980469
-0.972656
-0.972656
-0.972656
-0.972656
-0.980469
-0.980469
-0.980469
-0.980469
-0.980469
-0.972656
-0.972656
-0.980469
-0.980469
-0.972656
-0.980469
-0.980469
-0.980469
-0.972656
-0.972656
-0.972656
-0.972656
-0.980469
-0.972656
-0.972656
-0.972656
-0.972656
-0.972656
-0.980469
-0.972656
-0.980469
-0.972656
-0.972656
-0.980469
-0.980469
-0.972656
-0.972656
-0.980469
-0.980469
-0.980469
-0.972656
-0.980469
-0.972656
-0.972656
-0.964844
-0.972656
-0.980469
-0.988281
-0.972656
-0.980469
-0.972656
-0.980469
-0.972656
-0.988281
-0.988281
-0.980469
-0.980469
-0.980469
-0.972656
-0.980469
-0.980469
-0.972656
-0.996094
-0.980469
-0.980469
-0.972656
-0.972656
-0.980469
-0.972656
-0.972656
-0.972656
-0.972656
-0.972656
-0.972656
-0.972656
-0.980469
-0.972656
-0.972656
-0.980469
-0.972656
-0.988281
-0.980469
-0.972656
-0.972656
-0.972656
-0.972656
-0.988281
-0.996094
-0.996094
-0.972656
-0.949219
-0.980469
-0.988281
-0.972656
-0.972656
-0.972656
-0.980469
-0.972656
-0.980469
-0.972656
-0.980469
-0.972656
-0.972656
-0.972656
-0.980469
-0.996094
0.996063
-0.996094
-0.996094
-0.980469
-0.972656
-0.972656
-0.988281
-0.996094
-0.996094
-0.980469
-0.964844
-0.964844
-0.996094
0.980438
-0.964844
-0.933594
-0.949219
-0.996094
0.996063
-0.996094
-0.949219
-0.941406
-0.964844
-0.996094
0.996063
-0.996094
-0.972656
-0.972656
-0.972656
-0.972656
-0.980469
-0.988281
-0.988281
-0.964844
-0.972656
-0.996094
-0.980469
-0.972656
-0.980469
-0.972656
-0.964844
-0.996094
-0.996094
-0.980469
-0.933594
-0.949219
0.988251
0.996063
-0.964844
-0.941406
-0.972656
0.996063
0.996063
-0.980469
-0.941406
-0.925781
-0.980469
0.988251
0.996063
-0.957031
-0.941406
-0.964844
-0.996094
-0.996094
-0.964844
-0.949219
-0.980469
-0.980469
-0.980469
-0.964844
-0.972656
-0.988281
-0.988281
-0.964844
-0.972656
-0.980469
-0.980469
-0.972656
-0.964844
-0.996094
-0.996094
-0.957031
-0.917969
-0.957031
0.996063
0.980438
-0.996094
-0.972656
-0.972656
-0.957031
-0.957031
-0.972656
-0.988281
-0.996094
0.996063
-0.980469
-0.957031
-0.957031
-0.972656
-0.996094
-0.996094
-0.988281
-0.949219
-0.972656
-0.964844
-0.980469
0.980438
-0.996094
-0.949219
-0.949219
-0.980469
0.988251
0.988251
-0.980469
-0.941406
-0.972656
0.988251
-0.996094
-0.949219
-0.941406
0.996063
0.957001
-0.972656
-0.894531
-0.941406
0.957001
0.972626
-0.957031
-0.941406
-0.964844
-0.980469
-0.980469
-0.996094
-0.996094
-0.980469
-0.941406
-0.980469
-0.988281
-0.957031
-0.957031
-0.988281
-0.996094
-0.964844
-0.949219
0.996063
0.964813
-0.933594
-0.839844
-0.941406
0.917938
0.933563
-0.941406
-0.894531
-0.917969
-0.980469
0.972626
0.980438
-0.949219
-0.917969
-0.964844
-0.996094
-0.964844
-0.957031
-0.980469
-0.996094
-0.972656
-0.941406
-0.925781
-0.996094
0.972626
-0.988281
-0.933594
-0.957031
-0.980469
-0.957031
-0.957031
0.980438
0.957001
-0.949219
-0.902344
-0.949219
-0.996094
0.996063
-0.996094
0.996063
-0.996094
-0.957031
-0.917969
-0.949219
0.996063
0.949188
0.980438
-0.925781
-0.949219
-0.996094
-0.972656
-0.988281
0.941376
0.957001
-0.972656
-0.902344
-0.894531
-0.941406
0.972626
0.941376
0.949188
-0.996094
-0.832031
-0.785156
0.972626
0.722626
0.949188
-0.691406
-0.785156
0.816376
0.792938
-0.949219
-0.792969
-0.871094
0.972626
0.839813
0.933563
-0.847656
-0.832031
0.972626
0.933563
-0.980469
-0.972656
-0.980469
-0.933594
-0.957031
0.996063
-0.996094
0.996063
-0.964844
-0.871094
-0.917969
0.910126
0.917938
-0.910156
-0.878906
-0.988281
-0.996094
-0.925781
0.988251
0.941376
-0.910156
-0.878906
0.972626
0.996063
-0.871094
-0.972656
0.925751
-0.949219
-0.871094
-0.996094
0.964813
-0.910156
-0.941406
0.949188
-0.964844
-0.855469
-0.996094
0.910126
-0.980469
-0.910156
-0.917969
-0.925781
0.957001
0.847626
-0.957031
-0.707031
-0.910156
0.808563
0.925751
-0.808594
-0.855469
0.941376
0.902313
-0.964844
-0.878906
-0.917969
0.980438
0.917938
-0.980469
-0.855469
-0.964844
0.902313
0.996063
-0.855469
-0.917969
0.941376
0.964813
-0.964844
0.996063
0.988251
-0.894531
-0.832031
0.996063
0.769501
0.871063
-0.792969
-0.699219
0.988251
0.785126
0.964813
-0.839844
-0.910156
0.933563
0.925751
-0.941406
-0.886719
-0.980469
0.964813
-0.980469
-0.988281
0.972626
-0.949219
-0.863281
-0.980469
0.878876
0.972626
-0.847656
-0.894531
0.957001
0.957001
-0.957031
-0.957031
-0.996094
-0.972656
-0.964844
-0.996094
-0.964844
-0.964844
0.980438
0.972626
-0.980469
-0.894531
-0.894531
0.996063
0.910126
0.988251
-0.878906
-0.839844
-0.957031
0.894501
0.917938
-0.917969
-0.839844
-0.886719
-0.996094
0.925751
0.972626
-0.949219
-0.941406
-0.941406
-0.957031
-0.964844
-0.917969
-0.972656
0.878876
0.941376
-0.808594
-0.777344
0.925751
0.808563
-0.941406
-0.746094
-0.964844
0.871063
0.957001
-0.917969
-0.886719
-0.925781
-0.996094
0.925751
0.933563
-0.933594
-0.824219
-0.902344
-0.996094
0.949188
0.933563
0.996063
-0.886719
-0.855469
-0.949219
0.957001
0.980438
-0.980469
-0.988281
-0.988281
-0.941406
-0.957031
-0.988281
-0.964844
-0.980469
0.917938
0.957001
-0.863281
-0.839844
0.980438
0.894501
-0.996094
-0.941406
-0.949219
-0.933594
-0.949219
0.949188
0.910126
-0.972656
-0.886719
-0.933594
0.996063
0.941376
0.980438
-0.933594
-0.949219
-0.988281
-0.925781
-0.949219
0.933563
0.957001
-0.925781
-0.917969
-0.964844
-0.972656
0.972626
0.941376
-0.972656
-0.839844
-0.941406
0.839813
0.871063
-0.832031
-0.683594
-0.957031
0.792938
0.886688
-0.894531
-0.863281
-0.941406
-0.964844
-0.964844
0.988251
0.949188
-0.996094
-0.902344
-0.878906
-0.972656
0.972626
0.988251
-0.996094
-0.964844
-0.941406
-0.964844
0.988251
-0.996094
-0.941406
-0.925781
-0.996094
0.996063
-0.917969
-0.917969
0.949188
0.917938
-0.902344
-0.792969
-0.964844
0.902313
0.996063
-0.925781
-0.996094
-0.980469
-0.863281
-0.933594
0.894501
0.902313
-0.917969
-0.832031
-0.925781
0.972626
0.964813
-0.980469
-0.996094
0.988251
-0.917969
-0.824219
-0.964844
0.855438
0.902313
-0.902344
-0.792969
-0.925781
0.902313
0.917938
-0.941406
-0.894531
-0.972656
0.980438
-0.996094
-0.941406
-0.957031
0.980438
0.988251
-0.972656
-0.941406
-0.988281
0.996063
-0.925781
-0.902344
0.957001
0.871063
-0.964844
-0.769531
-0.855469
0.886688
0.839813
-0.964844
-0.824219
-0.894531
0.980438
0.902313
0.964813
-0.902344
-0.871094
-0.980469
0.949188
0.925751
0.996063
-0.863281
-0.808594
0.988251
0.808563
0.941376
-0.832031
-0.800781
-0.988281
0.863251
0.941376
-0.886719
-0.886719
0.996063
0.949188
-0.972656
-0.917969
-0.964844
-0.996094
-0.996094
-0.996094
-0.988281
-0.910156
-0.925781
0.957001
0.941376
-0.957031
-0.886719
-0.964844
0.972626
-0.988281
-0.941406
-0.996094
0.988251
-0.933594
-0.902344
-0.964844
0.949188
0.925751
-0.949219
-0.839844
-0.902344
0.941376
0.933563
-0.949219
-0.917969
-0.980469
0.996063
-0.972656
-0.957031
-0.964844
-0.949219
-0.972656
0.949188
0.949188
-0.878906
-0.792969
-0.996094
0.808563
0.957001
-0.800781
-0.871094
0.925751
0.964813
-0.894531
-0.957031
0.917938
0.972626
-0.886719
-0.902344
0.972626
0.910126
-0.988281
-0.863281
-0.886719
0.941376
0.902313
0.996063
-0.863281
-0.871094
0.988251
0.894501
0.996063
-0.886719
-0.933594
-0.988281
-0.964844
-0.988281
0.957001
0.988251
-0.902344
-0.886719
0.980438
0.925751
-0.964844
-0.894531
0.996063
0.925751
-0.996094
-0.933594
-0.925781
-0.964844
0.980438
-0.996094
-0.933594
0.996063
0.925751
-0.910156
-0.800781
-0.988281
0.855438
0.964813
-0.847656
-0.863281
0.957001
0.910126
-0.996094
-0.894531
-0.902344
0.980438
0.910126
-0.980469
-0.878906
-0.941406
0.949188
-0.996094
-0.933594
-0.996094
0.996063
-0.933594
-0.949219
0.996063
-0.980469
-0.941406
0.996063
0.988251
-0.925781
-0.917969
-0.996094
0.957001
-0.972656
-0.910156
-0.996094
0.933563
-0.972656
-0.871094
-0.917969
0.972626
0.941376
-0.988281
-0.910156
-0.925781
-0.980469
-0.972656
-0.996094
0.964813
-0.988281
-0.910156
-0.933594
0.988251
0.957001
-0.980469
-0.910156
-0.925781
0.996063
0.941376
-0.972656
-0.832031
-0.902344
0.902313
0.894501
-0.925781
-0.855469
-0.949219
0.972626
0.996063
-0.964844
-0.972656
-0.996094
-0.988281
-0.949219
-0.925781
-0.964844
0.980438
0.972626
-0.933594
-0.894531
-0.988281
0.941376
0.949188
-0.964844
-0.824219
-0.855469
0.933563
0.808563
0.972626
-0.824219
-0.824219
-0.972656
0.972626
0.957001
0.917938
0.988251
-0.886719
-0.863281
-0.925781
0.996063
0.972626
0.980438
0.972626
-0.996094
-0.886719
-0.839844
-0.996094
0.886688
0.964813
-0.910156
-0.917969
-0.988281
-0.988281
-0.957031
-0.996094
0.964813
-0.988281
-0.894531
-0.902344
-0.996094
0.933563
0.941376
-0.980469
-0.871094
-0.855469
-0.980469
0.902313
0.917938
-0.957031
-0.886719
-0.910156
-0.957031
-0.996094
0.941376
0.957001
-0.941406
-0.894531
-0.949219
0.996063
-0.996094
-0.988281
-0.980469
-0.972656
-0.949219
-0.941406
-0.996094
0.996063
-0.941406
-0.933594
0.988251
0.957001
-0.972656
-0.925781
-0.949219
-0.988281
0.972626
-0.988281
-0.925781
-0.933594
-0.980469
0.957001
0.949188
-0.941406
-0.785156
-0.886719
0.878876
0.847626
-0.988281
-0.886719
-0.894531
-0.886719
-0.957031
0.933563
0.933563
-0.949219
-0.925781
-0.949219
-0.941406
-0.988281
0.980438
-0.996094
-0.941406
-0.949219
-0.957031
-0.964844
-0.980469
-0.996094
-0.972656
-0.941406
-0.957031
-0.988281
-0.988281
-0.957031
-0.957031
0.972626
0.980438
-0.917969
-0.917969
0.988251
0.996063
-0.917969
-0.886719
-0.988281
0.917938
0.878876
0.957001
-0.902344
-0.792969
-0.847656
0.972626
0.832001
0.894501
-0.871094
-0.730469
-0.933594
0.792938
0.855438
-0.777344
-0.449219
-0.878906
-0.0195618
0.0195007
0.0429688
0.371124
0.722656
0.98822
0.589783
-0.730469
-0.167938
-0.878876
0.832001
-0.269562
-0.160187
0.527313
-0.574219
-0.128906
-0.417969
0.878876
0.339813
0.363251
0.738251
-0.941406
-0.738281
-0.652344
-0.832031
0.769501
0.472626
0.550751
0.910126
-0.722656
-0.574219
-0.808594
0.746063
0.472626
0.644501
-0.917969
-0.628906
-0.769531
0.878876
0.699188
0.792938
0.941376
-0.964844
-0.871094
-0.824219
-0.996094
0.769501
0.722626
0.925751
-0.863281
-0.824219
-0.910156
0.941376
0.800751
0.855438
-0.941406
-0.855469
-0.972656
0.933563
0.902313
0.925751
-0.988281
-0.910156
-0.972656
0.972626
0.972626
0.996063
0.988251
0.980438
-0.972656
-0.933594
-0.964844
0.949188
0.933563
-0.996094
-0.933594
-0.949219
0.996063
0.980438
0.996063
0.996063
-0.996094
-0.964844
-0.949219
-0.980469
0.996063
-0.996094
0.996063
0.988251
-0.964844
-0.910156
-0.941406
0.964813
0.925751
0.996063
-0.933594
-0.917969
-0.957031
-0.988281
0.996063
0.988251
0.996063
-0.996094
-0.964844
-0.933594
-0.910156
-0.964844
0.933563
0.925751
-0.957031
-0.886719
-0.902344
-0.972656
0.988251
0.957001
0.988251
-0.949219
-0.933594
-0.949219
-0.996094
0.988251
0.996063
-0.988281
-0.964844
-0.949219
-0.957031
-0.972656
-0.996094
-0.996094
-0.972656
-0.957031
-0.996094
0.996063
-0.949219
-0.894531
-0.941406
0.972626
0.972626
-0.957031
-0.933594
-0.957031
-0.972656
-0.980469
0.988251
-0.988281
-0.917969
-0.910156
-0.980469
0.996063
-0.964844
-0.941406
-0.972656
-0.988281
-0.949219
-0.933594
-0.957031
-0.996094
-0.996094
-0.972656
-0.949219
-0.949219
-0.996094
0.996063
-0.988281
-0.949219
-0.949219
-0.957031
-0.972656
-0.980469
-0.972656
-0.964844
-0.972656
-0.972656
-0.988281
0.996063
-0.980469
-0.957031
-0.964844
-0.972656
-0.988281
-0.972656
-0.949219
-0.964844
-0.988281
-0.980469
-0.957031
-0.957031
-0.996094
-0.980469
-0.964844
-0.949219
-0.957031
-0.964844
-0.980469
-0.972656
-0.972656
-0.972656
-0.972656
-0.996094
-0.996094
-0.949219
-0.917969
-0.972656
-0.996094
-0.996094
-0.957031
-0.917969
-0.933594
-0.964844
0.996063
-0.996094
-0.957031
-0.925781
-0.941406
-0.972656
-0.996094
-0.996094
-0.957031
-0.972656
-0.980469
-0.980469
-0.980469
-0.972656
-0.964844
-0.972656
-0.964844
-0.957031
-0.964844
-0.972656
-0.980469
-0.988281
-0.972656
-0.972656
-0.964844
-0.980469
-0.980469
-0.972656
-0.957031
-0.964844
-0.972656
-0.972656
-0.972656
-0.964844
-0.988281
-0.996094
-0.980469
-0.957031
-0.949219
-0.972656
-0.980469
-0.988281
-0.988281
-0.964844
-0.972656
-0.988281
-0.988281
-0.996094
-0.980469
-0.957031
-0.988281
-0.972656
-0.964844
-0.972656
-0.980469
-0.980469
-0.972656
-0.972656
-0.972656
-0.980469
-0.972656
-0.972656
-0.972656
-0.972656
-0.957031
-0.964844
-0.980469
-0.996094
-0.972656
-0.980469
-0.964844
-0.957031
-0.964844
-0.980469
-0.996094
-0.980469
-0.957031
-0.972656
-0.980469
-0.996094
-0.996094
-0.972656
-0.972656
-0.972656
-0.980469
-0.972656
-0.964844
-0.980469
-0.980469
-0.996094
-0.964844
-0.972656
-0.972656
-0.972656
-0.972656
-0.972656
-0.972656
-0.964844
-0.972656
-0.957031
-0.957031
-0.972656
-0.980469
-0.988281
-0.972656
-0.972656
-0.964844
-0.980469
-0.972656
-0.980469
-0.972656
-0.972656
-0.972656
-0.972656
-0.980469
-0.972656
-0.980469
-0.972656
-0.980469
-0.972656
-0.964844
-0.972656
-0.980469
-0.980469
-0.964844
-0.980469
-0.980469
-0.980469
-0.988281
-0.972656
-0.980469
-0.972656
-0.972656
-0.972656
-0.964844
-0.972656
-0.980469
-0.972656
-0.972656
-0.972656
-0.988281
-0.988281
-0.972656
-0.972656
-0.980469
-0.972656
-0.972656
-0.972656
-0.972656
-0.972656
-0.972656
-0.972656
-0.980469
-0.972656
-0.980469
-0.972656
-0.980469
-0.980469
-0.972656
-0.972656
-0.980469
-0.972656
-0.988281
-0.980469
-0.988281
-0.972656
-0.972656
-0.964844
-0.972656
-0.972656
-0.980469
-0.972656
-0.972656
-0.980469
-0.980469
-0.964844
-0.972656
-0.972656
-0.972656
-0.972656
-0.964844
-0.972656
-0.972656
-0.972656
-0.972656
-0.980469
-0.980469
-0.980469
-0.972656
-0.972656
-0.972656
-0.972656
-0.980469
-0.972656
-0.972656
-0.972656
-0.972656
-0.972656
-0.972656
-0.972656
-0.972656
-0.972656
-0.980469
-0.988281
-0.996094
-0.980469
-0.957031
-0.964844
-0.980469
-0.972656
-0.949219
-0.980469
-0.980469
-0.980469
-0.972656
-0.957031
-0.964844
-0.972656
-0.980469
-0.980469
-0.988281
-0.980469
-0.972656
-0.972656
-0.980469
-0.980469
-0.972656
-0.972656
-0.972656
-0.988281
-0.980469
-0.972656
-0.972656
-0.972656
-0.988281
-0.996094
-0.972656
-0.980469
-0.980469
-0.988281
-0.988281
-0.980469
-0.980469
-0.980469
-0.972656
-0.980469
-0.972656
-0.972656
-0.980469
-0.972656
-0.972656
-0.980469
-0.980469
-0.972656
-0.980469
-0.980469
-0.996094
-0.988281
-0.980469
-0.980469
-0.988281
-0.988281
-0.988281
-0.980469
-0.972656
-0.972656
-0.980469
-0.980469
-0.980469
-0.972656
-0.972656
-0.972656
-0.972656
-0.972656
-0.972656
-0.980469
-0.972656
-0.988281
-0.972656
-0.972656
-0.972656
-0.964844
-0.972656
-0.972656
-0.972656
-0.980469
-0.988281
-0.980469
-0.972656
-0.980469
-0.988281
-0.972656
-0.972656
-0.972656
-0.964844
-0.964844
-0.972656
-0.972656
-0.972656
-0.972656
-0.972656
-0.972656
-0.980469
-0.980469
-0.980469
-0.980469
-0.972656
-0.964844
-0.957031
-0.957031
-0.964844
-0.972656
-0.972656
-0.972656
-0.980469
-0.980469
-0.980469
-0.972656
-0.972656
-0.964844
-0.972656
-0.980469
-0.972656
-0.980469
-0.972656
-0.988281
-0.972656
-0.972656
-0.972656
-0.972656
-0.964844
-0.964844
-0.980469
-0.980469
-0.972656
-0.972656
-0.972656
-0.980469
-0.972656
-0.980469
-0.972656
-0.988281
-0.980469
-0.980469
-0.972656
-0.972656
-0.972656
-0.980469
-0.980469
-0.972656
-0.972656
-0.980469
-0.980469
-0.980469
-0.972656
-0.972656
-0.980469
-0.972656
-0.972656
-0.996094
-0.988281
-0.980469
-0.972656
-0.972656
-0.980469
-0.972656
-0.972656
-0.972656
-0.972656
-0.980469
-0.972656
-0.972656
-0.972656
-0.980469
-0.972656
-0.980469
-0.996094
-0.980469
-0.980469
-0.972656
-0.972656
-0.980469
-0.980469
-0.980469
-0.972656
-0.980469
-0.972656
-0.980469
-0.980469
-0.972656
-0.972656
-0.980469
-0.980469
-0.980469
-0.972656
-0.972656
-0.972656
-0.980469
-0.972656
-0.964844
-0.964844
-0.964844
-0.972656
-0.972656
-0.972656
-0.972656
-0.972656
-0.972656
-0.972656
-0.972656
-0.972656
-0.972656
-0.972656
-0.972656
-0.988281
-0.972656
-0.980469
-0.972656
-0.996094
-0.996094
-0.957031
-0.957031
-0.980469
-0.980469
-0.972656
-0.972656
-0.972656
-0.972656
-0.972656
-0.972656
-0.964844
-0.972656
-0.972656
-0.980469
-0.996094
-0.988281
-0.980469
-0.988281
-0.980469
-0.980469
-0.980469
-0.988281
-0.972656
-0.972656
-0.980469
-0.972656
-0.972656
-0.972656
-0.972656
-0.980469
-0.980469
-0.980469
-0.980469
-0.980469
-0.972656
-0.972656
-0.980469
-0.980469
-0.972656
-0.972656
-0.980469
-0.980469
-0.980469
-0.988281
-0.980469
-0.988281
-0.972656
-0.972656
-0.972656
-0.972656
-0.972656
-0.972656
-0.972656
-0.972656
-0.972656
-0.972656
-0.972656
-0.980469
-0.972656
-0.972656
-0.980469
-0.980469
-0.980469
-0.972656
-0.980469
-0.980469
-0.980469
-0.972656
-0.972656
-0.972656
-0.972656
-0.988281
-0.972656
-0.972656
-0.972656
-0.980469
-0.988281
-0.972656
-0.980469
-0.972656
-0.972656
-0.980469
-0.972656
-0.972656
-0.972656
-0.980469
-0.988281
-0.972656
-0.972656
-0.972656
-0.972656
-0.972656
-0.988281
-0.980469
-0.972656
-0.972656
-0.972656
-0.980469
-0.972656
-0.980469
-0.980469
-0.972656
-0.972656
-0.980469
-0.980469
-0.980469
-0.972656
-0.972656
-0.972656
-0.972656
-0.972656
-0.972656
-0.972656
-0.980469
-0.988281
-0.972656
-0.980469
-0.980469
-0.988281
-0.980469
-0.980469
-0.964844
-0.980469
-0.972656
-0.972656
-0.980469
-0.972656
-0.996094
-0.964844
-0.972656
0.498286
0.499143
0.500001
