125
125
126
125
125
126
47
125
125
125
125
125
125
125
126
126
125
125
125
125
125
125
125
125
125
125
125
125
125
125
125
125
125
125
125
125
125
125
126
125
125
125
125
125
125
125
125
125
125
125
125
125
125
125
125
125
125
125
125
125
125
125
125
125
125
125
125
125
125
125
125
125
125
125
125
125
125
125
125
125
125
125
125
125
125
125
125
125
125
125
125
125
125
125
125
125
125
125
125
125
125
125
125
125
125
125
125
125
125
125
125
125
125
125
125
125
125
125
125
125
125
125
125
125
125
125
125
125
125
125
125
125
125
125
125
125
125
125
125
125
125
125
125
125
125
125
125
125
125
125
125
125
125
125
125
125
125
125
125
125
125
125
125
125
125
125
125
125
125
125
125
125
125
125
125
125
125
125
125
125
125
125
125
125
125
125
125
125
125
125
125
125
125
125
125
125
125
125
125
125
125
125
125
125
125
125
125
125
125
125
125
125
125
125
125
125
125
125
125
125
125
125
125
125
125
125
125
125
125
125
125
125
125
125
125
125
125
125
125
126
126
125
125
125
125
125
125
125
125
125
125
125
125
125
125
125
125
125
125
125
125
125
125
125
125
125
125
125
125
125
125
125
125
125
125
125
125
125
125
126
126
125
125
125
125
125
125
125
125
125
125
125
125
125
125
125
125
125
125
125
125
125
125
125
125
125
125
125
125
125
125
125
125
125
125
125
125
125
125
125
125
125
125
125
125
125
125
125
125
125
125
125
125
125
125
125
125
125
125
125
125
125
125
125
125
125
126
125
124
125
126
125
126
126
126
126
126
126
126
126
126
126
126
126
126
126
126
126
126
126
126
126
125
126
126
126
126
126
126
126
126
126
126
126
126
126
126
126
125
126
126
126
126
126
126
125
126
126
125
126
125
126
126
126
126
126
126
126
126
126
126
126
125
126
126
126
126
126
126
126
125
125
125
126
125
126
126
126
126
126
125
126
125
125
125
126
125
126
125
126
125
125
126
125
125
125
126
126
125
125
125
126
125
125
126
126
125
125
125
125
126
125
126
126
125
126
126
125
126
125
125
125
125
125
125
126
126
125
126
126
126
125
126
125
125
125
125
126
125
125
125
125
126
126
126
126
125
125
125
125
125
125
125
125
125
125
125
125
125
125
125
125
125
126
125
125
126
126
126
125
125
126
125
125
125
126
126
126
125
125
126
126
126
125
125
127
127
126
126
129
128
122
121
127
129
125
120
119
120
123
127
126
122
127
141
144
128
112
116
130
133
126
117
114
120
130
133
127
125
126
126
125
128
129
124
120
120
123
126
127
125
125
127
129
126
125
127
125
120
118
124
129
129
127
125
125
124
123
123
129
131
127
124
126
127
123
118
119
126
129
128
125
125
126
126
126
125
125
126
128
128
127
125
120
118
122
128
128
125
125
127
126
125
126
129
127
125
126
127
126
124
123
122
125
126
124
123
127
128
127
125
124
125
128
130
125
120
120
126
131
126
117
116
127
137
136
130
129
126
119
113
116
124
125
120
123
138
146
135
119
121
131
124
109
113
135
143
127
107
115
131
131
122
121
121
125
128
128
135
137
118
115
136
125
106
125
145
154
150
121
64
60
116
186
207
131
33
88
192
167
97
99
120
130
116
111
159
178
107
57
114
178
154
112
110
112
121
147
140
101
106
151
146
99
101
139
144
124
122
122
114
122
147
139
106
106
135
141
124
119
130
133
121
107
114
137
145
131
121
124
125
121
120
121
123
125
127
133
136
123
110
118
136
134
120
118
127
131
132
132
122
107
111
136
148
131
115
121
132
126
116
118
127
134
131
122
117
124
132
129
121
122
127
126
122
124
130
130
124
119
121
127
129
126
124
123
122
125
130
130
124
123
126
127
125
124
124
124
126
126
125
126
127
126
126
126
126
124
123
124
125
126
126
126
126
124
122
126
130
127
123
123
125
126
125
125
124
125
126
128
125
123
123
125
126
127
126
124
124
127
129
127
125
124
124
124
125
127
127
126
125
124
124
124
124
124
126
126
125
125
126
127
126
125
126
126
126
125
124
125
127
126
123
122
126
129
128
125
124
124
124
125
126
126
125
124
124
124
126
126
125
124
125
127
128
126
124
124
125
126
127
125
125
126
126
123
122
126
129
126
122
123
128
130
126
122
122
125
126
127
127
126
124
124
126
128
126
122
122
126
128
127
124
123
124
125
126
126
127
126
124
124
125
126
126
125
124
125
127
127
125
124
125
126
126
125
127
127
127
125
124
124
125
125
124
125
126
126
125
124
123
123
126
127
127
125
124
125
126
127
126
125
125
125
125
126
126
125
124
125
122
126
125
126
127
126
125
125
126
128
126
124
124
126
126
126
126
126
124
123
125
126
125
125
125
126
125
123
125
127
127
125
122
123
125
126
126
125
126
126
125
125
125
126
126
126
125
125
126
126
125
124
124
126
126
125
125
125
125
125
125
126
127
127
125
123
125
127
125
124
124
126
126
126
125
124
124
124
126
127
125
124
124
126
126
126
126
125
126
125
125
125
125
125
125
125
125
125
125
126
126
125
124
125
126
126
125
125
126
125
126
126
125
125
125
125
125
126
126
126
125
124
125
126
126
126
124
125
125
125
125
125
126
126
125
125
125
125
125
126
126
125
125
126
126
126
125
125
125
126
125
124
124
125
124
125
125
126
126
125
125
125
125
125
125
125
126
126
125
125
125
126
126
126
126
125
125
125
126
126
125
124
124
124
125
125
125
125
125
125
126
126
127
126
125
125
125
125
125
125
125
125
125
125
125
124
125
126
126
126
126
125
125
125
125
125
125
124
125
125
127
127
126
126
126
124
124
124
124
125
125
125
125
125
124
125
126
125
125
125
126
126
125
125
125
125
125
125
125
125
125
125
125
125
125
125
125
125
120
125
125
125
127
127
126
126
127
126
125
125
125
126
125
125
125
125
125
125
126
125
125
125
125
125
126
125
125
125
125
125
125
125
125
125
125
125
125
125
126
125
125
125
125
134
80
124
124
129
127
129
128
129
129
128
126
126
126
127
127
126
127
126
127
127
126
126
126
127
127
127
126
126
127
127
126
126
127
126
125
126
127
127
126
125
126
127
126
126
126
126
126
125
126
126
126
126
126
126
126
126
126
126
126
126
126
126
126
125
126
126
125
126
126
126
126
126
122
121
124
125
125
127
128
127
127
127
126
125
125
126
126
126
126
126
126
126
126
126
125
125
125
125
126
126
126
125
125
126
127
126
126
125
125
125
126
125
124
124
124
125
124
124
125
125
125
125
126
128
127
127
126
126
126
125
124
125
125
125
125
124
126
126
127
126
126
125
126
126
126
124
124
126
126
125
124
125
125
126
125
125
125
126
127
126
125
125
126
125
126
126
126
125
123
125
126
126
125
125
131
128
127
126
126
123
124
125
125
125
125
125
125
125
125
127
127
127
125
126
125
126
125
125
126
125
125
122
120
126
127
126
127
128
127
126
126
126
126
126
126
125
125
125
125
126
126
126
126
133
126
125
125
124
123
124
124
124
125
126
125
125
125
125
125
125
125
126
126
126
126
125
126
126
126
125
125
125
126
126
126
126
125
126
125
126
125
125
126
126
125
125
126
125
125
125
125
126
125
125
126
125
125
126
125
125
126
126
125
126
125
125
125
125
125
125
126
125
125
125
126
126
125
125
125
126
126
126
125
126
126
125
125
125
125
125
125
125
125
125
125
126
126
125
125
124
123
125
125
125
126
126
126
126
126
126
125
124
124
125
126
127
125
124
123
125
127
126
126
126
125
126
127
126
124
124
124
124
124
125
125
123
125
126
127
128
128
127
46
125
125
125
125
125
125
125
125
125
125
125
125
125
125
125
126
125
125
125
125
125
125
125
125
125
125
125
126
125
126
125
125
125
125
125
125
125
125
125
125
125
125
125
126
126
125
125
125
125
125
125
125
125
125
125
125
125
126
125
125
125
125
125
125
125
125
125
125
125
126
126
125
125
125
125
125
125
125
125
125
125
126
125
125
125
125
125
125
125
125
125
125
125
125
125
125
125
125
125
125
125
125
125
126
126
125
125
125
125
125
125
125
125
125
125
126
125
125
125
125
125
125
125
125
125
125
125
125
125
125
125
125
125
125
125
125
126
125
125
125
125
125
125
125
125
125
125
125
125
125
125
125
125
125
125
125
125
125
125
125
125
125
125
125
125
125
125
125
125
125
125
125
125
125
125
125
125
125
125
125
125
125
125
125
125
125
125
125
125
125
125
125
125
125
125
125
125
125
125
125
125
125
125
125
125
125
125
125
125
125
125
126
125
125
125
125
125
126
125
125
125
126
125
125
125
125
125
125
125
125
126
126
126
126
126
126
125
125
126
126
126
126
126
126
126
126
126
126
126
126
125
126
125
126
125
125
125
126
126
125
125
126
125
126
126
126
125
125
125
125
125
125
125
126
126
126
126
126
125
125
126
125
125
126
126
126
125
125
126
125
125
126
125
126
126
126
125
125
125
125
125
125
126
125
126
125
126
125
125
125
126
126
126
126
126
125
126
126
126
125
125
125
125
125
125
125
125
125
126
126
126
126
126
125
125
125
125
125
125
125
126
126
126
126
125
126
125
126
125
126
125
125
126
125
