125
127
128
124
118
154
83
125
125
125
125
125
125
125
125
125
125
125
125
125
125
125
125
125
125
125
125
125
125
125
125
125
125
125
125
125
125
125
125
125
125
125
125
125
125
125
125
125
125
125
125
125
125
125
125
125
125
125
125
125
125
125
125
125
125
125
125
125
125
125
125
125
125
125
125
125
125
125
125
125
125
125
125
125
125
125
125
125
125
125
125
125
125
125
125
125
125
125
125
125
125
125
125
125
125
125
125
125
125
125
125
125
125
125
125
125
125
125
125
125
125
125
125
125
125
125
125
125
125
125
125
125
125
125
125
125
125
125
125
125
125
125
125
125
125
125
125
125
125
125
125
125
125
125
126
126
126
125
126
126
125
126
126
126
125
125
126
125
126
126
125
125
125
126
126
126
126
126
126
126
126
126
126
126
126
126
126
126
125
126
125
126
126
126
125
126
126
126
126
126
126
126
126
126
126
126
126
126
125
126
126
125
125
125
125
126
125
125
126
126
126
126
126
126
125
125
125
125
126
125
125
126
126
126
126
126
125
125
125
125
126
125
126
126
125
125
126
126
126
125
125
126
125
125
125
126
126
126
126
126
125
126
126
126
125
125
126
125
125
126
126
126
126
126
126
125
126
125
126
126
126
126
125
125
126
126
126
125
126
126
125
126
125
125
126
125
125
125
125
125
126
126
126
126
125
126
125
126
125
126
125
126
126
125
125
126
126
126
125
125
126
126
126
126
126
126
126
126
126
126
125
125
125
125
126
126
126
126
126
126
125
126
125
126
125
126
126
125
125
126
126
125
126
125
126
125
126
125
126
126
126
126
125
126
126
126
126
125
125
125
126
125
125
125
125
125
125
125
125
125
125
125
125
125
125
125
125
125
125
125
125
126
126
125
125
125
125
125
125
125
125
125
125
125
125
125
125
125
125
125
125
125
125
125
125
125
125
125
125
125
125
125
125
125
125
125
125
125
125
125
125
125
125
125
125
125
125
125
125
125
125
125
125
125
125
125
125
125
125
125
125
125
125
125
125
125
126
126
125
125
125
125
125
125
125
125
125
125
125
125
125
125
125
125
125
125
125
125
125
125
125
125
125
125
125
125
125
125
125
125
125
125
125
125
125
125
125
125
125
125
125
125
125
125
125
125
125
125
125
125
125
125
125
125
126
124
125
126
125
125
126
126
125
125
125
125
125
125
125
126
125
125
125
125
126
125
125
125
125
125
125
125
126
125
126
126
125
125
125
124
125
125
126
126
126
126
126
126
126
126
126
126
126
125
126
126
125
126
125
125
125
126
126
126
126
125
126
126
125
126
126
125
125
125
126
126
126
126
126
126
126
126
126
126
125
125
125
125
125
125
125
125
125
125
126
127
126
125
125
126
127
126
125
125
126
125
125
125
125
125
125
126
126
126
125
123
124
128
129
125
123
125
127
127
125
123
123
124
127
129
128
126
125
125
126
126
126
124
124
125
125
125
126
126
125
125
126
126
125
126
127
126
125
124
125
126
126
126
126
126
127
127
126
126
125
125
126
127
126
125
125
125
126
126
126
125
125
126
126
126
125
125
125
126
126
126
126
125
126
126
126
126
125
125
126
126
125
125
125
125
126
126
126
125
126
126
126
126
126
125
125
126
125
125
126
125
126
126
126
125
126
127
126
125
125
125
125
124
125
125
125
125
125
126
126
126
126
125
125
125
125
125
125
125
125
126
126
126
125
126
126
126
126
125
125
125
126
126
125
126
126
125
126
125
124
124
125
125
125
125
126
126
125
125
126
125
125
126
125
125
125
126
125
125
126
126
125
125
125
125
125
125
125
125
125
125
126
125
125
125
125
125
125
125
125
125
125
125
125
125
125
125
126
125
125
125
125
126
125
125
125
125
125
126
125
125
125
126
126
125
125
125
125
126
123
125
126
125
126
126
126
126
126
126
125
125
126
126
125
125
125
125
125
126
126
126
125
126
126
126
126
126
126
126
126
126
126
125
126
126
126
125
125
125
126
126
125
125
125
126
126
126
125
125
126
126
126
125
125
125
126
126
126
125
125
126
126
126
125
125
125
123
126
126
125
125
126
126
126
126
126
125
126
126
125
125
125
125
125
125
125
126
126
126
124
125
125
126
127
126
126
125
125
126
126
125
125
125
125
125
126
126
125
125
126
126
126
126
125
125
125
126
125
125
125
125
125
125
125
125
125
126
125
125
125
125
125
125
126
125
125
125
125
125
125
125
125
125
126
126
125
125
125
125
126
125
125
125
125
125
126
125
126
125
125
125
125
125
125
126
126
126
125
125
126
126
125
125
125
125
125
125
125
125
125
126
125
126
125
125
125
125
125
126
125
125
126
125
125
125
126
125
125
125
125
126
125
125
125
126
126
125
125
126
125
125
125
125
126
125
126
126
125
125
126
125
125
125
125
125
125
125
126
125
126
125
125
125
126
126
125
124
126
126
125
125
126
126
124
125
126
126
124
123
125
126
127
126
123
123
126
127
125
124
126
127
125
124
125
125
124
126
128
126
122
122
125
128
127
123
123
127
128
124
123
127
126
122
124
128
126
125
126
124
121
127
130
124
123
126
126
124
124
124
123
129
131
124
120
123
127
126
126
127
128
126
122
125
127
123
120
124
129
127
125
127
128
127
126
122
120
120
122
124
126
127
128
130
130
127
124
125
124
122
120
124
129
124
122
129
133
126
122
125
125
123
124
126
128
128
126
125
126
126
122
118
119
123
127
111
130
135
149
129
124
116
116
118
119
120
121
122
123
127
133
138
141
138
134
133
124
115
116
116
117
117
116
118
124
130
131
131
134
136
135
132
130
129
126
123
121
119
119
120
120
120
123
126
128
129
131
131
130
131
129
126
123
123
125
126
126
128
129
127
125
122
117
118
120
120
123
128
130
131
132
132
129
128
129
125
118
122
127
122
120
122
119
122
135
134
124
128
131
119
121
134
127
121
131
124
112
129
141
122
124
142
116
95
138
160
115
105
138
106
80
148
179
103
97
162
121
66
145
193
105
85
174
152
59
99
184
136
84
140
159
83
81
169
173
96
106
162
134
80
117
157
119
103
151
150
93
90
146
156
120
117
142
129
101
121
148
137
121
126
128
106
96
125
154
145
116
107
121
128
124
131
137
128
122
125
119
110
124
148
142
120
114
118
121
132
137
122
115
133
143
122
96
103
132
153
156
149
124
86
86
124
141
132
131
129
116
113
126
141
145
132
107
106
133
152
138
118
112
115
118
117
120
135
146
133
114
115
129
136
130
123
118
114
119
134
140
135
117
117
130
134
122
113
115
129
133
125
118
122
131
134
126
119
125
132
128
124
125
125
120
122
127
127
127
128
127
124
123
125
124
121
123
126
126
129
132
130
124
121
124
125
123
119
123
130
132
128
123
122
125
126
125
124
124
126
125
124
125
129
130
128
125
122
120
121
125
129
131
129
123
119
119
124
130
131
128
126
121
119
122
127
128
144
82
106
124
130
133
129
123
127
133
133
127
124
126
128
125
124
125
129
132
130
126
118
116
128
142
91
114
114
118
128
133
134
135
132
128
125
127
129
130
129
126
126
133
132
124
121
126
128
128
133
136
127
113
113
127
136
134
126
119
119
129
141
139
123
113
117
124
114
127
131
129
125
127
130
127
126
130
133
128
121
120
125
126
124
123
127
132
134
128
122
121
125
126
124
124
126
127
127
126
126
128
121
122
122
125
128
131
130
125
119
118
125
132
129
123
116
119
126
128
128
123
122
127
134
135
131
127
123
120
120
120
119
121
128
133
134
137
133
120
110
116
127
127
123
122
123
126
133
133
125
117
119
127
131
129
125
124
128
82
125
125
126
126
126
125
126
126
125
125
125
126
125
125
125
126
125
125
125
126
125
126
125
126
125
125
125
126
125
126
125
125
125
125
125
125
125
125
125
125
125
125
125
125
126
125
125
125
125
125
125
125
125
125
125
125
125
125
125
125
125
125
125
125
125
125
125
126
126
125
125
125
125
125
125
125
125
125
125
125
125
125
126
125
125
125
125
125
125
126
125
125
125
125
125
125
125
125
125
125
125
125
125
125
125
126
125
125
125
125
125
125
125
125
125
125
125
125
125
125
125
125
125
125
125
125
125
125
125
125
125
125
125
125
125
125
125
125
125
125
125
125
125
125
125
125
125
125
125
125
125
125
125
125
125
125
125
125
125
125
125
125
125
125
125
125
125
125
125
125
125
125
126
124
125
125
126
125
126
126
126
126
125
126
126
126
126
125
126
126
125
126
126
126
126
125
125
125
126
125
126
126
126
126
126
125
125
125
126
126
126
125
125
126
126
125
125
126
126
126
125
126
126
126
125
125
126
126
125
125
125
125
125
126
126
125
126
126
126
125
125
126
125
125
126
125
125
125
125
125
125
125
125
125
125
125
125
125
125
125
125
125
125
125
125
125
125
125
125
125
125
125
125
125
126
125
125
125
125
126
125
125
125
125
125
125
125
125
125
125
125
125
125
125
125
125
125
125
125
125
125
125
125
125
125
125
125
125
125
126
126
125
125
126
125
125
125
125
125
125
125
125
125
125
125
125
126
125
125
125
125
125
125
125
125
125
126
126
126
125
125
125
125
125
125
125
125
126
126
126
125
126
125
125
