128
130
126
122
123
127
82
126
125
125
125
125
125
125
125
125
125
125
125
125
125
125
125
125
125
125
125
125
125
125
125
125
125
125
125
125
125
125
125
125
125
125
125
125
125
125
125
125
125
125
125
125
125
125
125
125
125
125
125
125
125
125
125
125
125
125
125
126
125
125
125
125
125
125
125
125
124
125
126
126
126
126
126
126
126
126
126
126
125
125
126
125
125
125
125
125
126
126
125
125
126
126
126
126
126
126
126
126
126
126
126
126
126
126
126
126
126
126
126
126
126
126
126
125
126
126
126
126
126
126
126
126
125
126
126
126
126
126
126
126
126
126
126
125
126
125
126
126
126
126
125
125
126
126
126
126
125
126
126
125
125
126
125
125
126
125
125
125
126
126
126
126
125
126
125
126
125
125
125
126
126
125
126
126
126
125
126
126
126
126
126
126
125
126
125
126
126
126
126
126
126
126
125
125
125
125
126
126
125
125
125
126
125
126
126
126
125
125
125
126
125
126
126
126
126
126
126
126
126
126
126
125
125
126
126
126
126
125
126
125
126
126
125
126
126
126
126
126
126
125
126
126
125
126
125
126
126
125
125
125
125
125
126
125
125
126
125
126
126
126
126
125
125
125
126
126
126
125
126
126
126
126
126
126
126
125
125
126
126
125
125
126
126
126
126
126
126
125
125
125
125
125
125
125
125
126
125
125
125
126
126
126
125
126
125
126
125
126
126
126
125
125
125
125
125
125
125
125
125
125
125
125
125
125
125
125
125
125
125
125
125
125
125
125
125
125
125
125
125
125
125
125
125
125
125
125
125
125
125
125
125
125
125
125
125
126
125
125
125
125
125
125
125
125
125
125
125
125
125
125
125
125
125
125
125
125
125
125
125
125
125
125
125
125
125
125
125
125
125
125
125
125
125
125
126
125
124
125
126
125
126
126
126
125
126
126
126
125
126
126
126
126
126
126
126
125
125
126
126
125
125
125
125
126
126
126
126
126
126
126
126
126
126
126
126
125
126
126
126
126
126
126
126
126
126
126
126
126
126
126
126
126
126
125
126
126
126
126
126
125
126
125
125
125
125
125
125
126
126
126
126
126
126
125
125
125
125
125
125
126
125
125
125
126
125
125
125
126
125
125
125
126
125
125
126
126
125
125
126
126
125
125
126
125
125
125
125
126
125
125
125
125
125
126
125
126
125
125
126
125
125
125
125
125
125
125
125
125
125
125
126
126
126
125
126
126
126
126
125
125
125
125
125
125
125
125
125
125
126
126
126
126
126
125
126
125
125
125
125
125
125
125
126
126
126
126
126
126
126
126
126
126
126
126
125
125
125
126
126
126
126
126
126
126
126
125
126
125
125
125
125
125
125
126
127
127
126
126
126
127
126
125
125
126
125
125
125
126
125
125
125
126
128
126
123
123
127
129
126
122
124
127
127
126
124
123
123
125
128
129
127
125
125
125
126
126
124
124
125
126
125
126
126
125
125
126
126
125
125
126
126
125
124
124
125
125
125
126
126
127
127
126
125
125
125
126
126
125
125
124
125
125
126
125
125
125
125
126
126
126
125
125
126
126
126
126
125
125
125
126
126
125
125
125
126
126
125
125
125
126
126
125
125
125
125
125
125
126
125
125
125
125
125
125
125
126
126
126
125
125
126
126
125
124
125
125
125
125
126
126
125
125
125
126
126
126
125
125
125
125
125
125
125
125
126
126
125
125
126
127
126
125
125
125
125
125
126
125
125
125
125
125
126
126
125
125
126
126
125
125
126
125
125
125
125
125
125
125
125
125
125
126
125
125
126
126
126
125
125
125
125
125
125
125
125
126
126
124
125
126
125
125
126
126
126
126
126
125
125
125
126
126
126
126
125
126
126
126
125
126
126
125
126
126
126
125
126
126
126
125
126
126
125
125
125
126
126
126
126
126
126
126
126
126
125
126
126
126
125
125
125
125
126
126
126
125
126
126
126
126
126
126
126
125
124
125
125
125
126
126
126
125
126
126
126
125
125
125
126
126
125
125
125
126
126
125
125
125
125
126
126
125
125
125
126
125
125
125
126
125
125
125
125
125
125
126
126
125
125
125
125
126
126
125
125
126
126
126
125
125
126
126
126
125
125
125
126
126
126
125
125
125
126
126
125
125
125
126
126
126
125
125
125
125
126
126
126
125
125
126
126
125
125
125
126
126
125
125
126
125
125
125
125
126
126
125
125
126
126
125
125
125
125
125
125
126
126
126
126
126
126
126
125
125
125
125
126
126
125
125
125
126
126
126
126
125
125
125
126
126
125
125
125
125
125
126
125
125
125
125
126
126
126
126
128
126
126
125
125
124
124
125
125
125
125
125
126
126
125
126
126
125
125
125
125
125
125
125
125
125
125
125
125
125
125
125
125
125
126
125
125
125
125
125
126
125
125
126
125
125
125
126
125
125
125
125
125
126
126
125
125
126
126
125
124
125
126
124
125
126
126
125
123
124
126
127
127
125
123
125
127
126
124
125
127
126
125
124
126
124
125
128
127
124
122
124
127
128
125
122
124
129
127
124
125
127
123
121
125
127
125
127
127
122
123
129
126
122
126
128
124
123
124
122
126
132
129
122
122
127
127
123
123
125
126
125
125
129
128
123
122
128
127
123
122
125
126
127
127
125
125
128
120
116
125
124
127
128
128
125
125
128
128
124
123
129
127
119
121
129
129
124
125
128
120
126
128
129
129
126
123
123
125
125
122
121
125
128
129
130
133
132
130
126
123
121
122
120
120
119
119
118
121
127
134
139
141
140
140
139
132
123
115
112
110
106
105
111
121
126
130
134
140
143
142
139
135
131
125
119
115
114
114
117
119
122
125
128
130
131
132
133
132
131
128
126
124
123
123
122
123
124
125
125
126
127
125
122
122
121
122
126
127
131
133
130
126
126
124
118
120
125
124
121
124
122
121
134
138
126
126
133
121
114
130
131
120
128
130
113
122
146
132
117
140
134
93
114
162
133
95
128
132
79
113
189
144
84
142
157
75
94
188
147
71
132
182
92
63
159
177
99
104
162
121
67
126
187
132
88
139
157
100
92
148
145
104
125
157
120
82
117
157
139
114
129
140
114
106
137
147
131
124
129
118
97
107
142
157
132
107
113
129
126
125
133
134
124
123
128
115
115
137
146
128
116
116
115
118
132
133
122
126
139
131
108
101
120
142
149
151
149
124
88
99
130
134
127
127
115
102
118
141
148
139
119
104
119
146
148
124
107
112
123
127
121
119
134
147
133
115
114
125
132
131
125
119
114
121
136
141
131
119
117
123
124
116
115
125
135
135
127
124
125
126
126
123
119
124
133
134
131
125
117
115
119
126
126
126
126
127
127
130
128
124
123
125
127
126
128
128
124
119
120
126
131
128
123
125
132
132
124
118
120
123
127
128
129
127
124
121
123
126
129
127
124
122
119
120
125
131
133
129
125
122
122
125
127
127
127
126
124
120
120
126
130
126
149
99
123
121
125
127
131
131
130
125
121
122
124
125
125
125
127
127
127
126
125
124
114
73
138
127
133
130
128
128
128
130
130
124
121
126
135
135
129
124
122
121
125
133
133
124
121
127
130
132
134
133
121
105
105
125
149
154
131
106
108
125
139
133
125
119
120
121
121
133
129
123
124
127
130
134
134
127
121
121
128
134
132
124
118
120
125
129
127
124
122
125
126
125
126
129
129
124
123
125
127
126
122
117
119
125
133
133
127
121
122
127
130
130
127
124
120
119
125
128
127
123
122
128
130
127
124
124
127
128
125
122
122
125
127
126
126
127
124
123
125
125
121
122
131
131
127
125
127
124
120
123
127
127
127
126
128
130
127
83
125
126
125
125
125
125
125
125
125
125
125
126
125
125
125
125
125
125
125
125
125
125
125
125
125
125
125
125
125
125
125
125
125
125
125
125
125
125
125
125
125
125
125
125
125
125
125
125
125
125
125
125
125
125
125
125
125
125
125
125
125
125
125
125
125
125
125
125
125
125
125
125
125
125
125
125
125
125
125
125
125
125
125
125
125
125
125
125
125
125
125
125
125
125
125
125
125
125
125
125
125
125
125
125
125
125
125
125
125
125
125
125
125
125
125
125
125
125
125
125
125
125
125
125
125
125
125
125
125
125
125
125
125
125
125
125
125
125
125
125
125
125
125
125
125
125
125
125
125
125
125
125
125
125
125
125
125
125
126
125
125
125
125
125
125
125
125
125
125
125
125
125
125
125
125
125
125
125
125
125
125
125
125
125
125
125
125
125
125
125
125
125
125
125
125
125
125
125
125
125
125
125
125
125
125
125
125
125
125
125
125
125
125
125
125
125
125
125
125
125
125
125
126
124
125
125
125
126
126
126
126
126
126
125
125
126
125
125
125
126
126
126
126
126
125
125
126
126
125
126
125
125
125
125
125
125
125
125
125
125
126
126
126
125
126
126
125
125
125
125
125
125
125
126
126
125
125
126
125
126
125
126
125
125
125
126
125
125
126
125
125
125
125
125
126
125
125
125
125
125
125
125
125
125
125
125
125
125
125
126
125
125
125
125
125
125
125
126
125
125
125
125
125
125
125
125
125
125
125
125
125
125
125
125
125
125
126
126
125
125
125
126
126
125
125
125
125
125
125
125
125
125
125
123
