125
124
125
126
124
123
38
125
126
125
126
126
126
125
125
125
125
125
125
125
125
125
125
125
125
125
125
125
125
125
125
125
126
125
125
125
125
125
125
125
125
125
125
125
125
125
125
125
125
125
125
125
125
125
125
125
125
125
126
125
125
125
125
125
125
126
126
125
125
125
125
125
125
125
125
125
125
125
125
125
125
125
126
125
125
125
125
125
125
125
125
125
125
125
125
125
125
125
125
125
125
125
125
125
125
125
125
125
125
125
125
125
125
125
125
125
125
125
126
124
126
126
126
126
126
126
126
126
126
126
126
126
126
126
126
126
126
126
126
126
126
126
126
126
126
126
126
126
126
126
126
126
126
126
126
126
126
126
126
126
126
126
126
126
126
126
126
126
126
126
126
126
126
126
126
126
126
126
126
126
126
126
126
126
126
126
126
126
126
126
126
125
125
126
126
126
126
126
126
126
126
125
125
126
126
126
125
125
126
125
126
126
125
125
125
125
125
125
125
126
125
126
125
126
126
125
126
125
125
126
125
125
125
125
125
126
126
126
126
126
126
126
126
125
126
126
125
126
125
126
126
126
126
126
126
125
125
125
126
126
126
126
125
125
125
126
126
126
125
125
126
126
126
125
125
126
126
125
125
126
126
126
126
125
125
125
126
126
126
125
125
126
126
126
126
125
125
126
126
126
126
126
125
126
126
126
126
125
126
126
126
126
125
126
126
125
125
125
125
126
126
126
125
125
126
126
125
126
126
126
126
126
126
126
126
126
126
125
126
125
125
126
126
125
125
125
125
125
125
125
125
125
125
125
125
125
125
125
125
125
125
125
125
126
125
125
126
125
125
125
125
125
125
125
125
125
125
126
125
125
125
125
125
125
125
125
125
125
125
125
125
125
125
125
125
125
125
125
125
125
125
125
125
125
125
125
125
125
125
125
125
125
125
125
125
125
125
125
125
125
125
125
125
125
125
125
125
125
125
125
125
125
125
125
125
126
125
125
125
125
125
125
125
125
125
125
125
125
125
125
125
125
125
125
125
125
125
125
125
125
126
126
125
125
125
125
125
125
125
125
125
125
125
125
125
125
125
125
125
125
126
125
125
125
125
125
125
125
125
125
125
125
125
125
125
125
125
125
125
125
123
130
125
124
123
124
125
125
126
126
126
126
126
125
125
125
125
125
125
125
125
125
127
125
125
125
125
125
125
125
125
125
125
125
125
125
125
125
125
125
125
125
125
125
125
125
125
125
125
125
125
125
125
125
125
126
126
124
125
125
126
125
126
126
126
125
126
126
125
125
125
126
126
125
125
125
125
124
125
125
125
126
127
126
118
109
118
155
197
188
97
8
1
117
204
212
238
204
20
59
194
255
98
78
144
76
31
156
255
157
7
72
200
148
115
173
150
54
40
107
185
203
139
77
92
115
94
92
146
195
180
120
79
82
119
151
146
122
109
110
122
137
133
116
122
141
139
122
114
115
112
116
136
147
131
114
119
130
130
124
121
126
134
130
117
112
120
128
131
131
131
129
124
120
121
124
128
130
130
126
123
123
126
126
125
125
125
124
125
127
128
127
127
127
127
127
127
125
121
120
124
127
127
125
127
129
128
126
124
122
123
126
127
127
128
128
126
125
124
124
124
124
125
126
128
127
125
125
127
127
125
124
126
127
127
125
125
124
123
125
126
127
126
125
126
125
125
125
125
126
126
126
125
126
126
126
126
125
125
126
126
125
125
125
125
125
124
125
126
126
126
125
126
127
127
126
126
123
125
126
125
125
125
126
127
127
125
125
125
125
126
127
126
125
125
126
127
127
124
124
125
126
126
126
126
126
126
127
127
127
126
126
125
125
126
126
125
125
126
127
126
126
126
126
125
126
125
126
125
126
125
125
125
126
126
126
127
127
126
126
126
126
125
124
125
126
126
126
126
126
126
126
126
125
125
126
126
126
126
125
125
126
126
126
126
126
125
125
125
126
126
126
126
126
126
126
126
126
125
126
126
126
125
126
125
125
125
126
125
126
126
126
125
125
126
126
125
125
126
125
126
125
125
126
126
126
125
126
126
126
126
125
125
125
125
125
125
125
125
126
126
126
126
126
126
126
127
126
126
126
126
125
125
125
125
125
125
126
126
126
126
126
126
126
126
126
126
125
126
126
126
125
125
125
126
126
125
125
125
125
126
126
125
125
125
126
126
126
126
126
126
126
125
126
126
125
125
125
126
126
125
126
125
125
125
126
125
125
126
127
127
126
125
126
126
126
125
125
125
125
128
125
125
126
125
125
125
125
125
126
126
125
124
125
126
126
125
125
127
127
126
125
125
125
125
125
125
125
125
124
125
125
125
125
125
126
126
126
126
126
126
125
125
125
125
125
125
125
125
125
125
125
124
123
125
126
125
126
126
126
126
126
126
126
126
126
126
126
125
125
126
126
126
126
126
125
125
126
125
125
125
125
125
125
126
125
125
125
125
125
125
125
125
125
126
126
125
125
125
126
126
125
125
125
125
125
125
126
125
125
125
125
125
125
125
125
125
126
125
126
126
125
125
125
125
125
125
125
125
125
125
125
126
126
125
125
125
126
126
125
125
125
125
125
126
126
125
125
125
125
125
125
125
125
125
125
126
126
126
126
126
125
125
125
125
125
125
125
125
126
125
126
125
126
126
126
126
125
125
125
125
125
125
125
125
125
125
125
126
125
125
125
125
126
125
125
126
125
125
125
125
125
125
125
125
125
125
125
125
125
126
125
126
125
125
126
126
125
125
125
125
125
125
125
126
125
126
126
126
126
126
126
126
125
125
125
126
126
125
125
125
125
126
126
125
125
126
125
125
125
125
125
125
125
125
125
125
125
125
126
126
125
126
125
125
126
125
125
125
125
126
126
127
129
126
125
125
124
124
124
124
125
124
125
125
125
125
125
125
125
125
126
126
125
126
125
125
125
126
125
125
125
126
125
125
126
126
125
125
125
125
125
125
125
125
120
125
126
125
126
127
126
126
127
126
126
125
125
126
125
125
125
125
125
126
125
125
125
125
125
125
126
126
123
125
124
125
125
126
126
126
125
125
125
126
125
125
125
126
125
125
125
125
126
126
125
125
125
125
125
125
125
126
126
126
125
124
125
126
126
125
125
125
126
126
126
125
125
125
126
126
126
125
125
125
125
125
125
124
125
125
126
127
126
125
125
126
126
126
125
125
125
125
126
125
125
125
125
126
126
126
126
126
126
125
125
125
126
125
125
125
126
126
125
125
125
125
126
127
126
125
125
125
125
126
122
125
124
126
125
125
126
127
127
125
124
125
126
126
125
124
125
125
126
126
125
124
126
127
126
126
125
125
126
126
125
124
124
125
123
123
124
127
126
126
127
127
127
126
124
125
125
127
125
123
124
125
129
128
125
123
125
126
125
123
124
127
127
125
125
126
126
125
124
125
128
125
122
124
126
127
126
126
126
122
122
125
128
128
127
127
125
124
125
126
130
124
125
126
127
122
121
121
124
127
127
126
127
128
128
125
123
122
123
126
126
125
124
125
126
127
126
125
125
128
127
125
124
125
125
124
124
125
125
125
126
125
125
126
126
126
127
127
126
126
125
125
125
125
124
125
121
120
125
127
125
128
129
127
125
126
126
127
127
126
125
124
125
125
126
126
125
125
125
124
125
149
85
119
118
127
128
131
130
130
129
128
126
125
124
124
124
125
126
126
125
126
126
127
127
127
126
125
126
127
127
127
127
126
127
126
125
127
126
127
126
125
127
127
126
126
126
126
125
125
126
126
125
126
126
126
127
125
125
126
126
125
126
126
127
126
125
126
126
126
126
125
125
127
122
111
126
124
125
129
132
39
126
126
126
126
125
126
125
126
126
126
126
126
126
125
126
126
125
126
126
126
125
126
126
126
126
126
125
126
126
125
126
126
126
126
125
126
126
126
126
125
125
126
125
125
126
126
126
126
126
126
126
126
125
126
126
126
126
125
126
126
126
126
126
126
125
125
126
126
126
125
125
126
126
126
126
126
125
126
126
125
126
126
126
126
126
126
126
126
125
125
125
125
125
125
125
126
126
126
126
126
126
126
126
125
125
125
125
126
126
125
125
126
125
126
126
126
126
126
125
125
125
125
125
125
125
125
125
125
125
125
125
125
125
126
125
125
126
125
125
125
125
125
125
125
125
125
125
125
126
125
125
125
125
125
125
125
125
125
125
125
125
125
125
125
125
125
125
126
125
125
125
125
125
125
125
125
125
125
125
125
125
126
125
125
125
125
125
125
125
125
125
125
125
125
125
125
125
125
125
125
125
125
125
125
125
125
125
125
125
125
125
125
125
125
125
125
125
125
125
125
125
125
125
125
125
125
125
125
125
125
125
125
125
125
125
125
125
125
125
125
125
125
125
125
125
125
125
125
125
126
125
125
125
125
126
125
125
125
126
125
125
125
124
125
126
126
126
126
126
126
125
126
126
126
126
126
125
126
126
126
126
125
125
125
126
126
125
125
125
126
126
126
126
126
126
126
126
126
125
125
125
126
126
125
125
125
126
126
126
125
125
126
126
125
125
126
126
126
126
126
126
125
126
125
125
125
125
126
125
126
126
126
126
126
126
125
125
125
125
125
126
126
125
125
126
126
126
125
126
125
125
126
126
126
