124
128
129
126
124
125
64
126
126
126
126
126
126
126
126
126
125
126
126
126
126
126
126
126
126
126
126
126
126
126
126
126
125
126
126
126
126
126
125
126
126
125
125
125
126
126
125
125
125
126
126
126
126
126
126
126
126
126
125
126
126
126
126
125
126
125
126
125
126
125
126
125
125
125
126
125
125
126
126
126
126
126
126
125
125
126
125
125
125
125
125
126
126
125
126
126
125
125
125
126
126
125
126
126
125
126
125
125
125
125
125
125
125
125
125
125
125
125
125
125
125
125
125
125
125
125
125
125
125
125
125
125
125
125
125
125
125
125
125
126
125
125
125
125
125
125
125
125
125
125
125
125
125
125
125
125
125
125
125
125
125
125
125
125
125
125
125
125
125
125
125
125
125
125
125
125
125
125
125
125
125
125
125
125
125
125
125
125
125
125
125
125
125
125
125
125
125
125
125
125
125
125
125
125
125
125
125
125
125
125
125
125
125
125
125
125
125
125
125
125
125
125
125
125
125
125
125
125
125
125
125
125
125
125
125
125
125
125
125
125
125
125
125
125
125
125
125
125
125
125
125
125
125
125
125
125
125
125
125
125
125
125
125
125
126
125
125
125
125
125
126
125
125
125
125
125
125
125
126
125
125
126
125
125
125
125
126
125
126
126
126
126
126
126
126
126
125
126
126
126
126
126
125
126
126
126
125
125
125
125
126
126
126
126
125
125
125
126
126
126
126
126
126
125
125
126
125
126
126
125
126
126
125
125
126
125
126
126
126
125
126
126
126
126
126
125
126
125
125
125
125
125
125
125
125
126
125
125
126
125
125
125
125
126
126
126
126
126
126
126
125
125
125
125
125
125
125
126
125
125
126
126
125
125
126
125
125
125
126
126
125
126
125
126
125
126
126
125
126
126
125
126
125
126
125
125
125
125
125
126
125
125
125
126
125
125
125
125
126
126
125
125
126
126
125
126
125
125
125
126
125
125
125
125
126
125
125
126
125
126
125
125
125
125
125
126
126
125
125
125
125
125
126
126
126
126
125
125
125
126
125
125
125
125
126
125
126
125
125
126
126
125
125
126
125
126
126
125
126
125
125
126
126
125
126
125
125
125
125
125
125
125
125
125
126
125
125
125
125
125
125
125
125
126
126
125
125
125
125
125
125
125
125
125
126
126
126
126
124
124
125
126
126
125
125
125
126
126
125
125
125
125
125
125
125
125
125
125
125
124
125
127
126
124
123
125
127
126
124
125
127
127
125
125
124
123
123
125
127
126
125
126
127
128
127
124
122
122
123
123
123
125
130
132
129
124
120
120
121
126
131
131
125
120
123
130
130
122
115
120
132
135
123
115
128
137
124
111
119
139
142
125
110
114
131
140
128
109
106
120
132
144
152
140
114
77
74
150
220
162
44
80
146
144
139
136
102
99
137
154
133
113
110
126
142
127
113
126
132
112
103
139
156
135
113
101
112
140
154
136
113
111
121
117
109
119
150
176
145
73
57
133
203
159
71
79
143
138
102
118
159
158
143
135
109
77
86
133
167
148
107
104
128
137
128
125
127
130
129
120
117
121
120
119
131
144
138
126
123
113
92
107
165
179
125
88
101
125
141
139
120
107
109
121
140
154
142
112
101
119
139
138
123
115
119
125
129
131
131
125
119
119
123
125
123
124
130
136
135
129
120
118
117
120
124
128
128
127
126
124
124
127
127
124
124
129
132
130
125
117
114
116
124
132
134
131
129
127
125
124
124
123
123
125
126
128
127
126
124
124
125
127
127
126
126
126
127
126
125
124
125
126
128
127
125
123
123
125
125
125
126
126
126
125
126
126
126
124
125
125
125
126
127
126
126
126
126
125
125
126
127
126
126
125
125
125
125
125
125
125
125
125
125
126
126
126
126
126
126
126
125
125
124
125
125
126
126
126
126
125
125
126
126
125
125
125
126
126
126
125
124
125
126
126
126
126
126
126
126
127
126
126
126
126
126
125
124
126
126
124
124
125
125
125
125
126
125
124
125
127
127
125
124
127
127
126
126
127
127
125
124
126
127
125
124
125
127
125
125
126
126
124
125
126
125
124
126
127
126
125
123
126
128
128
123
122
126
127
125
124
125
125
127
127
126
125
125
125
125
126
125
125
126
126
126
127
126
123
124
128
128
125
123
125
126
126
125
127
125
126
127
126
126
125
125
125
125
126
126
125
125
126
126
125
123
125
129
128
125
125
125
126
127
127
125
124
123
125
126
125
124
127
128
123
122
126
127
125
126
127
125
126
127
125
123
126
127
124
123
124
126
129
130
119
114
129
141
124
113
128
132
123
124
130
123
117
126
134
127
119
123
128
125
125
124
124
129
130
117
114
135
141
121
113
123
121
121
138
137
122
127
126
104
117
157
131
93
112
160
161
100
64
127
185
146
91
101
138
136
121
126
129
109
116
154
148
99
92
135
151
132
115
117
125
128
126
126
133
130
117
111
125
139
134
121
116
122
131
130
122
124
131
124
115
122
134
129
124
125
123
121
128
131
120
119
133
137
119
110
124
141
138
125
115
115
121
133
138
126
113
117
129
133
128
125
126
123
122
127
129
125
121
124
129
128
125
122
124
127
127
126
126
128
127
125
124
124
126
128
128
124
123
123
123
125
127
129
124
123
124
125
126
126
124
124
124
126
127
126
126
126
125
126
127
127
126
125
125
127
126
124
124
124
124
125
127
126
126
126
126
125
125
125
126
125
125
126
126
125
125
126
125
125
126
126
125
124
125
125
125
125
125
125
126
125
125
126
126
125
125
125
123
124
126
127
126
125
125
125
126
127
126
125
124
124
125
126
125
126
126
125
125
126
125
125
125
125
125
126
125
125
124
125
126
126
126
125
126
125
124
125
126
127
125
124
126
127
126
123
123
125
127
125
124
125
126
126
125
124
125
126
126
125
125
126
126
126
124
124
125
126
126
125
125
126
126
126
125
125
125
126
127
125
124
125
126
126
125
125
125
124
123
129
129
126
125
126
124
124
125
126
125
124
125
125
125
125
125
125
125
126
126
125
125
126
126
125
126
125
125
125
125
125
125
125
125
126
125
125
125
126
126
125
124
124
125
125
125
126
125
125
125
125
125
125
126
125
125
125
126
126
125
125
126
125
126
126
126
125
125
125
125
124
125
125
125
125
125
125
126
126
126
125
126
126
126
125
125
124
124
126
125
125
125
125
125
125
126
126
126
125
125
125
126
126
125
125
125
125
126
126
125
125
124
126
128
125
124
123
125
127
126
124
125
125
125
126
125
125
126
125
124
125
127
126
125
124
125
125
126
126
126
126
125
125
126
124
125
126
126
125
125
126
126
124
124
126
125
124
126
125
124
125
126
126
125
124
125
127
126
125
124
125
126
126
125
125
125
125
124
125
126
125
125
126
126
125
124
125
126
125
125
125
124
125
125
125
125
125
127
127
124
125
126
126
126
126
126
125
124
124
126
127
124
124
126
127
124
123
125
125
124
124
125
126
127
124
123
127
128
125
123
124
126
126
126
124
124
126
129
128
125
122
122
127
128
125
122
124
127
127
127
83
123
125
131
127
130
127
128
128
127
125
124
126
128
132
129
126
124
114
68
134
122
131
132
133
134
133
131
129
127
127
127
127
128
128
128
128
127
127
126
127
126
127
126
125
128
129
130
129
128
124
121
122
123
126
129
129
127
127
126
124
125
126
127
126
125
124
113
123
125
127
129
131
128
128
129
128
126
126
126
125
124
125
126
124
124
125
128
127
126
125
126
125
123
124
124
124
124
124
124
127
127
125
125
125
126
126
127
126
125
127
127
124
122
122
126
127
125
125
126
127
126
123
124
65
125
125
125
125
125
125
125
125
125
125
125
126
125
125
125
125
125
125
125
125
125
125
125
126
125
125
125
125
125
125
125
125
125
125
125
125
125
125
125
125
125
126
125
125
125
125
125
125
125
125
125
125
125
125
125
125
125
125
125
125
125
125
125
125
125
125
125
126
126
125
125
125
125
125
125
125
125
125
125
125
125
125
125
125
125
125
125
125
125
125
125
125
125
125
125
125
125
125
125
125
125
125
125
125
125
125
125
125
125
125
125
125
125
125
125
125
125
125
125
125
125
125
125
125
125
125
125
125
125
125
125
125
125
125
125
125
125
125
125
125
125
125
125
125
125
125
125
125
125
125
125
125
125
125
125
125
125
125
125
126
125
125
125
125
125
125
125
125
125
125
125
125
125
125
125
125
125
125
125
125
125
125
125
125
125
125
126
125
126
126
125
125
125
125
125
125
125
125
126
126
125
125
126
126
126
125
126
125
125
125
125
126
125
125
125
125
126
126
126
126
126
126
126
126
126
125
125
125
125
125
125
125
125
126
126
126
126
126
126
126
126
126
125
125
125
125
126
126
125
125
126
126
126
126
126
126
125
125
125
125
125
125
125
125
125
125
125
126
126
126
126
126
125
126
126
125
126
125
125
125
126
125
126
125
125
125
125
126
125
125
126
125
125
125
126
126
125
125
125
125
125
125
125
125
126
126
125
126
125
125
126
125
125
125
125
125
126
125
126
126
126
126
126
126
126
126
126
126
125
125
125
125
125
125
125
126
126
126
126
126
125
125
125
126
126
125
125
125
125
125
125
125
125
128
