122
135
132
122
118
123
98
125
125
125
125
125
125
125
125
125
125
125
125
125
125
125
125
125
125
125
125
125
125
125
125
125
125
125
125
126
126
125
126
126
125
125
126
126
126
126
125
126
126
125
126
126
125
125
126
126
126
126
126
126
126
126
126
126
126
126
126
126
126
126
126
126
126
126
126
126
126
126
126
126
126
126
125
126
126
126
126
125
126
126
126
126
126
125
126
125
126
126
125
125
125
126
126
126
126
126
126
126
126
126
126
125
125
125
126
125
126
125
125
125
125
126
126
126
125
126
126
125
125
125
125
125
125
125
126
126
126
126
126
126
126
126
125
125
126
126
126
126
126
126
126
126
126
125
126
126
126
125
126
126
125
126
126
126
125
126
125
125
126
126
125
126
126
126
126
125
126
125
126
126
125
125
125
125
125
125
125
126
125
125
125
126
126
125
126
126
126
125
125
125
126
126
125
125
125
125
125
126
125
125
125
125
126
126
125
125
126
126
125
125
126
125
125
125
126
126
125
126
125
125
125
126
125
125
126
126
125
125
126
126
126
125
126
125
125
126
125
126
126
126
125
125
125
125
125
125
125
126
125
125
125
125
125
125
125
126
125
126
126
125
125
125
126
126
125
125
125
125
125
125
125
125
125
126
125
125
125
125
125
125
125
125
125
125
125
125
125
125
125
125
125
125
125
125
125
125
125
125
125
125
125
125
125
125
125
125
125
125
125
125
125
125
125
125
125
125
125
125
125
125
125
125
125
125
125
125
125
125
125
125
125
125
125
126
125
125
125
125
125
125
125
125
125
125
125
125
125
125
125
125
125
125
125
125
125
125
125
125
125
125
125
125
125
125
125
125
125
125
125
125
125
125
125
125
125
125
125
125
125
125
125
125
125
125
125
125
125
125
125
125
125
125
125
125
125
125
125
125
125
125
125
125
125
125
125
125
125
125
125
125
125
125
125
125
125
125
125
125
125
125
125
126
124
125
125
126
126
125
126
125
125
125
125
125
125
125
125
125
125
125
125
125
125
126
125
126
125
126
125
126
126
125
126
126
125
125
126
126
125
124
125
126
125
126
126
126
126
126
126
126
126
125
126
126
126
125
126
126
126
126
125
125
125
126
126
126
126
126
126
125
125
125
125
126
126
126
126
126
126
126
126
125
125
125
125
126
125
125
125
125
125
125
126
125
126
125
125
125
125
126
125
125
125
125
125
125
126
125
125
125
125
126
125
125
125
126
125
126
125
125
126
125
125
126
125
125
125
126
125
125
125
125
125
125
125
126
125
125
126
126
126
126
126
125
125
125
126
126
125
125
125
125
126
126
125
125
125
125
126
125
125
125
125
125
125
126
125
125
125
126
126
126
126
126
126
126
126
126
125
125
125
126
125
126
126
125
126
126
126
126
126
125
126
125
126
126
126
125
125
126
126
125
126
125
126
126
126
126
125
126
126
126
126
125
125
125
126
126
126
127
126
125
125
125
125
125
125
125
125
125
125
125
126
125
125
125
126
125
125
125
126
125
126
126
125
126
126
126
125
125
126
125
125
125
126
125
125
125
126
127
126
125
125
125
125
125
125
125
125
125
125
125
125
125
125
125
125
125
125
125
125
125
125
125
125
125
125
125
125
125
125
125
125
125
125
125
125
125
125
125
125
126
125
125
125
125
125
125
125
125
125
125
125
125
125
125
125
125
125
125
125
125
125
125
125
125
125
125
125
125
125
125
125
125
125
125
125
125
125
125
125
125
125
125
125
125
125
125
126
125
125
125
125
125
125
125
125
125
125
125
125
125
125
125
125
125
125
125
125
125
125
125
125
125
125
126
126
125
125
126
126
125
125
125
125
125
125
126
126
125
125
125
126
126
125
125
125
125
125
125
125
125
125
125
125
125
125
125
125
125
125
126
126
126
125
126
126
125
125
125
125
125
125
125
125
125
125
125
126
126
125
125
125
125
125
125
125
125
125
125
127
123
125
126
125
126
126
126
126
126
125
125
125
125
125
125
125
125
126
126
126
126
125
125
126
126
126
126
126
126
126
125
126
125
125
125
126
125
125
125
126
126
126
126
125
126
126
126
126
126
124
123
125
126
126
126
126
126
126
126
126
126
126
126
126
126
126
125
123
125
125
125
126
126
126
126
126
126
126
126
126
126
126
125
125
126
126
126
126
126
126
125
125
126
125
125
125
125
126
126
126
125
125
126
126
125
125
125
125
125
125
126
125
125
126
126
126
126
126
125
125
125
126
125
126
126
125
125
126
125
125
125
126
126
126
125
125
125
125
125
126
125
125
125
126
125
126
126
126
125
125
126
126
126
125
126
126
125
126
126
125
125
125
126
126
125
126
125
125
126
125
125
125
125
126
126
126
126
126
126
126
126
126
125
124
125
126
126
126
125
125
126
126
126
126
126
126
125
125
126
126
125
125
125
125
125
125
125
125
125
126
126
126
126
126
126
126
128
127
126
124
125
124
124
125
125
126
125
125
126
126
125
125
125
125
125
126
125
124
125
126
126
126
125
125
125
126
126
126
125
125
125
125
125
125
125
125
126
126
126
126
126
125
125
126
124
125
125
125
123
125
127
124
125
128
132
136
137
131
121
122
132
126
101
94
114
129
126
121
121
120
124
143
163
148
115
109
130
138
126
120
126
128
126
124
121
118
119
122
121
120
124
126
123
121
124
127
128
128
130
129
128
129
130
127
126
127
125
122
122
126
126
123
121
123
125
126
125
124
124
125
125
124
124
125
125
124
125
126
128
128
126
126
128
127
125
126
125
124
123
126
128
126
123
123
126
127
125
123
124
126
126
125
125
126
125
124
124
125
127
125
122
123
126
127
125
125
126
128
126
123
125
127
127
125
123
125
127
125
123
124
126
126
124
123
125
127
125
124
125
127
126
123
123
125
127
126
124
126
127
126
125
127
127
125
122
122
126
127
124
122
123
126
126
125
126
128
128
135
121
123
127
126
123
125
126
126
125
124
125
125
125
126
126
126
125
124
124
124
124
124
124
123
125
125
125
126
127
127
127
128
128
128
126
126
126
126
126
125
125
126
125
125
125
125
125
125
125
126
125
126
125
124
125
126
125
125
125
126
127
125
125
126
126
126
126
119
126
126
126
126
128
127
127
126
126
126
126
124
124
125
125
124
125
126
128
127
126
125
126
126
127
127
119
107
112
135
144
127
115
143
176
142
70
68
135
171
132
90
99
134
146
127
114
125
136
131
124
125
130
133
131
122
113
114
130
137
118
99
124
162
146
104
107
132
132
125
135
139
125
121
128
120
107
114
131
129
119
121
128
127
124
125
126
129
130
124
122
128
132
130
127
126
126
123
122
124
123
122
122
124
128
130
130
127
125
124
123
123
125
126
123
124
127
128
126
124
125
127
127
127
127
125
124
126
126
126
126
124
123
123
127
129
126
124
124
126
126
126
124
123
124
128
128
121
122
129
130
128
128
126
125
127
128
123
117
122
127
126
124
123
121
120
123
126
128
127
127
126
125
127
130
131
129
126
125
124
121
120
119
118
118
124
137
141
130
126
127
121
119
123
123
120
121
127
129
127
125
125
126
131
132
126
126
128
121
117
121
126
126
123
124
125
128
131
128
120
122
132
135
128
119
119
123
126
126
121
117
119
126
126
120
122
143
170
151
86
83
146
147
75
45
135
254
183
33
66
171
168
115
113
122
122
133
140
127
112
110
119
128
126
116
120
131
133
135
140
129
113
116
132
131
123
120
120
125
130
125
117
123
132
130
121
123
134
132
123
121
123
121
123
127
122
118
126
130
124
122
124
125
129
128
122
123
128
129
125
124
128
131
127
122
126
129
127
125
99
126
126
126
125
125
126
125
125
125
126
125
125
125
125
126
125
126
125
125
126
125
125
125
125
125
125
125
125
126
125
125
125
125
125
125
125
125
125
125
125
125
125
125
125
125
125
126
126
126
126
126
126
126
126
126
126
126
126
126
126
126
126
126
126
126
126
126
126
126
126
126
126
126
126
126
126
126
126
126
126
126
126
126
125
126
126
125
125
126
126
126
126
126
126
126
126
126
126
125
126
126
126
126
126
126
126
126
126
126
126
125
125
126
126
126
126
125
125
126
125
125
125
125
125
125
126
125
125
125
125
125
125
125
125
125
125
125
126
125
125
126
126
125
126
125
125
126
126
125
126
125
125
125
125
126
125
125
125
126
126
126
126
126
125
126
125
125
126
125
125
125
125
125
125
125
126
126
125
125
125
125
125
125
125
125
125
125
125
125
125
126
125
125
125
126
125
126
125
125
126
126
125
125
125
125
125
125
125
125
126
125
125
125
126
125
125
125
125
125
125
125
125
125
125
125
125
125
126
126
125
125
125
125
125
126
126
125
125
125
125
125
125
125
125
125
125
125
125
125
126
125
125
126
125
125
126
126
125
125
126
126
125
125
125
125
125
125
125
125
125
125
125
125
125
125
125
125
125
125
125
125
125
125
125
125
125
125
125
125
125
125
125
125
125
126
125
125
125
125
125
125
125
125
125
125
125
125
125
125
125
125
125
125
125
125
125
125
125
125
125
126
125
125
125
125
125
125
125
125
125
125
125
125
125
125
125
125
125
126
125
125
126
126
125
125
125
125
125
125
125
125
125
125
124
