131
126
122
124
123
124
62
125
125
125
125
125
125
125
125
125
125
125
125
125
125
125
125
125
125
125
125
125
125
125
125
125
125
125
125
125
125
125
125
125
125
125
125
125
125
125
125
125
125
126
125
125
125
125
125
125
125
125
125
125
125
125
125
125
125
125
125
125
125
125
125
125
125
125
125
125
125
125
125
125
125
125
125
125
125
126
125
125
125
125
125
125
125
125
125
125
125
125
125
126
125
125
125
125
125
125
125
125
125
125
126
126
125
125
125
125
125
125
125
125
125
125
125
125
125
125
125
125
125
125
125
125
125
125
125
125
125
125
125
125
125
125
125
125
125
125
125
125
125
125
125
125
125
125
125
125
125
125
125
125
125
125
125
125
125
125
125
125
125
125
125
125
125
125
125
125
125
125
125
125
125
125
125
125
125
126
125
125
125
125
125
125
125
125
125
125
125
125
125
125
125
125
125
125
125
126
125
125
126
125
126
126
126
126
125
126
125
125
126
126
126
126
126
126
126
126
126
126
126
126
125
126
126
126
125
126
126
126
126
126
126
126
125
125
126
126
126
125
126
126
126
126
126
126
126
126
126
126
126
126
126
126
126
126
126
126
126
126
126
125
126
126
125
125
126
126
125
126
126
126
125
125
126
125
126
125
126
126
125
125
125
125
125
125
126
126
125
125
125
125
125
125
125
125
125
125
126
126
125
126
125
125
126
125
125
125
125
125
125
125
126
125
126
125
125
126
126
126
125
125
125
126
125
126
125
126
126
125
125
125
126
125
126
125
126
125
125
125
125
125
125
126
126
125
126
125
125
125
125
125
125
125
126
126
125
126
125
126
126
125
126
126
125
125
125
125
126
125
125
125
125
126
125
125
126
126
125
126
125
125
125
126
125
126
126
125
125
125
125
126
125
126
127
126
126
126
125
125
125
125
125
125
125
125
125
125
126
126
125
126
126
126
125
125
125
125
125
125
125
125
125
125
125
125
125
125
125
125
125
125
125
125
125
125
125
125
125
125
125
125
125
125
125
125
125
125
125
125
125
125
125
125
125
125
125
125
125
124
125
126
126
125
127
129
129
125
122
122
122
120
119
122
124
127
135
142
138
125
115
118
123
121
116
119
131
140
135
120
113
115
121
133
146
143
120
105
119
140
133
108
107
126
143
147
114
89
116
162
137
99
114
139
140
133
127
110
97
142
155
106
107
167
157
64
56
146
199
154
87
81
149
184
125
66
89
144
162
144
116
105
111
126
140
137
117
109
130
153
138
106
98
118
136
137
128
117
118
133
142
133
117
114
124
129
125
124
128
129
125
121
121
126
129
125
122
126
131
127
120
120
125
126
124
126
130
132
127
120
118
121
126
128
126
125
127
130
130
126
122
121
122
123
125
127
128
126
125
126
129
130
127
123
121
122
125
125
122
120
122
126
129
128
127
126
126
127
126
125
124
124
125
125
125
125
125
125
124
125
125
126
128
129
128
126
124
123
124
124
124
123
123
124
126
127
126
126
126
127
128
127
126
124
124
124
124
125
126
126
126
125
125
126
127
126
125
124
124
125
126
125
125
124
125
126
128
127
126
125
123
122
123
125
126
126
125
125
126
127
127
126
125
125
125
126
127
126
126
125
124
125
125
125
125
126
126
126
125
123
123
125
126
126
126
126
126
127
126
125
124
124
125
126
126
126
125
125
126
126
126
126
125
125
125
125
126
125
124
124
126
126
126
125
125
125
125
125
125
125
125
125
125
125
125
125
125
125
126
126
126
126
126
126
126
126
126
125
125
124
124
125
125
125
125
125
126
126
126
126
126
125
125
125
125
125
125
125
125
125
126
125
125
125
125
125
125
125
125
125
125
126
125
125
126
126
126
125
125
125
125
125
125
125
125
126
126
126
126
125
126
125
125
125
125
126
125
125
125
125
125
126
126
126
125
125
125
126
125
125
125
125
125
125
125
125
125
125
126
126
125
125
126
126
126
125
125
125
126
126
125
125
125
126
125
125
125
125
125
125
125
125
125
125
126
125
125
125
125
126
126
125
125
125
126
126
126
126
125
125
125
125
126
125
125
125
125
126
126
126
126
126
125
125
126
125
125
125
125
125
125
125
125
126
125
125
125
125
126
126
125
125
126
126
126
125
125
125
125
125
125
125
127
126
126
126
126
125
125
125
125
125
125
125
125
125
125
125
125
126
126
126
125
125
126
126
125
125
125
125
125
125
125
125
126
124
124
125
125
125
126
126
125
126
126
126
125
125
126
126
126
126
126
125
125
125
125
125
124
124
125
125
125
125
125
125
126
126
126
126
126
126
126
126
125
125
125
125
125
125
125
125
126
126
125
125
126
127
126
124
124
125
125
124
124
125
126
126
125
125
125
127
128
128
125
123
124
126
126
125
124
125
125
124
124
125
128
129
126
122
122
124
126
127
128
126
124
124
124
127
128
126
125
125
125
124
123
125
126
125
126
127
126
123
123
125
128
129
126
122
121
123
126
129
129
125
123
124
126
126
126
125
125
125
125
125
125
124
124
126
127
126
126
126
125
124
123
125
126
128
127
125
124
124
126
126
127
125
125
124
125
125
125
125
125
125
126
125
125
125
126
126
125
125
126
125
125
125
125
125
125
125
126
126
125
125
125
126
126
125
125
125
125
125
125
125
125
126
125
125
125
126
126
126
125
124
124
125
125
126
126
125
125
125
126
126
126
125
125
125
125
125
125
129
129
120
126
126
129
127
127
125
125
124
124
124
124
124
126
126
126
126
126
126
126
125
125
125
126
126
125
123
124
125
126
127
127
126
126
127
126
126
126
126
125
125
125
126
125
125
125
125
125
127
127
127
126
126
126
127
126
125
125
126
125
125
125
126
126
126
124
123
125
126
125
126
127
127
127
127
126
126
126
126
126
126
126
126
126
126
125
125
125
125
125
125
125
125
125
125
126
125
126
125
126
125
126
125
126
125
126
125
126
126
125
125
125
126
125
125
125
125
126
125
125
126
126
125
126
125
126
126
126
126
126
126
125
125
125
125
125
125
125
125
126
125
126
126
126
126
126
127
125
125
124
125
125
125
125
125
125
126
126
126
125
126
127
123
125
126
126
126
126
125
126
126
125
126
125
126
126
126
126
125
126
126
126
125
126
126
125
125
126
128
125
123
125
128
127
125
124
125
126
126
126
123
123
128
129
124
123
126
127
124
123
128
128
124
123
132
130
126
121
124
126
127
122
121
126
131
126
121
124
129
127
122
123
127
129
126
124
124
125
126
125
126
125
123
124
125
125
125
125
129
129
126
124
126
125
125
123
123
125
126
124
124
127
126
122
123
126
127
126
126
126
125
124
125
126
125
124
124
125
122
124
125
125
124
124
127
128
128
127
127
127
127
123
121
122
123
125
127
127
128
128
124
125
129
130
123
121
129
132
125
118
120
128
132
124
118
122
130
130
121
118
127
132
127
121
120
126
129
125
122
126
129
126
123
125
127
124
123
127
127
125
122
125
127
126
124
125
126
127
126
125
125
125
125
124
124
125
126
125
125
126
126
127
126
125
126
126
124
125
125
126
127
125
125
125
126
126
125
125
126
126
126
125
125
125
125
125
125
125
125
125
125
126
126
124
125
126
125
126
125
125
126
125
125
125
125
125
125
125
125
126
126
126
125
126
125
125
127
126
126
127
127
125
124
124
125
125
124
125
126
125
125
125
126
126
125
124
125
125
126
125
125
125
125
124
126
126
125
126
126
125
125
125
126
125
126
125
125
124
125
124
125
127
127
126
124
125
127
125
125
126
125
125
127
127
126
125
124
123
124
126
127
124
124
123
124
125
125
125
125
127
127
128
126
63
126
125
125
125
126
125
126
125
126
125
125
125
126
126
125
125
125
126
126
125
125
125
125
125
126
126
125
125
126
125
125
125
125
125
125
126
126
125
125
126
125
125
125
125
125
125
125
125
125
125
125
125
125
125
125
125
125
125
125
125
125
125
125
125
125
125
125
125
125
125
125
125
125
125
125
125
125
125
125
125
125
125
125
125
125
125
125
125
125
125
125
125
125
125
125
125
125
125
125
125
125
125
125
125
125
125
125
125
125
126
125
125
125
125
125
125
125
125
125
125
125
125
125
125
125
125
126
125
125
125
125
125
125
125
125
125
125
125
125
126
125
125
125
125
125
125
125
125
125
125
125
125
125
125
125
125
125
125
125
125
125
125
125
125
125
125
125
125
125
125
125
125
125
125
125
125
125
125
125
125
125
125
125
125
125
125
125
125
125
125
125
125
125
125
125
125
125
125
126
125
125
125
125
125
125
125
125
125
125
125
125
125
125
126
125
125
125
125
125
125
125
125
125
125
125
125
125
125
125
125
125
126
126
125
126
125
126
125
126
126
125
126
126
126
125
126
126
125
125
125
125
125
126
126
126
126
126
126
125
126
126
125
125
126
125
125
125
126
126
125
126
126
126
126
126
126
125
126
125
126
125
125
126
125
126
125
126
126
126
125
126
126
125
126
125
126
125
125
125
125
126
126
125
125
125
125
125
126
125
125
125
125
126
125
125
125
125
125
126
125
125
125
126
125
125
125
125
125
126
125
125
125
126
125
126
125
125
126
125
125
126
125
126
126
125
125
125
126
126
126
126
126
125
127
