-0.957031
-0.957031
-0.964844
-0.972656
-0.964844
-0.972656
-0.972656
-0.964844
-0.972656
-0.972656
-0.972656
-0.980469
-0.972656
-0.972656
-0.980469
-0.988281
-0.988281
-0.996094
-0.988281
-0.988281
-0.980469
-0.980469
-0.980469
-0.972656
-0.988281
-0.996094
-0.996094
-0.996094
-0.980469
-0.980469
-0.996094
-0.996094
-0.996094
-0.988281
-0.964844
-0.980469
-0.996094
0.972626
0.988251
-0.957031
-0.941406
-0.988281
0.980438
-0.996094
-0.996094
-0.972656
-0.949219
-0.996094
0.957001
-0.996094
-0.925781
-0.925781
-0.988281
-0.996094
-0.996094
0.972626
-0.996094
-0.925781
-0.941406
0.988251
-0.996094
-0.941406
-0.964844
-0.996094
-0.972656
-0.957031
-0.996094
0.988251
-0.957031
-0.910156
-0.941406
-0.980469
0.988251
0.972626
-0.980469
-0.886719
-0.886719
-0.996094
0.933563
-0.996094
-0.886719
-0.925781
0.996063
-0.996094
-0.925781
-0.933594
0.988251
0.957001
-0.988281
-0.863281
-0.839844
-0.972656
0.894501
0.917938
-0.941406
-0.816406
-0.863281
0.957001
0.902313
-0.988281
-0.886719
-0.925781
-0.972656
-0.972656
-0.988281
-0.996094
-0.964844
-0.957031
-0.972656
-0.972656
-0.933594
-0.941406
0.980438
0.941376
-0.941406
-0.832031
-0.949219
0.941376
0.988251
-0.917969
-0.933594
-0.988281
0.972626
-0.996094
-0.917969
-0.917969
0.972626
0.910126
-0.996094
-0.871094
-0.886719
-0.996094
0.941376
0.988251
-0.941406
-0.949219
-0.996094
0.996063
-0.964844
-0.941406
-0.964844
0.988251
0.988251
-0.972656
-0.925781
-0.933594
-0.980469
0.964813
0.972626
-0.972656
-0.894531
-0.925781
-0.988281
-0.996094
0.996063
0.988251
-0.988281
-0.925781
-0.910156
-0.964844
-0.988281
-0.988281
-0.996094
-0.996094
-0.972656
-0.910156
-0.910156
-0.996094
0.941376
-0.996094
-0.917969
-0.964844
0.949188
-0.988281
-0.832031
-0.871094
0.957001
0.917938
-0.972656
-0.894531
-0.941406
-0.949219
-0.941406
-0.988281
0.988251
-0.949219
-0.925781
-0.996094
0.972626
-0.980469
-0.941406
-0.925781
-0.941406
-0.980469
0.988251
0.980438
-0.972656
-0.902344
-0.894531
-0.980469
0.925751
0.949188
-0.933594
-0.878906
-0.941406
0.996063
0.972626
0.964813
0.980438
-0.941406
-0.878906
-0.910156
0.949188
0.878876
0.957001
-0.910156
-0.863281
-0.941406
0.941376
0.925751
-0.964844
-0.886719
-0.972656
0.925751
0.941376
-0.925781
-0.863281
-0.972656
0.917938
0.949188
-0.980469
-0.917969
-0.949219
-0.988281
-0.996094
-0.996094
0.988251
0.964813
-0.996094
-0.925781
-0.894531
0.964813
0.871063
-0.996094
-0.863281
-0.941406
0.933563
0.957001
-0.964844
-0.949219
-0.949219
-0.964844
0.964813
0.925751
-0.957031
-0.863281
-0.957031
0.941376
0.972626
-0.964844
-0.964844
-0.949219
-0.941406
-0.996094
0.972626
0.972626
-0.957031
-0.894531
-0.917969
-0.996094
0.949188
0.972626
-0.933594
-0.894531
-0.980469
0.988251
-0.964844
-0.933594
-0.949219
-0.988281
0.980438
-0.964844
-0.894531
-0.957031
0.972626
-0.996094
-0.917969
-0.941406
-0.980469
-0.964844
-0.996094
0.941376
-0.980469
-0.878906
-0.894531
0.988251
0.933563
-0.996094
-0.910156
-0.910156
-0.964844
0.988251
0.988251
-0.964844
-0.941406
-0.980469
-0.996094
-0.957031
-0.886719
-0.917969
0.964813
0.878876
-0.988281
-0.832031
-0.871094
0.996063
0.949188
0.996063
-0.964844
-0.933594
-0.910156
-0.949219
-0.996094
0.972626
-0.988281
-0.941406
-0.941406
-0.980469
-0.988281
-0.996094
0.972626
0.988251
-0.894531
-0.863281
-0.996094
0.878876
0.957001
-0.917969
-0.886719
-0.957031
-0.980469
-0.996094
0.972626
-0.988281
-0.925781
-0.910156
-0.980469
0.964813
0.972626
-0.949219
-0.910156
-0.964844
0.988251
-0.996094
-0.972656
-0.941406
-0.964844
-0.996094
-0.996094
-0.972656
-0.988281
-0.996094
-0.925781
-0.957031
0.957001
0.964813
-0.941406
-0.925781
-0.996094
0.988251
-0.957031
-0.941406
0.972626
0.941376
-0.957031
-0.855469
-0.949219
0.941376
0.964813
-0.933594
-0.949219
0.964813
0.988251
-0.933594
-0.933594
-0.996094
0.996063
-0.964844
-0.980469
0.980438
-0.980469
-0.886719
-0.910156
0.949188
0.902313
-0.988281
-0.871094
-0.878906
-0.972656
0.933563
0.933563
-0.964844
-0.871094
-0.925781
0.933563
0.910126
-0.980469
-0.863281
-0.902344
0.980438
0.925751
0.972626
-0.917969
-0.878906
-0.972656
0.917938
0.980438
-0.894531
-0.910156
0.957001
0.925751
-0.949219
-0.855469
-0.902344
0.980438
0.902313
0.949188
-0.925781
-0.847656
-0.925781
0.980438
0.980438
0.980438
0.957001
-0.972656
-0.832031
-0.863281
0.917938
0.816376
0.988251
-0.792969
-0.792969
0.996063
0.847626
0.925751
-0.902344
-0.871094
-0.957031
-0.996094
-0.996094
0.980438
0.972626
-0.941406
-0.886719
-0.972656
0.957001
-0.996094
-0.902344
-0.933594
0.972626
0.972626
-0.949219
-0.941406
-0.964844
-0.957031
-0.949219
-0.996094
0.957001
-0.996094
-0.917969
-0.933594
-0.980469
-0.964844
-0.972656
0.964813
0.964813
-0.910156
-0.863281
-0.996094
0.917938
-0.996094
-0.902344
-0.925781
0.996063
0.964813
0.980438
-0.949219
-0.886719
-0.925781
0.957001
0.925751
-0.972656
-0.878906
-0.933594
0.925751
0.972626
-0.910156
-0.949219
0.972626
-0.980469
-0.878906
-0.957031
0.910126
0.925751
-0.941406
-0.824219
-0.855469
-0.996094
0.839813
0.863251
-0.917969
-0.761719
-0.878906
0.910126
0.871063
-0.988281
-0.925781
-0.964844
-0.972656
-0.933594
-0.980469
0.949188
0.964813
-0.996094
-0.980469
-0.894531
-0.871094
0.988251
0.839813
0.957001
-0.839844
-0.847656
-0.996094
0.941376
0.980438
-0.957031
-0.949219
-0.972656
-0.949219
-0.933594
0.988251
0.933563
0.964813
-0.933594
-0.871094
-0.902344
0.949188
0.878876
0.988251
-0.863281
-0.894531
0.996063
0.980438
-0.972656
-0.988281
-0.996094
-0.972656
-0.988281
-0.988281
-0.933594
-0.917969
0.980438
0.917938
0.996063
-0.925781
-0.902344
-0.902344
-0.980469
0.910126
0.925751
-0.972656
-0.886719
-0.894531
-0.980469
0.972626
0.964813
0.996063
-0.972656
-0.917969
-0.902344
-0.941406
0.980438
0.957001
-0.980469
-0.957031
0.996063
-0.964844
-0.863281
-0.910156
0.933563
0.886688
-0.964844
-0.832031
-0.902344
0.957001
0.925751
-0.996094
-0.972656
-0.964844
-0.933594
-0.972656
0.964813
-0.996094
-0.917969
-0.933594
-0.996094
-0.996094
-0.957031
-0.949219
-0.964844
-0.957031
-0.964844
0.988251
0.972626
-0.957031
-0.910156
-0.996094
0.972626
0.996063
-0.980469
-0.949219
-0.925781
-0.957031
0.910126
0.917938
-0.933594
-0.832031
-0.949219
0.925751
0.933563
-0.988281
-0.902344
-0.902344
0.964813
0.910126
-0.964844
-0.863281
-0.933594
0.933563
0.933563
-0.949219
-0.878906
-0.949219
0.980438
0.957001
0.980438
-0.917969
-0.847656
-0.964844
0.917938
0.972626
-0.933594
-0.925781
-0.980469
-0.996094
-0.996094
-0.996094
-0.988281
-0.949219
-0.933594
-0.996094
0.957001
-0.996094
-0.894531
-0.894531
0.949188
0.894501
-0.964844
-0.871094
-0.925781
-0.988281
-0.996094
0.996063
-0.996094
-0.941406
-0.925781
-0.996094
0.980438
-0.925781
-0.855469
-0.996094
0.894501
-0.996094
-0.855469
-0.933594
0.988251
-0.957031
-0.949219
0.988251
0.980438
-0.917969
-0.894531
-0.996094
0.957001
-0.972656
-0.910156
-0.957031
-0.964844
-0.988281
0.933563
0.972626
-0.847656
-0.832031
0.980438
0.878876
0.996063
-0.886719
-0.902344
-0.996094
0.972626
-0.988281
-0.949219
-0.964844
-0.996094
-0.972656
-0.964844
0.996063
-0.996094
-0.902344
-0.941406
0.925751
0.917938
-0.886719
-0.808594
-0.988281
0.847626
0.957001
-0.871094
-0.871094
-0.996094
0.941376
0.972626
-0.988281
-0.933594
-0.917969
0.988251
0.941376
0.996063
-0.941406
-0.972656
-0.957031
-0.933594
0.964813
0.886688
-0.980469
-0.871094
-0.964844
0.925751
-0.996094
-0.894531
-0.941406
0.933563
0.941376
-0.972656
-0.941406
-0.925781
-0.894531
0.988251
0.863251
0.917938
-0.878906
-0.800781
-0.902344
0.941376
0.871063
0.972626
-0.863281
-0.855469
-0.996094
0.941376
-0.972656
-0.933594
-0.996094
0.949188
-0.988281
-0.855469
-0.863281
0.964813
0.863251
0.980438
-0.847656
-0.847656
0.996063
0.910126
-0.980469
-0.878906
-0.972656
0.964813
-0.972656
-0.941406
0.972626
-0.988281
-0.863281
-0.902344
0.964813
0.917938
-0.988281
-0.941406
-0.949219
-0.917969
-0.886719
-0.980469
0.886688
0.925751
-0.917969
-0.863281
-0.886719
-0.949219
0.949188
0.878876
0.980438
-0.839844
-0.800781
-0.996094
0.855438
0.941376
0.972626
-0.917969
-0.917969
-0.871094
-0.917969
0.972626
-0.996094
-0.863281
-0.863281
-0.972656
0.980438
-0.996094
0.996063
-0.980469
-0.925781
-0.964844
0.910126
0.949188
-0.886719
-0.871094
0.988251
0.855438
0.949188
-0.878906
-0.863281
0.957001
0.871063
0.988251
-0.894531
-0.917969
0.996063
0.933563
0.957001
-0.964844
-0.902344
-0.996094
0.933563
-0.996094
-0.894531
-0.949219
0.941376
0.957001
-0.964844
-0.925781
-0.988281
0.949188
-0.996094
-0.878906
-0.917969
0.894501
0.917938
-0.894531
-0.863281
0.996063
0.949188
-0.988281
-0.972656
-0.980469
-0.988281
-0.972656
-0.996094
-0.988281
-0.980469
-0.996094
-0.996094
-0.980469
-0.949219
-0.980469
-0.996094
-0.996094
-0.996094
-0.996094
-0.949219
-0.917969
-0.988281
0.972626
-0.988281
-0.941406
-0.957031
-0.972656
-0.949219
-0.941406
0.972626
0.949188
-0.964844
-0.894531
-0.933594
0.988251
0.957001
-0.996094
-0.949219
-0.933594
-0.964844
-0.964844
-0.988281
0.972626
0.980438
-0.910156
-0.871094
-0.988281
0.917938
0.988251
-0.886719
-0.910156
0.996063
0.980438
-0.980469
-0.949219
-0.996094
-0.996094
-0.964844
-0.933594
-0.980469
-0.996094
0.988251
-0.988281
-0.917969
-0.925781
-0.996094
0.941376
-0.988281
-0.910156
-0.910156
0.988251
0.917938
0.988251
-0.894531
-0.917969
0.972626
0.957001
-0.957031
-0.964844
0.988251
0.996063
-0.941406
-0.949219
0.980438
0.972626
-0.972656
-0.941406
-0.941406
-0.941406
-0.996094
0.933563
-0.988281
-0.886719
-0.957031
0.957001
0.996063
-0.925781
-0.925781
-0.996094
0.964813
0.980438
-0.949219
-0.910156
-0.933594
0.988251
0.933563
-0.996094
-0.886719
-0.910156
0.972626
0.964813
-0.941406
-0.894531
-0.964844
0.949188
0.964813
-0.957031
-0.910156
-0.972656
0.996063
-0.996094
-0.988281
-0.949219
-0.933594
-0.996094
0.980438
-0.964844
-0.917969
-0.964844
-0.980469
-0.988281
0.988251
0.996063
-0.925781
-0.910156
-0.972656
0.972626
0.996063
-0.949219
-0.902344
-0.933594
-0.996094
0.972626
0.988251
-0.996094
-0.910156
-0.917969
0.972626
0.964813
-0.933594
-0.917969
-0.988281
0.980438
-0.980469
-0.964844
-0.996094
-0.964844
-0.957031
-0.996094
0.972626
-0.980469
-0.917969
-0.925781
0.996063
0.949188
-0.972656
-0.886719
-0.925781
0.957001
0.949188
-0.949219
-0.878906
-0.988281
0.949188
-0.988281
-0.894531
-0.964844
0.949188
0.972626
-0.941406
-0.941406
-0.996094
-0.996094
-0.957031
0.996063
0.941376
-0.988281
-0.886719
-0.933594
0.941376
0.941376
-0.972656
-0.941406
-0.957031
-0.964844
-0.996094
0.964813
0.957001
-0.964844
-0.894531
-0.933594
0.980438
0.980438
-0.988281
-0.988281
-0.996094
-0.957031
-0.917969
-0.964844
0.949188
0.941376
-0.941406
-0.863281
-0.941406
0.949188
0.949188
-0.964844
-0.902344
-0.933594
0.988251
0.980438
-0.964844
-0.941406
-0.988281
0.996063
-0.964844
-0.941406
-0.972656
0.988251
0.996063
-0.949219
-0.917969
-0.980469
0.957001
-0.996094
-0.925781
-0.917969
-0.996094
0.972626
-0.988281
-0.933594
-0.925781
-0.980469
0.988251
0.996063
-0.972656
-0.949219
-0.972656
-0.988281
-0.957031
-0.980469
0.996063
-0.996094
-0.957031
-0.933594
-0.957031
-0.988281
0.996063
0.996063
-0.988281
-0.957031
-0.933594
-0.917969
-0.996094
0.949188
0.972626
-0.957031
-0.910156
-0.917969
-0.972656
0.988251
0.964813
-0.996094
-0.933594
-0.917969
-0.957031
-0.996094
0.996063
0.996063
-0.957031
-0.933594
-0.988281
0.980438
-0.949219
-0.910156
-0.988281
0.949188
0.980438
-0.941406
-0.894531
-0.941406
0.949188
0.941376
-0.933594
-0.871094
-0.996094
0.925751
0.996063
-0.910156
-0.910156
-0.996094
0.949188
0.980438
-0.933594
-0.894531
-0.957031
0.957001
0.949188
-0.972656
-0.894531
-0.941406
0.964813
0.957001
-0.964844
-0.894531
-0.933594
0.957001
0.925751
0.988251
-0.925781
-0.902344
-0.949219
0.988251
0.980438
-0.988281
-0.964844
-0.980469
0.988251
-0.949219
-0.792969
-0.871094
0.621063
0.253876
0.878876
0.277344
0.738281
-0.714844
-0.324249
-0.300812
0.949188
0.628906
0.902344
-0.527344
-0.207062
-0.394562
0.785126
0.605469
0.792969
-0.878906
-0.152374
0.0195007
0.949188
-0.0742188
-0.144531
0.824188
0.0820007
0.425751
-0.816406
-0.558594
-0.816406
0.964813
0.894501
0.800751
0.441376
0.0663757
0.410126
-0.0351562
-0.152313
-0.894501
-0.246124
0.222595
-0.347687
0.277344
-0.0663757
0.0429993
-0.292969
0.33197
0.152283
-0.613281
-0.0273132
0.753906
0.566376
-0.121124
0.0429382
0.402313
0.785126
-0.980469
-0.839844
-0.917969
0.933563
0.894501
0.699188
0.261688
0.207001
-0.957031
0.0195312
-0.0742188
0.761688
-0.0508118
0.144501
0.894501
-0.363281
-0.230469
-0.792969
0.394501
0.0976257
0.652313
-0.652344
-0.566406
-0.957031
0.730438
0.652313
0.699188
0.863251
-0.941406
-0.886719
0.964813
0.753876
0.769501
0.972626
-0.894531
-0.917969
0.925751
0.808563
0.894501
-0.925781
-0.925781
0.933563
0.855438
0.980438
-0.878906
-0.925781
0.832001
0.746063
0.972626
-0.816406
-0.941406
0.808563
0.839813
-0.949219
-0.925781
0.972626
0.902313
0.917938
-0.988281
-0.871094
-0.917969
0.964813
0.894501
0.917938
-0.980469
-0.855469
-0.871094
0.957001
0.894501
-0.972656
-0.902344
0.964813
0.863251
0.980438
-0.839844
-0.832031
-0.996094
0.863251
0.902313
-0.917969
-0.816406
-0.917969
0.910126
0.847626
0.980438
-0.824219
-0.792969
-0.972656
0.886688
0.925751
-0.972656
-0.917969
-0.949219
-0.996094
-0.980469
-0.949219
-0.980469
-0.996094
-0.996094
-0.957031
-0.925781
-0.949219
0.980438
0.925751
0.988251
-0.902344
-0.871094
-0.972656
0.949188
0.996063
-0.949219
-0.957031
-0.996094
-0.964844
-0.941406
-0.957031
-0.988281
-0.996094
-0.996094
-0.964844
-0.910156
-0.933594
-0.972656
-0.996094
-0.996094
-0.980469
-0.941406
-0.941406
-0.996094
0.972626
-0.996094
-0.933594
-0.917969
-0.972656
0.988251
0.980438
-0.957031
-0.878906
-0.894531
-0.988281
0.949188
-0.996094
-0.925781
-0.917969
-0.949219
-0.980469
-0.972656
-0.964844
-0.972656
-0.996094
-0.980469
-0.949219
-0.972656
0.996063
-0.996094
-0.949219
-0.925781
-0.941406
-0.988281
-0.996094
-0.972656
-0.957031
-0.957031
-0.964844
-0.949219
-0.949219
-0.996094
-0.996094
-0.957031
-0.917969
-0.917969
-0.988281
0.949188
0.988251
-0.941406
-0.917969
-0.949219
-0.988281
-0.988281
-0.980469
-0.980469
-0.980469
-0.933594
-0.917969
-0.964844
0.996063
0.988251
-0.972656
-0.925781
-0.910156
-0.964844
0.996063
0.996063
-0.957031
-0.949219
-0.980469
-0.996094
-0.964844
-0.917969
-0.964844
0.957001
0.957001
-0.933594
-0.878906
-0.949219
-0.996094
-0.996094
-0.957031
-0.941406
-0.957031
-0.996094
-0.996094
-0.941406
-0.933594
-0.964844
0.996063
-0.996094
-0.980469
-0.949219
-0.949219
-0.964844
0.988251
0.980438
-0.988281
-0.925781
-0.917969
-0.980469
0.996063
-0.988281
-0.972656
-0.964844
-0.964844
-0.972656
-0.980469
-0.996094
-0.980469
-0.972656
-0.949219
-0.941406
-0.972656
-0.996094
-0.996094
-0.949219
-0.949219
-0.972656
-0.972656
-0.964844
-0.964844
-0.964844
-0.964844
-0.949219
-0.957031
-0.980469
-0.996094
-0.988281
-0.996094
-0.957031
-0.941406
-0.949219
-0.996094
0.996063
-0.996094
-0.972656
-0.949219
-0.941406
-0.964844
0.988251
0.996063
-0.949219
-0.933594
-0.957031
-0.996094
-0.996094
-0.964844
-0.941406
-0.949219
-0.996094
0.996063
-0.988281
-0.964844
-0.957031
-0.980469
-0.980469
-0.972656
-0.964844
-0.972656
-0.980469
-0.964844
-0.949219
-0.972656
-0.996094
-0.988281
-0.972656
-0.949219
-0.980469
-0.996094
-0.996094
-0.964844
-0.957031
-0.972656
-0.988281
-0.988281
-0.988281
-0.972656
-0.980469
-0.972656
-0.972656
-0.988281
-0.988281
-0.988281
-0.964844
-0.941406
-0.972656
0.996063
0.988251
-0.972656
-0.941406
-0.964844
-0.980469
-0.964844
-0.949219
-0.980469
-0.996094
-0.988281
-0.957031
-0.949219
-0.972656
-0.996094
-0.996094
-0.996094
-0.964844
-0.933594
-0.957031
-0.972656
-0.988281
-0.996094
-0.980469
-0.957031
-0.949219
-0.980469
-0.996094
-0.996094
-0.980469
-0.972656
-0.933594
-0.941406
-0.988281
0.988251
-0.996094
-0.964844
-0.941406
-0.957031
-0.996094
-0.996094
-0.957031
-0.941406
-0.972656
-0.988281
-0.972656
-0.972656
-0.980469
-0.972656
-0.972656
-0.972656
-0.972656
-0.964844
-0.972656
-0.980469
-0.980469
-0.972656
-0.964844
-0.980469
-0.996094
-0.980469
-0.964844
-0.964844
-0.980469
-0.996094
-0.972656
-0.949219
-0.957031
-0.996094
0.988251
-0.980469
-0.941406
-0.972656
-0.996094
-0.980469
-0.957031
-0.972656
-0.980469
-0.972656
-0.980469
-0.996094
-0.980469
-0.964844
-0.980469
-0.980469
-0.964844
-0.964844
-0.972656
-0.972656
-0.980469
-0.988281
-0.988281
-0.972656
-0.964844
-0.972656
-0.988281
-0.996094
-0.996094
-0.949219
-0.925781
-0.964844
0.988251
0.972626
-0.988281
-0.957031
-0.972656
-0.988281
-0.957031
-0.957031
-0.996094
-0.988281
-0.972656
-0.964844
-0.957031
-0.964844
-0.964844
-0.972656
-0.980469
-0.996094
-0.980469
-0.972656
-0.964844
-0.964844
-0.972656
-0.996094
-0.996094
-0.964844
-0.941406
-0.949219
-0.980469
-0.996094
-0.988281
-0.957031
-0.972656
-0.972656
-0.972656
-0.980469
-0.972656
-0.980469
-0.964844
-0.957031
-0.972656
-0.988281
-0.980469
-0.949219
-0.957031
-0.996094
-0.996094
-0.972656
-0.941406
-0.957031
-0.980469
-0.996094
-0.996094
-0.972656
-0.957031
-0.941406
-0.964844
-0.972656
0.996063
-0.996094
-0.964844
-0.933594
-0.957031
0.996063
0.988251
-0.988281
-0.964844
-0.949219
-0.949219
-0.972656
-0.996094
-0.996094
-0.972656
-0.972656
-0.980469
-0.980469
-0.972656
-0.972656
-0.988281
-0.996094
-0.980469
-0.964844
-0.988281
-0.996094
-0.996094
-0.964844
-0.964844
-0.996094
-0.996094
-0.996094
-0.980469
-0.957031
-0.957031
-0.972656
-0.996094
0.996063
0.988251
-0.988281
-0.941406
-0.957031
-0.988281
0.996063
-0.996094
-0.972656
-0.957031
-0.957031
-0.964844
-0.988281
-0.996094
-0.988281
-0.972656
-0.972656
-0.972656
-0.972656
-0.964844
-0.980469
-0.996094
-0.996094
-0.957031
-0.941406
-0.964844
0.996063
-0.996094
-0.972656
-0.957031
-0.957031
-0.972656
-0.972656
-0.972656
-0.980469
-0.980469
-0.964844
-0.957031
-0.972656
-0.980469
-0.972656
-0.957031
-0.949219
-0.964844
-0.996094
-0.996094
-0.980469
-0.957031
-0.972656
-0.980469
-0.996094
-0.980469
-0.964844
-0.964844
-0.972656
-0.972656
-0.964844
-0.964844
-0.988281
-0.988281
-0.972656
-0.964844
-0.957031
-0.980469
-0.972656
-0.972656
-0.964844
-0.964844
-0.972656
-0.972656
-0.972656
-0.980469
-0.972656
-0.972656
-0.980469
-0.980469
-0.964844
-0.949219
-0.964844
-0.988281
-0.996094
-0.972656
-0.964844
-0.988281
-0.996094
-0.980469
-0.964844
-0.972656
-0.996094
-0.996094
-0.972656
-0.957031
-0.980469
-0.996094
-0.996094
-0.988281
-0.996094
-0.996094
-0.980469
-0.957031
-0.964844
-0.972656
-0.996094
-0.996094
-0.957031
-0.949219
-0.957031
-0.972656
-0.996094
-0.996094
-0.988281
-0.972656
-0.949219
-0.964844
-0.988281
-0.996094
-0.996094
-0.988281
-0.972656
-0.980469
-0.996094
0.980438
-0.988281
-0.941406
-0.964844
-0.996094
-0.988281
-0.980469
-0.957031
-0.949219
-0.980469
-0.996094
-0.996094
-0.964844
-0.964844
-0.949219
-0.972656
-0.996094
-0.996094
-0.996094
-0.980469
-0.972656
-0.972656
-0.972656
-0.980469
-0.980469
-0.972656
-0.957031
-0.972656
-0.980469
-0.988281
-0.980469
-0.980469
-0.964844
-0.972656
-0.972656
-0.972656
-0.972656
-0.972656
-0.964844
-0.964844
-0.980469
-0.996094
-0.996094
-0.980469
-0.972656
-0.972656
-0.972656
-0.980469
-0.972656
-0.972656
-0.964844
-0.980469
-0.972656
-0.980469
-0.980469
-0.972656
-0.980469
-0.972656
-0.980469
-0.988281
-0.957031
-0.972656
-0.988281
-0.996094
-0.972656
-0.972656
-0.980469
-0.980469
-0.996094
-0.988281
-0.980469
-0.972656
-0.957031
-0.972656
-0.972656
-0.988281
-0.988281
-0.980469
-0.972656
-0.980469
-0.980469
-0.980469
-0.972656
-0.972656
-0.972656
-0.980469
-0.980469
-0.980469
-0.980469
-0.972656
-0.980469
-0.996094
-0.972656
-0.964844
-0.972656
0.996063
-0.988281
-0.964844
-0.972656
-0.988281
-0.996094
-0.996094
-0.988281
-0.972656
-0.988281
-0.980469
-0.980469
-0.980469
-0.988281
-0.980469
-0.972656
-0.972656
-0.972656
-0.980469
-0.988281
-0.972656
-0.980469
-0.964844
-0.980469
-0.980469
-0.972656
-0.972656
-0.980469
-0.980469
-0.996094
-0.996094
-0.972656
-0.964844
-0.972656
-0.972656
-0.980469
-0.972656
-0.980469
-0.972656
-0.980469
-0.988281
-0.980469
-0.972656
-0.972656
-0.988281
-0.980469
-0.980469
-0.980469
-0.980469
-0.972656
-0.972656
-0.964844
-0.980469
-0.988281
-0.996094
-0.980469
-0.972656
-0.972656
-0.980469
-0.972656
-0.980469
-0.988281
-0.980469
-0.972656
-0.980469
-0.972656
-0.988281
-0.980469
0.498286
0.499143
0.500001
