127
125
124
125
124
125
47
125
125
125
125
125
126
125
125
125
125
125
125
125
125
125
125
125
125
125
125
125
125
125
125
125
125
125
125
125
125
125
125
125
125
125
125
125
125
125
125
125
125
125
125
125
125
125
125
125
126
125
125
125
125
125
125
125
125
125
125
125
125
125
125
125
125
125
125
125
125
125
125
125
125
125
125
125
125
125
125
125
125
125
125
125
125
125
125
125
125
125
125
125
125
125
124
125
127
125
125
125
125
125
126
126
126
126
126
125
125
125
125
126
126
125
125
125
125
125
125
125
125
125
125
125
125
125
125
125
125
125
125
125
125
125
125
125
125
125
125
125
125
125
125
125
125
125
125
125
125
125
125
125
125
125
125
125
125
125
125
125
126
125
125
125
125
125
125
125
125
125
125
125
125
125
125
125
125
125
125
125
125
125
125
125
125
125
125
125
125
125
125
125
125
125
125
125
125
125
125
125
125
125
125
125
125
125
125
125
125
125
125
125
125
125
125
125
125
125
125
125
125
125
125
125
125
125
125
125
125
125
125
125
125
125
125
125
125
125
125
125
125
125
125
125
125
125
125
125
125
125
125
125
125
125
125
125
125
125
125
125
125
125
125
125
125
125
125
125
125
125
125
126
125
125
125
125
125
125
125
125
125
125
125
125
125
125
125
125
125
126
125
125
125
125
125
125
125
125
125
125
125
125
125
125
125
125
125
125
125
125
125
125
125
125
125
125
125
125
125
125
125
125
125
125
125
125
125
125
125
125
125
125
125
125
125
125
125
125
125
125
126
124
125
125
126
126
126
126
126
126
126
126
126
126
126
126
126
126
126
126
126
126
126
126
126
126
126
126
126
126
126
126
126
125
125
126
126
126
126
126
126
126
126
126
126
126
125
126
126
126
126
126
126
125
125
125
126
126
126
126
126
126
126
126
126
126
125
126
126
126
126
126
126
126
125
126
126
126
126
126
126
126
126
126
126
125
126
126
125
125
126
126
125
126
125
125
126
126
126
126
126
126
125
125
126
126
125
126
125
125
125
126
125
125
125
126
125
126
125
125
125
125
125
125
125
125
126
125
126
126
125
125
125
125
125
125
126
126
125
125
125
125
126
125
125
125
126
126
125
125
126
126
126
126
125
125
125
125
125
126
125
125
126
126
126
125
125
125
126
126
126
125
125
126
126
125
125
126
126
125
125
125
126
125
125
125
125
125
124
124
127
130
128
123
122
126
131
130
124
122
124
125
123
121
122
127
129
126
124
125
129
130
127
122
121
124
127
128
129
128
128
128
124
122
124
124
125
125
125
124
125
125
125
125
125
125
125
126
128
127
126
125
125
126
126
125
124
126
127
128
127
125
123
123
124
124
123
125
128
129
129
128
123
120
122
125
126
126
129
128
124
122
123
124
127
128
127
125
125
127
127
127
127
124
120
120
124
129
129
124
122
125
128
129
127
126
128
128
125
122
117
118
129
137
133
120
117
121
126
128
128
127
124
123
125
129
126
122
122
124
129
129
127
126
124
121
121
130
135
124
115
122
127
125
132
141
128
101
104
134
154
139
113
109
132
139
106
89
142
199
155
56
58
141
165
144
147
152
90
36
83
176
227
183
81
22
71
200
255
114
38
65
192
179
178
255
149
114
36
253
255
124
13
101
181
156
78
89
161
147
80
64
152
224
136
40
99
163
101
99
204
199
41
18
165
200
122
96
143
132
87
110
160
148
105
108
129
126
129
147
133
96
99
141
155
122
98
112
141
152
139
109
91
112
143
143
129
127
124
114
112
132
149
143
120
107
117
131
129
116
113
125
137
136
128
121
120
123
127
129
130
128
123
120
121
123
128
130
128
127
128
127
124
121
121
123
125
128
128
127
126
126
125
124
125
127
126
124
124
124
124
127
129
129
126
123
124
126
127
126
125
124
125
126
126
124
122
123
126
128
129
128
126
125
125
126
125
125
125
124
124
125
127
128
126
125
125
126
125
125
125
125
125
124
125
127
127
127
124
124
124
125
126
128
128
125
124
125
125
124
124
124
124
125
126
127
126
126
125
126
127
125
123
124
126
126
125
125
125
125
125
125
126
127
127
125
124
124
125
127
127
125
123
125
125
126
124
124
125
126
127
128
127
124
123
125
127
126
125
125
126
125
124
125
126
126
125
125
125
124
124
125
125
125
124
126
129
128
124
123
126
127
127
126
125
124
124
126
126
125
125
126
128
126
125
124
125
125
124
124
124
125
126
127
126
125
124
125
125
125
125
125
126
127
126
125
125
126
126
125
125
126
125
126
126
125
125
125
126
126
126
124
124
126
125
125
125
126
126
125
126
127
125
124
124
124
124
125
126
125
125
126
127
127
126
126
125
125
125
125
124
124
125
125
125
125
126
125
124
125
126
126
125
124
124
126
128
127
124
123
126
127
126
125
126
126
125
126
126
126
124
128
117
124
124
124
126
128
127
126
126
126
125
126
126
125
125
126
126
126
125
126
126
126
125
125
126
127
127
125
124
125
127
127
126
125
126
126
127
126
125
126
126
126
126
125
126
126
126
126
125
125
126
126
126
125
125
125
126
126
126
125
125
126
126
126
126
125
125
125
126
126
126
126
128
123
125
125
125
125
125
126
126
126
126
125
125
125
126
125
125
125
126
126
126
125
126
126
126
125
125
126
126
126
123
123
125
125
126
127
127
126
126
126
126
126
126
126
126
125
126
125
125
125
125
125
125
125
125
126
126
125
126
126
126
126
125
125
125
125
125
125
125
125
125
125
126
126
126
126
126
126
125
126
126
125
125
125
125
126
126
125
125
125
126
126
126
126
126
126
126
126
125
125
125
125
126
126
125
125
126
126
125
126
126
126
126
126
125
125
125
125
125
125
126
126
126
126
125
125
126
126
126
125
125
125
126
126
126
125
125
126
126
126
126
125
126
126
125
125
126
126
126
126
126
129
127
126
125
125
124
124
124
124
125
125
125
125
125
125
125
126
126
126
126
125
125
126
126
125
125
125
125
125
125
126
125
125
125
125
126
126
125
125
125
125
125
125
125
125
125
126
125
125
126
125
125
126
125
125
125
125
126
126
125
125
126
125
126
125
125
126
125
125
126
126
126
125
125
126
126
125
125
125
125
126
125
126
126
126
125
125
125
125
125
125
125
126
125
125
125
125
125
125
126
131
126
125
125
124
123
124
125
125
125
125
125
125
126
126
125
125
125
126
126
126
126
126
126
126
126
125
125
125
126
125
124
119
124
125
125
126
128
127
127
128
127
126
126
126
126
125
124
125
125
125
125
125
127
126
124
125
126
127
125
125
131
126
126
126
125
122
123
125
125
124
125
125
125
124
125
126
125
125
125
126
126
126
126
125
124
125
126
126
126
124
124
125
125
126
126
125
124
125
124
125
126
126
127
123
124
125
127
126
125
124
125
126
126
126
125
125
125
125
124
124
124
125
126
126
125
125
124
126
125
125
126
125
124
125
125
127
126
125
124
124
125
126
125
124
126
127
127
126
125
125
126
127
126
125
124
125
126
126
125
125
125
124
125
127
127
125
123
124
126
127
125
125
125
126
124
122
125
127
125
123
124
127
127
126
126
126
125
125
125
124
123
124
126
127
126
124
124
125
127
127
126
122
122
126
129
126
122
123
126
126
126
126
126
124
122
125
127
125
124
126
127
124
123
126
128
125
119
123
127
128
124
123
125
122
126
126
128
127
125
125
125
126
126
126
125
125
126
125
124
124
125
126
126
125
125
124
125
126
125
125
125
126
125
125
125
125
125
126
126
124
125
126
126
124
124
125
127
125
124
124
125
126
126
125
125
125
125
126
125
124
125
125
48
126
126
126
126
125
125
126
126
126
126
125
126
126
126
126
126
126
125
126
126
126
125
125
126
125
125
126
126
125
125
125
126
126
125
126
126
126
126
126
126
126
126
125
126
125
126
125
125
126
125
126
126
126
126
125
126
126
125
125
125
125
125
125
125
125
125
125
125
125
125
125
125
125
125
125
125
125
125
125
125
125
125
125
125
125
125
125
125
125
125
125
125
125
125
125
125
125
125
125
125
125
125
125
125
125
125
125
125
125
125
125
126
125
125
125
125
126
125
125
125
125
125
126
126
125
125
125
125
125
125
125
125
125
125
125
125
125
125
125
125
125
125
125
125
125
125
125
125
125
125
125
125
126
126
125
125
125
125
125
126
125
125
125
125
125
125
125
125
125
125
125
125
125
126
126
125
125
125
125
125
125
125
125
125
125
125
125
125
125
125
125
125
125
125
125
125
125
125
125
125
125
125
125
125
125
125
125
125
125
125
125
125
125
125
125
125
125
125
125
125
125
125
125
125
125
125
125
125
125
125
125
125
125
125
125
125
125
125
125
125
125
125
125
125
125
125
125
125
125
125
125
125
125
125
125
125
125
125
125
125
125
125
125
125
125
125
125
125
125
125
125
125
125
125
125
125
125
125
125
124
125
125
125
125
125
125
125
125
125
125
125
125
125
126
125
125
125
125
125
125
125
125
125
125
125
125
125
125
125
125
125
125
125
125
125
125
125
125
125
125
125
125
125
125
125
125
125
125
125
125
125
125
125
125
125
125
125
125
125
125
125
125
126
125
125
125
125
125
125
125
125
125
125
126
