132
135
133
132
130
129
75
126
125
126
126
126
126
126
126
125
126
126
126
125
125
126
126
126
126
125
126
125
126
126
126
126
125
125
126
126
125
125
125
126
125
126
126
125
125
125
125
125
125
125
125
125
126
125
125
126
126
126
125
126
126
125
126
126
125
126
125
125
125
126
126
126
126
126
126
126
126
126
125
126
126
126
126
126
125
126
126
126
126
126
125
126
126
126
126
126
126
125
126
125
125
126
126
126
125
126
125
126
126
126
125
126
125
125
125
126
126
125
126
125
126
126
125
126
126
126
126
126
126
126
126
126
126
126
126
126
126
126
126
126
126
125
126
125
125
125
125
125
125
125
125
125
125
125
125
125
125
125
125
125
125
126
125
125
125
126
125
126
126
125
126
126
125
125
126
126
126
126
125
125
125
125
125
125
125
125
125
125
125
125
125
125
125
125
125
125
125
125
125
125
125
126
125
125
125
125
125
125
125
125
125
125
125
125
125
125
125
125
125
125
125
125
125
125
125
125
125
125
125
125
125
125
125
125
125
125
125
126
125
125
125
125
125
125
125
125
125
125
125
125
125
125
125
125
126
125
125
125
125
125
126
125
125
126
125
125
125
126
125
125
125
126
126
126
126
126
126
126
126
126
125
126
125
125
125
126
125
126
125
125
126
126
126
126
126
126
126
126
126
126
126
126
126
126
126
126
126
126
126
126
126
126
126
125
126
126
126
126
126
125
126
126
126
126
125
126
126
125
126
125
125
125
126
126
126
126
126
126
126
126
126
126
125
126
126
125
126
126
126
125
126
126
125
126
125
126
126
126
126
126
125
126
125
126
125
125
126
126
126
125
125
126
126
125
126
126
125
126
125
126
126
125
126
126
126
125
126
126
126
126
126
126
126
126
125
125
126
125
126
126
126
126
126
126
126
125
125
126
126
126
126
126
126
126
126
126
125
125
126
126
125
126
126
125
126
125
125
126
125
126
125
126
125
125
125
126
125
126
126
126
126
126
125
126
126
126
126
126
125
125
126
126
126
125
126
126
126
125
126
126
125
126
125
126
125
125
125
125
126
126
126
126
125
125
126
126
126
125
126
126
126
125
125
125
125
125
125
125
125
126
125
125
125
125
125
125
125
125
125
125
125
125
125
125
126
126
126
126
125
126
126
125
126
125
125
125
125
125
125
125
125
125
125
125
125
125
125
125
125
125
125
125
125
125
125
126
125
125
125
126
125
125
125
125
125
125
125
125
125
125
125
125
125
125
125
125
125
125
125
125
125
125
125
125
125
125
125
125
125
125
125
125
125
125
125
125
125
125
125
125
125
125
125
125
125
125
125
125
125
125
125
125
125
125
125
125
124
125
125
125
125
125
125
125
126
126
126
125
125
126
126
126
126
126
126
126
125
125
123
124
125
126
125
125
125
126
126
127
128
126
124
124
126
126
126
124
124
125
126
127
127
125
124
126
127
127
125
123
124
126
126
125
127
128
126
123
123
126
128
126
123
123
126
129
128
124
121
125
131
131
126
122
122
125
128
128
127
124
122
124
126
127
126
126
125
125
126
126
125
125
125
126
128
128
127
125
125
125
126
125
124
123
124
130
137
135
118
103
109
132
149
142
122
111
120
132
133
124
108
110
135
151
147
124
94
100
133
147
133
124
127
129
120
116
125
131
121
112
128
146
132
108
114
140
147
128
108
106
127
148
140
113
103
118
136
139
129
118
120
131
134
129
123
121
122
124
125
124
124
128
131
127
125
125
126
125
122
121
124
132
129
111
125
170
138
66
72
160
223
184
39
73
131
255
207
77
15
235
245
43
27
245
255
100
144
255
255
20
107
144
254
112
49
124
166
138
81
76
151
204
123
55
115
154
115
94
121
144
140
121
118
137
129
96
104
143
149
123
109
120
134
135
120
108
115
131
141
141
132
116
111
120
129
125
119
122
129
130
121
111
119
160
184
122
39
77
170
188
133
81
95
162
179
111
70
116
163
155
121
97
99
120
140
142
125
125
140
122
93
115
168
155
94
94
135
141
127
136
147
131
97
83
114
165
177
135
95
103
133
140
124
112
113
121
128
133
133
133
140
133
107
93
120
164
157
100
77
119
164
158
126
113
114
117
121
130
140
145
130
101
89
119
157
147
109
100
121
138
143
138
121
108
115
135
142
133
124
118
118
128
138
132
116
113
123
129
130
130
129
123
119
121
129
131
126
121
122
122
120
121
127
132
133
131
124
116
120
135
140
130
119
116
119
124
128
127
125
124
126
126
125
126
127
124
123
129
134
129
120
119
123
124
123
126
128
127
126
124
124
125
127
129
128
124
123
125
125
123
124
127
129
127
126
126
128
130
125
119
118
123
128
129
125
123
124
125
126
129
129
126
122
123
127
127
124
126
126
123
125
132
127
120
121
127
128
126
126
125
128
128
124
122
122
124
125
125
125
126
127
127
127
126
126
128
129
125
121
122
126
128
124
124
126
127
125
124
125
127
126
124
123
125
127
126
124
123
123
125
127
129
128
125
122
123
126
128
128
125
123
125
127
126
123
123
125
125
126
128
126
123
124
126
128
126
123
123
125
125
125
125
123
123
124
127
128
127
125
125
126
126
127
127
124
123
125
128
128
126
125
124
125
125
124
123
125
125
124
125
125
125
126
126
124
125
126
125
125
127
128
126
125
126
126
124
123
125
126
126
125
126
126
124
122
124
126
125
124
126
128
126
125
124
124
124
127
128
125
124
127
128
124
120
124
129
127
123
123
124
125
127
128
126
123
124
128
128
125
123
125
126
125
124
124
124
125
126
127
126
128
123
120
128
125
126
126
125
124
124
126
127
126
126
125
124
124
125
125
125
127
128
126
125
126
115
124
127
127
126
128
126
126
126
126
126
126
127
127
127
126
126
126
127
128
127
124
122
123
126
126
126
125
126
128
126
125
126
127
125
124
125
128
127
124
125
126
124
124
125
124
125
128
128
127
126
127
126
126
126
126
126
127
126
125
124
124
125
127
127
125
124
124
125
126
128
127
127
127
126
124
124
124
126
126
124
124
124
125
126
126
126
126
126
126
128
126
124
124
124
125
125
126
126
126
127
127
125
125
126
127
127
125
123
124
125
126
126
127
127
126
124
124
125
125
125
125
127
127
125
125
125
127
128
127
125
125
125
126
126
124
123
124
127
129
127
125
126
127
127
125
124
124
124
125
127
127
125
123
122
126
130
129
126
123
124
126
127
127
126
124
125
126
126
126
126
124
124
125
126
126
126
127
127
126
126
128
127
125
124
123
124
126
127
128
128
127
125
124
127
125
126
125
126
125
125
125
126
124
123
124
125
126
125
125
125
126
127
127
126
126
127
126
125
124
124
126
127
126
124
124
124
125
125
125
126
126
125
125
125
126
126
120
98
129
121
124
128
128
130
128
129
127
125
125
126
127
127
127
127
126
126
126
128
126
126
126
126
125
125
124
125
124
125
126
126
126
124
125
126
126
126
125
125
126
126
126
115
77
131
123
130
130
131
131
132
133
130
128
126
126
126
125
126
125
126
127
128
128
120
125
124
122
125
128
128
129
131
130
129
128
126
125
126
125
124
123
124
125
127
128
127
125
126
127
126
125
124
124
124
124
126
128
128
127
124
123
125
125
125
126
126
127
126
126
125
124
124
125
125
125
126
125
125
125
126
126
127
126
125
125
124
125
126
126
127
126
125
123
124
125
125
124
125
126
127
127
126
125
126
126
127
127
125
125
126
126
124
123
124
125
121
125
124
126
126
126
126
126
127
128
127
124
125
125
126
125
126
126
126
125
126
126
125
123
122
124
128
128
126
123
123
126
127
126
124
125
125
76
125
126
126
126
126
126
126
125
126
126
125
125
126
126
125
126
125
126
126
125
126
125
125
126
125
125
125
125
125
126
125
125
125
126
125
125
125
126
125
125
125
125
125
125
125
125
126
125
125
125
125
125
125
125
125
125
125
125
125
126
125
125
125
125
125
125
125
126
125
125
125
125
125
126
126
125
126
125
126
125
125
125
126
125
126
125
125
125
125
126
125
125
125
126
125
126
125
125
125
125
125
125
125
125
125
126
126
125
125
125
125
125
125
125
125
126
126
125
125
125
125
125
125
125
125
125
125
125
125
125
125
125
125
125
125
126
126
125
125
126
125
125
126
125
126
125
125
125
125
125
125
126
125
125
125
125
125
125
126
126
126
125
125
125
125
125
125
125
125
125
125
125
125
125
125
125
125
125
126
125
125
125
125
125
125
125
125
126
125
125
125
125
126
125
125
125
125
125
125
125
125
125
125
125
125
125
125
125
125
125
125
126
125
125
125
125
125
125
125
125
125
125
125
125
125
125
125
125
125
125
125
125
125
125
125
125
125
125
125
125
125
125
125
125
125
125
125
125
125
125
125
126
125
125
125
125
125
125
125
125
125
125
125
125
125
125
125
125
125
125
125
125
125
125
125
125
125
125
125
125
125
125
125
125
125
125
125
125
125
125
125
125
125
125
125
125
125
125
125
125
125
125
125
125
125
125
125
126
125
125
125
125
125
126
125
126
125
126
125
125
125
126
126
126
125
126
126
125
126
125
125
125
126
125
125
126
125
126
126
126
126
125
125
126
125
125
126
126
126
125
126
125
125
124
