128
127
126
126
125
124
31
125
125
125
125
125
125
125
125
125
125
125
125
125
125
125
125
125
125
125
125
125
125
125
125
125
125
125
125
125
125
125
125
125
125
125
125
125
125
125
125
125
125
125
125
125
125
125
125
125
125
125
125
126
125
125
125
125
125
125
125
125
125
125
125
125
125
125
125
125
125
125
125
125
125
125
125
125
125
125
125
125
125
125
125
125
125
125
125
125
125
125
125
125
125
125
125
125
125
125
125
125
125
125
125
125
125
125
125
125
125
125
125
125
125
125
125
125
125
125
125
125
125
125
125
125
125
125
125
125
125
125
125
125
125
125
125
125
125
125
125
126
126
125
125
125
125
125
125
125
125
125
125
125
125
125
125
125
125
125
125
125
125
125
125
126
125
125
125
125
125
125
125
125
125
125
125
125
125
125
125
125
125
125
126
125
125
125
125
125
125
125
125
125
125
125
125
125
125
125
125
125
125
125
125
125
125
125
125
125
125
125
125
125
125
125
125
125
125
125
125
125
125
125
125
125
125
125
125
125
125
125
125
125
125
125
126
125
125
126
125
125
125
125
125
125
125
125
125
125
125
125
125
125
125
126
126
126
125
125
125
125
125
125
125
126
126
125
125
125
125
125
125
126
125
125
125
125
125
125
125
126
125
125
125
125
125
125
125
125
125
125
125
125
125
126
125
125
125
125
125
125
125
125
126
126
126
125
125
125
125
125
125
126
126
126
126
125
125
125
125
125
125
125
125
124
125
126
126
126
126
126
126
126
125
125
124
124
125
127
128
127
123
122
123
126
127
128
126
125
125
127
124
121
123
129
130
125
121
123
127
128
126
123
123
126
128
127
126
124
122
123
127
125
125
126
129
126
123
123
125
127
127
124
120
126
133
129
119
118
126
130
127
125
124
121
122
127
129
128
126
123
124
128
128
123
121
123
124
128
131
128
121
120
124
130
130
123
121
126
125
121
126
131
127
124
124
124
125
128
126
121
121
126
127
127
130
129
121
118
124
130
130
126
122
122
126
129
128
125
123
121
122
125
128
129
127
124
122
124
126
127
126
124
125
125
125
126
126
124
123
125
127
127
126
126
126
125
124
124
123
123
125
127
128
127
126
125
124
123
123
123
125
126
127
127
126
126
126
126
124
123
123
124
125
125
126
126
126
126
127
126
125
124
124
124
125
125
126
126
126
126
125
126
126
125
125
125
125
125
125
125
125
125
125
125
125
125
125
125
125
125
125
125
125
125
126
126
125
125
125
125
125
125
125
125
125
125
124
125
125
125
125
126
126
125
125
126
126
125
124
125
126
127
126
126
125
122
120
123
130
133
131
128
124
119
118
122
124
124
126
124
121
130
142
134
115
118
140
149
130
107
98
101
108
118
133
148
155
149
129
110
109
119
124
125
123
120
119
124
135
139
129
116
114
126
138
136
124
116
121
129
128
123
122
125
123
118
121
131
137
131
118
113
122
135
139
131
121
116
119
126
128
123
120
126
133
131
124
122
125
125
124
128
129
122
115
121
128
134
132
124
120
123
128
129
126
123
123
125
127
127
126
126
126
125
124
126
128
127
124
126
128
127
124
124
125
126
125
125
125
125
126
126
128
127
127
127
125
125
125
125
126
126
125
125
126
127
125
120
119
134
146
127
100
112
147
153
122
86
98
153
175
132
104
102
96
121
168
166
125
98
95
106
135
160
150
117
97
106
132
151
144
119
106
116
129
135
131
122
118
123
129
129
126
125
125
126
127
125
122
123
127
129
125
122
125
129
127
123
123
126
129
127
123
123
126
128
126
124
124
125
125
125
125
126
127
127
125
124
126
127
126
125
125
125
125
125
125
126
126
126
125
125
126
126
126
126
125
126
126
126
125
125
125
126
125
125
126
126
125
125
126
126
125
125
125
126
126
126
126
126
126
125
125
125
126
126
126
125
125
125
126
126
126
126
126
126
126
126
125
125
125
126
126
125
125
125
126
126
126
126
126
126
125
125
125
126
126
125
125
125
126
126
126
125
125
125
125
126
127
127
125
125
126
125
125
125
125
125
125
125
125
125
125
125
125
125
125
125
127
125
125
125
126
125
126
125
125
126
125
125
125
125
125
125
125
125
126
126
125
125
125
125
125
125
125
125
125
125
125
124
124
124
124
125
127
127
126
125
125
126
126
126
125
126
126
125
125
124
125
126
126
125
124
125
126
126
124
124
125
125
125
125
125
125
125
126
126
125
124
124
126
127
126
124
125
126
126
125
125
125
125
125
126
125
123
125
126
125
124
125
126
126
125
125
126
126
125
124
126
127
126
124
125
125
125
124
125
126
125
125
125
125
125
125
125
125
125
125
125
125
125
125
126
125
125
125
125
126
125
126
125
125
125
125
125
125
125
125
125
126
125
125
125
125
126
126
126
125
125
125
125
125
125
125
126
125
125
125
125
125
125
125
125
125
125
125
125
126
126
125
125
125
125
126
125
125
125
125
125
125
125
125
125
125
125
126
125
125
125
126
126
126
125
125
125
126
125
125
125
125
125
125
124
125
126
126
126
125
126
126
126
125
125
125
125
125
125
126
126
124
124
125
126
126
125
125
125
125
126
125
125
125
125
125
125
125
125
125
125
126
126
126
126
125
125
126
126
125
125
126
127
125
125
125
124
125
125
125
125
126
125
125
125
126
124
124
125
125
125
125
126
125
125
125
125
126
126
126
125
125
125
125
121
125
126
126
126
127
126
126
126
126
125
125
126
126
125
125
125
125
125
125
125
125
125
125
125
125
125
125
125
125
125
126
126
125
125
125
125
125
125
126
126
125
125
125
125
126
126
125
125
125
125
125
125
125
125
125
125
125
125
125
125
125
125
125
125
125
125
125
125
125
125
125
125
125
125
125
125
125
125
125
126
126
126
125
125
126
125
125
125
126
126
125
126
126
126
125
123
125
127
127
125
123
124
125
125
125
126
126
125
125
126
127
126
125
125
125
124
126
127
126
125
123
124
126
127
126
123
124
126
127
127
125
124
126
126
125
125
125
126
127
125
125
125
125
126
126
125
125
124
125
125
125
125
125
125
126
126
125
125
125
126
126
125
125
126
125
126
127
127
123
121
125
130
128
122
119
122
127
131
131
125
120
120
125
128
128
125
124
125
127
128
121
113
120
138
144
128
111
107
116
133
151
149
120
95
104
129
145
139
122
118
132
131
110
106
128
144
143
132
116
112
116
130
132
125
121
125
128
126
124
122
123
126
127
126
125
123
126
128
127
125
124
124
126
125
121
119
123
129
132
130
127
124
124
125
119
123
123
124
126
130
129
125
124
126
129
128
125
124
126
127
126
123
122
124
128
128
123
122
124
126
127
126
126
127
126
124
124
125
125
125
123
124
125
127
127
124
123
125
127
127
125
123
125
126
126
125
124
124
125
126
126
125
124
126
126
125
125
125
125
125
124
124
128
129
126
123
123
126
129
128
126
125
124
125
126
127
126
124
124
125
126
127
124
125
125
125
125
126
125
125
126
125
125
125
126
126
125
125
125
125
124
124
125
126
125
126
126
126
126
125
125
125
125
124
125
125
126
126
125
124
125
125
125
126
125
126
125
125
125
125
125
124
124
124
125
126
127
124
123
125
127
126
126
125
127
128
126
124
124
125
124
125
128
127
122
122
125
128
128
126
124
125
125
126
125
124
123
123
123
124
125
125
124
123
125
128
128
127
125
126
129
130
128
124
120
120
124
129
130
123
116
123
135
135
123
116
122
132
131
122
116
122
132
130
122
118
122
129
130
128
124
123
124
127
136
131
123
119
122
123
124
123
123
122
125
126
126
126
126
125
125
125
127
127
125
30
126
125
125
125
125
125
125
126
126
125
125
125
126
125
125
125
125
125
125
125
125
125
125
125
125
125
125
125
125
125
125
125
125
125
125
125
125
125
125
126
125
125
125
125
125
125
125
125
125
125
125
125
125
125
125
125
125
125
125
125
125
125
125
125
125
125
125
125
125
125
125
125
125
125
125
125
125
125
125
125
125
125
125
125
125
125
125
125
125
125
125
125
125
125
125
125
125
125
125
125
125
125
125
125
125
125
125
125
125
125
125
125
125
125
125
125
125
125
125
126
125
125
125
125
125
126
125
125
125
125
125
125
125
125
125
125
125
126
126
126
126
126
125
126
126
126
126
126
126
126
126
125
125
126
126
125
126
126
125
126
126
126
126
126
126
126
126
125
125
125
126
126
125
126
125
125
126
125
125
126
125
125
125
126
126
126
126
125
125
125
126
125
126
125
126
126
126
125
125
125
126
125
125
125
125
125
126
125
125
125
126
125
125
125
125
125
125
125
126
125
125
125
126
125
125
126
125
126
125
125
125
125
125
125
125
126
126
125
126
126
126
125
125
125
125
126
126
125
125
125
125
125
125
126
126
126
126
125
125
126
126
125
125
126
126
126
125
125
126
126
126
125
125
126
126
126
125
125
126
126
126
126
125
125
125
126
126
125
125
126
126
125
126
126
126
126
125
125
125
125
126
126
126
126
126
126
125
125
125
125
125
126
128
127
123
122
125
128
128
126
125
126
124
124
126
126
123
123
127
128
128
129
127
122
120
124
125
124
126
132
133
125
113
118
132
134
122
121
132
132
121
117
123
121
