129
131
132
126
117
119
79
125
125
126
126
126
126
126
126
126
126
125
125
125
125
125
125
126
126
126
126
126
126
126
126
126
126
126
126
126
126
126
126
124
126
127
125
125
125
126
126
126
126
126
126
126
126
126
126
126
125
126
125
125
126
126
126
125
126
126
125
125
126
126
126
126
126
126
125
126
126
126
126
125
126
125
125
126
126
126
126
126
126
126
126
126
126
126
125
126
126
125
126
126
126
126
125
125
125
126
126
125
126
126
126
126
126
125
126
126
126
125
126
126
126
126
126
126
126
125
125
125
125
126
126
126
126
126
126
126
126
126
126
126
125
126
126
126
126
126
126
126
126
126
125
126
125
125
125
125
125
125
125
125
125
125
125
125
125
126
126
125
126
125
125
125
125
125
125
125
126
125
125
125
125
126
125
125
125
125
125
125
126
126
125
125
125
125
125
125
125
126
125
126
125
125
125
125
125
125
125
126
125
125
125
125
126
125
125
125
125
125
125
125
125
125
125
125
125
125
125
125
125
125
125
125
125
125
125
126
125
125
125
125
125
125
125
125
125
125
125
125
125
125
125
125
125
125
125
125
125
125
125
125
125
126
125
125
125
125
125
125
125
125
125
125
125
125
125
125
125
125
125
125
125
125
125
125
125
125
125
125
125
125
125
125
125
125
125
125
125
125
125
125
125
125
125
125
125
125
125
125
125
126
125
125
125
125
125
125
126
125
125
125
126
125
125
125
125
125
125
125
126
126
125
125
125
125
125
125
125
125
125
125
125
125
126
125
125
125
125
126
125
125
125
125
125
125
125
125
125
125
125
125
125
125
125
125
125
125
125
125
125
126
125
125
126
125
125
125
125
125
125
125
125
126
125
125
125
125
125
125
126
126
125
125
125
125
125
125
125
125
125
126
126
125
125
125
125
125
125
125
125
125
125
125
125
125
125
125
126
126
126
125
125
125
125
125
125
125
125
125
125
125
126
125
125
125
125
125
125
125
125
125
125
126
126
126
125
125
125
125
125
126
125
125
125
126
126
125
125
125
125
125
125
125
125
125
125
125
125
125
125
125
125
125
125
125
125
126
125
126
125
125
125
125
125
125
125
125
125
125
125
126
126
125
125
125
125
125
125
125
125
125
125
125
125
125
125
125
125
125
125
125
125
125
125
125
125
125
125
125
125
125
125
125
125
125
125
125
125
125
125
125
125
125
125
125
125
125
125
125
125
125
125
125
125
125
125
125
125
125
125
125
125
125
125
125
125
125
125
125
125
125
125
125
125
125
125
125
125
125
125
125
125
125
125
125
125
125
125
125
125
125
125
125
126
124
125
125
125
125
126
126
126
126
126
126
126
125
125
127
128
126
125
123
118
117
122
132
136
133
132
130
119
114
124
135
124
120
132
129
124
125
138
109
77
138
215
149
17
87
209
174
42
107
221
144
30
102
183
162
104
101
100
117
176
175
117
65
96
154
160
120
105
119
129
134
136
123
109
121
138
133
123
123
126
128
126
119
115
120
131
137
134
129
125
120
118
124
130
132
131
126
117
114
121
132
136
131
123
116
118
128
136
133
123
119
123
129
129
123
121
124
128
130
128
125
123
124
126
126
126
125
125
125
127
127
126
125
126
127
126
125
124
124
125
127
127
125
124
125
127
128
128
127
124
122
123
125
126
124
124
126
129
129
125
124
126
128
127
124
124
124
126
126
125
124
124
126
127
127
127
126
126
126
126
126
127
126
125
125
125
125
126
125
125
125
125
126
125
126
126
126
126
126
126
126
126
126
126
125
125
125
125
126
126
125
126
126
126
126
127
127
126
126
126
125
125
125
127
124
125
126
126
125
125
126
126
125
125
125
126
126
125
125
126
126
125
125
126
126
126
125
125
125
126
125
126
126
125
125
125
125
125
125
125
125
125
125
125
126
127
126
126
126
127
126
125
125
124
125
126
126
125
124
125
125
125
125
126
126
125
126
127
127
126
125
126
124
125
124
124
124
126
125
125
125
126
126
126
126
127
126
125
125
126
125
125
125
125
125
125
126
126
126
125
126
126
126
125
125
125
125
125
125
125
125
125
125
124
125
126
126
125
125
126
127
126
125
125
126
126
125
125
125
125
127
127
124
123
124
126
126
126
125
124
125
127
127
126
125
125
126
126
126
125
125
124
126
127
127
125
125
126
126
127
125
125
124
125
125
125
125
125
126
125
125
125
125
126
126
125
125
125
125
125
126
126
126
125
125
125
126
126
126
125
125
125
125
125
125
125
125
125
126
126
126
125
125
126
126
125
125
125
126
126
125
125
125
126
126
125
125
126
126
126
126
125
125
125
126
125
125
125
126
126
126
125
125
126
126
126
125
125
126
126
125
125
125
125
125
125
125
126
126
125
126
125
125
126
126
126
125
125
125
125
125
126
126
126
125
124
125
126
127
126
125
124
125
127
127
126
125
125
125
125
125
126
126
126
125
124
125
126
126
125
125
125
127
127
126
125
124
124
125
126
125
123
124
126
125
124
125
127
126
125
126
126
125
125
125
125
125
127
128
127
123
123
124
126
126
124
125
125
124
126
127
127
127
127
125
125
125
126
126
126
125
125
125
125
125
125
125
126
126
125
125
127
127
126
124
123
124
124
125
126
127
127
128
128
126
123
121
121
123
125
126
127
129
129
127
124
124
126
126
124
121
122
126
129
127
127
126
125
124
123
123
124
127
128
126
125
126
126
125
125
125
124
122
123
124
127
129
129
126
125
125
127
128
126
123
122
121
120
121
125
129
129
126
126
127
131
131
129
128
126
122
119
121
124
124
120
120
126
132
130
122
120
130
136
130
122
122
126
124
120
126
132
126
117
120
125
129
128
124
122
127
129
128
129
122
119
129
130
120
126
135
127
120
125
119
114
130
131
111
121
142
125
113
138
141
110
115
141
128
114
136
140
106
101
134
144
125
123
130
121
114
127
138
129
120
126
126
116
117
137
146
128
110
117
128
127
126
133
127
112
112
129
134
126
124
128
124
115
115
128
138
137
131
128
123
118
121
127
124
118
121
133
133
120
114
128
149
118
112
122
131
134
122
113
123
135
127
117
121
127
125
127
136
139
128
118
118
125
129
125
130
129
122
117
122
128
132
129
127
127
127
126
125
120
120
131
134
122
115
125
136
131
124
127
129
122
120
124
126
125
124
129
133
132
126
125
127
129
129
131
130
115
105
120
138
135
124
123
124
122
121
134
127
118
124
129
126
127
132
129
124
126
124
118
120
130
134
126
125
131
133
125
121
122
122
124
127
127
127
123
117
123
133
128
113
113
126
133
128
122
121
125
127
127
122
122
126
130
131
131
126
119
118
121
125
126
129
130
127
124
122
122
122
125
127
127
128
129
128
126
124
124
124
125
122
120
125
131
131
124
123
124
126
126
126
125
124
122
122
125
128
129
126
122
122
121
122
126
128
131
131
124
120
120
124
129
128
125
122
122
124
127
124
120
122
129
131
122
116
121
130
134
129
122
120
124
127
128
126
122
119
125
134
137
130
123
117
116
122
132
134
131
123
117
116
123
130
126
117
121
132
133
125
122
125
125
122
125
131
127
119
119
125
128
133
139
130
111
105
117
134
136
129
122
122
123
129
132
127
123
122
123
123
124
130
131
124
120
124
131
129
120
115
123
129
129
123
121
122
123
125
129
130
129
126
125
124
121
121
127
130
124
121
124
129
128
123
120
122
125
129
131
130
127
121
118
122
126
130
128
122
118
119
124
128
126
122
121
127
131
130
129
129
127
123
121
118
119
125
128
130
132
133
127
118
114
119
124
130
133
129
121
120
125
126
124
122
124
129
130
126
123
126
80
125
125
126
125
126
125
125
125
125
125
125
125
125
125
125
125
125
125
125
125
125
125
125
125
125
125
125
125
125
125
125
125
125
125
125
125
125
125
125
125
125
125
125
125
125
125
125
125
125
125
125
125
125
125
125
125
125
126
125
125
125
125
125
125
125
125
125
125
125
125
125
125
125
125
125
125
126
125
125
125
125
125
125
125
125
125
126
125
125
125
125
125
125
125
125
125
125
125
125
125
125
125
125
125
125
125
126
125
125
126
125
125
125
125
125
125
125
125
125
125
125
125
125
125
126
126
125
125
125
125
125
125
125
125
125
125
125
125
125
125
125
125
125
125
125
125
125
125
125
125
125
125
125
125
125
125
125
125
125
125
125
125
125
125
125
125
125
125
125
125
125
125
125
125
125
125
125
125
125
125
125
125
125
125
125
125
125
126
125
125
125
126
125
125
125
125
125
125
125
125
125
125
125
125
125
125
125
125
125
125
126
125
125
125
125
125
125
125
125
125
125
125
125
125
125
125
125
125
126
125
125
125
125
125
125
125
125
125
125
125
125
125
125
125
125
125
125
125
125
125
125
126
125
125
125
125
125
125
125
125
125
125
125
126
125
125
125
125
125
125
125
125
125
125
125
125
125
125
125
125
125
125
125
125
125
125
125
125
125
125
125
125
125
125
125
125
125
125
125
125
125
126
125
125
125
125
125
126
125
125
125
125
125
125
125
125
125
125
125
125
125
125
125
125
125
125
125
125
125
125
125
125
125
125
125
125
125
125
125
125
125
125
126
125
125
125
125
125
125
125
125
125
125
127
