-0.957031
-0.964844
-0.964844
-0.964844
-0.964844
-0.972656
-0.980469
-0.972656
-0.964844
-0.972656
-0.972656
-0.972656
-0.980469
-0.972656
-0.980469
-0.988281
-0.988281
-0.972656
-0.988281
-0.996094
-0.988281
-0.988281
-0.988281
-0.988281
-0.988281
-0.988281
-0.988281
-0.980469
-0.996094
-0.988281
-0.988281
-0.988281
-0.980469
-0.980469
-0.980469
-0.972656
-0.988281
-0.988281
-0.988281
-0.980469
-0.988281
-0.988281
-0.980469
-0.980469
-0.980469
-0.988281
-0.988281
-0.980469
-0.988281
-0.988281
-0.980469
-0.988281
-0.988281
-0.980469
-0.972656
-0.972656
-0.980469
-0.980469
-0.972656
-0.964844
-0.972656
-0.980469
-0.972656
-0.972656
-0.972656
-0.972656
-0.980469
-0.972656
-0.972656
-0.964844
-0.980469
-0.964844
-0.964844
-0.964844
-0.964844
-0.964844
-0.980469
-0.980469
-0.972656
-0.949219
-0.949219
-0.972656
-0.964844
-0.964844
-0.972656
-0.972656
-0.972656
-0.957031
-0.949219
-0.957031
-0.972656
-0.964844
-0.972656
-0.972656
-0.972656
-0.972656
-0.949219
-0.964844
-0.996094
-0.972656
-0.933594
-0.964844
-0.988281
-0.949219
-0.949219
-0.964844
-0.957031
-0.941406
-0.980469
-0.996094
-0.972656
-0.941406
-0.964844
-0.996094
-0.988281
-0.910156
-0.957031
0.964813
0.980438
-0.925781
-0.902344
-0.972656
0.988251
0.988251
-0.996094
-0.972656
-0.933594
-0.949219
-0.996094
0.996063
-0.972656
-0.949219
-0.980469
-0.996094
-0.972656
-0.964844
-0.957031
-0.988281
-0.996094
-0.941406
-0.949219
-0.988281
0.988251
-0.988281
-0.925781
-0.933594
-0.980469
-0.964844
-0.980469
0.988251
-0.996094
-0.917969
-0.902344
-0.972656
0.980438
-0.980469
-0.972656
-0.980469
-0.941406
-0.925781
-0.964844
-0.996094
0.996063
-0.972656
-0.933594
-0.933594
-0.972656
-0.996094
-0.996094
-0.980469
-0.964844
-0.949219
-0.949219
-0.988281
0.980438
-0.988281
-0.933594
-0.941406
-0.972656
-0.957031
-0.925781
-0.957031
0.980438
-0.996094
-0.902344
-0.886719
-0.964844
0.988251
-0.972656
-0.949219
-0.988281
-0.996094
-0.980469
-0.949219
-0.964844
-0.972656
-0.996094
-0.980469
-0.949219
-0.964844
0.980438
-0.980469
-0.902344
-0.933594
0.980438
0.988251
-0.949219
-0.949219
-0.964844
-0.972656
0.988251
0.988251
-0.972656
-0.941406
-0.957031
-0.996094
0.996063
-0.996094
-0.972656
-0.972656
-0.996094
-0.996094
-0.941406
-0.941406
0.988251
0.941376
-0.996094
-0.902344
-0.910156
0.980438
0.949188
-0.972656
-0.917969
-0.957031
-0.996094
-0.996094
-0.996094
-0.988281
-0.964844
-0.972656
-0.988281
0.988251
0.980438
-0.988281
-0.949219
-0.957031
-0.988281
-0.996094
-0.988281
-0.980469
-0.980469
-0.972656
-0.972656
-0.957031
-0.964844
-0.996094
0.980438
-0.988281
-0.925781
-0.949219
-0.996094
-0.996094
-0.957031
-0.964844
-0.996094
-0.996094
-0.941406
-0.910156
-0.964844
0.980438
0.988251
-0.933594
-0.910156
-0.988281
0.964813
-0.988281
-0.902344
-0.894531
-0.996094
0.949188
-0.988281
-0.910156
-0.894531
-0.972656
0.996063
-0.996094
-0.972656
-0.949219
-0.933594
-0.941406
-0.980469
-0.996094
-0.988281
-0.972656
-0.957031
-0.933594
-0.941406
-0.996094
0.988251
-0.949219
-0.917969
-0.972656
0.988251
-0.972656
-0.933594
-0.933594
-0.996094
-0.996094
-0.972656
-0.925781
-0.933594
-0.988281
-0.996094
-0.957031
-0.949219
-0.988281
-0.988281
-0.949219
-0.972656
-0.996094
-0.996094
-0.964844
-0.972656
-0.949219
-0.941406
-0.988281
-0.996094
-0.964844
-0.941406
-0.996094
0.988251
-0.941406
-0.917969
-0.988281
0.980438
-0.996094
-0.964844
-0.941406
-0.925781
-0.972656
0.957001
-0.996094
-0.925781
-0.917969
-0.988281
0.980438
0.988251
-0.949219
-0.925781
-0.964844
0.988251
-0.996094
-0.949219
-0.949219
-0.972656
-0.972656
-0.957031
-0.988281
-0.996094
-0.988281
-0.964844
-0.949219
-0.949219
-0.972656
0.988251
0.996063
-0.972656
-0.957031
-0.972656
-0.972656
-0.980469
-0.988281
-0.980469
-0.980469
-0.996094
-0.996094
-0.957031
-0.941406
-0.917969
-0.996094
0.933563
0.964813
-0.925781
-0.878906
-0.957031
0.964813
0.957001
-0.996094
-0.941406
-0.925781
-0.988281
-0.988281
-0.957031
-0.980469
-0.996094
-0.949219
-0.949219
-0.996094
-0.988281
-0.957031
-0.957031
-0.980469
-0.972656
-0.972656
-0.972656
0.996063
0.980438
-0.957031
-0.894531
-0.957031
0.925751
0.957001
-0.925781
-0.886719
-0.988281
0.972626
0.996063
-0.964844
-0.949219
-0.964844
-0.972656
-0.949219
-0.957031
-0.996094
-0.996094
-0.980469
-0.941406
-0.925781
-0.949219
-0.996094
0.988251
-0.996094
-0.972656
-0.941406
-0.949219
-0.972656
-0.988281
-0.996094
0.996063
-0.996094
-0.933594
-0.910156
-0.964844
0.964813
0.964813
-0.972656
-0.910156
-0.941406
-0.972656
-0.980469
-0.957031
-0.964844
-0.996094
-0.996094
-0.980469
-0.941406
-0.917969
-0.949219
-0.996094
0.972626
0.996063
-0.933594
-0.902344
-0.949219
0.996063
0.988251
-0.996094
-0.996094
-0.957031
-0.910156
-0.957031
0.988251
0.980438
-0.972656
-0.933594
-0.957031
-0.988281
-0.980469
-0.957031
-0.957031
-0.988281
0.996063
-0.980469
-0.941406
-0.941406
-0.964844
-0.996094
0.980438
-0.996094
-0.949219
-0.925781
-0.980469
0.980438
-0.988281
-0.917969
-0.949219
0.972626
0.988251
-0.941406
-0.894531
-0.988281
0.949188
0.996063
-0.902344
-0.917969
-0.996094
0.964813
-0.988281
-0.972656
-0.964844
-0.957031
-0.964844
-0.996094
-0.996094
-0.996094
-0.988281
-0.910156
-0.902344
0.972626
0.902313
-0.980469
-0.839844
-0.902344
0.925751
0.941376
-0.925781
-0.878906
-0.957031
0.925751
0.941376
-0.941406
-0.847656
-0.910156
0.949188
0.917938
-0.996094
-0.933594
-0.917969
-0.925781
-0.996094
0.949188
-0.996094
-0.917969
-0.941406
0.996063
0.996063
-0.957031
-0.949219
-0.980469
-0.996094
-0.964844
-0.988281
-0.996094
-0.964844
-0.910156
-0.972656
0.972626
-0.996094
-0.949219
-0.980469
-0.996094
-0.949219
-0.917969
-0.972656
0.972626
0.972626
-0.933594
-0.871094
-0.949219
0.957001
0.972626
-0.964844
-0.917969
-0.941406
-0.980469
-0.996094
-0.980469
-0.957031
-0.941406
-0.957031
-0.980469
-0.996094
-0.980469
-0.941406
-0.949219
-0.980469
-0.996094
-0.980469
-0.925781
-0.925781
-0.996094
0.980438
-0.964844
-0.917969
-0.957031
-0.996094
0.996063
-0.996094
-0.972656
-0.933594
-0.941406
-0.988281
0.957001
0.972626
-0.957031
-0.902344
-0.941406
-0.996094
0.980438
-0.996094
-0.957031
-0.941406
-0.972656
0.996063
-0.988281
-0.941406
-0.957031
0.988251
0.988251
-0.996094
-0.996094
-0.933594
-0.933594
0.996063
0.957001
0.996063
-0.957031
-0.925781
-0.941406
-0.980469
0.972626
0.957001
-0.972656
-0.886719
-0.949219
0.988251
0.980438
0.996063
-0.988281
-0.925781
-0.917969
0.996063
0.949188
-0.980469
-0.902344
-0.949219
0.957001
0.996063
-0.925781
-0.925781
0.996063
0.972626
-0.957031
-0.886719
-0.933594
0.964813
0.964813
-0.972656
-0.941406
-0.949219
-0.941406
-0.996094
-0.996094
0.996063
-0.964844
-0.941406
-0.980469
-0.996094
-0.941406
-0.886719
-0.933594
0.933563
0.925751
-0.972656
-0.863281
-0.855469
-0.957031
0.933563
0.933563
-0.972656
-0.886719
-0.886719
-0.964844
0.957001
0.988251
-0.925781
-0.886719
-0.933594
0.972626
0.964813
-0.972656
-0.925781
-0.925781
-0.957031
0.988251
0.988251
-0.957031
-0.910156
-0.972656
0.996063
0.996063
-0.964844
-0.917969
-0.917969
-0.996094
0.933563
0.996063
-0.917969
-0.925781
-0.996094
-0.988281
-0.949219
-0.972656
0.996063
-0.988281
-0.941406
-0.964844
-0.996094
-0.980469
-0.917969
-0.957031
0.933563
0.933563
-0.910156
-0.839844
-0.964844
0.894501
0.933563
-0.925781
-0.863281
-0.933594
0.949188
0.886688
-0.996094
-0.824219
-0.871094
0.878876
0.855438
-0.894531
-0.808594
-0.996094
0.910126
0.996063
-0.972656
-0.933594
-0.933594
0.988251
0.933563
-0.964844
-0.871094
-0.933594
0.957001
0.917938
-0.996094
-0.894531
-0.902344
-0.988281
0.957001
-0.996094
-0.925781
-0.980469
0.980438
-0.949219
-0.910156
-0.996094
0.957001
-0.988281
-0.917969
-0.933594
-0.996094
0.949188
-0.996094
-0.902344
-0.902344
-0.988281
0.972626
0.996063
-0.957031
-0.910156
-0.949219
0.988251
-0.988281
-0.941406
-0.980469
-0.996094
-0.941406
-0.917969
-0.996094
0.980438
-0.941406
-0.910156
-0.980469
0.980438
-0.988281
-0.902344
-0.902344
-0.972656
0.949188
0.941376
-0.941406
-0.847656
-0.910156
0.980438
0.949188
-0.972656
-0.902344
-0.949219
0.988251
0.996063
-0.917969
-0.902344
-0.996094
0.972626
-0.964844
-0.964844
0.988251
-0.996094
-0.957031
-0.949219
-0.957031
-0.996094
0.980438
-0.980469
-0.925781
-0.910156
-0.980469
0.972626
-0.972656
-0.933594
-0.996094
-0.996094
-0.910156
-0.957031
0.957001
-0.996094
-0.917969
-0.964844
0.957001
0.996063
-0.949219
-0.957031
-0.996094
-0.996094
-0.949219
-0.949219
0.964813
0.949188
-0.980469
-0.894531
-0.910156
0.988251
0.925751
-0.996094
-0.910156
-0.957031
0.949188
-0.972656
-0.910156
-0.964844
0.980438
0.996063
-0.988281
-0.964844
-0.917969
-0.917969
0.988251
0.894501
0.980438
-0.847656
-0.855469
0.996063
0.941376
-0.972656
-0.957031
0.988251
-0.957031
-0.910156
-0.980469
0.988251
-0.980469
-0.980469
-0.996094
-0.972656
-0.917969
-0.925781
-0.996094
0.964813
-0.949219
-0.910156
-0.996094
0.964813
-0.925781
-0.886719
-0.996094
0.949188
-0.972656
-0.894531
-0.933594
-0.972656
-0.996094
0.964813
-0.988281
-0.832031
-0.847656
0.925751
0.894501
-0.902344
-0.824219
-0.964844
0.972626
0.996063
-0.996094
-0.964844
-0.910156
-0.917969
-0.996094
0.949188
0.972626
-0.917969
-0.871094
-0.957031
0.949188
0.996063
-0.933594
-0.964844
-0.996094
-0.972656
-0.980469
-0.988281
-0.949219
-0.980469
0.980438
-0.996094
-0.910156
-0.894531
0.988251
0.925751
-0.996094
-0.917969
-0.925781
-0.964844
-0.996094
0.980438
0.972626
-0.957031
-0.902344
-0.957031
-0.996094
0.996063
-0.996094
0.988251
-0.949219
-0.886719
-0.988281
0.910126
0.957001
-0.894531
-0.886719
-0.972656
0.972626
-0.996094
-0.964844
-0.964844
-0.996094
-0.957031
-0.917969
0.996063
0.925751
-0.996094
-0.871094
-0.902344
0.988251
0.964813
0.988251
-0.980469
-0.917969
-0.886719
-0.996094
0.910126
0.964813
-0.917969
-0.886719
-0.941406
0.988251
0.964813
0.996063
-0.910156
-0.886719
-0.988281
0.917938
-0.996094
-0.863281
-0.925781
0.964813
0.972626
-0.949219
-0.933594
-0.964844
-0.980469
-0.980469
-0.996094
-0.957031
-0.910156
-0.980469
0.957001
-0.980469
-0.878906
-0.910156
0.980438
0.957001
-0.980469
-0.941406
-0.941406
-0.933594
-0.941406
0.988251
0.949188
-0.980469
-0.871094
-0.902344
-0.996094
0.957001
0.964813
-0.949219
-0.902344
-0.933594
0.988251
0.980438
-0.980469
-0.949219
-0.964844
0.972626
0.996063
-0.941406
-0.910156
-0.941406
-0.996094
0.980438
-0.996094
-0.933594
-0.925781
-0.972656
0.980438
-0.996094
-0.925781
-0.941406
-0.988281
-0.980469
-0.996094
0.972626
-0.996094
-0.902344
-0.910156
0.980438
0.980438
-0.996094
-0.996094
-0.957031
-0.878906
-0.957031
0.886688
0.925751
-0.878906
-0.808594
-0.988281
0.894501
0.964813
-0.941406
-0.917969
-0.949219
-0.996094
0.972626
0.996063
-0.972656
-0.941406
-0.949219
-0.980469
-0.996094
-0.996094
0.996063
-0.988281
-0.917969
-0.957031
0.980438
-0.988281
-0.925781
-0.964844
0.980438
-0.980469
-0.925781
-0.972656
-0.996094
-0.988281
-0.972656
-0.941406
-0.949219
0.996063
-0.996094
-0.917969
-0.910156
0.957001
0.941376
-0.941406
-0.855469
-0.972656
0.949188
-0.988281
-0.910156
-0.980469
0.996063
-0.941406
-0.933594
-0.996094
-0.996094
-0.941406
-0.949219
-0.980469
-0.972656
-0.972656
-0.996094
-0.972656
-0.949219
-0.988281
-0.996094
-0.949219
-0.964844
-0.972656
-0.933594
-0.980469
0.964813
-0.988281
-0.902344
-0.949219
0.988251
0.996063
-0.964844
-0.949219
-0.957031
-0.996094
-0.988281
-0.964844
-0.996094
-0.996094
-0.933594
-0.910156
0.988251
0.980438
-0.964844
-0.957031
-0.988281
-0.957031
-0.980469
-0.996094
-0.964844
-0.933594
-0.980469
0.972626
0.996063
-0.933594
-0.878906
-0.949219
0.949188
0.917938
0.988251
-0.878906
-0.847656
-0.972656
0.933563
0.949188
-0.988281
-0.941406
-0.925781
-0.933594
-0.972656
-0.996094
0.996063
-0.996094
-0.972656
-0.949219
-0.949219
-0.949219
-0.988281
0.941376
-0.980469
-0.917969
-0.949219
0.996063
-0.996094
-0.949219
-0.957031
0.988251
0.957001
-0.996094
-0.863281
-0.871094
0.972626
0.886688
-0.996094
-0.886719
-0.894531
-0.980469
0.972626
-0.996094
-0.957031
-0.972656
-0.972656
-0.949219
-0.949219
-0.996094
-0.996094
-0.988281
-0.933594
-0.925781
-0.972656
-0.996094
-0.988281
-0.980469
-0.980469
-0.972656
-0.949219
-0.972656
-0.988281
-0.972656
-0.988281
-0.996094
-0.996094
-0.972656
-0.910156
-0.894531
-0.980469
0.933563
0.972626
-0.933594
-0.933594
-0.949219
-0.941406
-0.972656
0.996063
-0.980469
-0.941406
-0.964844
-0.996094
-0.972656
-0.949219
-0.980469
0.957001
0.972626
-0.957031
-0.933594
-0.964844
-0.972656
-0.964844
-0.980469
0.996063
-0.996094
-0.925781
-0.886719
-0.972656
0.972626
-0.996094
-0.941406
-0.949219
-0.957031
-0.957031
-0.996094
0.980438
0.964813
0.980438
-0.949219
-0.855469
-0.894531
0.964813
0.902313
0.996063
-0.910156
-0.941406
-0.972656
-0.972656
-0.996094
0.964813
-0.996094
-0.910156
-0.941406
-0.996094
-0.996094
-0.972656
-0.949219
-0.941406
-0.972656
-0.996094
-0.988281
-0.964844
-0.972656
-0.988281
-0.996094
-0.980469
-0.972656
-0.996094
-0.972656
-0.917969
-0.910156
-0.964844
-0.972656
-0.949219
0.886688
0.636688
0.863251
-0.371094
-0.105469
0.988251
0.183563
0.535126
-0.675781
-0.386719
-0.628906
0.988251
0.660126
0.605438
0.957001
-0.589844
-0.652344
0.847626
0.785126
-0.746094
-0.730469
0.714813
0.636688
-0.816406
-0.597656
-0.941406
0.902313
-0.949219
-0.980469
0.800751
0.871063
-0.714844
-0.535156
-0.855469
0.652313
0.402313
0.730438
-0.480469
0.105469
-0.308594
0.550751
0.0116882
0.464813
-0.480469
0.0898438
-0.433594
0.667938
0.308563
0.636688
-0.832031
-0.613281
-0.753906
0.988251
0.800751
0.714813
0.925751
-0.542969
-0.441406
0.753876
0.222626
0.941376
-0.277344
-0.660156
0.777313
0.886688
0.933563
0.738251
-0.980469
-0.511719
-0.691406
0.730438
0.519501
0.886688
-0.628906
-0.535156
-0.910156
0.746063
0.730438
0.910126
-0.917969
-0.800781
-0.878906
0.964813
0.910126
0.988251
-0.949219
-0.949219
-0.964844
-0.996094
0.980438
0.988251
-0.972656
-0.917969
-0.886719
-0.957031
0.886688
0.800751
0.988251
-0.714844
-0.691406
-0.996094
0.675751
0.707001
-0.816406
-0.503906
-0.855469
0.714813
0.769501
-0.917969
-0.808594
-0.878906
-0.996094
0.941376
0.972626
-0.972656
-0.972656
-0.964844
-0.933594
-0.949219
-0.996094
0.996063
-0.980469
-0.933594
-0.949219
0.988251
0.941376
-0.996094
-0.910156
-0.886719
-0.925781
0.972626
0.917938
0.957001
-0.957031
-0.894531
-0.917969
-0.957031
0.980438
0.949188
-0.996094
-0.902344
-0.925781
0.949188
0.941376
-0.933594
-0.863281
-0.964844
0.941376
0.964813
-0.964844
-0.933594
-0.933594
-0.964844
-0.996094
-0.988281
-0.996094
0.972626
-0.988281
-0.933594
-0.957031
-0.996094
-0.980469
-0.957031
-0.957031
-0.980469
-0.996094
-0.972656
-0.941406
-0.949219
-0.996094
-0.972656
-0.941406
-0.957031
-0.996094
0.988251
-0.988281
-0.941406
-0.941406
-0.988281
0.996063
-0.988281
-0.964844
-0.972656
-0.980469
-0.964844
-0.949219
-0.980469
-0.988281
-0.988281
-0.949219
-0.957031
-0.949219
-0.949219
-0.949219
0.996063
0.972626
-0.996094
-0.925781
-0.933594
-0.972656
-0.996094
-0.972656
-0.964844
-0.988281
-0.988281
-0.949219
-0.941406
-0.949219
-0.996094
0.980438
-0.996094
-0.933594
-0.902344
-0.941406
-0.996094
0.972626
-0.996094
-0.949219
-0.957031
-0.972656
-0.957031
-0.972656
-0.996094
-0.972656
-0.964844
-0.964844
-0.949219
-0.972656
-0.988281
0.996063
-0.980469
-0.949219
-0.941406
-0.949219
-0.980469
0.988251
-0.996094
-0.972656
-0.957031
-0.949219
-0.972656
-0.988281
-0.996094
-0.996094
-0.964844
-0.933594
-0.941406
-0.980469
0.988251
0.996063
-0.972656
-0.949219
-0.949219
-0.972656
-0.988281
-0.988281
-0.980469
-0.988281
-0.996094
-0.980469
-0.949219
-0.941406
-0.964844
-0.980469
-0.980469
-0.988281
-0.996094
-0.972656
-0.957031
-0.949219
-0.980469
-0.996094
-0.988281
-0.949219
-0.941406
-0.980469
-0.988281
-0.980469
-0.964844
-0.964844
-0.957031
-0.972656
-0.980469
-0.980469
-0.972656
-0.941406
-0.972656
-0.996094
-0.980469
-0.949219
-0.933594
-0.957031
-0.996094
-0.996094
-0.988281
-0.941406
-0.917969
-0.949219
-0.988281
-0.996094
-0.996094
-0.980469
-0.941406
-0.925781
-0.957031
-0.996094
0.988251
-0.996094
-0.964844
-0.941406
-0.949219
-0.972656
-0.996094
-0.988281
-0.964844
-0.941406
-0.941406
-0.957031
-0.996094
-0.980469
-0.964844
-0.964844
-0.980469
-0.988281
-0.964844
-0.957031
-0.957031
-0.996094
-0.996094
-0.964844
-0.933594
-0.957031
-0.964844
-0.980469
-0.996094
-0.996094
-0.972656
-0.949219
-0.964844
-0.996094
-0.996094
-0.972656
-0.957031
-0.964844
-0.972656
-0.988281
-0.980469
-0.996094
-0.988281
-0.964844
-0.941406
-0.972656
-0.996094
-0.996094
-0.988281
-0.980469
-0.964844
-0.949219
-0.957031
-0.980469
-0.996094
-0.996094
-0.988281
-0.941406
-0.941406
-0.996094
-0.996094
-0.996094
-0.980469
-0.957031
-0.988281
-0.996094
-0.988281
-0.972656
-0.972656
-0.957031
-0.949219
-0.980469
-0.972656
-0.972656
-0.972656
-0.964844
-0.949219
-0.941406
-0.972656
-0.980469
-0.996094
-0.996094
-0.980469
-0.964844
-0.972656
-0.972656
-0.980469
-0.996094
-0.972656
-0.964844
-0.972656
-0.980469
-0.964844
-0.972656
-0.972656
0.996063
-0.972656
-0.949219
-0.972656
-0.972656
-0.980469
-0.980469
-0.972656
-0.964844
-0.972656
-0.964844
-0.980469
-0.988281
-0.980469
-0.957031
-0.964844
-0.972656
-0.980469
-0.980469
-0.964844
-0.964844
-0.964844
-0.964844
-0.972656
-0.980469
-0.980469
-0.972656
-0.964844
-0.964844
-0.980469
-0.996094
-0.996094
-0.980469
-0.964844
-0.972656
-0.980469
-0.980469
-0.980469
-0.972656
-0.972656
-0.980469
-0.964844
-0.972656
-0.988281
-0.980469
-0.996094
-0.980469
-0.980469
-0.972656
-0.972656
-0.980469
-0.980469
-0.980469
-0.988281
-0.996094
-0.996094
-0.972656
-0.972656
-0.964844
-0.972656
-0.972656
-0.988281
-0.980469
-0.972656
-0.972656
-0.988281
-0.972656
-0.972656
-0.980469
-0.972656
-0.972656
-0.972656
-0.980469
-0.980469
-0.972656
-0.972656
-0.980469
-0.980469
-0.957031
-0.957031
-0.980469
-0.996094
-0.988281
-0.957031
-0.957031
-0.988281
-0.988281
-0.980469
-0.972656
-0.964844
-0.964844
-0.964844
-0.972656
-0.980469
-0.964844
-0.964844
-0.972656
-0.972656
-0.972656
-0.957031
-0.972656
-0.972656
-0.972656
-0.957031
-0.964844
-0.980469
-0.988281
-0.980469
-0.964844
-0.949219
-0.957031
-0.980469
-0.980469
-0.988281
-0.964844
-0.949219
-0.949219
-0.964844
-0.972656
-0.980469
-0.972656
-0.964844
-0.964844
-0.972656
-0.980469
-0.980469
-0.972656
-0.980469
-0.964844
-0.949219
-0.964844
-0.980469
-0.988281
-0.972656
-0.972656
-0.980469
-0.972656
-0.972656
-0.972656
-0.972656
-0.980469
-0.964844
-0.964844
-0.964844
-0.988281
-0.996094
-0.980469
-0.980469
-0.972656
-0.972656
-0.972656
-0.980469
-0.988281
-0.972656
-0.964844
-0.964844
-0.980469
-0.996094
-0.988281
-0.957031
-0.957031
-0.980469
-0.996094
-0.988281
-0.972656
-0.964844
-0.964844
-0.988281
-0.996094
-0.988281
-0.972656
-0.972656
-0.972656
-0.972656
-0.980469
-0.980469
-0.972656
-0.972656
-0.980469
-0.980469
-0.972656
-0.980469
-0.996094
-0.980469
-0.980469
-0.980469
-0.972656
-0.988281
-0.972656
-0.964844
-0.964844
-0.972656
-0.972656
-0.972656
-0.972656
-0.964844
-0.964844
-0.949219
-0.964844
-0.980469
-0.988281
-0.972656
-0.988281
-0.972656
-0.964844
-0.972656
-0.980469
-0.996094
-0.980469
-0.957031
-0.957031
-0.957031
-0.980469
-0.988281
-0.988281
-0.964844
-0.957031
-0.972656
-0.980469
-0.972656
-0.980469
-0.988281
-0.996094
-0.988281
-0.964844
-0.972656
-0.964844
-0.972656
-0.988281
-0.980469
-0.972656
-0.964844
-0.972656
-0.980469
-0.957031
-0.964844
-0.980469
-0.988281
-0.972656
-0.957031
-0.949219
-0.972656
-0.972656
-0.972656
-0.957031
-0.964844
-0.972656
-0.980469
-0.988281
-0.964844
-0.964844
-0.980469
-0.996094
-0.988281
-0.964844
-0.957031
-0.988281
-0.996094
-0.980469
-0.964844
-0.964844
-0.996094
-0.988281
-0.972656
-0.980469
-0.964844
-0.964844
-0.980469
-0.988281
-0.988281
-0.972656
-0.957031
-0.964844
-0.972656
-0.972656
-0.988281
-0.980469
-0.972656
-0.972656
-0.980469
-0.988281
-0.988281
-0.972656
-0.964844
-0.964844
-0.980469
-0.996094
-0.988281
-0.972656
-0.972656
-0.972656
-0.972656
-0.972656
-0.972656
-0.964844
-0.964844
-0.980469
-0.980469
-0.972656
-0.972656
-0.980469
-0.980469
-0.972656
-0.964844
-0.972656
-0.988281
-0.972656
-0.972656
-0.972656
-0.964844
-0.972656
-0.972656
-0.972656
-0.972656
-0.980469
-0.980469
-0.972656
-0.964844
-0.972656
-0.980469
-0.980469
-0.980469
-0.988281
-0.964844
-0.964844
-0.957031
-0.980469
-0.980469
-0.980469
-0.957031
-0.957031
-0.980469
-0.988281
-0.980469
-0.980469
-0.972656
-0.972656
-0.980469
-0.980469
-0.972656
-0.972656
-0.980469
-0.964844
0.498286
0.499143
0.500001
