125
125
125
126
126
125
34
126
125
125
125
125
125
125
125
125
125
125
125
125
125
125
125
126
125
125
125
125
125
125
125
125
125
125
125
125
125
125
125
125
125
125
125
125
125
125
125
125
125
125
125
125
125
125
125
125
125
125
125
125
125
125
125
125
125
125
125
125
125
125
125
125
125
125
125
125
125
125
125
125
125
125
125
125
125
126
125
125
125
126
125
126
126
126
126
126
126
126
126
126
126
125
126
126
126
126
126
126
126
126
126
126
125
126
126
126
126
126
126
126
125
126
126
125
126
126
126
126
126
126
126
126
126
126
126
126
126
126
126
126
126
126
126
126
126
126
126
126
126
126
126
126
126
125
125
126
125
126
126
126
126
126
126
126
125
126
125
126
126
126
126
126
126
126
125
125
125
125
126
126
126
125
126
126
126
125
126
126
125
125
125
126
126
126
126
126
126
125
125
125
126
126
125
125
125
126
126
126
126
126
126
126
125
126
125
125
125
126
126
126
125
126
126
126
126
126
126
126
125
125
126
126
125
126
126
126
125
126
125
125
126
126
126
125
125
126
125
126
126
126
126
126
126
125
126
126
126
126
125
126
126
125
126
126
126
126
125
126
126
126
126
126
126
126
126
126
126
126
126
126
126
126
126
126
126
126
126
126
126
126
126
126
126
126
126
126
126
126
126
125
125
126
126
126
126
126
126
126
125
125
125
125
125
125
125
125
125
125
125
125
125
126
126
125
126
125
125
125
125
125
125
125
125
125
125
125
126
126
125
126
125
125
125
126
126
125
125
125
125
125
125
125
125
125
125
125
125
125
125
125
125
125
125
125
125
125
125
125
125
125
125
125
125
125
125
125
125
125
125
125
125
125
125
125
125
125
125
125
125
125
125
125
125
125
125
125
125
125
125
126
125
125
125
125
125
125
125
125
125
125
125
125
125
125
125
125
125
126
126
125
123
123
125
127
128
128
127
124
123
124
125
126
126
125
126
125
125
124
124
125
126
126
125
125
125
125
125
125
125
126
125
123
125
126
127
126
125
125
126
126
126
126
126
125
125
125
126
126
127
127
125
123
123
125
127
126
124
126
126
127
126
126
124
124
125
127
126
125
126
127
126
126
126
126
126
126
125
124
124
125
127
128
127
126
125
125
126
125
125
125
125
125
126
127
128
127
124
122
123
126
128
127
126
126
126
126
125
124
124
125
127
128
126
124
124
125
127
128
127
125
124
125
125
124
124
124
124
125
126
126
125
125
128
129
125
123
126
130
127
123
123
125
125
124
123
126
130
128
124
123
125
128
127
128
132
126
103
97
150
202
140
7
35
191
239
107
80
195
190
129
161
46
174
7
255
255
62
255
14
255
255
33
255
19
255
255
130
73
89
140
180
157
99
75
87
97
128
177
171
116
90
104
121
137
141
123
113
124
128
119
119
129
129
126
124
120
117
122
130
132
126
124
129
133
123
112
121
135
130
119
122
133
133
122
113
116
128
136
131
122
119
124
131
133
128
122
120
122
128
128
125
120
121
126
130
129
126
127
128
127
126
126
124
123
123
123
123
124
126
129
129
126
124
124
125
125
125
124
125
128
128
126
124
124
125
126
125
124
124
125
126
127
128
127
126
126
125
123
121
122
127
132
131
123
117
117
124
130
131
131
129
125
122
121
123
125
127
126
125
125
126
127
126
123
121
122
126
129
129
127
126
125
124
124
124
124
124
125
125
125
125
125
126
126
127
127
126
126
125
125
125
125
125
124
124
125
125
125
125
126
127
124
125
125
125
125
125
126
126
126
126
125
126
126
126
125
124
125
126
126
126
126
127
127
126
125
125
126
126
125
126
126
126
126
126
125
125
125
125
126
126
125
126
126
126
126
125
126
126
125
125
125
125
125
125
125
125
126
126
126
126
126
125
125
125
126
126
125
124
125
126
126
126
126
126
125
125
125
126
125
125
125
125
125
126
126
126
125
125
126
126
125
125
125
125
126
125
125
125
125
125
125
125
125
126
125
125
126
126
126
125
125
125
125
126
125
124
125
125
125
125
125
125
125
125
125
125
126
126
126
126
126
126
125
125
125
125
125
125
125
125
125
126
126
126
125
125
125
126
125
124
125
125
125
126
126
125
125
126
126
125
126
126
125
125
125
125
125
126
126
125
125
126
126
126
125
126
126
126
125
125
125
126
126
125
126
125
125
126
126
125
125
126
126
125
125
124
125
126
126
125
125
126
126
126
125
125
126
125
125
125
126
125
125
125
125
125
128
127
126
125
125
125
125
125
124
125
126
126
125
125
125
125
125
125
125
125
125
125
125
126
125
125
125
125
125
126
125
125
125
125
126
126
125
125
125
125
125
125
125
125
125
125
125
125
126
125
125
125
125
125
125
125
125
125
125
125
125
125
125
125
126
126
125
125
125
125
125
126
125
125
125
125
125
125
126
125
125
125
125
125
125
125
125
125
125
125
125
125
125
125
125
125
125
125
125
125
125
125
125
125
125
126
125
125
125
125
125
129
123
122
125
125
125
126
126
126
126
126
126
125
126
126
125
125
126
126
126
126
125
125
120
125
126
126
127
127
127
127
127
126
126
125
126
126
126
126
126
125
126
126
125
125
125
125
126
126
126
126
126
126
126
126
126
126
126
126
125
126
126
126
126
126
126
126
126
123
124
124
126
126
127
127
127
126
126
126
126
126
125
125
126
125
126
126
125
125
125
126
126
126
126
126
126
126
126
125
126
125
126
126
125
125
125
125
125
125
125
125
126
126
126
125
125
125
125
125
126
126
126
126
126
125
126
125
125
126
126
126
125
126
125
125
126
125
126
125
125
125
126
125
126
126
126
126
126
126
126
125
126
125
125
126
126
125
125
125
125
126
126
126
125
126
126
126
126
126
125
125
125
125
125
125
126
126
126
126
125
125
126
126
125
125
125
125
126
126
126
126
125
126
126
126
126
126
125
126
126
126
126
126
126
125
125
125
125
126
126
125
125
126
125
125
125
126
126
131
126
125
125
125
124
124
126
125
124
125
126
125
126
125
126
126
125
126
125
126
126
126
126
126
131
126
125
125
124
124
123
125
124
125
126
126
126
126
125
125
126
126
126
124
124
126
126
125
125
124
125
125
125
125
125
126
126
126
125
126
125
125
126
126
124
124
125
126
125
126
125
125
126
126
125
125
125
126
126
125
125
126
126
127
126
125
125
125
125
126
126
125
124
124
125
126
125
125
125
124
126
126
126
126
125
125
125
125
126
125
125
125
125
125
125
124
126
126
125
126
127
126
126
125
126
126
125
126
125
125
126
125
126
127
125
124
125
125
125
125
125
125
124
125
126
125
125
125
125
126
126
126
125
126
125
125
125
125
125
125
125
125
125
126
126
125
122
124
124
125
125
125
125
125
125
126
125
126
126
126
126
126
126
136
127
116
125
125
125
127
126
126
126
126
125
125
125
125
124
125
125
125
126
126
125
117
82
128
126
131
130
132
130
130
130
129
127
127
126
126
126
126
127
127
128
127
127
127
127
126
126
126
127
127
126
127
126
127
127
125
126
126
125
126
126
126
126
126
126
126
126
116
123
124
125
126
128
128
130
129
127
126
127
127
126
126
125
125
126
126
126
127
126
125
125
124
126
125
125
125
125
126
126
125
126
126
126
126
125
125
125
124
124
125
125
127
126
126
127
126
125
126
124
124
124
125
125
125
126
125
125
125
127
126
126
126
126
126
125
125
125
125
125
126
125
125
126
125
126
125
125
126
125
125
126
126
125
126
125
126
126
125
126
125
126
126
125
125
125
125
126
126
125
127
126
125
127
125
126
126
125
126
125
125
126
124
126
126
126
33
126
126
126
126
126
126
126
126
126
126
126
126
126
126
126
126
126
126
126
126
126
126
126
126
126
126
126
125
126
126
125
126
125
126
126
126
125
126
126
126
126
125
126
126
126
126
126
125
126
125
125
126
126
126
126
126
126
126
126
126
126
126
126
126
126
126
126
126
126
126
126
126
125
126
125
125
125
126
126
126
125
125
126
126
126
126
126
126
126
126
126
126
126
125
126
125
125
126
126
126
126
126
125
126
125
126
126
126
125
126
126
126
126
126
126
126
126
126
125
125
125
126
126
126
126
126
126
126
126
126
126
126
126
126
126
126
126
126
126
126
126
126
126
125
126
126
126
126
126
126
126
126
126
126
125
126
126
125
126
126
125
126
125
125
125
126
126
126
125
125
125
126
126
125
125
125
125
125
125
126
126
126
126
125
125
125
126
125
125
125
125
126
125
125
125
125
125
125
126
125
125
125
125
126
125
125
125
125
125
125
125
125
125
125
125
125
125
125
125
125
125
125
125
125
126
125
125
125
125
125
125
126
125
125
125
126
125
126
126
126
125
126
125
125
125
125
125
125
126
125
125
125
125
126
125
125
125
125
125
125
126
125
125
125
125
125
125
125
125
125
125
125
125
125
125
125
125
125
126
125
125
126
125
125
126
125
126
125
125
125
125
125
125
125
126
125
125
125
126
125
125
125
125
125
125
125
125
125
125
125
125
125
126
125
125
125
126
126
125
125
126
125
126
125
125
125
125
125
125
125
125
125
125
125
125
125
125
125
125
125
125
125
125
125
125
126
125
125
125
125
125
125
125
125
