125
125
126
125
125
124
37
125
125
125
125
125
126
125
125
125
125
125
125
125
125
125
125
125
125
125
125
125
125
125
125
125
125
125
125
125
125
125
125
125
125
125
125
125
125
125
125
125
125
125
125
125
125
125
126
125
125
125
125
125
125
125
125
125
125
125
125
125
125
125
125
126
125
125
125
125
125
125
125
125
125
125
125
125
125
125
125
125
125
125
125
125
125
125
125
125
125
125
125
125
125
125
125
125
125
125
125
126
125
125
125
125
125
125
125
125
125
125
125
125
125
125
125
125
125
125
125
125
125
125
125
125
125
125
125
125
125
125
125
125
125
125
125
125
125
125
125
125
125
125
125
125
125
125
125
125
125
125
125
125
125
125
125
125
125
125
125
125
125
125
125
125
126
125
125
125
125
125
125
126
125
125
125
125
125
125
125
125
125
125
125
125
125
125
125
125
125
125
125
125
125
125
125
125
125
125
125
125
125
125
125
125
125
125
125
125
125
125
126
125
125
125
125
125
125
125
125
125
125
125
125
125
125
125
125
125
125
126
125
125
125
126
125
125
125
125
125
125
125
125
125
125
125
125
125
125
124
125
125
125
126
126
126
126
126
126
126
126
126
125
125
125
126
126
126
126
126
126
126
126
126
125
125
126
125
125
125
125
125
125
126
126
126
126
126
126
126
125
125
125
126
125
126
125
125
125
125
126
126
126
125
126
126
126
125
125
125
125
125
125
125
125
126
125
125
125
125
126
126
126
125
125
125
126
125
126
125
125
125
125
125
126
125
125
125
125
126
126
125
125
125
125
125
125
125
125
125
125
125
125
126
125
126
126
126
125
125
125
125
125
125
125
125
125
126
125
125
126
126
125
126
125
125
125
126
125
125
125
125
125
125
125
125
125
125
125
125
125
125
125
125
126
126
125
125
126
125
125
126
126
125
125
125
126
126
126
126
125
126
126
126
126
125
125
125
125
125
125
125
125
125
126
126
126
126
126
127
126
126
125
125
125
125
125
125
125
126
125
126
126
125
125
125
125
125
125
125
125
125
125
126
125
125
125
125
126
126
126
125
126
125
125
125
126
125
125
126
126
125
125
125
125
125
125
125
125
125
125
125
125
125
125
125
125
125
125
125
125
125
125
125
125
125
125
125
125
125
125
125
125
125
125
125
125
125
125
125
125
125
125
125
125
125
125
125
125
125
125
125
125
125
125
125
126
125
125
125
125
125
125
125
125
125
125
125
125
125
125
125
125
126
125
125
125
125
125
125
125
126
125
125
125
125
126
125
123
123
125
129
131
131
128
126
127
124
114
108
112
121
130
134
130
126
135
142
132
119
122
131
119
120
156
140
61
49
152
203
150
127
107
54
64
177
255
192
47
10
62
246
255
130
52
13
184
230
150
138
140
69
51
157
192
110
76
116
151
133
93
103
152
153
123
130
136
105
95
122
137
135
136
131
113
95
101
135
167
154
113
106
133
143
123
103
102
113
127
141
144
133
117
113
130
145
137
115
111
121
125
122
121
124
127
129
129
129
130
129
126
123
122
123
128
130
126
118
114
120
130
136
133
124
120
124
130
131
127
121
120
123
125
125
125
126
127
126
125
126
125
124
125
129
131
129
125
123
124
126
127
124
120
120
124
128
130
128
125
124
125
126
126
126
125
125
125
126
126
125
123
124
126
127
127
127
126
125
126
126
125
124
123
124
125
126
126
126
125
126
127
126
125
124
125
125
125
124
124
124
126
127
127
126
125
124
126
127
127
127
126
125
124
124
124
124
125
126
126
126
125
125
126
125
125
125
125
125
125
125
125
126
126
126
128
127
126
125
125
125
125
124
124
124
125
124
124
125
125
127
127
127
127
126
125
125
124
124
124
124
124
124
125
125
126
126
127
126
126
126
125
125
125
125
126
125
126
126
126
125
125
125
125
125
124
125
125
125
125
125
125
126
126
126
126
125
125
125
125
125
125
125
126
125
126
126
126
126
126
125
125
125
125
125
126
126
125
124
125
126
125
124
124
125
126
126
125
125
125
125
125
125
125
125
125
125
126
126
126
126
126
125
126
127
125
124
125
125
125
125
126
125
125
125
126
126
125
125
124
125
125
125
125
125
125
125
125
126
125
125
125
126
126
127
126
125
125
125
125
125
125
125
127
123
124
125
125
125
126
127
126
125
124
125
126
126
124
125
126
125
125
125
125
126
126
125
125
126
126
125
125
125
125
126
127
126
125
125
126
126
126
125
125
125
125
125
126
126
124
124
125
126
126
126
126
125
125
125
126
126
126
126
125
125
124
125
126
126
125
125
122
124
126
127
126
126
126
126
126
126
124
124
126
126
125
125
124
125
126
127
127
126
126
125
125
126
125
124
124
125
126
126
125
125
125
126
125
125
125
125
125
125
125
125
125
125
125
125
125
126
126
126
126
125
125
126
126
125
126
125
126
126
125
125
125
125
125
125
125
125
125
125
125
125
125
125
125
126
126
126
125
125
125
125
126
125
125
125
125
124
125
126
125
126
126
126
127
126
125
125
125
125
125
126
126
124
124
126
126
126
125
125
125
124
125
125
126
125
125
125
125
126
125
125
125
125
126
126
126
126
126
126
126
126
125
124
124
124
125
125
126
126
126
126
125
126
126
126
125
127
127
126
125
125
124
124
125
125
125
125
125
125
125
125
125
125
125
125
125
125
125
125
125
126
125
125
125
125
125
125
125
125
125
125
126
126
126
126
126
125
126
125
125
125
125
125
125
125
125
125
125
125
125
125
126
126
126
125
125
125
125
125
125
125
125
125
125
125
125
125
125
125
125
125
125
126
126
125
125
125
125
125
125
125
126
126
125
126
126
126
126
125
126
125
125
125
124
124
124
124
125
125
125
125
126
126
127
126
126
126
128
124
120
124
126
124
126
126
126
126
126
126
126
126
125
125
125
125
125
125
113
116
127
125
127
128
128
128
127
127
127
126
126
126
126
126
126
126
126
126
126
126
126
126
126
126
126
126
126
126
126
126
126
126
126
126
126
125
125
125
125
124
125
126
126
126
126
126
124
123
125
125
125
127
126
126
128
127
125
124
126
127
127
126
126
125
126
126
126
126
125
124
124
125
125
125
125
124
125
126
127
127
127
127
126
126
126
125
124
124
124
125
125
126
126
126
126
127
126
126
126
125
125
125
126
125
125
125
126
125
126
126
125
125
126
126
126
126
125
125
125
125
125
125
126
125
125
126
125
125
125
125
125
125
125
126
125
126
126
126
126
126
126
126
126
125
125
125
125
125
125
125
125
126
126
126
126
126
125
125
125
125
126
125
126
126
126
125
125
125
125
125
125
125
126
126
126
126
126
125
125
126
126
126
125
125
125
126
126
125
125
126
126
126
126
126
126
125
132
128
127
126
123
120
121
122
123
125
125
124
125
127
128
127
127
127
126
127
126
126
128
129
125
125
124
122
122
125
125
123
125
128
125
123
124
126
128
127
123
123
125
127
126
124
123
126
128
127
125
125
126
125
122
122
126
128
126
124
126
126
124
123
125
126
127
126
124
124
124
125
128
127
126
125
123
125
127
126
126
123
121
123
127
128
126
124
125
126
127
127
125
124
124
123
125
126
125
122
123
126
129
128
126
125
123
123
126
127
127
124
128
76
130
123
127
124
129
131
129
128
129
129
129
128
126
127
127
126
124
123
125
126
127
127
127
126
127
127
127
126
125
125
125
125
126
126
127
127
126
126
126
126
126
126
125
126
125
125
125
124
125
124
125
125
125
125
126
125
125
125
126
126
125
124
125
126
126
128
112
124
124
127
129
131
128
128
127
127
127
125
126
126
126
126
125
125
126
126
125
36
125
125
125
125
125
125
125
125
125
125
125
125
125
125
125
125
125
125
125
125
125
125
125
125
126
125
125
125
125
125
126
125
126
126
126
126
125
125
125
125
125
125
125
125
125
126
125
125
125
125
125
125
125
125
125
125
125
126
125
125
125
125
125
125
125
126
126
125
126
126
126
126
126
126
126
126
126
126
126
126
126
126
125
126
125
126
126
126
125
126
125
125
125
125
126
126
126
126
125
126
126
125
126
126
126
125
125
125
125
125
125
125
125
125
125
126
126
125
125
126
126
125
125
126
125
125
126
125
125
125
125
126
125
125
125
125
125
126
125
125
126
126
126
126
126
126
125
126
125
125
126
125
125
125
126
125
126
125
126
125
125
126
126
125
125
125
125
125
125
125
125
125
125
126
125
125
125
126
125
126
126
125
125
126
125
125
125
126
125
125
126
125
126
126
126
125
126
125
123
129
125
125
125
125
125
125
126
126
126
126
126
125
125
125
125
125
125
125
125
125
125
125
125
125
125
125
126
125
126
126
125
125
126
126
126
125
125
125
125
126
126
126
125
125
125
125
125
125
125
126
125
125
125
125
125
126
126
125
125
125
125
125
125
126
125
126
125
125
125
125
125
125
125
125
125
125
125
125
125
125
125
125
126
125
125
126
126
125
125
125
125
125
125
125
125
125
125
125
125
125
125
125
125
125
125
125
125
125
125
125
125
125
125
125
125
125
125
125
125
125
125
125
125
125
125
125
125
125
125
125
125
125
125
125
125
125
125
125
125
125
125
125
125
125
125
125
125
125
125
125
125
125
125
125
