126
124
124
125
124
124
56
125
125
126
126
125
125
125
125
125
125
125
125
125
126
126
126
125
125
125
125
125
125
125
125
125
125
125
126
125
125
125
125
125
125
126
125
125
125
125
125
125
125
125
125
125
126
125
125
125
125
125
125
125
125
125
125
125
125
125
125
125
125
125
125
125
125
125
125
125
125
125
125
125
125
125
125
125
125
125
125
125
125
125
125
125
125
125
125
125
125
125
125
125
125
126
125
125
125
125
125
125
125
125
125
126
126
126
125
125
125
125
125
125
125
125
126
126
125
125
125
125
125
125
125
125
125
125
125
125
125
125
125
125
125
125
125
125
125
125
125
125
125
125
125
125
125
125
125
125
125
125
125
125
125
125
125
125
125
125
125
125
125
126
125
125
125
126
125
125
125
125
125
125
125
125
125
125
125
125
126
126
125
125
125
125
125
125
125
125
125
125
125
125
125
125
125
125
125
125
125
125
125
125
125
125
125
125
125
125
125
125
125
125
125
125
125
126
125
125
125
125
125
125
125
125
125
125
125
125
125
125
125
125
125
125
125
125
125
125
125
125
125
125
125
125
125
125
125
125
125
125
125
125
125
125
125
125
125
125
125
125
125
125
125
125
125
125
125
125
125
125
125
125
125
125
125
125
125
125
125
125
125
125
125
125
125
125
125
125
125
125
125
125
125
125
125
125
125
125
125
126
125
125
125
125
125
125
125
126
126
125
125
125
125
125
126
126
125
125
125
125
125
125
125
125
125
126
125
125
125
125
125
125
125
125
125
126
125
126
125
125
125
125
125
125
125
125
125
125
125
126
125
125
125
125
125
125
125
125
125
125
126
125
125
125
126
126
125
125
125
125
125
125
125
125
125
126
125
125
125
125
125
125
125
125
125
125
125
125
125
125
125
125
125
125
125
125
125
125
125
125
125
125
125
125
125
125
125
125
125
125
125
125
125
125
125
126
125
125
125
125
125
125
125
125
125
125
125
126
125
125
125
125
125
125
125
125
125
125
125
125
126
125
126
125
125
125
125
125
125
125
125
125
125
126
125
125
125
125
125
125
125
125
126
125
125
125
125
125
125
125
125
125
125
125
124
122
121
124
131
141
150
145
112
76
75
105
137
156
165
168
152
114
77
78
132
150
134
96
103
118
156
212
162
55
38
103
155
167
174
159
76
27
118
255
230
35
14
104
223
187
72
43
123
200
188
123
81
85
118
143
125
106
125
144
130
109
109
124
139
137
129
123
120
118
123
131
127
120
124
133
134
127
120
114
116
126
133
127
115
116
127
133
128
122
126
131
129
122
119
122
127
130
128
123
122
126
130
128
122
120
125
131
131
125
121
119
123
126
127
126
125
125
126
126
126
126
128
127
125
124
124
125
124
124
125
126
127
126
126
126
127
126
126
126
126
126
126
126
125
123
123
124
125
128
128
128
127
125
123
124
125
126
126
126
126
127
127
127
125
125
125
125
125
125
125
126
126
126
125
124
124
124
127
128
127
126
125
125
125
125
125
126
127
127
128
126
125
124
123
124
124
124
124
125
127
127
127
128
127
127
126
125
125
125
124
124
125
126
126
126
126
127
127
126
125
125
125
125
125
125
125
125
125
125
126
126
127
127
126
126
125
125
125
125
126
126
125
126
126
126
125
125
125
126
126
126
126
126
125
125
126
125
125
125
126
126
126
126
126
125
126
125
125
125
125
125
126
126
125
125
125
126
126
126
126
126
125
125
125
125
125
125
125
125
126
125
126
125
125
126
126
126
126
126
126
125
126
126
126
126
126
126
125
125
125
125
126
125
125
125
125
125
126
126
125
125
126
126
126
127
126
125
125
126
125
125
125
125
125
125
125
125
126
127
126
125
125
126
125
126
126
126
125
125
125
125
126
126
126
125
126
126
125
126
125
126
125
125
125
125
125
126
125
126
126
128
126
125
125
124
124
125
125
124
124
125
125
125
125
126
126
126
126
125
125
125
125
125
125
125
125
125
125
125
125
126
126
128
123
125
126
126
125
126
125
126
125
125
125
125
126
126
126
125
125
126
126
126
125
125
125
125
125
125
125
125
125
125
125
126
125
126
126
125
125
126
126
125
126
126
125
125
125
126
126
125
125
126
126
125
126
125
125
125
126
126
127
125
126
125
125
125
125
126
123
125
125
126
125
126
126
126
126
125
125
125
126
126
125
125
126
126
126
126
125
125
125
125
125
126
125
125
125
125
125
125
125
125
125
125
125
126
126
126
125
125
125
126
125
126
125
126
125
125
125
125
125
125
125
125
125
125
126
125
125
125
125
125
126
126
126
126
126
125
125
125
126
126
126
125
125
126
125
125
126
125
126
125
125
125
125
125
125
125
126
125
125
126
125
126
125
125
125
126
126
125
125
126
126
125
125
125
125
125
125
126
126
126
125
125
125
125
125
125
125
125
125
125
125
125
126
125
126
126
126
125
125
125
125
125
123
137
126
122
119
120
123
125
127
128
128
128
129
127
126
124
124
123
124
124
124
124
125
125
125
126
125
126
127
125
126
125
125
125
125
125
125
125
125
125
125
125
125
125
125
125
125
125
125
125
125
126
125
125
125
125
125
125
125
125
126
127
126
126
125
126
125
126
125
125
124
125
126
126
125
125
125
125
127
125
125
125
124
125
125
125
125
125
125
125
125
125
126
126
125
126
125
125
125
125
125
125
125
126
126
125
125
125
125
124
125
125
125
126
125
126
128
126
125
124
125
125
125
125
125
125
127
121
124
125
126
127
126
125
125
126
125
125
125
125
125
125
125
126
126
126
125
125
125
126
125
126
127
126
126
125
125
125
125
126
125
125
125
127
126
125
125
126
126
125
125
125
125
125
125
125
126
127
126
125
125
126
126
126
125
125
125
125
126
125
125
125
125
122
124
125
125
127
127
126
126
127
127
126
126
125
126
125
125
125
125
125
125
125
125
126
125
125
125
125
125
126
125
126
125
125
125
125
124
125
126
125
126
125
126
125
125
126
125
125
125
125
125
125
125
126
125
125
126
125
125
125
125
125
126
125
126
125
126
126
124
125
125
125
125
126
125
125
125
125
125
126
125
126
125
125
125
125
126
125
125
126
125
125
125
124
125
126
125
126
126
125
126
125
125
125
125
125
125
125
125
125
126
126
125
125
126
126
125
126
126
126
125
126
127
125
124
125
125
125
126
125
126
125
125
125
126
126
126
125
124
125
124
126
125
124
125
124
127
130
127
125
120
128
134
125
114
120
130
130
122
120
128
135
130
119
119
125
128
124
124
125
125
125
127
125
121
123
126
126
129
128
127
127
127
126
124
124
125
126
126
126
126
126
125
126
126
125
126
125
125
125
125
126
126
126
126
126
126
127
126
125
125
125
125
125
126
125
124
125
127
132
126
125
125
125
124
124
124
123
124
125
126
126
125
123
125
127
126
126
125
127
129
129
125
123
124
126
125
125
127
125
122
124
126
126
126
125
125
125
125
124
125
125
125
122
123
126
127
126
124
123
126
127
128
127
127
128
128
126
124
123
125
125
124
124
126
127
127
127
126
125
124
125
126
125
125
124
125
125
125
125
125
126
126
124
127
124
126
125
124
125
125
127
126
125
124
124
125
126
126
126
127
126
126
126
126
127
125
125
125
125
125
126
125
125
126
125
126
126
125
125
125
125
125
125
126
126
126
126
126
126
125
125
126
126
126
125
124
124
126
125
126
126
126
126
127
126
126
126
125
125
124
124
125
124
125
126
125
125
124
126
126
126
125
125
125
125
126
125
126
125
125
125
124
126
137
127
126
126
124
121
122
122
123
123
125
125
124
125
126
126
126
124
125
126
126
126
55
125
125
126
126
126
126
125
126
126
126
126
125
126
126
126
126
126
125
125
125
126
126
126
126
126
126
126
126
125
125
125
125
125
125
126
126
126
125
125
126
126
125
126
126
126
125
125
125
125
126
126
126
126
126
126
126
125
125
126
126
126
126
125
126
126
126
125
125
126
125
126
126
125
126
126
125
126
125
126
125
126
126
126
126
125
126
126
125
126
125
125
125
125
126
126
126
126
125
126
126
126
126
125
126
126
126
126
126
125
125
125
126
126
125
125
125
125
126
125
126
126
126
126
125
126
125
125
125
125
125
126
126
126
126
125
125
126
126
126
126
126
126
125
125
125
125
126
126
125
125
125
125
125
126
125
126
125
126
125
126
126
125
126
126
126
126
126
126
126
125
126
125
125
126
125
126
125
126
126
126
126
126
125
126
126
125
125
126
126
126
125
126
125
125
125
125
125
126
125
125
125
125
125
125
125
126
126
126
125
125
125
125
125
125
125
125
125
125
125
125
125
125
125
125
125
125
125
125
125
125
125
125
125
125
125
125
125
125
125
125
125
125
125
125
125
125
125
126
125
125
125
125
125
125
125
125
125
125
125
125
125
125
125
126
125
125
125
125
125
125
125
125
125
125
125
125
125
125
125
125
125
125
125
125
125
125
125
125
125
125
125
125
125
125
125
125
125
125
125
125
125
125
125
125
125
125
125
125
125
125
125
125
125
125
125
125
125
125
125
125
125
125
125
125
125
126
125
125
125
125
125
125
125
125
125
126
125
125
125
125
125
126
125
125
125
125
125
125
125
125
125
125
125
124
