124
129
130
126
124
125
100
125
126
126
125
125
126
125
125
125
125
125
125
125
125
125
125
126
125
125
125
126
126
125
125
125
125
126
125
125
125
125
125
125
125
125
125
125
125
125
125
125
125
125
125
125
126
125
125
125
125
125
125
125
125
126
126
125
125
125
125
125
126
126
125
125
125
125
125
126
125
125
125
126
125
125
125
125
125
125
125
125
125
125
125
125
126
125
125
125
126
125
125
125
126
126
125
125
125
125
125
125
125
125
125
125
125
126
125
126
125
125
125
126
126
125
125
125
125
125
125
125
125
125
125
125
125
125
125
125
125
125
125
125
125
125
125
125
125
125
125
125
125
125
125
125
125
125
125
125
125
125
125
125
125
125
125
125
125
125
125
125
125
125
125
125
125
125
125
125
125
125
125
125
125
125
125
125
125
125
125
125
125
125
125
125
125
125
125
125
125
125
125
125
125
125
125
125
125
125
125
125
125
125
125
125
125
125
125
125
125
125
125
125
125
125
125
125
125
125
125
125
125
125
125
125
125
125
125
125
125
125
125
125
125
125
125
125
125
125
125
125
125
125
125
125
125
125
125
125
125
125
125
125
125
125
125
125
125
125
125
125
125
125
125
125
125
125
125
125
125
125
125
125
125
125
125
125
125
125
125
125
125
125
125
125
125
125
125
125
125
125
125
125
125
125
125
125
125
125
125
125
125
125
125
125
125
125
125
125
125
125
125
125
125
125
125
125
125
125
125
125
125
125
125
125
125
125
125
125
125
125
125
125
126
124
125
125
126
126
125
125
126
125
126
126
126
126
126
126
125
126
126
125
125
125
126
126
126
126
126
126
126
126
126
126
125
125
125
125
125
125
125
125
126
126
126
126
125
125
126
126
125
125
125
125
125
126
125
126
126
126
126
126
126
125
126
126
125
126
125
125
125
125
125
125
125
126
126
126
126
125
125
125
126
125
125
125
125
125
125
125
125
125
125
125
125
125
125
125
125
125
125
125
125
125
125
125
125
125
125
125
125
125
125
125
126
126
126
125
125
125
125
125
125
125
125
125
125
125
125
126
126
126
125
125
125
125
125
125
125
125
125
125
125
125
125
125
125
125
125
126
125
125
125
125
125
125
125
125
125
125
125
125
125
125
125
125
125
125
125
125
125
125
125
125
126
125
125
125
125
125
125
125
125
125
125
125
125
125
125
125
125
125
125
125
125
125
125
125
125
125
125
125
125
125
125
125
125
125
125
125
125
125
126
125
125
125
125
125
125
126
126
125
125
125
125
125
125
125
125
125
125
125
125
125
125
125
125
125
125
125
125
125
125
125
125
125
125
125
125
125
125
125
125
125
125
125
125
125
125
125
125
125
125
125
126
125
125
125
125
126
125
125
125
125
125
125
125
125
125
125
125
125
125
125
125
125
125
125
125
125
125
125
125
125
125
125
125
125
125
125
125
125
125
125
125
125
125
125
125
125
125
125
125
125
125
125
125
125
125
125
125
125
126
126
126
125
125
125
125
125
125
125
125
125
125
125
125
125
125
125
125
125
125
125
125
125
125
125
125
125
125
125
125
126
125
125
125
125
125
125
125
125
125
125
125
125
125
125
125
125
126
126
126
125
125
125
125
125
125
125
125
125
125
125
125
125
125
125
125
125
125
125
125
125
125
125
125
125
125
125
125
125
125
125
125
124
125
126
125
125
126
126
126
126
126
125
126
126
126
126
125
126
126
126
126
126
125
126
126
126
126
126
126
125
125
126
126
126
126
126
126
126
126
126
126
126
126
125
126
126
126
125
126
126
126
126
125
126
126
126
126
126
126
125
125
125
126
126
125
125
126
125
124
125
126
126
126
126
126
126
125
125
125
125
125
126
125
125
125
126
126
126
125
125
125
125
125
125
125
125
125
126
126
126
125
125
126
125
125
125
125
125
125
125
126
125
125
125
125
125
125
126
125
125
125
125
125
125
125
125
125
125
126
125
125
125
126
125
126
125
125
126
125
125
125
125
126
125
126
125
125
125
125
126
125
125
125
125
125
125
125
125
125
125
125
125
126
126
125
126
126
126
125
125
125
126
125
125
125
125
126
126
125
125
125
126
126
126
125
125
125
125
125
125
125
125
125
125
125
126
126
125
126
126
126
126
125
125
125
125
125
125
125
125
126
126
125
126
126
125
125
127
127
125
125
125
124
125
125
125
125
125
125
125
125
125
126
125
125
125
125
126
126
126
125
125
125
125
125
125
125
125
125
125
125
125
125
125
125
125
125
125
125
125
125
125
125
125
125
125
125
125
125
125
125
125
126
125
125
125
125
125
125
125
125
125
125
125
125
125
125
125
125
125
125
125
126
125
125
125
125
125
125
125
125
125
125
125
125
125
125
125
125
125
125
125
125
125
125
125
125
125
125
126
125
125
125
125
125
126
125
125
125
125
125
125
126
125
125
125
125
126
126
125
125
125
126
126
126
126
125
124
125
125
125
125
125
125
125
126
125
125
125
125
125
126
125
125
125
128
126
123
124
126
125
127
126
126
126
126
125
125
125
125
125
125
125
125
125
126
126
125
126
126
125
125
126
126
125
124
124
124
124
123
123
126
133
137
136
130
129
130
122
107
107
126
138
127
110
109
121
130
134
131
123
121
134
148
141
124
121
127
126
122
121
120
122
125
127
124
120
122
126
124
121
125
129
127
124
125
125
125
128
130
130
128
128
127
128
128
128
125
122
122
124
124
123
123
124
124
124
125
127
126
125
124
124
124
125
126
126
124
125
129
130
127
125
126
128
126
122
122
126
128
126
123
125
127
126
125
125
125
124
123
125
127
124
122
122
127
130
126
121
123
127
128
125
123
127
128
125
124
127
128
126
123
125
128
127
123
123
127
128
125
124
127
128
127
123
123
126
126
123
122
125
128
126
123
126
129
127
124
125
128
127
122
123
126
126
123
123
125
127
126
124
125
127
128
126
124
126
128
127
123
124
126
126
125
125
127
127
126
125
126
125
126
125
128
124
124
124
122
121
123
124
125
124
125
126
127
126
126
126
126
126
125
125
127
127
126
125
126
127
125
123
123
125
126
125
123
124
127
126
124
122
125
127
126
124
125
127
127
125
124
126
127
126
125
125
127
127
124
124
125
127
126
124
125
127
126
125
123
123
125
125
124
125
125
125
124
124
126
128
125
118
115
123
132
131
123
125
146
164
132
78
80
127
160
145
105
94
123
149
146
121
104
121
151
139
108
112
131
133
133
134
118
103
111
127
138
145
141
118
96
112
150
151
113
102
123
133
127
124
126
123
122
125
114
121
129
131
130
124
118
119
126
130
129
125
119
121
135
129
78
132
122
131
128
126
127
126
126
126
128
129
128
126
126
126
126
127
128
127
125
125
126
127
91
120
129
131
131
132
133
131
129
127
125
125
126
129
128
127
127
128
127
128
128
127
125
125
125
127
126
125
126
127
127
126
127
127
128
127
126
126
126
126
126
127
123
120
121
123
124
128
125
123
126
129
129
126
127
128
128
128
130
131
128
124
123
126
129
126
122
121
124
131
131
126
119
120
126
130
130
128
124
115
113
124
134
130
122
126
133
126
109
110
134
143
126
115
125
140
144
131
110
103
122
137
128
112
119
140
150
142
111
98
122
144
134
113
109
120
127
124
119
129
154
155
115
95
127
146
113
71
90
174
190
110
71
116
157
159
154
131
93
102
142
130
96
109
136
139
142
140
122
102
102
117
129
131
127
127
136
138
129
126
126
120
123
134
131
119
119
120
121
133
127
107
114
144
147
124
115
125
129
129
131
125
115
114
119
123
127
130
128
125
129
136
141
120
120
133
133
120
119
121
123
99
126
125
125
126
126
126
126
126
126
126
126
126
126
126
126
126
126
126
126
125
126
126
126
125
126
125
125
125
126
126
125
126
126
126
125
126
126
125
126
126
126
126
126
126
126
126
126
126
126
126
126
126
126
126
126
125
126
126
126
126
126
126
126
126
125
126
126
126
126
126
126
126
126
126
126
126
126
125
125
125
126
125
125
126
126
125
125
126
126
125
126
126
125
126
126
125
126
125
126
125
126
126
125
126
126
125
126
126
126
125
125
126
126
126
125
126
126
125
125
126
125
126
126
126
126
126
126
126
126
126
126
126
126
125
126
126
126
126
125
125
125
126
126
126
126
126
126
126
125
125
125
126
126
126
126
126
126
125
126
126
125
126
126
126
126
126
125
126
126
126
126
126
126
125
125
125
126
126
126
125
125
126
126
126
126
126
126
125
126
126
126
126
126
126
125
126
126
125
125
125
126
126
126
125
126
126
125
126
126
126
126
125
126
126
125
125
125
125
125
125
125
125
125
125
125
125
125
125
125
125
125
126
125
125
125
125
126
126
125
125
125
126
126
126
125
125
126
126
126
126
126
125
126
126
125
126
126
126
126
126
126
126
126
126
126
126
126
126
126
125
125
125
126
126
126
126
126
126
126
126
126
125
126
125
126
126
126
126
125
126
125
126
126
125
126
126
126
126
126
126
126
126
126
125
126
125
126
126
125
126
125
125
126
125
125
125
125
126
126
126
126
125
125
125
125
125
126
125
125
125
125
125
125
125
126
125
125
125
125
125
125
125
125
125
125
125
125
125
125
126
125
126
125
122
