123
118
118
126
133
128
77
126
126
126
126
125
126
126
126
126
126
126
125
125
126
125
126
126
126
126
126
126
125
126
125
126
126
125
126
126
126
126
126
125
125
126
125
125
125
125
125
126
125
125
125
126
125
126
125
125
126
125
126
125
126
125
126
125
125
125
126
126
125
126
125
126
126
125
125
125
126
126
126
125
126
125
125
125
125
125
125
125
126
126
125
126
126
126
125
126
126
125
126
126
126
125
125
126
125
126
126
125
125
126
125
126
125
126
125
125
126
126
125
125
125
125
125
125
125
126
126
125
126
125
125
125
126
126
126
126
126
125
126
125
126
126
125
126
126
126
126
126
125
126
126
126
126
125
126
126
125
126
125
125
126
125
126
125
126
126
125
126
126
126
126
126
126
126
125
125
126
125
126
126
125
125
125
125
126
125
125
126
125
125
126
125
126
125
125
126
126
126
125
126
125
126
125
126
125
126
125
125
125
125
125
125
125
125
126
125
126
126
125
125
125
125
125
125
125
125
125
125
125
125
125
125
125
125
125
125
125
125
125
125
125
125
125
125
125
125
125
125
125
125
125
126
125
125
125
125
125
125
125
125
125
125
125
125
125
125
125
125
125
125
125
125
125
125
125
125
125
125
125
125
125
125
125
125
125
125
125
125
125
125
125
126
125
125
125
125
125
126
125
125
125
125
125
125
125
125
125
125
125
125
125
125
125
125
125
125
125
125
125
125
125
126
125
125
126
125
125
125
125
125
125
125
125
125
125
125
125
125
125
125
125
125
125
126
125
125
125
125
125
125
125
125
125
125
125
125
125
125
125
125
125
125
125
126
125
125
126
125
125
125
125
125
125
125
125
125
125
125
125
125
125
125
125
125
125
125
125
125
125
126
125
125
125
125
125
125
125
125
125
125
125
125
125
125
125
125
125
125
125
125
125
125
125
125
125
125
125
125
125
125
125
125
125
125
125
125
125
125
125
125
125
125
125
125
125
125
126
125
125
125
125
125
125
125
125
125
125
125
125
125
125
125
125
125
125
125
125
125
125
125
125
125
125
125
125
125
125
125
125
125
125
125
125
125
125
125
125
125
125
125
125
125
125
125
125
125
125
125
125
125
125
125
125
125
125
125
125
125
125
125
125
125
125
125
125
125
126
126
125
125
125
125
125
125
125
125
125
125
125
125
125
125
125
125
125
125
125
125
125
125
125
125
125
125
125
125
125
125
125
125
125
125
125
125
125
125
125
125
125
125
125
125
125
125
125
125
125
125
125
125
125
125
125
125
125
125
125
125
125
125
125
125
125
125
125
125
125
125
125
125
125
125
125
125
125
125
125
125
125
125
126
127
127
127
126
123
119
124
134
132
117
107
112
132
151
137
104
121
157
143
98
53
93
228
245
57
23
156
241
126
53
110
140
149
144
110
107
130
138
109
108
147
162
134
101
66
86
168
205
143
63
73
152
178
117
94
128
145
113
90
117
168
199
158
21
18
140
255
246
9
37
144
255
172
42
65
149
148
121
150
152
96
81
125
143
137
139
123
99
109
136
134
120
129
139
126
110
110
123
133
140
136
121
111
118
133
134
121
114
124
135
131
123
127
131
121
109
115
129
137
137
133
123
117
122
125
117
112
129
154
153
122
93
93
120
155
161
131
107
115
127
125
130
134
118
104
117
135
136
133
134
129
121
121
127
126
120
121
127
127
125
126
127
124
122
125
130
131
129
126
124
123
125
127
127
124
123
126
128
128
125
123
123
125
126
126
125
126
127
128
129
129
127
124
122
124
125
125
124
124
125
126
127
127
127
127
128
128
126
125
125
124
122
126
129
125
122
126
128
124
122
125
125
124
128
129
124
123
127
130
127
125
125
126
125
124
124
125
125
126
127
126
125
126
127
128
126
125
125
126
126
125
123
123
124
125
126
127
127
127
128
127
126
123
122
123
126
127
126
123
123
125
128
129
127
125
124
126
129
129
126
124
123
125
127
126
124
121
125
127
126
124
126
125
124
124
127
128
127
124
123
126
128
127
124
122
125
127
126
124
125
129
129
125
124
125
127
127
126
125
124
125
126
125
124
123
123
126
128
127
126
124
125
126
126
127
129
128
124
123
125
128
128
124
122
123
125
126
126
126
125
123
124
124
126
124
122
125
128
128
125
125
127
128
127
126
126
126
125
125
125
126
127
124
122
123
127
126
124
124
126
126
125
124
125
125
126
125
125
125
126
126
126
126
126
126
126
124
124
125
127
127
125
123
126
127
125
125
124
124
124
125
124
125
126
128
127
124
124
126
129
127
123
122
125
125
122
122
127
131
129
127
126
125
124
123
124
125
125
125
126
125
126
126
126
125
123
123
126
128
125
122
125
127
125
124
127
127
125
124
125
125
126
127
127
126
125
124
124
126
126
126
125
126
126
124
124
125
126
125
124
124
125
125
125
126
126
126
126
125
125
126
126
125
125
125
125
125
125
125
126
129
126
126
125
124
123
124
125
126
126
125
125
125
125
126
125
125
124
125
126
126
125
125
126
126
125
124
125
126
126
125
125
125
126
126
125
124
125
126
126
125
125
125
125
125
125
125
126
125
125
125
125
125
125
125
125
126
126
126
125
125
125
126
125
124
125
126
126
125
125
126
126
125
125
125
125
124
124
124
126
127
127
125
125
123
126
127
125
123
125
126
126
125
125
125
126
126
125
124
125
125
126
126
126
125
125
125
125
126
127
125
124
124
124
125
125
126
126
125
124
125
124
127
128
127
125
123
121
119
122
127
130
130
128
126
128
130
130
129
128
126
122
119
120
122
120
118
121
128
130
127
124
127
136
137
126
122
127
125
118
117
125
125
119
118
123
126
130
133
126
126
133
131
129
131
121
115
128
129
115
123
133
121
119
131
118
113
140
137
105
124
153
117
103
149
143
91
113
155
118
101
152
148
85
100
162
146
104
123
141
112
109
147
147
111
112
135
125
99
118
154
149
115
106
123
129
125
133
136
120
110
122
128
125
127
138
137
117
100
111
133
144
140
131
118
109
112
122
133
141
136
122
116
119
123
130
134
127
120
124
131
127
119
117
125
132
127
118
121
127
122
121
137
145
130
116
116
122
124
125
130
135
133
123
112
112
121
128
132
134
129
122
118
119
120
128
136
131
118
117
127
132
129
129
129
124
118
122
127
124
122
125
128
127
124
124
127
130
130
130
133
133
118
104
117
134
131
121
122
125
124
126
131
124
118
128
136
129
121
126
133
132
125
116
114
124
131
121
113
124
137
137
131
126
121
118
120
120
120
126
135
135
124
119
127
133
127
117
112
115
128
145
142
117
103
121
143
127
103
118
147
148
129
116
111
117
134
139
115
113
123
133
128
118
118
129
137
131
120
123
131
133
128
123
121
119
120
122
119
127
136
130
119
120
130
131
124
119
122
127
128
128
128
126
121
121
126
128
128
129
130
124
121
122
127
127
126
127
126
121
119
122
126
124
124
129
128
126
124
120
117
124
136
137
122
115
127
136
125
112
118
134
135
125
128
133
123
117
126
135
126
111
107
122
147
154
127
95
102
128
137
126
122
134
139
127
121
130
131
115
111
126
132
138
102
107
125
131
134
130
121
122
134
135
124
123
127
123
123
132
128
115
117
131
134
124
120
125
131
131
130
126
121
119
124
128
126
127
129
128
123
119
123
130
131
128
126
125
124
126
127
127
128
126
125
126
129
133
127
120
120
120
120
125
136
138
129
120
118
121
130
143
132
108
106
129
143
115
115
113
125
138
139
123
121
129
130
126
126
127
127
126
125
128
129
123
121
129
133
124
107
111
136
151
130
104
117
138
131
113
113
129
138
133
121
78
125
126
126
125
126
126
126
126
126
126
126
125
126
126
126
126
126
126
126
126
126
126
126
126
126
126
126
126
125
125
126
126
126
126
126
126
126
126
126
125
126
125
126
126
126
126
125
126
126
126
126
126
126
126
126
126
126
126
125
126
126
126
126
126
126
126
126
126
126
126
125
125
125
125
126
126
126
125
125
126
126
126
126
126
126
125
126
125
126
125
126
125
126
125
125
125
126
126
126
126
126
126
125
126
126
126
126
125
125
125
125
125
125
125
126
125
125
126
125
125
125
125
125
125
125
125
125
125
125
125
125
125
126
125
126
125
125
125
125
125
125
125
125
125
125
125
125
126
125
125
126
126
125
125
125
125
125
125
125
125
125
125
125
125
125
125
125
125
125
125
125
125
126
125
125
125
126
125
125
125
125
125
125
125
125
125
125
125
125
125
125
125
125
125
125
125
125
125
125
125
125
125
125
125
125
125
125
125
125
125
125
125
125
125
125
125
125
125
125
125
126
125
125
125
125
125
125
125
125
125
125
125
125
125
125
125
125
125
125
125
125
126
125
126
125
125
125
125
125
125
125
125
125
125
125
126
125
125
125
125
125
125
125
125
125
125
125
125
125
125
125
125
125
125
125
125
125
125
125
125
125
125
125
125
125
125
125
125
125
125
125
125
125
125
125
125
125
125
125
125
125
125
125
125
125
125
125
125
125
125
125
125
125
125
125
125
125
125
125
125
125
125
125
125
125
125
125
125
125
125
125
125
125
125
125
125
125
125
125
125
125
125
125
125
125
125
126
126
126
125
125
125
125
125
