127
127
126
127
128
126
56
125
125
125
125
125
125
125
125
125
125
125
125
125
125
125
125
125
125
125
125
125
125
125
125
125
125
125
125
125
125
125
125
125
125
125
125
125
125
125
125
125
125
125
125
125
125
125
125
125
125
125
125
125
125
125
126
125
125
125
125
125
126
125
125
125
125
125
125
126
125
125
125
125
125
125
125
125
125
125
125
125
125
125
125
125
125
125
125
125
125
125
125
125
125
125
125
125
125
125
125
126
125
125
125
125
125
125
125
125
125
125
125
125
125
126
126
125
125
125
126
125
125
125
125
125
125
125
125
126
125
125
125
125
125
125
125
125
125
125
125
125
125
125
125
125
125
125
125
125
125
125
125
125
125
125
125
125
125
125
125
125
125
125
125
125
125
125
125
125
125
125
125
125
125
125
125
125
125
125
125
125
125
125
125
125
125
126
125
125
125
125
125
125
125
125
125
125
125
125
125
125
125
125
125
125
125
125
125
125
125
125
125
125
125
125
125
125
125
125
125
125
125
125
125
125
125
125
125
125
125
125
125
125
125
125
125
125
125
125
125
125
125
125
125
125
125
125
125
125
125
125
125
125
125
125
125
125
125
125
125
125
125
125
125
125
125
125
125
125
125
125
126
125
125
125
125
125
125
125
125
125
125
125
125
125
125
125
125
125
125
125
125
125
125
125
125
125
125
125
125
125
125
125
125
125
125
125
125
125
125
125
125
125
125
125
125
125
125
125
125
125
125
125
125
125
125
125
125
125
125
125
125
125
125
125
125
125
125
125
125
125
125
125
125
125
125
125
125
126
125
125
125
125
125
126
125
126
125
125
125
125
125
125
126
125
125
125
125
125
125
125
125
125
125
125
125
125
125
125
125
125
125
125
125
125
124
125
125
125
126
126
126
126
126
126
126
126
125
125
125
125
126
126
126
126
126
125
126
125
126
126
125
126
126
126
125
126
125
126
126
126
126
126
126
126
126
125
125
125
125
126
126
125
125
125
125
125
125
125
125
125
125
125
125
125
125
125
125
125
125
126
125
125
125
125
125
126
125
125
125
125
125
125
125
125
125
126
125
125
125
125
125
125
126
125
125
125
125
125
125
125
126
125
125
125
125
125
124
123
125
129
133
135
130
117
115
133
139
118
103
82
43
97
255
255
115
135
29
250
255
92
39
123
130
88
185
182
70
70
175
179
78
64
142
169
114
93
115
138
158
147
109
107
119
101
103
145
153
126
126
133
115
112
134
145
134
121
110
105
112
128
141
142
131
114
109
124
142
142
125
113
117
128
133
128
123
121
122
124
126
125
126
129
129
126
126
129
129
124
118
118
122
127
129
128
127
128
126
125
127
128
125
122
121
124
129
131
128
123
122
124
125
124
125
127
130
129
125
124
125
126
126
126
123
122
125
130
129
125
120
119
123
129
131
130
126
123
122
124
126
126
127
126
126
125
126
126
125
125
125
125
125
125
126
126
126
126
125
124
125
125
125
126
125
125
126
126
126
126
126
125
125
125
125
125
125
126
127
127
126
125
125
124
124
124
125
125
126
126
126
125
125
125
124
125
126
127
126
126
126
125
125
125
126
126
126
126
125
125
125
125
125
125
124
125
125
125
125
125
125
125
125
126
126
126
126
125
126
126
125
125
125
126
126
126
125
125
124
125
125
125
125
125
126
126
126
126
126
125
125
125
125
125
125
125
125
126
126
126
125
125
125
126
126
126
125
125
125
126
126
125
125
125
126
126
126
125
125
126
126
125
125
125
126
126
125
125
125
125
125
125
125
123
124
125
126
125
126
126
126
126
126
126
126
126
126
126
126
125
125
125
125
125
125
125
125
125
126
125
125
125
124
125
124
125
125
126
126
126
125
126
126
125
125
126
125
125
126
126
125
124
126
125
124
125
126
126
125
125
125
126
125
125
125
125
125
125
125
125
125
125
125
126
126
126
125
125
125
126
126
125
124
125
126
125
125
125
125
126
126
125
125
126
126
125
125
126
126
125
125
126
126
125
125
126
126
125
124
125
125
125
125
125
125
125
125
125
126
125
125
126
126
125
125
125
125
125
125
125
125
126
126
125
125
126
126
125
125
126
126
125
125
126
126
125
125
125
126
125
125
127
128
125
124
125
125
125
124
125
125
125
125
125
126
125
126
125
125
126
126
125
124
126
126
125
125
125
125
126
126
125
125
126
125
125
125
125
125
126
126
127
122
124
125
125
125
125
126
126
126
126
125
125
125
125
125
125
125
125
125
125
126
126
126
126
126
126
126
126
126
125
125
125
125
125
125
125
126
126
126
126
125
125
125
125
125
125
125
125
125
125
126
125
125
125
125
125
125
125
125
125
125
125
125
125
125
125
122
125
125
126
125
126
126
126
126
126
125
126
125
125
126
125
125
125
125
126
125
125
125
125
125
125
125
125
125
125
125
125
125
126
125
125
125
125
125
125
125
125
126
125
125
125
125
125
125
126
125
125
125
125
125
125
125
125
125
125
125
125
125
125
125
125
125
125
125
125
125
125
125
125
125
125
125
125
125
125
125
125
126
126
125
125
125
125
125
125
125
125
125
125
126
125
125
125
125
125
125
125
126
126
126
125
125
125
125
125
125
125
125
125
125
125
125
125
125
125
125
125
125
125
125
126
125
126
125
125
126
126
126
125
126
125
126
125
125
125
126
125
125
125
125
125
125
125
128
126
126
125
125
124
124
124
124
125
126
126
126
124
124
125
126
126
125
125
126
125
126
125
125
125
125
125
125
125
125
126
125
125
125
125
126
125
125
126
125
125
125
125
125
126
125
126
125
125
125
125
125
125
125
125
125
126
126
125
125
125
125
125
125
126
126
126
128
128
126
125
126
124
124
125
125
125
125
125
125
125
125
125
125
125
125
125
125
126
125
125
125
125
126
125
125
125
125
125
126
125
125
125
125
126
125
125
125
124
121
124
125
126
127
128
126
126
126
126
126
125
126
125
125
125
126
126
125
125
125
125
125
125
125
125
125
125
125
126
126
125
125
125
125
125
125
125
125
126
126
126
126
126
125
126
126
125
125
125
125
125
125
125
125
125
125
125
125
125
125
125
126
126
126
125
126
125
125
125
125
125
126
126
125
125
125
125
126
125
125
125
125
125
126
127
126
124
123
126
127
126
125
124
124
126
126
126
124
125
126
127
126
125
125
126
126
126
126
125
125
125
125
125
126
126
125
125
125
126
126
126
125
124
125
126
126
126
125
125
125
125
126
126
125
125
124
125
126
127
126
125
124
126
126
125
125
122
119
125
133
133
127
120
121
132
141
128
102
106
137
150
119
92
99
132
155
145
124
122
138
143
128
114
113
119
121
119
117
123
128
127
124
125
133
137
136
130
125
123
122
120
118
120
123
127
129
129
128
127
124
123
122
123
126
127
127
126
126
127
128
126
126
123
121
123
125
127
125
124
131
130
128
126
123
120
123
124
125
126
126
127
126
126
126
125
124
122
121
123
125
125
125
127
127
127
125
126
127
126
125
124
122
123
126
125
123
123
127
125
124
124
124
123
128
131
129
126
124
125
127
128
126
125
125
126
127
125
125
125
125
124
125
125
125
125
126
126
125
125
125
126
127
126
126
125
126
127
125
123
124
124
124
126
126
126
126
125
126
126
125
125
125
124
125
124
125
126
126
125
126
126
126
125
126
126
125
124
124
125
125
125
126
127
126
126
126
126
126
122
124
124
124
124
125
125
126
126
126
126
125
126
126
126
126
126
124
126
126
125
125
126
126
126
125
124
126
126
125
125
125
126
125
126
126
127
126
124
124
126
126
125
124
125
125
125
125
124
125
125
126
127
127
127
55
125
125
125
125
125
125
125
125
125
125
125
126
125
125
125
125
125
125
125
125
125
125
125
125
125
126
125
125
125
125
125
125
126
126
126
126
126
126
126
126
126
126
125
125
126
126
126
126
125
126
125
125
126
126
125
125
126
126
125
126
126
125
126
126
126
126
125
125
126
125
126
126
126
126
126
125
126
126
126
125
125
126
126
125
126
126
126
126
126
125
126
126
125
126
125
125
125
126
126
126
125
126
125
125
126
125
125
125
126
126
126
125
126
125
126
125
125
126
126
126
126
125
126
126
126
125
126
126
125
126
126
125
125
126
125
126
126
125
125
126
126
125
125
125
126
126
126
125
125
126
125
126
126
125
125
125
125
125
126
126
125
125
125
126
126
126
125
126
126
126
125
126
125
125
126
125
126
126
126
126
125
126
125
126
126
125
125
126
126
126
125
125
126
126
126
125
125
125
125
126
126
126
125
125
126
126
126
125
125
125
126
125
125
126
125
125
125
125
126
126
125
125
126
126
126
126
126
126
126
126
126
126
125
125
125
125
125
125
125
126
126
126
126
126
125
125
125
125
126
126
125
125
125
125
125
125
125
125
125
125
125
125
125
125
125
125
125
125
125
125
126
125
125
125
126
125
126
125
125
125
125
125
125
125
125
125
125
125
125
125
125
125
125
125
125
125
125
125
125
125
125
125
125
125
125
125
125
125
125
125
125
125
125
125
125
125
125
125
125
125
125
125
125
125
125
125
125
126
125
125
125
125
125
125
126
125
125
125
125
126
126
125
125
125
125
125
126
125
125
125
125
125
125
126
