123
125
127
126
126
126
64
125
125
125
125
126
126
126
125
125
125
125
125
125
125
125
125
125
125
126
126
125
126
126
125
125
125
125
125
125
125
125
125
125
126
126
126
126
125
125
125
125
125
125
125
125
125
125
125
126
125
125
125
125
125
125
125
125
125
125
125
125
125
125
125
125
125
125
125
125
125
125
125
125
125
126
125
125
125
125
125
125
125
125
125
125
125
125
125
125
125
125
125
125
125
125
125
125
125
125
125
125
125
125
125
125
125
125
125
125
125
126
125
125
125
125
125
125
125
125
125
125
125
125
125
125
125
125
125
125
125
125
125
125
125
125
125
125
125
125
125
125
125
125
125
125
125
125
125
125
125
125
125
125
125
125
125
125
125
125
125
125
125
125
125
125
125
125
125
125
125
125
125
125
125
125
125
125
125
125
125
125
125
125
125
125
125
125
125
125
125
125
125
125
125
125
125
125
125
125
125
125
125
125
125
125
125
125
125
125
125
125
125
125
125
125
125
126
126
125
125
125
125
125
125
125
125
125
125
125
125
125
125
125
125
125
125
125
125
125
125
125
125
125
125
125
125
125
125
125
125
125
125
125
125
125
125
125
125
125
125
125
125
125
125
125
125
126
125
125
125
125
125
125
125
125
125
125
125
125
125
125
125
125
125
125
125
125
125
125
125
125
125
125
125
125
125
125
125
125
125
125
125
125
125
125
125
125
125
125
125
125
125
125
125
125
125
125
125
125
125
125
125
125
125
125
125
125
125
126
124
125
125
125
125
125
125
125
125
125
125
125
125
125
125
125
125
126
125
125
125
125
126
126
126
126
126
126
126
126
126
125
125
126
125
126
125
125
125
125
125
126
125
126
125
126
126
125
125
126
126
125
125
125
125
126
125
126
126
126
125
125
126
126
125
125
125
124
125
125
126
126
126
125
126
126
125
125
125
125
126
125
125
125
126
126
125
125
126
125
125
125
125
125
125
125
125
126
125
125
125
125
125
125
125
126
125
125
125
125
125
125
126
126
125
126
125
126
126
125
125
125
125
125
126
125
125
125
126
126
126
125
125
125
125
125
125
125
125
125
125
125
125
125
125
125
125
126
126
126
126
126
125
126
126
125
125
125
125
125
126
126
125
126
126
126
125
126
125
125
125
125
125
125
125
125
125
125
125
126
126
125
125
126
126
125
125
125
125
126
125
125
125
126
125
125
125
126
126
125
125
125
125
126
126
126
125
125
126
126
126
125
125
125
126
125
126
126
126
126
125
125
125
124
125
126
125
124
125
127
128
126
123
123
126
127
126
124
124
127
127
127
125
126
124
123
126
131
129
125
123
124
124
125
125
122
120
122
125
126
126
126
127
128
126
123
123
126
128
128
128
125
122
122
124
125
127
129
131
128
120
114
120
133
138
130
117
115
124
134
132
123
119
126
130
122
117
124
130
127
125
126
125
123
125
132
133
123
112
117
130
131
124
125
138
136
120
112
117
124
132
137
125
108
113
135
143
126
111
120
130
129
128
131
123
114
124
136
137
131
114
85
84
133
179
181
166
129
52
20
125
245
180
30
35
147
194
165
161
172
106
4
46
201
243
104
34
97
137
136
179
200
112
20
62
162
193
151
108
100
127
150
113
75
120
187
135
67
125
178
133
89
112
132
132
133
131
119
118
126
127
124
124
129
130
122
114
118
130
135
131
128
128
123
119
123
130
132
127
121
117
118
124
130
132
127
122
123
127
128
126
125
123
125
125
126
127
128
126
125
125
126
126
125
123
122
123
125
126
126
126
127
127
125
125
126
127
126
125
124
125
126
127
126
125
123
124
124
125
125
126
127
126
126
125
125
125
126
127
126
125
124
124
124
125
126
126
126
125
126
126
126
125
126
125
125
126
126
126
125
126
125
125
125
125
125
125
125
125
125
125
126
126
125
125
126
126
126
126
125
125
125
126
126
125
125
126
127
126
124
124
125
126
126
125
124
124
126
128
126
123
124
127
127
126
124
124
124
126
127
126
123
123
127
129
127
122
123
126
128
126
123
124
126
126
126
126
124
124
125
126
126
125
125
127
127
125
125
127
126
123
123
129
128
124
124
125
125
124
123
125
127
127
125
123
124
126
126
125
124
126
125
124
124
126
127
124
124
126
128
127
124
124
126
126
125
123
125
126
125
125
126
128
127
126
125
124
125
126
126
124
124
125
126
124
125
126
127
125
124
126
126
126
126
125
125
126
126
125
125
126
125
123
124
127
128
125
122
122
126
128
126
123
123
126
127
126
126
126
124
125
126
126
124
124
126
127
126
125
124
125
126
125
125
126
124
122
126
129
124
122
126
128
125
125
127
126
124
124
125
126
127
126
121
120
128
135
126
116
122
133
126
116
127
136
124
117
122
123
130
146
121
90
121
166
135
90
113
159
139
93
110
144
145
117
113
125
122
133
139
125
112
111
123
144
148
117
95
116
146
143
118
110
121
131
131
126
123
126
129
121
116
128
139
128
110
116
135
140
118
112
129
135
122
122
132
129
120
119
120
124
139
133
114
119
134
115
109
142
154
113
93
125
147
135
125
128
121
110
120
140
139
121
113
119
128
133
133
128
119
116
124
134
133
125
120
121
123
128
133
126
119
124
131
128
122
125
127
122
120
125
131
129
122
115
121
129
132
129
125
123
126
129
130
126
124
123
125
126
127
125
124
126
127
127
126
124
123
124
128
128
124
122
125
127
126
124
125
127
127
125
124
125
126
126
125
125
126
126
125
125
126
125
125
126
126
125
125
125
126
126
126
124
125
126
126
125
125
126
126
126
126
126
124
124
125
127
127
126
125
125
125
127
127
125
124
125
125
125
125
125
125
126
126
126
126
125
125
125
126
125
125
125
124
125
126
126
126
125
125
126
126
126
125
125
125
125
126
126
125
126
126
125
124
125
126
127
126
125
125
125
126
126
126
126
125
126
127
126
125
126
126
125
125
125
126
127
126
125
125
126
126
125
126
131
125
125
126
125
124
124
124
124
125
125
126
126
125
124
125
126
126
126
126
126
126
130
128
126
125
124
123
124
125
125
125
125
126
129
125
124
122
123
123
125
127
127
127
126
125
126
126
125
125
125
125
126
125
125
125
124
125
126
127
125
124
125
126
126
126
126
125
125
125
125
125
125
124
124
124
124
125
125
125
124
125
126
127
127
127
127
126
126
125
125
124
124
125
125
125
126
126
125
126
125
126
126
125
125
125
125
125
125
125
126
125
123
125
126
128
127
125
123
124
125
125
125
126
125
125
126
125
123
124
126
127
127
125
124
123
125
126
125
126
127
125
124
125
126
126
124
130
115
114
123
127
127
128
128
126
126
125
126
127
127
126
125
125
125
126
126
127
125
124
126
127
125
124
125
127
127
126
125
125
126
127
125
125
126
127
126
125
124
126
126
126
126
125
125
125
125
125
125
125
127
127
126
125
125
125
126
125
125
126
125
126
127
128
126
120
118
124
125
126
129
129
127
125
125
127
129
128
125
124
123
125
126
128
128
126
124
120
123
130
131
126
121
119
124
130
129
125
122
122
126
127
126
124
120
124
125
126
127
126
125
125
125
126
127
126
125
124
124
125
126
127
126
125
125
123
123
125
126
126
125
126
127
126
125
123
124
124
126
127
126
124
124
125
127
127
125
124
124
125
126
125
124
123
125
125
124
124
124
124
124
125
126
127
127
127
126
127
127
126
126
125
123
124
125
126
126
126
125
126
127
127
128
125
124
125
125
125
124
123
124
125
125
125
125
125
126
126
127
127
126
126
125
125
125
123
123
125
125
126
126
126
125
126
125
135
128
126
125
123
121
123
123
123
125
126
63
125
125
125
125
125
125
125
125
125
125
125
125
125
125
125
125
125
126
125
125
125
125
126
125
125
125
125
125
125
126
125
125
125
125
125
126
126
126
125
126
125
125
125
125
125
125
125
125
125
125
125
125
125
125
125
125
126
126
125
126
126
126
126
126
126
126
125
125
125
126
126
126
126
126
125
126
125
126
125
125
126
126
126
126
125
126
125
125
126
126
126
125
126
126
126
126
125
125
126
126
125
125
125
125
126
125
126
125
125
126
126
126
126
126
126
126
126
126
126
126
125
126
126
126
125
125
126
125
125
126
126
126
126
126
126
126
125
126
125
125
125
125
126
126
126
125
126
125
126
126
125
126
125
125
125
125
126
126
126
126
125
126
126
126
126
126
125
126
126
125
126
126
126
126
126
126
126
126
126
125
126
126
126
126
125
125
126
125
125
126
126
126
125
125
125
126
126
125
125
125
126
126
125
125
125
125
125
125
125
125
125
126
126
125
125
126
126
126
125
126
126
125
125
125
126
126
125
125
126
126
126
125
126
126
126
125
125
125
125
125
125
125
125
125
125
125
125
126
126
126
126
125
126
126
125
125
125
125
126
125
126
125
126
125
126
126
126
126
125
126
126
126
126
125
126
126
125
126
126
126
126
125
125
125
125
125
125
125
125
125
125
125
125
125
125
125
125
125
126
126
125
125
125
125
125
125
125
125
125
125
125
125
125
125
125
125
125
125
125
125
125
125
125
125
125
125
125
125
125
125
125
125
125
125
125
125
125
125
125
125
126
125
125
125
125
125
125
126
125
125
125
125
125
124
