125
125
124
125
125
126
42
125
125
125
125
125
126
126
126
126
126
125
126
126
126
126
126
125
126
126
125
126
126
126
125
125
126
125
126
126
125
125
125
125
126
126
126
126
126
126
126
126
126
126
126
126
126
126
126
126
126
126
126
125
125
126
126
126
126
126
126
126
126
126
126
125
125
125
125
126
125
125
126
126
126
126
126
126
126
126
125
125
125
125
125
125
126
125
125
126
126
126
126
126
126
126
126
125
126
126
126
125
126
126
125
125
126
126
125
126
126
126
125
126
126
125
126
126
125
126
125
125
125
126
125
126
125
126
126
125
125
126
126
125
126
125
126
125
126
125
125
125
125
125
125
125
125
126
126
126
125
125
125
126
125
126
126
125
126
125
126
125
125
126
125
126
126
126
126
126
126
126
126
126
125
126
125
125
126
126
126
126
126
126
126
126
126
125
126
125
126
125
126
125
125
125
126
126
125
126
126
126
125
126
125
126
126
126
126
125
125
126
125
126
125
126
126
125
126
125
125
125
125
125
125
125
125
125
125
125
125
125
125
125
125
126
126
125
125
125
125
125
125
125
125
125
125
125
125
125
125
126
125
125
125
126
126
125
125
125
125
125
125
125
125
125
125
125
125
125
125
125
125
125
125
125
125
125
125
125
125
125
125
125
125
125
125
125
125
126
126
125
126
124
125
125
126
126
125
126
126
126
126
125
125
125
125
126
126
126
126
126
126
126
126
125
125
125
125
126
125
126
126
126
125
126
125
126
126
125
125
125
126
126
125
125
125
125
125
126
126
126
125
126
126
126
125
125
125
125
125
125
126
125
126
126
125
125
125
125
125
125
126
125
125
125
126
126
125
126
125
125
125
125
125
125
125
125
125
125
125
125
125
125
125
125
126
125
125
125
125
125
125
125
125
125
125
125
125
125
125
125
125
125
125
125
125
125
125
125
125
125
125
125
125
125
125
126
125
125
125
126
125
125
125
125
125
125
126
125
125
125
125
125
125
125
125
125
125
125
125
125
125
125
125
125
125
125
125
126
125
125
125
125
125
125
125
125
125
125
125
125
125
125
126
125
125
125
125
125
125
125
125
125
125
125
125
125
125
125
125
125
125
125
125
125
125
125
125
125
125
125
125
125
125
125
125
126
126
125
125
125
125
125
125
125
125
126
126
126
125
125
125
125
125
125
125
125
125
125
125
125
125
126
125
125
125
125
126
125
125
125
125
125
125
125
125
125
125
125
125
125
125
126
126
125
125
126
125
125
125
125
125
125
125
125
125
125
125
125
125
125
125
125
125
125
125
125
125
125
125
126
126
125
125
126
126
126
125
125
125
125
124
124
124
122
122
125
129
131
129
126
123
120
120
123
126
127
128
140
148
120
76
96
185
193
94
44
107
165
119
105
156
184
109
28
139
212
119
88
149
92
43
216
255
113
23
30
68
223
255
139
68
21
249
255
90
26
119
166
93
69
169
178
83
98
192
172
77
88
116
85
85
172
212
119
45
94
180
163
111
132
115
76
106
148
142
142
139
112
118
144
126
100
106
126
139
136
117
117
146
155
123
90
95
122
144
154
144
114
92
107
136
146
134
120
115
117
124
135
142
135
121
115
117
122
126
127
124
123
126
127
122
121
130
140
133
117
115
125
129
125
122
124
129
133
133
126
119
118
122
127
128
128
129
128
123
119
118
121
126
131
132
128
124
121
120
124
129
129
126
123
123
125
128
130
131
131
128
124
122
121
122
122
121
122
125
124
128
128
127
125
127
128
126
125
125
126
125
123
123
125
126
127
127
127
126
125
125
127
125
126
126
125
126
125
125
126
126
125
124
125
127
127
126
125
126
127
127
126
125
126
127
127
126
125
124
123
124
126
127
126
126
126
126
126
125
126
125
125
126
127
128
126
126
125
125
125
125
125
125
126
126
124
124
125
127
127
126
125
125
126
127
127
126
125
125
125
125
125
126
125
125
125
125
126
126
126
124
124
125
127
127
125
125
125
125
125
125
125
126
127
128
128
126
124
124
126
127
126
123
122
124
127
128
127
126
127
127
126
125
125
125
125
125
126
127
126
125
125
125
125
126
126
126
126
125
125
126
127
127
125
125
125
125
126
126
126
125
126
126
125
125
126
126
125
126
125
124
125
127
126
126
126
125
126
126
126
126
125
125
126
126
126
125
125
126
126
127
126
126
125
125
125
125
125
125
126
125
124
125
125
126
126
125
126
126
126
126
126
126
128
127
126
126
126
124
124
124
126
126
126
125
125
125
126
126
126
125
124
125
125
125
126
125
125
125
126
126
127
126
126
126
126
128
126
125
124
123
124
125
125
125
125
125
125
126
126
125
125
125
125
125
125
125
125
126
125
125
126
126
126
126
125
125
126
126
126
125
125
124
125
126
125
125
125
126
125
125
125
125
125
125
125
125
125
125
126
126
125
125
125
125
125
125
125
125
125
125
126
126
125
126
126
126
126
126
125
125
126
126
125
125
125
125
125
125
125
125
125
125
125
125
125
125
125
125
125
125
125
125
125
125
125
126
125
125
125
125
125
125
126
125
125
125
125
125
125
125
125
125
125
125
125
125
125
125
125
125
125
125
126
126
125
126
125
125
125
125
125
125
125
125
125
125
125
125
125
125
125
125
125
125
125
125
125
125
125
125
128
121
124
125
125
126
127
126
126
126
126
125
125
125
125
125
125
126
125
126
126
126
126
126
126
126
126
118
123
126
127
126
128
127
126
126
126
126
125
125
126
126
126
125
126
125
125
125
125
125
126
126
126
126
125
125
126
125
125
126
126
125
125
125
125
125
125
126
126
127
125
125
125
121
124
124
125
125
127
126
126
126
126
126
126
125
125
125
125
126
125
125
125
125
126
126
125
126
125
125
126
125
125
126
126
126
125
125
125
125
125
125
125
125
125
125
125
125
125
125
126
125
125
125
125
126
126
125
125
125
126
125
125
125
125
126
126
125
125
125
125
125
125
125
126
125
126
126
125
126
126
125
126
126
126
125
125
125
125
126
125
126
125
126
125
125
126
125
125
125
125
125
125
125
125
125
125
126
126
124
126
126
126
125
125
126
125
125
125
125
125
125
125
125
125
125
126
126
126
126
125
125
125
125
126
125
125
126
125
126
125
126
125
125
125
126
125
125
125
125
125
129
128
125
124
124
124
124
125
125
124
125
125
124
125
126
125
125
125
126
125
126
125
126
126
125
125
125
125
125
125
125
124
125
126
126
125
125
125
126
126
126
125
125
125
126
126
125
125
125
125
126
125
125
126
126
125
125
126
125
126
125
125
124
125
126
126
125
125
125
126
126
126
124
124
126
127
125
125
124
125
127
127
124
123
124
128
128
124
122
123
126
128
127
122
120
125
130
128
125
122
123
126
129
127
122
123
126
127
126
124
124
125
126
126
125
124
126
127
125
125
125
126
125
127
127
126
126
126
125
124
125
126
127
126
123
124
125
129
125
121
124
127
127
126
125
124
126
127
125
122
123
127
126
125
125
125
126
127
126
125
125
126
126
126
126
124
123
124
126
126
126
125
124
125
126
126
125
125
126
126
125
125
125
124
125
126
126
126
125
124
126
126
126
125
126
125
125
125
125
124
124
125
125
124
126
125
125
125
125
126
126
126
125
124
126
125
126
125
124
125
126
126
125
126
125
125
126
126
127
126
125
125
124
125
125
125
125
127
126
125
124
125
126
126
125
124
124
126
127
132
83
124
125
130
127
129
128
127
128
128
125
126
125
125
127
127
126
126
126
126
127
126
127
126
126
126
126
125
125
126
127
126
125
125
126
126
126
125
126
127
127
125
125
125
126
125
117
67
125
126
41
125
125
125
125
125
125
125
125
125
125
125
125
125
125
125
125
125
125
125
125
125
125
125
125
125
125
125
125
125
125
125
125
125
125
125
125
125
125
125
125
125
125
125
125
125
125
125
125
125
125
125
125
125
125
125
125
125
125
125
125
125
125
125
125
125
125
125
125
125
125
125
125
125
125
125
125
125
125
125
125
125
125
125
125
125
125
125
125
125
125
125
125
126
125
125
125
126
125
125
125
125
125
125
126
125
125
125
125
125
126
126
125
125
125
126
125
125
125
125
125
125
125
125
125
125
125
125
126
125
125
125
125
125
125
125
126
126
125
125
125
125
125
125
125
125
125
125
125
125
126
125
125
125
125
125
125
125
125
125
125
125
125
125
125
125
125
125
125
125
125
125
125
125
125
125
125
125
125
125
125
125
125
125
126
125
125
125
125
125
125
125
125
125
125
125
125
125
125
125
125
125
125
125
125
125
125
125
125
125
125
125
125
125
125
125
125
125
125
125
125
125
125
125
125
125
125
125
125
125
125
125
125
125
125
125
125
125
125
125
125
125
125
125
125
125
125
125
125
125
125
125
125
125
125
125
125
125
126
125
125
125
125
125
125
125
125
125
125
125
125
125
125
125
125
125
125
125
125
125
125
125
125
125
125
125
125
125
125
125
125
125
125
125
125
125
125
125
125
125
125
125
125
125
125
125
125
125
125
125
125
126
125
125
125
125
125
125
125
125
125
125
125
125
125
125
125
125
125
125
125
125
125
125
125
125
125
125
125
125
125
125
125
125
125
125
125
125
125
125
125
125
125
125
125
