122
123
128
131
127
120
67
126
126
126
126
126
126
126
126
126
126
125
126
126
126
125
125
126
126
126
125
126
126
125
126
125
126
125
126
125
126
125
125
126
126
125
126
126
125
125
125
125
125
125
126
125
125
125
126
125
125
126
126
126
125
125
125
125
125
125
125
125
126
125
125
125
125
125
125
125
125
125
125
125
125
125
125
125
125
125
125
125
125
125
125
125
125
125
125
125
125
125
125
125
125
125
125
125
125
125
125
125
125
125
125
125
125
125
125
125
125
125
125
125
125
125
125
125
125
125
125
125
125
125
125
125
125
125
125
125
125
125
125
125
125
125
125
125
125
125
125
125
125
125
125
125
125
125
125
125
125
125
125
125
125
125
125
125
125
125
125
125
125
125
125
125
125
125
125
125
125
125
125
125
125
125
125
125
125
125
125
125
125
125
125
125
125
126
126
126
126
126
125
125
125
125
126
126
126
126
126
125
125
126
125
125
126
125
126
126
126
126
126
126
126
126
126
126
126
126
126
126
126
126
125
126
126
126
126
126
126
126
126
126
126
126
126
126
126
126
126
126
126
126
126
126
126
126
126
125
126
125
126
126
126
126
126
126
126
126
125
126
126
126
125
125
125
126
125
125
126
125
125
126
125
126
126
125
125
125
126
126
126
126
125
126
125
126
125
126
126
126
126
126
126
125
125
126
125
126
125
125
126
126
126
126
126
126
126
125
126
126
125
125
125
126
125
126
126
126
126
126
126
125
125
126
125
126
126
126
126
126
125
125
125
125
125
125
126
126
126
126
126
126
126
125
125
125
125
126
126
126
126
125
126
126
126
126
126
125
125
126
125
126
125
125
125
126
126
125
125
125
125
125
126
126
126
126
126
126
126
126
125
125
125
126
126
126
126
125
126
126
126
126
126
126
125
125
126
126
126
125
125
125
125
125
125
125
125
125
125
125
126
126
125
125
125
125
125
125
126
125
125
125
126
126
125
125
125
125
125
125
125
125
125
125
125
125
125
125
125
125
125
125
125
125
125
125
125
125
125
125
125
125
125
125
125
125
125
125
125
125
125
125
125
125
125
125
125
125
125
125
125
125
125
125
125
125
125
125
125
125
125
125
125
125
125
125
125
125
125
125
125
125
125
125
125
125
125
125
125
125
125
125
125
125
126
125
125
125
125
125
125
125
125
125
125
125
125
125
125
125
125
125
125
125
125
125
125
125
125
125
125
125
125
125
125
125
125
125
125
125
125
126
125
125
125
127
124
125
126
126
125
126
126
125
126
126
126
125
125
125
126
126
126
125
125
125
125
126
126
125
125
125
125
124
125
126
126
125
126
126
126
126
126
126
125
126
126
126
126
126
126
126
126
125
125
126
125
125
125
125
125
126
126
126
125
126
126
126
126
126
126
126
126
124
125
126
126
126
126
126
126
126
126
126
125
125
126
125
125
125
126
126
125
125
125
126
126
126
126
126
126
126
126
126
125
125
125
126
125
125
125
126
127
128
128
126
123
121
119
120
126
133
135
132
127
125
122
120
122
126
125
122
124
129
131
127
122
120
122
123
128
134
135
125
117
116
123
135
142
136
123
115
112
116
124
132
136
128
119
122
132
131
121
122
132
128
110
113
144
157
124
95
110
134
133
133
140
129
110
113
132
140
134
114
103
119
140
137
124
125
126
120
122
130
134
131
127
119
111
118
132
136
137
148
159
99
48
51
255
255
24
126
255
255
46
30
147
132
121
158
148
97
109
135
123
111
126
129
123
124
126
124
124
125
123
124
127
125
123
124
126
127
126
124
122
122
124
127
126
125
126
126
127
129
129
122
122
128
128
120
120
129
131
126
122
124
125
127
128
126
124
123
125
125
126
127
126
126
125
124
123
125
127
128
128
126
124
124
125
126
126
125
124
124
126
126
126
125
124
124
124
125
127
129
131
131
129
125
118
111
113
123
130
128
127
138
148
140
120
108
110
118
125
124
123
135
148
142
121
103
106
122
134
131
123
121
130
137
130
117
115
124
129
126
121
125
134
137
130
120
116
118
125
132
133
128
122
119
120
125
131
131
125
120
123
127
125
125
128
126
122
118
128
131
123
121
126
131
130
124
121
126
131
127
121
120
123
129
130
126
121
119
126
133
130
124
122
124
127
129
128
123
121
124
129
130
131
128
123
117
116
121
126
129
132
138
141
133
115
103
111
132
141
131
118
117
123
129
133
132
128
124
123
122
123
126
127
127
126
127
123
121
124
128
130
128
125
123
124
125
127
128
125
122
123
128
127
124
125
127
127
126
124
124
123
122
126
131
127
123
123
124
126
132
128
119
122
125
120
124
135
135
126
116
114
129
139
126
115
123
131
130
129
126
115
112
128
139
125
113
126
136
129
123
128
126
115
114
130
144
135
118
116
124
127
126
125
124
128
132
125
119
125
128
124
124
126
122
122
131
135
125
116
119
131
136
129
118
115
122
129
131
129
125
120
120
125
130
129
128
126
123
122
124
128
130
126
122
121
125
129
126
122
124
128
128
123
125
128
125
121
123
129
131
126
119
119
125
130
130
128
125
122
123
127
129
125
125
128
127
125
123
120
123
127
128
125
123
125
125
125
127
128
126
124
124
127
130
128
120
118
125
132
130
123
119
120
125
131
131
125
120
121
126
131
131
125
118
118
125
130
129
124
123
127
130
126
122
122
127
128
125
123
124
124
124
124
128
130
126
123
126
128
125
122
122
125
129
129
126
121
120
126
131
125
122
132
130
113
119
138
131
115
121
135
133
118
108
114
130
145
142
123
110
114
126
137
140
127
109
105
118
136
142
135
123
117
118
125
131
130
126
123
122
124
126
127
123
121
125
128
129
127
124
124
123
124
127
128
126
124
122
124
127
127
125
123
123
127
128
125
121
124
128
128
128
130
122
124
124
126
127
127
127
123
121
125
127
121
122
130
130
124
119
124
128
125
122
123
126
124
119
131
121
121
130
133
127
125
125
125
127
128
126
127
131
130
125
122
122
125
125
125
125
125
129
131
129
126
125
124
123
124
126
126
126
126
127
127
128
129
126
123
117
122
125
127
127
126
125
125
126
129
129
129
127
126
126
126
125
124
126
127
129
144
118
114
113
118
124
126
129
130
130
129
127
128
128
127
124
122
121
123
125
126
124
124
125
127
127
126
126
126
126
125
124
125
126
126
126
125
124
124
124
127
128
125
126
126
125
125
126
125
125
126
126
127
125
123
124
126
126
127
126
127
126
126
126
126
126
127
125
124
125
126
127
125
124
124
124
125
126
126
126
126
126
126
125
124
125
127
127
127
124
124
125
125
127
128
127
125
124
124
125
126
126
127
126
124
126
127
126
125
125
126
126
126
126
126
126
125
125
126
127
128
127
125
123
123
124
127
128
127
130
123
123
126
125
124
127
126
125
124
123
123
125
127
127
126
126
124
124
126
128
128
126
126
126
126
125
125
133
124
122
122
124
125
126
124
122
123
125
127
128
127
126
125
125
125
125
126
127
127
127
126
124
123
124
126
127
127
125
125
125
125
125
124
124
126
126
126
124
124
124
126
127
127
126
124
125
125
125
125
125
125
126
127
126
125
124
123
125
126
126
126
126
125
124
125
126
126
126
126
125
124
125
126
127
125
123
124
125
124
126
127
127
127
128
127
127
124
125
125
124
125
125
123
124
124
127
126
126
125
125
125
126
124
125
126
124
124
124
123
125
126
126
124
123
125
127
127
126
126
125
125
125
126
127
125
123
123
123
126
127
127
126
124
123
125
126
126
126
126
125
125
125
127
126
124
124
126
126
126
125
126
127
125
140
154
97
128
121
124
128
128
129
125
122
66
126
125
125
126
126
126
125
126
125
125
125
125
125
125
125
126
125
125
125
125
125
125
125
125
125
126
125
126
125
125
126
125
125
125
125
125
125
125
126
126
125
125
125
125
125
126
126
125
125
125
125
125
125
125
125
125
125
125
125
125
125
125
125
125
125
125
125
125
125
125
125
125
125
125
125
125
125
125
125
125
125
125
125
125
125
125
125
125
125
125
125
125
125
125
125
125
125
125
125
125
125
125
125
125
125
125
125
126
125
125
125
125
125
125
125
126
125
125
125
125
125
125
126
124
125
125
125
126
126
126
126
125
125
126
125
126
126
125
126
126
126
126
126
126
126
125
126
125
125
126
126
126
125
126
126
125
126
126
126
126
125
126
126
125
125
126
126
126
126
125
125
126
126
126
126
126
126
126
125
125
126
126
126
125
126
125
125
126
126
125
125
125
126
125
125
125
126
126
125
125
125
126
125
125
125
125
125
125
125
125
125
125
125
125
125
125
125
125
125
125
125
125
125
126
125
125
125
125
125
125
125
125
126
125
125
125
126
125
125
125
125
125
125
125
125
125
125
126
125
125
125
125
125
125
125
125
125
125
125
125
125
126
125
125
125
125
125
125
125
125
126
125
125
125
125
125
125
125
125
125
126
125
125
125
125
125
125
125
125
125
125
125
126
125
125
125
125
126
125
125
126
125
126
125
125
125
125
125
125
125
125
125
125
125
125
125
125
125
125
125
125
125
125
125
126
125
125
126
125
126
125
125
125
125
125
125
125
126
126
125
125
125
125
125
125
125
125
125
125
125
125
125
125
122
