120
124
128
131
126
120
88
125
125
125
125
125
125
125
125
125
125
125
125
125
125
125
125
125
125
125
125
125
125
125
125
125
125
125
125
125
125
125
125
125
125
125
125
125
125
125
125
125
125
125
125
125
125
125
125
125
125
125
125
125
126
126
125
125
125
125
125
125
125
125
125
125
125
125
125
125
125
125
125
125
125
125
125
125
125
125
125
125
125
125
125
125
125
125
125
125
125
125
125
125
125
125
125
125
125
125
125
125
125
125
125
125
125
125
125
125
125
125
125
125
125
125
125
125
125
125
125
125
125
125
125
125
125
125
125
125
125
125
125
125
125
125
125
125
125
125
125
125
125
125
125
125
125
125
125
125
125
125
125
125
125
125
125
125
125
125
125
125
125
125
125
125
125
125
126
125
125
125
125
125
125
126
125
125
125
125
125
125
125
125
125
125
125
125
125
125
125
125
125
125
125
125
125
125
126
124
125
125
126
125
126
126
126
126
126
126
125
126
125
126
126
125
126
126
125
125
125
125
125
126
126
126
126
126
126
125
125
126
126
126
125
125
125
126
126
126
126
126
125
125
126
125
126
125
125
125
125
125
126
125
125
125
125
126
125
125
125
125
126
125
125
125
125
125
125
125
125
125
125
125
126
125
125
125
125
126
126
125
125
125
126
125
125
125
125
125
125
125
125
125
125
125
125
125
125
126
125
125
125
125
126
126
125
125
125
125
125
126
125
125
126
125
125
126
126
125
125
125
125
125
125
125
125
125
125
126
125
126
126
125
126
126
125
125
126
125
125
125
125
126
126
125
126
125
125
125
125
125
126
125
126
125
126
126
125
126
126
125
126
125
125
126
125
126
126
125
125
126
126
125
126
126
125
125
125
126
126
125
125
125
126
126
126
125
125
125
125
125
125
125
125
125
125
125
125
125
125
125
125
125
125
125
125
125
125
125
125
125
125
126
125
125
125
125
125
125
126
126
126
126
125
125
125
125
125
125
125
125
125
125
125
125
125
125
125
125
125
125
125
125
125
125
125
125
125
125
125
125
125
125
125
125
125
125
125
125
125
125
125
125
125
125
125
125
125
125
125
125
125
125
125
125
125
125
125
125
125
125
125
125
125
125
125
125
125
125
125
125
125
125
125
125
125
125
125
125
125
125
125
125
125
125
125
125
125
125
125
125
125
125
125
125
125
125
125
125
125
125
125
125
125
125
125
125
125
125
125
125
125
125
125
125
125
125
125
125
125
125
125
125
125
125
125
125
125
125
125
125
125
125
125
125
125
125
125
125
125
125
125
125
125
125
125
125
125
125
125
125
125
125
125
125
125
125
125
125
125
125
125
125
125
125
125
125
125
125
125
125
125
125
125
125
125
125
125
125
125
125
125
125
125
125
125
125
125
125
125
125
125
125
125
125
126
124
125
125
126
126
125
125
125
126
126
125
125
125
126
126
125
125
125
125
125
125
126
126
125
125
125
125
123
125
125
126
125
126
126
126
126
125
126
126
126
126
125
126
126
125
126
126
126
125
125
126
126
125
126
125
125
126
126
126
126
126
126
125
125
126
126
125
125
126
126
126
126
126
126
126
126
126
126
126
125
125
126
125
125
125
125
126
126
125
125
126
126
126
126
126
125
126
126
126
125
126
126
126
126
125
125
125
126
126
126
125
125
126
125
126
126
125
125
126
126
125
126
126
126
125
126
126
126
126
126
125
125
125
126
126
125
125
125
125
125
125
125
126
126
126
125
125
125
126
126
125
125
126
126
125
126
125
125
125
126
126
125
126
126
126
125
126
126
125
125
126
126
125
125
126
126
125
125
125
125
125
125
126
126
125
125
126
126
126
126
126
125
126
126
125
126
126
126
125
126
126
126
126
126
126
125
125
126
126
126
126
126
126
125
126
127
125
125
126
126
125
125
125
126
125
125
126
125
126
126
125
125
125
125
126
126
125
126
126
126
125
126
126
125
125
125
126
125
126
126
128
126
125
126
125
125
125
126
125
125
126
126
125
125
125
126
125
125
125
126
126
125
126
126
125
125
126
125
125
126
125
125
125
125
126
126
125
125
125
125
125
125
125
125
125
126
126
125
124
125
125
125
125
125
125
125
125
125
126
125
125
125
126
125
125
125
126
125
125
125
126
125
125
125
126
126
125
125
125
125
125
125
125
125
125
125
126
126
125
125
125
125
125
125
125
126
125
125
126
125
125
125
126
125
125
125
126
126
125
125
125
125
125
125
125
125
125
125
125
125
125
125
125
125
125
125
125
125
125
125
127
125
124
125
126
125
126
126
126
125
125
125
125
126
125
125
126
126
126
126
126
125
125
125
125
125
125
125
125
125
126
126
125
126
125
126
125
125
126
126
125
126
126
125
126
125
126
125
125
126
126
126
125
125
125
126
125
125
126
125
126
126
125
125
125
125
126
124
123
125
126
126
126
126
126
126
126
126
125
125
125
125
125
125
125
126
125
125
125
125
125
125
125
125
125
125
125
125
125
126
125
125
125
125
125
125
125
125
125
125
125
126
126
125
125
125
125
125
125
125
125
125
125
126
125
125
126
126
126
126
126
124
124
126
127
126
125
125
125
126
125
125
125
125
125
125
125
125
125
126
125
125
126
126
126
125
126
126
125
125
125
126
125
126
125
126
124
125
125
125
126
126
126
125
125
125
125
125
126
126
125
125
125
126
126
126
126
126
125
123
124
126
126
126
125
124
125
126
125
123
123
125
127
128
126
126
126
126
125
126
125
124
123
124
123
123
126
124
124
125
126
128
131
134
135
136
132
124
116
109
109
112
116
119
125
131
134
135
131
125
120
122
134
147
147
134
124
116
99
84
97
131
154
154
134
116
120
135
137
131
107
84
122
176
153
99
99
127
131
124
132
132
115
107
121
134
137
134
126
122
126
129
125
120
119
119
120
126
132
127
122
125
128
122
124
130
133
124
118
123
128
126
123
129
139
126
121
116
120
124
130
129
122
122
128
132
128
119
119
128
129
127
126
105
83
139
215
164
9
28
222
255
138
17
23
155
185
141
134
131
114
97
132
125
116
129
138
124
121
132
136
129
126
124
119
122
132
130
118
117
126
131
132
134
131
123
121
127
129
122
118
118
129
130
127
124
128
129
125
122
123
124
125
131
137
133
124
119
120
123
123
121
121
124
129
132
135
132
119
115
126
137
134
120
110
112
131
145
136
121
124
147
153
108
76
108
148
142
109
97
126
154
139
119
122
129
125
116
112
118
134
153
147
119
109
125
135
124
119
127
126
108
108
140
152
126
114
131
130
107
111
134
135
123
129
134
124
118
127
129
122
124
129
125
127
137
129
110
108
126
136
128
120
120
124
130
136
130
114
115
137
141
126
119
117
115
124
134
139
137
120
108
126
137
125
127
139
129
110
114
129
129
123
122
123
127
126
118
118
129
139
134
123
119
122
125
128
128
128
136
123
117
123
134
131
124
121
120
120
124
130
131
128
123
116
117
127
130
124
121
124
129
130
128
126
124
124
126
127
126
125
125
131
133
126
118
117
124
132
130
120
119
125
128
132
131
131
128
121
118
125
127
122
121
126
126
124
124
124
124
125
125
127
129
125
126
132
128
123
125
123
117
125
131
128
124
130
128
120
121
123
125
131
133
121
108
115
132
140
137
123
110
114
133
137
129
123
126
128
127
123
120
121
125
124
123
127
130
126
124
125
126
124
126
127
124
119
120
128
131
129
124
124
127
127
126
126
124
121
122
127
129
126
122
124
127
124
123
126
129
128
123
120
123
127
126
125
125
123
119
124
134
133
123
119
124
131
129
127
123
122
124
128
127
123
123
125
127
122
119
125
131
128
89
126
126
126
126
126
126
125
126
126
125
126
126
125
126
126
126
125
125
126
126
125
125
125
126
126
126
126
125
125
126
125
126
125
126
126
126
125
125
125
125
125
126
126
125
125
125
125
125
125
125
125
125
125
126
125
126
125
126
125
125
125
126
126
125
126
125
125
126
125
125
126
125
126
126
126
126
126
126
126
126
125
126
125
125
125
125
125
125
126
125
126
125
126
125
126
126
125
125
125
126
125
126
126
126
125
125
126
125
125
126
125
126
125
126
125
126
125
125
125
125
126
126
126
125
125
126
126
126
125
126
126
126
125
125
125
125
125
125
126
126
125
125
125
125
125
125
125
125
126
125
126
125
125
125
125
126
126
125
125
125
125
125
125
125
125
125
125
125
125
125
125
125
125
125
125
126
125
125
126
126
125
125
125
125
125
125
125
125
125
125
125
125
125
125
125
125
125
125
125
125
125
125
125
125
125
125
125
125
125
125
125
125
125
125
125
125
125
125
125
125
125
125
125
125
125
125
125
125
125
125
125
125
125
125
125
125
125
125
125
125
125
125
125
125
125
125
125
125
125
125
125
125
125
125
125
125
125
125
125
125
125
125
125
125
125
125
125
125
125
125
125
125
125
125
125
125
125
125
125
125
125
125
125
125
125
125
125
125
125
125
125
125
125
125
125
125
125
125
125
125
125
125
125
126
124
125
125
125
126
125
126
125
126
125
126
125
125
125
125
125
125
125
125
125
125
125
126
126
125
125
125
125
126
125
125
125
125
125
125
125
125
124
125
126
125
126
126
126
126
126
126
126
126
112
