124
124
125
126
125
123
89
125
125
125
125
125
125
125
125
125
125
125
125
125
125
125
125
125
125
125
125
125
125
125
125
125
125
125
125
125
125
125
125
125
125
125
125
125
125
125
125
125
125
125
125
125
125
125
125
125
125
125
125
125
125
125
125
125
125
125
125
125
125
125
125
125
125
125
125
125
125
125
125
125
125
125
125
125
125
125
125
125
125
125
125
125
125
125
125
125
125
125
125
125
125
125
125
125
125
125
125
125
125
125
125
125
125
125
125
125
125
125
125
125
125
125
125
125
125
125
125
125
125
125
125
125
125
125
125
125
125
125
125
125
125
125
125
125
125
125
125
125
125
125
125
125
125
125
125
125
125
125
125
125
125
125
125
125
125
125
125
125
125
125
125
125
125
125
125
125
125
125
125
125
125
125
125
125
125
125
125
125
126
125
125
126
125
125
125
125
125
125
125
125
125
125
125
125
125
125
125
125
125
125
126
125
125
125
125
125
125
125
125
125
125
125
125
125
125
125
125
125
125
125
125
125
125
125
125
125
125
125
125
125
125
125
125
125
125
125
125
125
125
125
125
125
125
125
125
125
125
125
125
125
125
125
125
125
125
125
125
125
125
125
125
125
125
125
125
125
125
125
125
125
125
126
126
125
125
125
125
125
125
125
125
125
125
126
125
125
125
125
125
126
125
125
125
125
125
125
125
125
125
126
125
125
125
125
125
125
125
125
126
125
125
125
125
125
125
125
125
125
125
125
125
125
125
125
126
126
125
125
125
125
125
125
125
125
125
125
125
125
125
125
125
125
125
125
125
125
125
125
125
125
125
125
125
125
125
125
126
126
125
125
125
125
125
125
125
125
125
125
125
125
125
125
125
125
125
125
125
125
125
125
125
125
125
125
125
125
125
125
125
125
125
125
125
125
125
125
125
125
125
125
125
125
125
125
125
125
125
125
125
125
125
125
125
125
125
125
125
125
125
125
125
125
125
125
125
125
125
125
125
125
125
125
125
125
125
125
125
125
125
125
125
125
125
125
125
125
125
125
125
125
125
125
125
125
125
125
125
125
125
125
125
125
125
125
125
125
125
125
125
125
125
125
125
125
125
125
125
126
124
125
125
125
126
126
126
126
125
125
125
125
125
125
125
125
125
125
125
125
125
125
125
125
125
126
126
126
125
125
126
125
125
124
125
126
126
126
126
126
126
126
126
126
126
126
126
125
125
126
126
126
126
126
126
126
125
126
125
126
126
126
126
126
125
126
125
125
125
126
125
126
126
126
126
126
125
126
125
126
125
125
125
125
125
126
125
125
125
125
125
126
125
125
125
126
126
126
125
125
125
125
125
126
126
125
125
126
126
126
125
126
125
126
125
126
125
125
125
125
125
126
125
125
125
125
126
126
126
125
126
126
126
126
125
125
125
125
126
126
126
125
125
126
126
126
125
126
125
125
126
126
125
125
126
126
126
125
125
126
126
125
125
126
126
125
126
126
125
125
125
126
125
125
125
126
126
126
126
125
125
126
125
126
126
126
125
125
126
126
125
125
125
126
126
125
125
125
126
126
125
126
126
126
126
126
125
126
125
125
126
125
126
126
126
126
126
126
126
125
125
125
125
125
125
126
125
126
125
125
125
126
125
125
125
126
126
125
126
125
125
125
126
125
125
125
125
126
125
125
125
125
126
125
126
127
126
126
125
125
125
125
125
125
125
125
125
125
125
125
125
125
125
126
125
125
126
125
125
125
125
125
125
125
125
125
126
126
125
125
125
125
125
125
125
125
125
125
125
125
126
125
125
125
125
125
125
125
125
125
125
125
125
125
126
125
125
125
125
125
125
125
125
125
125
126
125
125
125
125
125
125
126
127
125
123
125
126
125
126
126
126
125
126
126
125
125
125
125
125
125
126
125
125
126
126
125
126
126
126
126
125
126
126
125
125
125
125
125
126
126
125
126
126
126
126
126
126
125
125
126
126
125
125
126
126
125
125
126
126
126
126
126
125
125
126
126
126
126
125
124
124
125
126
125
126
126
125
125
126
126
125
126
126
125
124
125
126
125
126
126
125
124
125
126
125
125
125
126
126
125
125
125
125
125
126
126
125
124
126
126
125
125
126
126
125
125
126
126
125
125
126
126
125
125
126
125
124
125
126
126
125
125
126
125
125
126
126
125
125
126
126
125
125
125
126
126
125
125
125
125
125
126
126
125
125
126
126
125
125
126
126
126
125
126
126
125
125
126
126
126
125
126
126
125
125
125
126
126
125
126
126
125
125
125
126
126
125
126
126
125
125
125
126
126
125
125
126
126
126
125
125
126
125
125
126
125
125
125
126
126
125
125
125
126
125
125
125
126
129
126
126
125
125
125
124
124
125
125
125
125
125
125
125
124
125
126
126
125
125
125
126
126
125
125
125
125
125
125
125
125
125
125
125
126
126
126
126
126
126
125
125
125
125
125
125
125
125
126
126
126
125
125
126
126
125
125
125
125
125
125
125
125
125
125
125
125
125
125
125
125
126
125
125
125
125
125
125
125
125
125
125
125
125
125
125
125
126
125
125
125
125
125
125
125
125
125
125
126
127
129
128
124
122
123
127
128
126
123
122
124
126
125
123
123
124
126
126
124
125
127
127
126
125
126
126
126
127
126
125
126
126
125
123
122
124
125
127
127
126
127
127
124
121
123
126
126
124
124
122
124
125
127
126
124
125
126
127
127
127
126
126
126
126
125
125
125
124
124
124
125
126
125
124
125
125
125
125
125
125
126
126
126
126
126
126
126
126
126
125
125
125
125
125
124
124
125
125
125
125
125
125
124
125
127
128
127
124
123
123
125
127
128
128
127
125
124
125
125
124
123
122
124
125
119
123
128
131
132
130
130
130
126
119
121
125
120
115
122
129
128
127
128
127
125
126
127
125
122
122
124
130
129
117
124
123
127
126
126
128
128
126
124
124
126
127
126
124
124
124
127
130
129
127
126
126
126
125
125
125
129
129
126
125
127
128
125
124
125
123
118
124
126
125
126
127
126
126
127
125
123
128
131
127
123
126
130
129
122
113
120
135
132
126
130
126
119
125
129
121
119
132
139
133
120
111
115
119
110
116
140
157
159
132
91
94
136
154
131
111
106
111
128
139
128
118
125
133
133
127
120
124
135
128
117
120
125
126
128
129
123
120
125
130
132
130
128
122
117
122
132
133
124
119
123
128
123
120
128
131
124
114
118
133
134
120
114
126
138
135
128
130
136
132
121
120
132
131
111
107
130
133
100
87
121
162
162
132
111
119
136
144
139
118
98
106
132
140
128
117
120
128
130
129
130
127
123
125
127
121
115
119
130
134
130
124
120
121
130
130
137
128
121
121
127
126
124
124
125
127
125
122
123
126
126
120
121
125
127
126
129
131
126
123
124
128
127
126
125
123
123
128
129
126
125
130
130
128
124
123
122
122
123
122
123
127
129
124
119
122
127
129
124
119
122
137
144
131
117
116
124
128
128
126
122
119
122
129
130
125
120
117
119
127
135
133
122
117
127
137
132
122
123
129
127
121
120
125
132
131
124
120
124
127
128
124
121
121
122
127
129
126
121
121
124
127
127
124
123
124
126
150
75
120
120
125
129
136
133
129
128
128
125
123
124
127
128
127
124
125
128
130
128
126
125
126
128
129
127
123
121
124
126
127
127
127
127
125
72
120
128
126
132
134
134
131
128
130
132
131
130
126
124
125
127
127
126
125
125
126
128
128
125
125
126
128
129
128
113
122
127
129
130
131
129
128
128
127
128
128
126
123
124
128
129
125
123
125
127
126
126
125
122
122
126
127
127
125
122
123
128
127
125
126
129
128
125
123
90
125
125
125
125
125
125
125
125
125
125
125
125
125
125
125
125
125
125
125
125
125
125
125
125
125
125
125
125
125
125
125
125
125
125
125
125
125
125
125
125
125
125
125
125
125
125
125
125
125
125
125
125
125
125
125
125
125
125
125
125
125
125
125
125
125
125
125
125
125
125
125
125
125
125
125
125
125
125
125
125
125
125
125
125
125
125
125
125
125
125
125
125
125
125
125
125
125
125
125
125
125
125
125
125
125
126
125
125
125
125
125
126
126
126
125
126
126
126
126
125
126
125
126
126
125
126
126
126
126
125
125
125
125
126
125
126
126
126
125
126
126
126
125
125
126
125
126
126
125
126
126
125
125
126
126
125
126
126
126
126
126
126
126
125
126
126
125
126
125
125
125
126
126
125
125
125
126
125
126
125
125
125
125
125
125
125
125
125
125
125
125
125
125
125
125
125
125
125
125
126
125
125
125
125
125
126
125
125
125
125
125
125
125
125
125
126
125
125
125
125
125
125
125
125
125
125
125
125
125
125
125
125
126
125
125
125
125
125
125
125
125
125
125
125
125
125
125
125
126
125
125
125
125
125
126
126
125
125
125
125
125
125
125
125
125
125
125
126
126
125
125
126
125
125
125
125
125
125
125
125
125
125
125
125
125
125
125
125
125
125
125
125
125
125
125
125
125
125
125
125
125
125
126
125
125
125
125
125
125
125
125
125
125
125
125
125
125
125
126
126
126
125
126
126
126
125
125
125
125
125
125
125
125
126
125
125
125
125
125
125
125
125
125
125
125
125
125
125
125
125
125
125
125
128
