133
130
127
123
116
119
46
126
125
126
126
125
125
125
125
125
125
125
126
126
126
125
125
125
125
126
125
126
125
126
126
126
126
126
125
126
126
125
125
125
126
126
125
125
125
126
125
126
126
126
126
126
126
125
125
125
125
125
125
125
126
126
125
125
125
125
126
126
126
126
126
126
126
126
125
126
125
125
126
125
126
125
126
126
126
125
126
126
125
126
126
125
126
126
126
126
125
125
126
126
126
126
126
125
126
125
126
125
125
125
126
125
125
125
126
125
126
126
125
126
125
125
126
125
125
125
125
126
126
125
125
125
125
125
125
125
125
125
125
125
125
125
125
125
125
125
125
125
125
125
125
125
125
125
125
125
125
125
125
125
125
125
125
125
125
125
125
125
125
126
125
125
125
125
125
125
125
125
125
125
125
125
125
125
125
125
125
125
125
125
125
125
125
125
125
125
125
125
125
125
125
125
125
125
125
125
125
125
125
125
125
125
125
125
125
125
125
125
125
125
125
125
125
125
125
125
125
125
125
125
125
125
125
125
125
125
125
125
125
125
125
125
125
125
125
126
126
125
125
125
125
125
125
125
125
125
125
125
125
125
125
125
125
125
126
125
125
125
125
125
125
125
125
125
125
125
125
125
125
125
125
125
125
126
125
125
125
125
125
125
125
125
125
125
125
125
125
125
125
125
125
125
125
125
125
125
125
125
125
125
125
125
125
125
124
125
125
125
125
125
126
125
125
125
125
125
125
125
125
125
125
125
125
125
125
125
125
125
125
125
125
125
125
125
125
125
125
125
125
125
125
125
125
125
125
125
125
125
125
125
125
125
125
125
125
125
125
126
125
125
125
125
125
125
125
125
125
125
125
125
125
125
125
125
125
125
125
125
125
125
125
125
125
125
125
125
125
125
125
125
125
125
125
125
125
125
125
125
125
125
125
125
125
125
125
125
125
125
125
125
125
125
125
125
125
125
125
125
125
125
125
125
125
125
125
125
125
125
125
125
125
125
125
125
125
125
125
125
126
125
125
125
125
125
125
125
125
125
125
125
125
125
125
125
125
125
125
125
125
125
125
125
125
125
125
125
125
125
125
125
125
126
125
125
125
125
125
125
125
125
125
125
125
125
125
125
125
125
126
125
125
125
125
125
125
125
126
126
125
125
125
125
125
125
125
125
125
125
125
125
125
126
125
125
125
125
125
125
126
125
125
125
125
125
125
125
126
126
125
125
125
125
125
126
125
125
125
126
126
125
125
125
126
126
125
125
125
125
125
125
125
125
125
125
126
125
125
125
126
126
126
125
125
126
125
125
125
125
125
125
125
125
124
125
126
126
125
125
125
126
126
125
125
125
126
126
125
125
125
125
125
125
125
125
125
125
125
124
125
126
126
126
126
126
125
125
125
126
125
125
125
126
126
125
125
125
125
126
127
126
125
124
126
127
126
125
125
126
126
128
129
125
118
113
119
131
132
114
109
172
203
102
9
99
227
143
45
114
179
143
83
130
182
139
79
90
125
128
138
157
134
106
118
115
104
143
179
91
58
159
196
97
61
183
188
65
40
148
204
168
109
60
72
155
197
133
53
76
177
221
145
35
57
163
185
140
106
85
91
139
160
139
135
125
89
100
164
182
127
82
93
128
152
138
103
99
137
164
138
101
102
129
147
141
119
101
105
124
144
140
120
109
120
141
144
127
109
111
132
143
132
117
119
126
127
126
125
120
118
122
131
135
130
122
118
126
134
131
119
111
115
127
136
136
129
122
119
121
126
128
126
124
124
125
126
127
127
126
125
128
129
127
123
120
119
123
128
130
128
124
123
124
125
126
127
128
129
127
125
126
124
122
121
123
125
125
126
128
129
126
123
122
124
127
127
125
123
125
127
127
127
123
123
124
125
126
126
126
125
125
125
126
126
127
126
125
124
124
123
124
125
126
126
126
126
126
125
126
126
126
125
125
125
125
125
124
124
124
125
125
125
125
126
126
127
127
126
126
125
125
125
124
125
125
125
124
125
125
123
124
125
125
126
126
126
126
127
127
126
126
126
125
125
126
123
123
125
126
126
127
127
126
126
125
125
125
126
126
126
125
125
125
125
126
126
125
126
126
127
126
126
126
125
125
125
126
126
125
125
126
126
126
125
125
125
126
126
126
126
127
127
126
126
126
126
126
125
125
126
126
126
125
126
126
125
125
125
126
126
125
124
124
125
125
125
126
126
126
126
127
127
127
127
126
126
125
125
125
125
125
126
126
126
125
125
125
126
125
126
125
125
125
126
126
125
125
126
126
125
126
125
125
125
125
125
125
126
126
127
126
125
125
126
126
126
125
125
125
125
125
125
126
126
126
125
125
125
125
125
126
126
126
126
126
125
125
126
126
125
125
125
125
125
125
125
125
126
126
126
126
126
126
126
125
126
126
126
125
124
124
125
126
126
125
125
125
125
125
126
126
126
126
126
125
125
125
126
126
126
125
125
125
126
126
126
126
125
125
125
125
125
125
125
125
126
125
126
126
126
126
126
127
128
126
126
126
125
125
125
128
125
124
125
124
124
124
124
125
125
125
125
125
125
126
126
125
126
126
126
126
126
126
125
125
126
125
125
125
125
125
126
125
126
126
125
125
124
125
125
122
126
126
125
126
126
126
126
126
126
126
125
125
126
125
125
125
125
125
125
126
125
125
125
126
126
126
125
125
125
125
125
125
125
125
125
125
125
125
125
126
125
125
125
125
125
126
125
125
125
125
126
125
125
125
125
125
125
125
125
125
126
126
125
126
126
126
125
125
125
125
125
125
125
125
125
126
125
126
126
125
126
125
125
125
125
125
125
125
125
126
125
126
125
125
125
125
125
125
125
125
125
125
125
126
126
125
125
125
125
125
125
126
125
126
125
125
125
125
125
125
125
125
126
125
125
125
125
126
126
126
126
125
125
124
125
125
126
126
126
126
125
125
125
125
125
125
125
125
125
126
125
125
125
125
125
125
125
125
125
125
125
125
125
125
125
126
125
125
126
125
125
126
125
125
125
125
125
126
125
125
125
126
126
125
125
126
125
125
125
126
125
125
125
125
125
126
125
126
126
125
125
126
125
125
125
125
125
126
125
125
126
124
126
124
125
125
125
125
125
125
125
126
130
128
126
125
125
124
124
124
124
124
125
125
125
125
125
125
126
126
126
125
126
126
125
125
125
126
126
125
126
125
125
125
125
125
125
125
125
126
126
126
126
126
126
126
125
125
125
125
125
126
125
125
125
125
126
126
126
125
125
118
124
125
125
127
127
127
126
126
126
125
126
126
126
125
126
126
126
126
126
125
124
125
125
125
125
125
125
125
125
126
126
126
126
126
126
126
125
125
124
125
126
125
124
125
126
126
126
126
126
125
125
125
125
125
126
125
125
125
125
125
125
125
126
125
125
124
124
125
125
125
126
126
126
126
125
125
126
126
126
125
125
126
125
125
125
125
126
126
125
125
125
126
125
125
125
126
125
125
125
123
124
125
125
125
125
126
127
125
125
125
125
125
127
127
125
123
124
127
128
125
123
124
126
126
125
125
125
126
126
125
125
125
124
124
125
125
126
125
126
126
126
127
126
126
125
126
125
125
124
125
126
125
125
126
125
127
126
125
125
124
125
125
125
125
126
125
125
125
126
126
125
123
125
125
126
125
125
124
126
127
126
125
125
126
125
124
125
127
126
124
124
125
128
127
125
125
125
126
126
125
124
124
125
126
125
128
127
125
124
124
124
126
127
126
125
124
125
127
125
125
123
125
134
130
125
124
123
121
122
124
124
123
124
125
126
126
126
124
124
126
125
125
124
125
126
126
124
126
126
126
125
124
126
127
47
125
125
125
125
125
125
125
125
125
125
125
125
125
125
125
125
125
125
125
125
125
125
125
125
125
125
125
125
125
125
125
125
125
125
125
125
125
125
125
126
125
125
125
125
125
125
125
125
125
125
125
125
125
125
125
125
125
125
125
125
125
125
125
125
125
125
125
125
125
125
125
125
125
125
125
125
125
125
125
125
125
125
125
125
125
125
125
125
125
125
125
125
125
125
125
125
125
125
125
125
125
125
125
125
125
125
125
125
125
125
125
125
125
125
125
125
125
125
125
125
125
125
125
125
125
125
125
125
125
125
125
125
125
125
125
125
125
125
125
125
125
125
125
125
125
125
125
125
125
125
125
125
125
125
125
125
125
126
125
125
125
125
125
125
125
125
125
125
125
125
125
125
125
125
125
125
126
125
125
125
125
125
125
125
125
125
125
125
125
125
125
125
125
125
125
125
125
125
125
125
126
125
125
125
125
125
125
125
125
125
125
125
125
125
125
125
126
125
125
125
125
125
126
125
125
125
125
125
125
125
125
125
125
125
125
125
126
125
125
125
125
125
125
125
125
125
125
125
125
125
125
125
125
125
125
125
125
125
125
125
125
125
125
125
125
126
126
126
126
126
126
126
125
126
125
125
125
126
125
125
125
125
126
125
125
126
126
125
126
126
125
126
125
125
125
125
125
125
125
125
125
126
125
126
126
126
125
125
125
125
125
125
125
125
125
125
125
125
125
125
126
125
125
126
125
126
125
126
125
125
125
126
125
125
125
125
125
126
125
125
126
126
125
125
125
125
126
126
125
125
125
125
125
130
