126
128
124
124
125
127
91
126
125
125
125
125
125
125
125
125
125
125
125
125
125
125
125
125
125
125
125
125
125
125
125
125
125
125
125
125
126
125
125
125
125
125
125
125
125
125
125
125
126
126
126
125
125
125
125
125
125
125
125
125
125
125
125
125
125
125
126
125
125
125
125
125
125
125
125
125
125
125
125
125
125
125
125
125
125
125
125
125
125
125
125
125
125
125
125
125
125
125
125
125
125
125
125
125
125
125
125
125
125
125
125
125
126
125
125
125
125
125
125
125
125
125
125
125
125
125
126
125
125
125
125
125
125
125
125
125
125
125
125
125
125
125
126
125
125
126
125
125
125
126
125
125
125
125
125
125
125
125
125
125
125
125
125
125
125
125
125
125
125
125
125
125
125
125
125
125
125
125
125
125
125
125
125
125
125
125
125
125
125
125
125
125
125
125
125
125
125
125
125
125
125
125
125
125
125
125
125
125
125
125
125
125
125
125
125
125
125
125
125
125
125
125
125
125
125
125
125
125
125
125
125
125
125
125
125
125
125
125
125
125
125
125
125
125
125
125
125
125
125
125
125
125
125
125
125
125
125
125
125
125
125
125
125
125
125
125
126
125
125
126
126
125
125
125
125
126
126
126
126
126
126
126
126
126
125
125
125
126
126
125
125
126
126
125
124
129
125
125
125
125
125
125
126
126
126
126
126
125
125
125
125
125
125
125
125
125
125
125
125
125
125
125
125
125
125
126
126
125
125
125
125
125
126
125
125
125
125
125
125
125
125
125
125
125
125
125
125
126
125
125
125
125
125
125
125
125
125
125
125
125
125
125
125
125
125
125
125
125
125
125
125
125
125
125
125
125
125
125
125
125
125
125
125
125
125
125
125
125
125
125
125
125
125
125
125
125
125
126
125
125
125
125
125
125
125
125
125
125
125
125
125
125
125
125
125
125
125
125
125
125
125
125
125
125
125
125
125
125
125
125
125
125
125
125
125
125
125
125
125
125
125
125
125
125
125
125
125
125
125
125
125
125
125
125
125
125
125
125
125
125
125
125
125
125
125
125
126
125
125
125
125
125
125
125
125
125
125
125
126
125
125
125
125
125
125
125
125
125
125
125
125
125
125
125
125
125
125
125
126
125
125
125
125
125
125
125
125
125
125
125
125
125
125
125
125
125
125
125
125
125
125
125
125
125
125
125
125
125
125
125
125
125
125
125
125
125
125
125
125
125
125
125
125
125
125
125
125
125
125
125
125
125
125
125
125
125
125
125
125
125
125
125
125
125
125
125
125
125
125
125
125
125
125
125
125
125
125
125
125
125
125
126
125
124
124
125
125
126
126
126
126
126
125
125
125
126
125
125
126
125
125
126
125
126
125
125
125
125
126
126
126
125
125
126
125
126
125
125
125
126
125
125
125
126
126
125
125
126
126
126
126
126
126
125
125
126
126
125
125
125
125
125
125
126
126
125
125
126
125
124
125
126
126
126
125
125
126
126
125
125
126
126
125
125
125
125
125
125
125
125
125
125
125
125
125
125
125
125
125
125
125
126
126
125
125
126
126
125
125
125
125
125
125
125
125
125
125
125
126
126
126
125
125
125
125
125
125
125
125
125
125
125
126
126
125
125
125
126
125
125
125
125
125
125
125
125
125
125
125
125
126
126
126
125
126
126
126
125
125
125
125
125
125
125
125
125
125
125
125
125
126
125
125
125
125
126
125
125
125
125
125
125
125
125
125
125
125
125
125
125
125
125
125
125
125
125
125
125
125
125
125
125
125
125
126
125
125
125
125
126
125
125
125
125
125
126
125
127
126
125
125
125
125
125
125
125
125
125
125
125
125
125
125
125
125
126
125
125
125
126
126
125
125
125
125
125
125
125
125
125
125
125
125
125
125
125
125
125
125
125
125
125
125
125
125
125
126
125
125
125
125
125
125
125
125
125
126
126
125
125
125
125
125
125
125
125
125
125
125
126
125
125
125
125
125
125
125
125
125
125
126
124
124
126
126
125
126
126
126
125
126
126
125
125
126
125
125
125
126
126
126
126
125
125
125
126
126
126
126
125
125
126
126
126
125
125
126
126
125
125
126
125
125
126
126
124
124
126
126
125
126
126
126
125
126
126
125
124
125
127
126
125
125
126
125
125
127
125
124
125
126
126
126
126
126
126
125
126
126
126
124
125
125
126
125
126
126
125
125
126
126
125
125
125
125
125
125
125
127
126
125
125
126
125
125
125
126
126
125
125
125
125
124
125
126
126
125
126
127
126
125
124
125
126
125
125
126
125
125
125
126
126
125
125
126
126
125
125
125
125
125
125
126
126
125
125
126
126
126
125
125
125
125
125
125
126
126
125
125
126
125
125
125
125
126
126
125
125
125
125
125
125
126
126
125
125
125
126
125
125
125
125
125
125
125
125
125
125
125
125
125
125
125
125
125
125
125
125
125
126
126
125
125
126
125
125
125
126
125
125
125
125
126
125
125
126
127
126
125
125
124
124
124
125
125
125
125
125
125
125
125
125
125
125
125
126
125
125
125
125
125
125
125
125
126
125
125
125
125
125
125
124
125
125
125
125
125
126
129
132
126
117
119
126
130
129
125
123
125
126
126
124
123
123
125
126
126
127
126
126
126
126
126
125
126
127
127
128
127
125
123
122
124
126
127
127
127
126
124
122
125
127
127
125
123
123
124
127
126
125
124
125
126
126
126
126
126
127
128
127
126
126
125
125
125
125
122
121
124
124
125
125
126
126
127
127
126
127
127
126
126
126
126
126
125
126
125
125
125
125
125
125
125
125
125
125
125
125
125
125
124
124
125
127
127
126
126
126
125
124
125
126
125
125
124
125
124
124
125
126
126
126
125
126
126
126
126
126
126
125
125
125
126
126
124
125
125
124
124
124
124
124
127
125
127
126
126
127
127
126
124
123
125
126
126
124
124
122
125
125
126
124
124
126
126
125
123
122
124
131
137
135
125
123
129
132
128
123
121
122
125
122
113
111
125
136
130
122
124
129
129
124
122
124
126
126
124
125
129
130
125
124
129
130
128
127
125
117
118
132
133
123
121
125
127
131
127
124
120
121
124
125
126
125
122
123
128
129
128
127
121
119
128
133
124
121
127
129
124
123
126
126
128
129
124
118
120
128
129
124
123
125
125
126
126
126
125
125
126
127
127
127
127
125
122
118
118
127
134
130
122
121
128
131
128
126
130
127
120
120
129
136
132
117
104
109
125
131
122
109
107
118
134
144
139
124
123
141
154
149
134
123
124
130
125
98
75
100
147
153
123
102
110
131
143
138
127
119
126
127
124
134
121
120
134
139
130
115
110
116
126
129
127
126
124
125
126
124
124
126
128
128
126
124
123
123
125
127
126
125
127
130
129
125
126
130
128
122
122
127
129
126
121
122
126
128
124
122
126
129
127
128
129
127
125
124
124
123
124
126
123
119
124
134
136
121
110
117
128
136
138
126
117
122
131
131
123
116
120
127
123
121
129
137
132
124
127
131
127
127
130
125
120
122
126
125
122
122
124
123
121
122
128
131
128
122
121
127
133
130
125
121
123
125
126
124
122
124
126
126
127
127
126
125
124
125
127
127
126
124
123
126
126
124
124
125
126
125
123
124
125
124
126
127
128
127
126
126
127
127
126
123
123
127
129
126
124
124
126
127
125
125
124
123
126
126
123
121
123
127
129
127
126
127
129
129
126
123
123
124
127
128
124
122
123
124
126
128
128
126
124
125
126
124
121
122
125
127
124
123
126
127
125
125
126
127
125
124
127
128
127
127
124
128
132
125
123
125
124
124
122
123
125
125
127
128
126
122
122
125
126
122
122
125
126
125
92
125
125
125
125
125
125
125
125
125
125
125
125
125
125
125
126
125
126
125
125
126
126
126
126
126
126
126
126
126
126
125
126
125
126
126
126
125
126
126
126
126
126
126
126
126
126
126
126
125
126
125
126
126
126
126
126
126
126
126
125
125
126
126
126
126
126
125
125
126
125
126
126
126
125
126
126
126
126
126
126
126
126
126
125
125
125
125
126
126
125
126
126
125
125
125
125
125
126
125
125
125
125
125
125
125
125
125
125
125
125
125
125
125
125
125
125
125
125
125
126
125
125
126
125
125
125
125
126
125
125
126
125
125
126
125
125
125
125
125
125
126
125
125
125
125
125
125
125
125
125
125
125
125
126
125
125
125
126
126
125
125
125
125
125
126
125
126
125
125
125
125
125
125
125
125
125
125
126
125
125
125
126
125
126
125
125
125
125
125
125
125
125
125
125
125
126
126
125
125
125
125
125
125
125
125
126
125
125
125
126
125
125
125
125
126
125
125
125
125
125
126
125
125
125
125
125
125
126
126
125
125
125
126
126
126
125
125
125
125
125
125
125
125
125
125
125
125
125
125
125
125
125
125
125
125
125
125
125
125
125
125
125
125
125
125
125
125
125
125
125
125
125
125
125
125
125
125
125
125
126
125
125
125
125
125
125
125
125
125
125
125
125
125
125
125
125
125
125
125
125
125
125
126
125
125
125
125
125
126
126
126
125
126
126
125
125
126
126
125
126
126
126
126
125
125
124
125
126
126
126
126
126
126
126
126
126
126
126
126
126
126
126
126
126
126
125
126
126
126
126
126
126
126
123
