125
126
126
126
125
124
58
125
125
125
125
125
125
125
125
125
125
125
125
125
125
125
125
125
125
125
125
125
125
125
125
125
125
125
126
125
125
126
125
126
126
125
125
126
126
126
126
126
125
126
126
125
125
125
126
126
125
125
126
126
126
126
125
125
125
125
126
125
125
126
125
125
125
126
126
125
125
125
125
125
125
125
125
126
126
125
126
126
126
126
126
125
125
125
125
125
125
126
126
125
125
125
125
125
125
125
125
126
125
125
125
126
125
125
125
125
125
125
125
125
125
125
125
125
125
125
125
125
125
125
125
126
125
125
125
125
125
125
125
125
125
125
125
125
125
125
125
125
125
125
125
125
125
125
125
125
125
125
125
125
125
125
125
125
125
126
125
125
125
126
125
125
125
125
125
125
125
125
125
125
125
125
126
125
125
126
125
125
125
125
125
125
125
126
126
125
125
125
125
125
125
125
125
125
125
125
125
125
125
125
125
125
125
125
125
125
125
125
125
125
125
125
125
125
125
125
125
125
125
125
125
125
125
125
125
125
125
125
125
125
125
125
125
125
125
125
125
125
125
126
126
125
125
125
125
125
125
125
125
125
125
125
125
125
125
125
125
125
125
125
125
125
125
125
125
125
125
125
125
125
125
125
125
125
125
125
125
125
125
125
125
125
125
125
125
125
125
125
125
125
125
125
125
125
125
125
125
125
125
125
125
125
125
125
125
125
125
125
125
125
125
125
125
125
125
125
125
126
125
125
125
125
125
126
126
125
125
125
125
125
125
126
126
125
125
126
126
125
125
126
126
125
125
125
125
125
126
125
125
125
126
126
126
126
126
126
126
126
126
126
126
126
126
126
126
125
126
126
126
126
125
125
125
126
126
126
126
126
126
126
126
126
126
126
125
125
126
126
125
126
126
126
126
126
126
125
125
125
125
126
126
125
125
126
125
126
126
125
125
126
126
126
126
125
125
126
125
126
125
125
126
126
125
126
126
125
126
125
126
126
126
126
125
126
125
126
125
125
126
125
125
126
125
125
126
126
125
126
125
126
126
125
125
126
125
126
126
125
125
126
125
125
125
125
125
126
125
125
125
125
125
125
126
125
125
126
125
126
126
125
126
125
125
125
124
122
121
125
134
142
145
144
121
81
66
90
113
159
219
204
93
64
111
102
131
207
152
4
57
208
216
149
75
44
108
239
225
60
13
100
239
217
83
32
107
183
165
82
74
162
182
97
65
133
170
127
86
106
156
171
128
85
99
144
149
113
98
116
137
140
133
126
119
116
124
132
124
112
122
143
145
126
111
111
118
129
137
134
118
111
123
137
138
129
124
124
123
120
120
120
122
127
131
131
127
126
129
129
123
117
118
124
129
131
129
125
121
120
123
127
130
131
129
126
124
124
125
124
123
122
125
129
129
126
124
125
126
125
123
124
126
127
127
126
125
125
126
127
128
127
125
124
124
125
126
125
125
125
126
126
126
125
124
124
124
125
126
127
128
127
125
123
122
124
126
128
127
126
124
124
123
125
126
127
127
128
127
125
124
123
123
124
125
125
125
126
127
126
126
125
126
122
124
125
125
126
127
128
127
127
126
126
126
125
125
125
125
125
126
126
125
125
126
126
125
125
125
125
126
125
125
126
127
127
127
126
126
126
126
123
124
125
126
126
127
126
126
126
126
126
126
126
126
126
126
125
125
124
125
125
126
126
126
126
126
126
126
125
126
125
125
125
125
125
125
126
127
127
127
126
126
126
125
125
125
125
125
125
125
126
126
126
126
125
125
125
125
125
125
125
125
125
125
125
125
126
126
126
126
126
126
127
127
126
126
126
125
125
125
125
125
125
125
125
126
125
125
125
125
125
125
125
125
126
125
126
126
126
126
126
126
126
126
126
125
125
126
126
125
126
127
126
125
126
126
125
125
126
126
125
125
126
126
125
125
126
126
125
126
126
126
125
125
126
126
125
125
125
126
126
126
125
125
125
126
127
126
125
125
126
126
126
125
126
126
127
126
125
125
126
126
126
126
126
125
125
126
126
125
125
127
126
125
125
125
127
127
126
125
126
125
125
124
125
125
125
125
125
126
126
126
126
125
126
126
126
126
126
126
125
125
125
125
125
125
126
126
125
125
126
126
125
125
126
126
123
125
126
127
126
126
126
129
126
125
126
126
125
125
125
125
125
126
126
125
126
126
126
126
125
126
127
126
125
125
126
126
126
126
125
125
125
125
125
125
126
126
126
125
125
125
125
125
126
125
126
126
126
126
126
126
126
126
126
126
126
126
126
126
126
125
123
125
125
125
126
126
126
126
126
126
126
126
126
126
125
125
125
125
125
125
126
126
125
125
125
125
126
126
125
125
125
126
125
125
126
125
125
125
125
125
125
125
125
125
126
125
126
126
126
125
125
126
126
125
126
125
125
125
126
125
125
126
126
125
125
125
125
125
125
125
125
125
126
126
126
126
126
125
126
126
126
125
125
125
125
126
125
125
125
125
125
125
126
126
125
125
125
125
125
125
126
125
125
125
125
125
125
125
126
126
125
125
125
126
126
125
126
125
125
125
125
125
125
126
126
126
125
125
125
125
125
125
125
126
125
126
126
126
125
126
125
126
126
125
125
125
125
125
128
126
125
124
125
124
125
124
125
124
125
125
125
126
125
125
125
125
126
126
126
126
126
125
125
125
125
125
125
125
125
125
125
125
125
125
125
125
125
126
126
126
125
125
125
126
126
125
125
126
125
126
126
125
126
125
125
125
125
125
125
125
125
125
125
125
125
126
126
125
126
125
125
125
125
125
126
126
125
125
126
126
126
125
125
125
125
126
125
125
125
126
126
125
126
125
125
125
126
125
125
125
125
126
126
125
125
125
125
125
125
125
125
125
125
125
125
125
125
125
125
123
125
125
125
126
126
126
126
126
126
126
125
126
126
125
125
125
126
126
125
124
124
125
126
125
125
125
125
126
126
125
125
126
135
109
120
126
127
126
127
128
126
126
126
126
126
125
125
126
126
126
126
125
126
126
125
126
126
125
126
126
126
126
120
109
127
125
128
128
129
128
128
128
127
127
127
126
126
126
126
126
127
126
126
126
126
126
126
126
126
126
126
126
126
126
126
126
126
126
125
121
124
124
127
126
127
127
127
127
127
126
126
126
126
126
126
125
126
125
126
126
126
125
126
125
126
125
125
125
126
126
125
125
125
126
126
126
126
125
125
125
126
126
126
126
126
125
124
124
125
125
125
126
127
127
126
125
126
126
124
124
125
125
126
126
127
126
125
124
126
128
127
125
123
136
131
125
134
135
121
116
128
133
124
114
118
126
123
117
126
138
137
130
129
129
130
131
123
114
119
126
115
105
119
135
131
124
128
136
138
134
126
122
122
123
123
120
120
123
125
122
123
126
127
127
127
127
128
129
127
126
126
127
126
124
122
122
124
126
126
125
124
127
129
126
123
124
126
126
126
127
127
127
128
128
126
125
125
124
124
123
125
125
124
124
124
125
128
127
125
126
126
125
124
125
126
125
124
126
126
125
125
126
126
125
123
123
126
128
125
125
125
129
125
122
124
127
129
126
124
124
126
126
126
121
124
125
126
126
126
126
131
133
127
125
125
125
124
124
124
125
123
122
123
124
124
124
125
124
125
125
126
126
127
126
125
126
126
126
126
128
157
121
111
107
113
120
123
131
133
137
79
127
126
130
127
134
131
128
127
127
123
123
126
127
126
126
125
126
128
127
126
127
128
128
128
126
125
125
126
130
125
125
123
125
127
127
125
125
124
126
128
126
125
124
126
125
123
122
125
126
126
125
125
126
128
128
128
127
126
126
126
126
124
123
124
57
125
125
125
125
125
125
125
125
125
125
125
126
125
125
125
125
125
125
125
125
125
125
125
125
125
125
125
125
125
125
125
125
125
125
125
125
125
125
125
125
125
125
125
125
125
125
125
125
125
125
125
125
125
125
125
125
125
125
125
125
125
125
125
125
125
125
125
125
125
125
126
125
125
125
125
125
125
125
125
125
125
125
125
125
126
125
126
125
125
125
125
125
126
126
125
125
125
125
125
125
125
125
125
125
125
125
125
125
125
125
125
125
125
125
125
125
125
125
125
125
125
125
125
125
125
125
125
125
125
125
125
125
125
125
125
125
125
125
125
125
125
125
125
125
125
125
125
125
125
125
125
125
125
125
125
125
125
125
125
125
125
125
125
125
125
125
125
125
125
125
125
125
125
125
125
125
125
125
125
125
126
125
125
125
126
125
126
125
125
125
125
125
125
125
125
125
125
125
125
125
125
125
125
125
126
125
125
125
126
125
125
125
125
125
125
125
125
126
125
126
126
126
125
125
125
125
125
125
126
125
126
126
126
126
126
126
126
125
126
126
126
126
126
126
126
126
125
126
126
126
126
125
126
126
126
126
126
126
126
126
125
125
126
126
126
126
126
126
126
126
125
125
125
125
125
126
126
126
126
126
126
126
125
125
126
126
125
125
125
126
126
125
125
126
125
126
126
126
125
126
126
126
126
125
125
125
125
125
125
126
126
125
126
126
125
126
126
126
125
125
125
126
125
126
125
125
125
125
126
125
126
126
125
125
125
126
126
126
126
125
125
125
125
125
125
126
126
125
126
125
126
125
126
124
