125
125
126
126
125
126
36
125
125
125
125
125
125
125
125
125
125
125
125
125
125
125
125
125
125
125
125
126
125
126
126
126
125
126
126
126
126
126
126
126
126
126
126
126
126
126
126
125
126
126
125
125
126
125
125
126
125
126
126
126
125
125
126
125
125
126
126
126
126
125
125
126
126
126
125
126
125
126
126
126
126
125
126
126
126
126
125
125
125
125
126
125
125
125
125
126
126
126
126
126
125
125
125
125
125
125
125
125
125
125
125
125
125
125
125
125
125
125
125
125
125
125
125
125
125
125
125
125
125
125
125
125
125
125
125
125
125
125
125
125
125
125
125
125
125
126
126
125
125
126
125
125
125
125
125
125
125
125
125
125
125
125
125
125
125
125
125
125
125
125
125
125
125
125
125
125
125
125
125
125
125
125
125
125
126
125
125
125
125
125
125
125
125
125
125
126
125
125
125
125
125
125
125
125
125
125
125
126
126
125
125
125
125
125
125
125
125
125
125
125
125
125
125
125
125
125
125
125
125
125
125
125
125
126
125
125
125
125
125
125
125
126
126
125
125
125
125
125
125
125
125
125
125
125
125
125
125
125
125
125
125
125
125
125
125
125
125
125
125
125
125
125
125
125
125
125
125
125
125
125
125
125
125
125
125
125
125
125
125
125
125
125
125
125
125
125
125
125
125
125
125
125
125
125
125
125
125
125
125
125
125
125
125
125
125
125
125
125
125
125
125
125
125
125
125
125
125
125
125
125
125
125
125
125
125
125
125
125
125
125
125
125
125
125
125
125
125
125
125
125
125
125
125
125
125
125
125
125
125
125
125
125
125
125
125
125
125
125
125
125
125
125
125
125
125
125
125
125
125
125
125
125
125
125
125
125
125
125
125
125
125
125
125
125
125
125
125
125
125
125
125
125
125
125
125
125
125
125
125
125
125
125
125
125
125
125
125
125
125
125
125
125
125
125
125
125
125
125
125
125
125
125
125
125
125
125
125
126
125
125
125
125
125
125
125
125
125
125
125
125
125
125
125
125
125
125
125
125
125
125
125
125
125
125
125
125
125
125
125
125
125
125
125
125
125
125
125
125
125
125
125
125
125
125
125
125
125
125
125
125
125
125
125
125
125
125
125
125
126
124
125
125
125
125
126
126
126
125
125
126
126
126
126
128
128
125
122
123
124
123
121
123
126
126
127
131
135
132
125
122
124
125
124
123
121
119
120
126
133
135
127
119
118
126
136
139
131
115
108
119
139
142
119
99
119
154
137
89
93
136
143
147
172
163
104
58
76
128
150
150
150
130
93
98
150
182
146
63
34
106
200
198
127
108
131
114
93
117
131
130
156
156
92
60
116
173
160
119
98
108
140
162
143
100
85
114
146
149
133
111
99
116
143
142
122
117
127
133
132
130
120
112
119
133
135
130
125
120
118
122
129
129
124
121
125
131
129
123
122
129
132
127
120
118
121
125
127
126
125
126
129
130
130
129
126
123
122
124
125
124
123
124
126
126
125
126
127
127
126
127
128
128
126
122
121
123
125
126
127
127
125
123
125
125
125
125
125
126
128
129
127
124
122
123
124
125
126
126
127
126
125
125
126
128
128
126
125
124
123
124
126
125
125
125
125
125
127
126
126
126
125
124
125
126
126
123
122
124
126
126
126
126
127
128
126
125
124
124
125
125
125
125
124
124
124
125
126
126
126
126
126
126
125
125
125
125
125
125
125
125
126
127
127
126
125
125
125
125
125
125
125
126
126
126
126
126
125
124
124
124
125
125
125
125
124
125
126
126
126
126
126
125
125
125
125
125
125
125
125
126
126
126
125
125
126
126
126
125
125
125
125
125
125
125
124
125
125
125
125
125
126
125
125
125
125
125
126
125
125
125
126
126
125
126
125
125
126
126
125
125
125
126
126
125
125
124
124
124
125
125
125
125
125
126
126
126
125
125
125
126
126
126
126
126
126
126
125
125
125
124
125
125
125
124
125
126
126
125
125
125
125
125
125
125
125
125
125
125
126
126
125
125
125
125
126
126
126
125
125
125
125
125
125
124
125
125
125
124
125
126
126
125
126
126
126
126
125
125
125
125
125
125
125
126
125
125
125
125
125
125
125
125
125
125
125
126
125
128
122
125
126
126
126
126
126
126
126
125
125
126
125
125
125
125
125
125
125
125
125
125
125
125
126
126
126
126
126
126
126
126
126
125
125
126
125
126
126
126
126
125
126
126
126
126
125
125
126
126
125
126
126
126
126
126
126
126
126
126
125
125
125
125
125
126
126
122
125
125
125
126
127
126
126
126
126
126
126
126
125
125
125
125
125
125
125
125
125
125
125
125
125
126
125
125
125
125
126
126
126
125
125
125
125
125
125
125
125
125
125
125
126
125
125
125
125
126
126
125
126
126
125
126
125
126
125
125
125
125
125
126
125
125
125
125
125
125
125
125
125
125
125
126
125
125
126
126
125
125
126
126
126
126
125
125
126
125
125
125
125
125
125
125
125
125
125
125
125
125
125
125
126
125
126
126
125
125
126
125
126
126
125
125
126
125
125
125
125
125
125
125
126
125
126
126
125
125
126
126
126
125
125
125
125
125
125
125
125
125
125
126
125
126
125
125
126
128
126
125
125
125
124
124
125
125
125
125
125
125
126
126
125
126
126
125
125
125
125
125
125
125
125
125
125
125
125
125
125
125
125
125
125
124
125
125
125
126
126
125
125
125
125
125
125
125
125
125
126
126
125
125
125
125
125
125
125
125
125
125
125
125
125
125
125
125
125
126
126
125
125
125
125
125
125
125
125
125
125
125
125
125
125
125
125
125
125
126
125
125
126
125
125
125
125
125
125
125
125
125
125
125
125
125
125
125
125
125
125
125
124
125
125
125
125
125
125
126
125
125
126
125
125
125
125
125
125
125
125
125
125
125
125
125
125
125
125
125
125
125
126
126
125
125
125
126
125
125
125
125
125
125
125
125
125
125
125
125
125
125
125
125
125
125
125
125
125
125
125
125
126
125
125
125
125
125
125
125
126
125
126
138
103
115
126
126
126
128
128
128
127
127
126
126
126
125
126
126
126
126
126
126
126
126
126
126
126
126
126
126
126
126
125
126
126
126
126
126
126
126
125
126
126
125
125
125
126
127
126
125
125
126
126
125
125
126
126
126
126
126
126
125
125
126
126
125
125
126
126
119
124
124
125
126
128
127
127
127
127
126
126
125
125
126
125
126
126
125
126
125
125
125
125
125
125
125
125
125
125
125
125
125
126
125
126
126
125
125
126
125
125
125
125
125
125
126
126
125
126
126
126
125
125
126
125
126
125
125
124
124
125
125
125
126
125
125
126
124
125
126
126
126
126
126
126
126
126
125
125
126
126
125
125
125
126
126
125
126
125
125
125
125
125
126
126
126
125
125
125
125
125
126
126
126
125
125
126
126
126
126
126
125
125
125
125
125
125
125
126
126
125
126
125
126
126
125
125
125
125
126
126
126
126
125
125
125
125
126
126
126
126
126
127
126
125
125
125
126
126
126
126
126
126
126
126
125
126
125
125
126
125
126
126
125
126
126
125
125
125
126
126
126
126
126
125
126
126
125
126
126
125
126
125
133
127
126
125
125
123
124
124
124
125
125
126
125
125
125
125
125
126
126
125
126
126
124
125
126
131
131
126
125
126
124
123
122
123
123
124
127
127
125
124
124
126
128
127
127
126
126
126
126
125
124
123
123
123
123
124
124
124
125
126
127
129
127
126
127
126
126
125
124
123
124
124
126
126
126
126
126
126
126
126
126
125
124
125
125
125
125
124
124
124
125
125
126
125
126
126
125
126
125
125
125
125
125
124
124
35
126
126
125
126
126
126
126
126
126
126
126
126
126
126
126
126
126
126
126
126
126
126
125
126
126
126
126
126
126
126
126
126
126
125
126
126
126
126
126
126
126
126
126
126
126
126
126
126
126
126
126
126
126
126
126
126
126
126
126
126
126
126
126
126
125
125
125
126
125
125
126
126
126
126
125
126
125
125
126
126
126
126
125
126
126
126
126
126
125
126
126
126
125
126
126
126
126
125
126
126
126
125
125
126
125
126
125
126
126
126
125
126
126
125
126
126
126
126
125
125
125
126
125
126
125
125
126
126
126
126
126
126
125
126
126
126
125
125
126
126
126
126
126
126
126
125
126
126
125
126
126
126
126
126
126
126
126
126
126
126
126
126
125
126
126
125
126
126
126
126
126
125
126
126
126
126
126
126
126
126
126
126
126
126
126
126
126
126
126
126
126
126
126
125
126
126
125
126
126
126
126
125
126
125
126
126
125
125
126
126
126
126
126
126
125
125
126
125
125
125
125
125
125
125
125
125
125
125
125
125
125
125
126
125
126
125
125
125
125
125
125
125
125
126
125
125
125
125
125
125
126
125
125
125
125
125
126
125
125
125
125
125
125
125
125
125
125
125
125
125
125
125
125
125
125
125
125
125
125
125
125
125
125
125
125
125
125
125
125
125
125
125
125
125
125
125
125
125
125
125
125
125
125
126
125
125
125
125
125
125
125
125
125
125
125
125
125
125
125
125
125
125
125
125
126
125
125
125
126
125
126
126
126
126
126
125
126
125
126
126
126
126
126
126
125
126
126
126
126
125
126
126
126
124
