121
125
127
129
127
127
82
126
126
126
126
126
126
126
126
126
126
126
126
126
126
125
125
126
125
125
125
125
126
125
125
126
125
125
126
125
125
126
125
125
125
125
126
126
125
125
125
125
125
125
125
125
125
125
125
125
125
125
125
125
125
125
125
125
125
125
125
125
125
125
125
125
125
125
125
125
125
125
125
125
125
125
125
125
125
125
125
125
125
125
125
125
125
125
125
125
125
125
125
125
125
125
125
125
125
125
125
125
125
125
125
125
126
125
125
125
125
125
125
125
125
125
125
125
125
125
125
125
125
125
125
126
126
125
126
125
126
126
125
125
126
126
126
126
126
126
126
126
126
126
125
126
126
125
125
125
125
125
126
125
126
125
125
126
125
126
125
126
126
126
126
126
125
125
125
125
125
125
126
125
126
125
125
126
125
126
125
125
125
125
125
125
126
125
125
125
125
125
125
125
125
126
125
125
125
125
125
125
125
125
125
125
125
125
125
125
125
125
125
125
125
125
125
125
125
125
125
125
125
125
125
125
125
125
125
125
125
125
125
125
125
125
125
125
125
125
126
125
125
125
125
125
125
125
125
125
125
125
125
125
125
125
125
125
125
125
125
125
125
125
125
125
125
125
125
125
125
125
125
125
125
125
125
125
125
125
125
125
125
125
125
125
125
125
125
125
125
125
125
125
125
125
125
125
125
125
125
125
125
125
125
125
125
125
125
125
125
125
125
125
125
125
125
125
125
125
125
125
125
125
126
125
125
125
125
125
125
125
125
125
125
125
125
125
125
126
126
126
125
125
125
125
125
125
125
125
125
125
125
125
125
125
125
125
125
125
125
125
125
125
125
125
125
125
125
125
125
125
125
125
125
125
125
125
125
125
125
125
125
125
125
125
125
125
125
125
125
125
125
125
125
125
125
125
125
125
125
125
125
125
125
125
125
125
125
125
125
125
125
125
125
125
125
125
125
125
125
125
125
125
125
125
125
125
125
125
125
125
125
125
125
125
125
125
125
125
125
125
125
125
125
125
125
125
125
125
125
125
125
125
125
125
125
125
125
125
125
125
125
125
125
125
125
125
125
125
125
125
125
125
125
125
125
125
125
125
125
125
125
125
125
125
125
125
124
125
125
126
125
126
126
125
125
126
125
125
126
125
125
125
126
126
125
125
125
125
124
125
125
126
126
126
126
126
126
126
126
125
125
126
125
126
126
126
126
125
126
126
125
126
126
126
126
126
126
125
125
126
126
126
125
126
126
125
126
126
125
126
125
126
126
124
125
125
126
126
126
126
126
126
126
125
125
125
125
125
126
126
126
125
125
125
125
125
125
125
125
125
126
125
126
126
126
126
125
125
125
125
125
125
125
125
125
126
127
127
126
125
126
126
126
126
125
126
125
124
125
126
125
125
125
126
127
126
124
123
126
130
127
123
124
127
128
126
124
123
123
125
128
129
127
126
125
126
126
126
125
124
125
126
125
126
126
125
125
126
126
125
125
126
127
126
124
124
125
125
125
126
126
127
127
126
125
125
125
126
126
126
125
125
125
125
126
126
125
125
126
126
127
126
125
125
126
126
126
125
126
125
126
126
126
125
125
125
126
126
126
125
125
126
127
127
125
125
126
125
125
126
125
125
125
125
125
125
125
126
126
126
126
126
126
126
125
125
125
125
126
125
125
126
125
125
125
126
126
126
125
125
125
125
125
125
125
125
126
126
126
125
126
126
126
126
125
125
125
125
125
125
125
125
125
125
125
125
125
125
125
126
125
125
126
126
125
125
126
125
125
125
126
125
125
126
126
125
125
125
125
125
125
125
126
125
125
125
125
126
125
125
125
125
125
125
125
125
125
126
125
125
125
125
126
125
125
125
125
125
126
126
125
125
125
125
125
126
125
125
125
125
125
125
125
125
125
125
125
125
125
125
126
125
125
125
125
125
125
125
126
125
125
125
124
125
125
125
126
126
125
126
126
126
126
126
125
125
126
126
125
125
126
126
125
125
125
126
126
125
125
125
126
126
124
124
125
126
126
126
127
126
126
126
126
126
126
126
126
126
126
126
126
125
125
125
126
126
125
125
126
126
126
125
125
126
126
126
127
126
125
124
125
125
126
127
127
125
125
126
126
126
126
125
125
125
126
126
126
125
125
125
126
126
126
125
125
125
126
126
126
125
125
126
126
126
126
125
126
126
125
125
125
125
125
126
125
126
126
125
125
126
126
125
125
126
126
125
125
125
126
126
126
126
126
126
126
125
125
125
125
126
125
125
125
126
126
126
126
125
125
125
126
126
126
125
125
125
126
126
126
126
125
126
126
125
125
125
125
126
126
125
125
125
126
126
126
126
126
125
125
125
126
126
125
125
125
125
125
126
125
126
126
126
125
125
126
126
126
126
125
125
126
126
125
125
126
126
126
126
125
126
125
125
126
126
126
125
126
125
127
128
127
125
124
124
126
125
124
125
126
125
124
126
127
126
124
124
125
126
127
125
124
125
127
127
125
124
126
126
125
125
126
125
125
130
128
124
122
123
126
128
126
123
124
128
126
121
122
127
127
124
127
129
125
125
126
122
121
128
127
122
125
129
127
126
127
124
124
128
127
119
119
125
129
127
127
127
128
125
123
126
126
121
119
126
129
126
126
128
128
127
124
122
120
123
125
127
127
126
126
126
126
124
124
125
126
124
124
130
132
123
121
126
127
121
120
124
125
124
127
130
131
130
125
123
124
124
120
117
119
124
127
131
134
135
133
128
123
119
119
118
118
118
120
121
122
127
139
135
138
137
134
134
132
124
117
115
115
112
109
111
118
125
128
130
135
140
140
140
137
134
128
121
115
112
111
111
114
117
123
129
132
134
137
136
134
131
127
123
120
119
121
122
125
128
128
127
126
127
126
125
123
123
124
125
125
125
127
128
126
126
124
120
122
128
122
119
123
120
120
134
143
130
124
129
120
114
132
136
118
122
131
114
117
146
141
118
138
144
97
100
157
147
95
117
143
87
90
175
163
85
122
169
92
74
174
175
79
102
181
119
55
131
187
118
92
152
144
76
104
179
154
92
119
156
113
81
131
154
117
116
153
135
89
102
149
147
117
120
138
123
105
128
149
137
123
125
122
102
98
129
155
143
111
108
128
133
125
131
135
124
118
120
116
112
128
147
140
124
121
118
115
129
137
123
115
130
137
122
105
110
133
150
155
149
123
86
89
131
143
129
128
127
109
106
125
147
148
127
102
107
141
156
133
109
112
126
128
116
108
122
142
143
127
120
124
132
136
130
118
108
116
137
144
127
107
107
128
141
129
115
119
133
137
126
117
120
128
131
123
114
121
133
133
128
126
124
118
120
127
129
126
128
127
124
124
128
128
125
122
120
123
126
129
126
124
125
126
126
124
122
125
129
129
124
120
122
127
127
128
127
127
125
123
122
124
126
126
127
126
122
119
125
134
134
128
122
119
120
124
129
132
128
123
122
122
121
123
122
122
126
135
134
121
110
116
134
144
134
115
111
125
135
134
128
118
111
120
140
146
125
110
116
132
136
127
120
120
121
121
124
129
130
123
116
124
134
133
124
119
122
123
125
130
129
121
120
128
131
127
126
130
140
144
105
123
124
131
131
123
119
124
129
128
122
121
122
122
122
123
125
127
127
127
126
99
78
132
126
131
130
131
133
130
124
122
126
132
134
132
127
124
122
124
126
129
130
128
127
127
127
127
126
122
122
124
128
131
132
130
124
121
123
129
131
129
123
120
125
128
117
124
120
121
128
134
132
129
128
129
128
126
124
124
129
128
124
128
132
130
122
116
119
124
129
130
128
123
126
129
125
120
120
125
128
129
127
126
127
83
126
125
125
125
125
126
126
125
126
125
126
126
125
125
125
125
126
125
125
125
126
126
125
125
125
125
125
125
125
125
125
125
125
125
125
125
125
125
125
125
125
125
125
125
125
125
125
125
125
125
125
125
125
125
125
125
125
125
125
125
125
125
125
125
125
125
125
125
125
125
125
125
125
125
125
125
125
125
125
125
125
125
125
125
125
125
125
125
125
125
125
125
125
125
125
125
125
125
125
125
125
125
125
125
125
125
125
125
125
125
125
125
125
125
125
125
125
125
125
125
125
125
125
125
125
125
125
125
125
125
125
125
125
125
125
126
124
125
126
125
126
126
126
126
126
126
125
125
126
126
126
126
126
126
126
126
126
125
125
126
125
126
126
126
125
125
126
126
125
126
125
125
126
126
125
125
126
125
125
125
126
126
126
126
126
125
126
125
125
126
125
126
126
126
126
125
125
125
126
126
125
126
125
125
125
125
125
126
125
125
125
125
125
125
125
125
125
125
125
125
125
125
125
125
125
125
125
125
125
125
125
125
125
125
125
125
125
125
125
125
125
125
125
125
125
125
125
125
125
126
125
125
125
125
125
125
125
125
125
125
125
125
125
125
125
125
125
125
125
125
125
125
126
125
125
125
125
125
125
125
125
125
125
125
125
125
125
125
125
125
125
125
125
125
126
125
126
125
126
125
126
125
125
125
125
125
125
125
125
125
125
125
125
125
125
125
125
125
125
125
125
125
125
125
125
125
125
126
125
125
125
125
125
125
125
125
125
125
125
125
125
125
125
125
125
125
125
125
125
125
126
126
125
112
