127
126
126
125
126
124
25
125
125
125
125
125
125
125
126
125
125
125
125
125
125
125
125
126
125
125
125
125
125
125
125
125
126
125
126
125
125
125
125
125
125
125
125
125
125
125
125
125
125
125
125
125
125
125
125
125
125
125
125
125
125
125
125
125
125
125
125
125
125
125
125
125
125
125
125
125
125
125
125
125
125
125
125
125
125
125
125
125
125
125
125
125
125
125
125
125
125
125
125
125
125
125
125
125
125
125
125
125
125
125
125
125
125
125
125
125
125
125
125
125
125
125
125
125
125
125
125
125
125
125
125
125
125
125
125
125
125
125
125
125
125
125
125
125
125
125
125
125
125
125
125
125
125
125
125
125
125
125
125
125
125
125
125
125
125
125
125
125
125
125
125
125
125
125
125
125
125
125
125
125
125
125
125
125
125
125
125
125
125
125
125
125
125
125
125
125
125
125
125
125
125
125
125
125
125
125
125
125
125
125
125
125
125
125
125
125
125
125
125
125
125
125
125
125
125
125
125
125
125
125
125
125
125
125
125
125
125
125
125
125
125
125
125
125
125
125
125
125
125
125
125
125
125
125
125
125
125
125
124
124
125
125
125
127
128
126
123
122
124
123
126
127
126
125
131
127
117
115
123
124
127
143
140
126
115
123
120
96
113
154
160
117
121
121
98
110
144
141
118
127
139
128
111
109
125
141
141
130
118
112
117
127
130
125
129
140
131
113
123
130
115
117
134
133
123
121
127
126
120
119
127
136
132
122
123
124
120
123
133
134
124
120
125
129
123
117
122
129
130
127
125
125
123
124
127
128
125
124
125
125
125
124
125
124
124
126
129
129
126
124
123
124
126
126
126
125
125
125
125
125
125
126
126
125
125
125
125
126
126
125
124
124
125
125
126
126
126
126
125
125
125
126
126
126
125
124
124
125
125
126
126
126
126
125
125
124
124
125
125
125
125
125
125
125
125
125
126
126
126
126
125
125
125
125
125
125
125
125
125
125
125
125
125
125
125
125
125
125
126
126
126
125
125
125
125
125
125
126
126
126
125
125
125
125
125
125
125
125
125
125
125
125
125
125
125
125
125
125
125
125
125
125
125
125
125
125
125
125
126
125
125
125
125
125
125
125
125
125
125
125
125
126
126
125
125
125
125
126
125
125
125
125
125
125
125
125
125
125
125
125
126
125
125
125
125
125
125
125
125
125
125
125
125
125
125
125
125
125
125
125
125
125
125
125
125
125
125
125
125
125
125
125
125
125
125
125
125
125
125
125
125
125
125
125
125
125
125
125
125
125
125
125
125
125
125
125
124
125
125
125
125
125
125
125
125
125
125
126
126
125
125
125
125
125
125
125
125
125
125
125
125
125
124
125
125
125
125
125
125
125
125
125
125
125
125
125
125
125
125
125
125
125
125
125
125
125
125
126
126
125
125
125
125
124
125
125
125
125
125
125
125
125
125
125
125
125
125
126
125
125
125
125
125
126
126
125
125
125
125
125
125
125
125
125
125
125
125
125
125
126
125
125
125
125
125
125
125
124
125
125
125
125
125
125
125
125
125
125
125
125
125
125
125
125
125
126
126
125
125
125
125
125
125
125
125
125
125
125
125
125
125
125
125
125
125
125
125
125
126
125
125
125
125
125
125
125
125
125
125
125
125
125
125
125
125
125
125
125
125
125
125
125
125
125
125
125
125
125
125
125
125
125
125
125
125
126
125
125
125
125
125
125
125
125
125
125
125
125
126
125
125
125
125
125
125
125
125
125
125
125
125
125
125
125
125
125
125
125
125
125
125
125
125
125
125
125
125
125
125
125
125
125
125
125
125
125
125
125
125
125
125
125
125
125
125
125
125
125
125
125
125
125
125
125
125
125
125
125
125
125
125
125
125
125
125
125
125
125
125
125
125
125
125
125
125
125
125
125
125
125
125
125
125
125
125
125
125
125
125
125
125
125
125
125
125
125
125
125
125
125
125
125
125
125
125
125
125
125
125
125
125
125
125
125
125
125
126
126
123
125
126
125
126
126
126
126
126
125
125
125
125
125
126
125
126
126
126
125
125
125
125
125
125
126
126
125
125
126
126
125
126
125
123
124
125
126
125
126
126
126
126
126
126
126
126
126
126
125
126
126
125
126
125
126
125
125
125
126
126
125
126
126
126
126
123
125
125
125
126
126
126
126
126
126
126
126
126
125
125
125
125
125
125
125
125
125
125
125
125
125
125
125
126
126
126
126
126
126
126
126
126
125
125
125
125
125
125
125
126
126
125
126
126
125
125
125
125
125
125
125
125
125
125
126
126
125
125
126
126
125
125
125
125
125
125
125
125
125
125
125
125
126
126
126
125
125
125
125
126
126
126
125
125
125
125
125
125
125
125
125
125
125
125
125
126
126
126
126
125
125
125
126
125
126
126
126
125
126
125
125
126
126
125
125
125
126
126
125
126
126
126
125
125
126
125
125
125
125
125
125
125
125
125
125
126
125
125
125
125
125
125
125
129
126
125
125
125
124
125
125
125
125
125
125
125
125
125
125
125
126
126
126
125
125
125
125
125
125
125
125
125
125
125
125
125
125
125
125
126
125
125
125
125
125
125
126
128
126
125
125
125
124
125
125
125
125
125
125
125
125
125
125
125
125
125
125
126
125
125
125
125
125
125
125
125
125
125
125
125
125
125
125
125
126
126
126
125
125
125
125
125
125
126
125
125
125
126
126
125
125
125
125
125
125
125
125
124
124
125
125
125
125
124
125
126
126
126
126
126
126
126
126
125
125
124
125
125
125
125
125
125
126
126
126
125
125
125
125
125
125
125
125
125
125
125
125
125
125
125
125
125
125
125
125
125
125
125
125
125
125
125
125
126
125
125
125
125
125
125
125
126
126
125
125
125
125
125
125
125
125
125
125
125
125
126
125
125
136
120
123
126
125
126
126
125
125
125
125
125
125
125
125
126
126
126
125
125
125
125
125
125
125
125
125
126
126
126
126
126
125
126
125
125
126
126
126
126
125
126
125
125
126
125
126
126
126
126
125
126
126
126
125
125
125
126
125
125
125
125
125
125
126
125
126
120
124
125
125
126
128
129
127
126
127
127
126
125
125
125
126
125
125
125
125
125
125
125
125
125
125
125
126
125
125
125
125
125
125
125
125
125
126
125
125
126
126
125
125
125
126
126
125
126
125
124
126
126
126
126
125
125
125
125
125
125
125
126
125
125
126
126
127
125
125
125
125
125
125
126
126
125
125
126
127
126
126
125
125
125
125
125
125
125
124
124
124
126
125
124
125
125
126
127
127
127
127
126
126
126
125
124
124
124
125
126
126
126
126
126
126
126
126
125
125
125
125
125
125
124
124
125
125
126
125
125
125
125
126
126
125
125
122
125
126
126
125
126
126
126
125
125
126
132
128
126
124
124
123
123
125
125
125
125
126
125
126
126
126
126
125
125
125
125
126
126
125
125
125
125
125
125
124
125
125
125
125
125
125
125
125
126
126
125
124
125
126
126
125
125
125
125
125
125
125
125
125
125
125
125
125
125
125
125
125
125
125
125
126
125
126
126
125
125
125
125
125
125
125
126
125
126
125
125
126
126
125
125
126
126
126
125
125
125
125
125
125
125
126
126
124
124
125
125
125
125
127
127
124
122
123
125
126
127
126
124
123
124
151
100
108
116
127
125
130
130
129
128
127
126
125
125
126
126
126
126
125
125
126
128
127
125
126
126
127
127
127
126
126
126
126
126
126
126
125
126
127
127
127
126
125
124
125
124
126
128
127
124
123
125
127
127
127
126
124
125
126
127
126
124
123
124
124
125
125
113
120
123
128
129
131
130
130
131
130
129
126
24
125
125
125
125
125
125
125
125
125
125
125
125
125
125
125
125
125
125
125
125
125
125
125
125
125
125
125
125
125
125
125
125
125
125
125
125
125
125
125
125
125
125
125
125
125
125
125
125
125
125
125
125
125
125
125
125
125
125
125
125
125
125
125
125
125
125
125
125
125
125
125
125
125
125
125
125
125
125
125
125
125
125
125
125
125
125
125
125
125
125
125
125
125
125
125
125
125
125
125
125
125
125
125
125
125
125
125
125
125
125
125
125
125
125
125
125
125
125
125
125
125
125
125
125
125
125
125
125
125
125
125
125
125
125
125
125
126
125
125
125
125
125
125
125
125
125
125
125
125
125
125
125
125
125
125
125
125
125
125
125
125
125
125
125
125
125
125
125
125
125
125
125
125
125
125
125
125
125
125
125
125
125
125
125
125
125
125
125
125
125
125
125
125
125
125
125
125
125
125
125
125
125
125
125
125
125
125
125
124
125
125
125
125
125
125
125
125
125
125
125
125
125
125
125
125
125
125
125
125
125
125
125
125
125
125
125
125
125
125
125
125
125
125
125
125
125
125
125
125
125
125
125
125
125
125
126
127
127
125
123
124
123
124
127
127
125
129
131
120
114
120
128
123
133
142
133
122
118
128
105
97
132
167
141
111
126
110
99
127
146
130
122
135
131
119
108
117
133
142
136
123
113
113
121
129
127
126
137
137
118
115
130
122
112
127
135
128
121
124
127
122
119
123
133
135
125
121
124
122
120
128
135
130
120
121
128
127
119
118
126
130
128
126
125
123
123
126
128
126
125
125
125
125
125
