125
124
127
127
126
126
55
126
126
126
126
126
126
126
126
126
126
126
126
126
126
126
126
126
126
125
125
126
125
126
126
126
126
126
125
125
125
125
125
126
125
125
126
126
126
125
126
126
125
126
126
125
126
125
126
125
126
126
126
126
125
125
125
125
125
126
125
126
125
125
126
125
125
125
126
125
125
126
125
126
125
125
125
126
125
125
126
126
125
126
126
126
125
126
126
126
126
126
126
126
126
125
126
126
126
126
126
126
125
125
125
125
125
125
125
125
125
125
125
125
125
125
125
125
125
125
125
125
125
125
126
125
125
125
125
125
125
125
125
125
125
126
125
125
125
125
125
125
125
125
125
125
126
125
125
125
125
125
125
125
125
125
125
125
125
125
125
125
125
126
125
125
125
125
125
125
125
125
125
125
125
125
125
125
125
125
125
125
125
125
125
125
125
125
125
125
125
125
125
125
125
125
125
125
125
125
125
125
125
125
125
125
125
125
125
125
125
125
125
125
125
125
126
126
126
125
125
125
125
125
125
125
125
125
125
125
125
125
125
125
125
125
125
125
125
125
125
125
125
125
125
125
125
125
125
125
125
125
125
125
125
125
125
125
125
125
125
125
125
125
125
125
125
125
125
125
125
125
125
125
125
125
125
125
125
125
125
125
125
125
125
125
125
125
125
125
125
125
125
125
125
125
125
125
125
125
125
125
125
125
125
125
125
125
125
125
125
125
125
125
125
125
125
125
125
125
125
125
125
125
125
125
125
125
125
125
125
125
125
125
125
125
125
125
125
125
125
125
126
125
125
125
125
125
125
125
125
125
125
125
125
125
125
125
125
125
125
125
125
125
125
125
125
125
126
125
125
125
125
125
125
125
125
125
125
125
125
125
125
125
125
125
125
125
125
125
125
125
125
125
125
125
125
125
125
125
125
125
125
125
125
125
125
125
125
125
125
125
125
125
125
125
125
125
125
125
125
125
125
125
125
125
125
125
125
125
125
125
125
125
125
125
125
125
125
125
125
125
125
125
125
125
125
125
125
125
125
125
125
125
125
125
125
125
125
125
125
125
125
125
125
125
125
125
125
125
125
125
125
125
125
125
125
125
125
125
125
125
126
125
125
125
126
125
125
125
125
125
125
125
125
125
125
125
125
125
125
125
125
125
125
125
125
125
125
127
125
125
125
124
123
123
126
131
134
134
125
107
98
122
151
136
98
112
163
149
80
91
183
204
103
13
65
178
244
173
71
51
96
205
226
38
68
133
255
230
9
24
55
255
255
177
183
82
204
249
196
187
91
8
62
163
167
165
194
131
5
14
147
255
235
62
31
53
225
255
119
29
83
136
121
124
149
137
119
132
130
93
86
133
165
146
111
104
116
121
119
127
139
137
119
106
117
140
140
119
110
124
134
129
122
123
126
127
125
122
120
123
131
136
130
122
120
122
121
119
122
130
136
135
129
125
123
123
123
125
128
127
124
124
125
126
124
123
126
130
129
125
122
123
126
128
126
125
124
126
129
130
127
125
125
126
126
125
125
124
124
125
127
128
127
126
126
126
126
125
125
125
126
126
125
124
123
125
126
127
126
126
126
127
128
127
126
125
124
124
124
124
125
126
126
126
126
126
127
127
125
125
124
124
125
125
125
126
126
126
126
126
127
127
126
125
125
125
125
125
125
125
125
125
125
126
126
127
127
127
127
126
125
125
125
125
125
125
125
126
126
126
126
126
126
125
125
125
125
125
125
125
125
125
125
125
125
125
126
125
125
125
125
125
125
125
126
126
126
126
126
126
126
125
125
125
125
125
125
124
124
124
124
124
125
125
126
126
126
126
126
127
126
126
125
125
125
125
125
125
125
125
125
125
125
126
125
125
125
125
125
125
125
125
125
125
125
125
125
126
126
126
126
126
125
125
125
126
126
126
125
125
125
125
125
125
125
124
125
126
126
126
126
126
126
126
126
126
125
124
125
125
125
125
125
125
125
125
126
126
124
123
126
126
126
126
126
126
126
126
125
125
125
125
125
125
125
125
125
125
125
126
126
126
125
125
125
125
125
125
125
125
125
124
125
125
125
125
126
126
126
125
126
126
125
125
125
125
125
125
125
125
125
125
125
125
125
125
125
125
125
125
125
125
125
125
125
125
125
126
126
125
125
125
125
125
125
125
125
125
125
126
125
125
125
125
125
125
125
125
125
125
125
125
126
125
125
125
125
125
126
125
125
125
125
125
125
126
125
125
125
125
126
125
125
125
126
125
125
125
125
125
126
125
125
125
126
125
125
125
125
125
125
125
125
125
126
126
125
125
125
126
126
125
125
125
125
125
125
125
125
125
125
125
125
125
125
125
125
125
125
126
125
125
125
125
125
125
125
125
125
125
125
125
125
125
125
125
125
125
125
125
125
129
121
124
125
126
126
127
126
126
125
125
125
125
125
125
126
126
126
126
125
125
125
125
125
125
126
126
126
126
126
126
126
126
126
126
126
126
126
126
126
128
127
126
126
126
125
125
125
125
125
125
125
125
126
126
126
125
126
126
126
126
126
126
125
125
124
124
122
125
125
127
127
127
127
127
126
126
126
126
126
125
125
125
125
125
125
125
125
125
125
126
126
125
125
125
125
125
125
125
125
125
125
125
125
125
125
125
125
125
125
125
125
126
126
125
125
125
125
126
126
125
125
125
125
125
125
125
125
125
125
126
126
125
125
125
126
126
126
125
125
125
126
125
126
125
126
125
125
126
126
126
126
126
125
125
126
126
126
125
125
126
125
125
125
125
125
125
125
126
126
126
125
125
126
126
126
125
125
125
125
126
126
125
126
126
125
126
126
126
126
125
126
126
126
125
126
126
126
125
125
125
125
126
125
125
125
125
125
126
125
125
125
125
125
125
128
127
126
125
125
123
124
125
124
124
126
126
125
125
125
125
125
126
126
126
126
125
125
126
126
125
125
125
126
126
125
125
126
126
125
125
125
126
125
125
125
125
125
125
125
125
125
125
126
125
125
126
125
125
125
125
126
125
125
126
126
125
125
125
126
126
125
125
125
125
125
125
125
129
127
126
125
124
124
124
124
125
125
125
125
124
125
126
126
126
125
125
125
126
126
126
125
125
125
125
126
126
125
125
125
125
125
125
125
125
125
125
125
125
126
126
125
125
125
125
126
125
125
125
125
125
125
125
126
125
126
126
125
125
125
125
126
126
125
125
125
125
126
124
125
126
126
126
125
125
125
119
125
127
125
126
128
129
127
124
124
125
125
126
125
124
125
127
127
126
125
125
126
126
127
126
125
125
127
126
124
122
124
126
125
124
126
125
125
126
126
126
125
125
125
126
126
125
125
125
125
126
127
126
125
125
126
126
125
125
125
126
124
124
125
125
125
126
126
125
125
126
126
126
125
125
125
125
125
125
125
125
125
125
127
127
126
125
126
125
125
126
125
124
125
125
126
126
126
127
126
125
126
125
127
126
125
124
125
124
125
125
125
125
126
126
125
125
126
125
125
125
126
126
126
125
125
125
125
125
126
126
126
126
125
125
124
124
125
126
126
125
126
126
125
122
125
124
125
126
126
126
127
127
126
125
125
126
125
125
126
126
125
126
126
125
125
125
126
126
126
126
125
125
125
124
125
124
125
126
125
125
125
125
127
126
125
125
125
125
126
126
125
126
126
125
124
125
126
125
125
126
125
126
126
125
125
124
125
125
125
126
126
125
125
126
125
125
126
126
125
125
125
130
131
127
124
124
122
122
123
124
124
125
125
126
125
125
125
125
124
124
125
126
126
126
125
125
124
126
126
125
125
126
124
125
126
126
125
126
126
126
125
126
126
124
125
126
126
125
124
125
54
125
125
125
125
125
125
125
125
125
125
125
125
125
125
125
125
125
125
126
125
125
125
125
125
125
125
125
125
125
125
125
125
125
125
125
125
125
125
125
125
125
125
125
125
125
125
125
125
125
126
125
125
125
125
125
125
125
125
125
125
125
126
125
126
126
126
125
125
125
125
125
125
125
125
125
125
125
125
125
125
125
125
125
125
125
125
125
125
125
125
125
125
125
125
125
125
125
125
125
125
125
125
125
125
125
125
125
125
125
125
125
125
125
125
125
125
125
125
125
125
125
125
125
125
125
125
125
125
125
125
125
125
125
125
125
125
125
125
125
125
125
125
125
125
125
125
125
125
125
125
125
125
125
125
125
125
125
125
125
125
125
125
125
125
125
125
125
125
125
125
125
125
125
125
125
125
125
125
125
125
126
125
125
125
125
125
125
125
125
125
125
126
125
125
125
125
125
125
125
125
125
125
125
125
125
125
125
125
125
125
125
125
125
125
125
125
125
125
125
125
125
125
125
125
125
125
125
125
125
125
125
125
125
125
125
125
125
125
125
125
125
125
125
125
125
125
125
125
125
125
125
125
125
126
125
125
125
125
125
125
125
125
125
125
125
125
125
125
126
125
125
125
125
125
125
125
125
125
125
125
125
125
125
125
125
125
125
125
125
125
125
125
125
125
125
125
125
125
125
125
125
125
125
125
125
125
125
125
125
125
125
125
125
125
125
125
125
125
125
125
125
125
125
125
125
125
125
125
125
126
125
125
125
125
125
125
125
125
125
125
125
125
125
125
125
125
125
125
125
125
125
125
125
121
