120
121
126
123
121
121
74
125
125
125
126
125
125
125
125
125
125
125
125
125
125
125
125
125
126
125
125
125
125
125
125
125
125
125
125
125
125
125
125
125
125
125
125
125
125
125
125
125
125
125
125
125
125
125
125
125
125
125
125
125
125
125
125
125
125
125
125
125
125
125
125
125
125
125
125
125
125
125
125
125
125
125
125
125
125
125
125
125
125
125
125
125
125
125
125
125
125
125
125
125
125
126
125
126
125
125
125
126
126
125
125
125
125
126
125
125
125
125
125
126
125
126
125
125
125
125
125
125
125
126
125
125
125
125
125
125
125
125
125
125
126
126
125
125
125
125
126
125
125
125
126
125
126
125
125
125
125
125
126
125
126
125
125
126
125
126
125
125
125
125
125
126
125
126
125
125
126
125
125
125
125
125
125
125
125
125
125
125
125
125
125
125
125
125
125
125
125
125
125
125
126
125
126
125
126
125
125
125
125
125
125
125
125
125
126
125
125
125
125
125
125
125
125
125
125
125
125
125
125
125
125
125
126
125
126
125
125
125
125
125
125
125
125
125
125
125
125
125
125
126
126
126
125
125
125
125
125
125
125
125
125
125
125
126
125
126
125
125
125
126
125
126
125
125
125
125
125
125
125
125
125
125
125
125
125
125
125
125
125
125
125
125
125
125
125
125
125
125
125
125
125
125
125
125
125
125
125
125
125
125
125
125
125
125
125
125
126
126
125
125
125
125
125
125
125
125
125
125
125
125
125
125
125
125
125
125
125
125
125
125
125
125
125
125
125
125
125
125
125
125
125
125
125
125
125
125
125
125
125
125
125
125
125
125
125
125
125
125
125
125
125
125
125
125
125
125
125
125
125
125
125
125
125
125
125
125
125
125
125
125
125
125
125
126
125
125
125
125
125
126
126
126
125
125
125
125
125
125
126
125
125
125
126
126
125
125
125
125
125
125
125
126
125
126
125
125
125
125
125
125
125
125
125
125
125
125
125
125
125
125
126
126
126
126
125
125
125
125
126
126
125
125
125
126
126
126
125
125
125
125
125
125
126
125
125
125
125
125
125
125
125
125
126
126
126
126
125
125
126
125
125
125
125
125
125
125
125
125
125
125
126
125
125
125
125
125
125
125
125
125
125
125
125
125
125
126
125
125
125
125
125
125
125
125
125
125
125
125
125
125
125
125
125
126
125
125
125
125
125
125
125
125
125
125
125
126
125
125
126
125
125
125
125
125
125
125
125
125
125
125
126
125
125
125
125
125
125
125
125
125
125
125
125
125
125
125
125
125
125
125
125
125
125
125
125
125
125
125
125
125
125
125
125
125
125
125
125
125
125
125
125
125
125
126
125
125
125
125
125
126
125
125
125
125
125
126
126
126
125
126
126
126
126
125
125
125
126
125
124
124
125
125
125
125
125
125
125
125
126
127
126
125
124
125
126
126
124
123
124
126
127
127
126
124
125
126
127
125
123
124
125
126
126
127
128
126
123
123
125
127
125
123
122
124
128
128
124
121
123
129
131
127
122
121
124
127
128
126
124
123
124
125
127
126
126
126
125
123
125
126
124
124
125
127
128
127
126
125
125
125
126
124
123
125
129
134
132
119
107
110
128
143
142
127
116
120
129
129
124
118
117
128
138
140
135
109
96
121
144
137
125
128
132
122
113
120
131
127
116
123
138
132
114
115
135
144
130
112
109
125
144
139
116
105
116
131
137
132
121
119
128
134
131
125
122
122
123
124
124
124
127
130
127
125
125
126
125
122
121
124
130
129
113
122
167
143
73
65
147
233
189
36
80
146
255
183
73
37
226
225
79
25
185
255
1
162
252
255
104
117
90
250
147
52
112
164
137
81
78
151
210
129
41
106
168
124
85
114
148
145
122
117
135
129
99
102
137
148
127
112
120
133
132
120
111
115
130
141
142
132
117
112
117
125
126
122
120
125
134
127
108
109
160
198
131
30
61
173
201
139
74
84
160
187
114
66
108
161
162
126
94
94
119
140
142
126
129
144
120
86
113
173
159
90
91
137
143
124
133
147
133
101
81
108
161
179
139
95
100
129
138
123
111
114
123
129
131
133
137
138
128
107
97
122
159
152
101
80
120
164
159
126
106
106
120
133
132
130
138
131
100
90
127
159
140
108
108
126
137
140
133
117
110
120
132
134
131
127
119
117
126
139
134
113
107
121
134
136
133
126
118
116
123
129
131
128
120
117
117
120
122
131
140
141
128
115
114
127
139
135
125
120
116
117
126
131
126
121
122
125
128
132
137
131
120
117
124
127
125
126
126
121
119
125
133
135
130
124
120
119
125
131
131
121
114
121
132
133
124
119
122
128
135
135
125
119
123
127
125
121
122
127
129
126
122
124
125
125
125
128
125
121
124
130
128
121
123
127
127
129
133
128
121
122
125
127
126
124
121
123
126
125
123
123
126
129
129
127
126
126
127
126
124
122
123
126
124
122
124
127
127
125
125
128
128
125
125
125
122
123
125
125
125
127
129
127
124
123
123
125
126
128
126
124
123
125
126
125
124
126
128
128
124
123
125
127
127
125
124
123
124
126
127
126
125
126
126
124
123
125
129
128
123
121
122
125
127
127
128
126
125
124
125
125
125
125
127
127
125
124
125
126
128
126
126
125
125
125
125
123
123
125
125
124
125
127
126
125
126
128
128
128
126
123
121
122
123
123
124
126
128
129
127
129
126
129
129
124
123
125
123
121
124
125
124
124
125
125
124
125
128
126
124
126
129
126
123
123
125
124
123
125
124
123
124
128
130
127
125
126
127
126
124
122
122
124
126
126
125
124
124
126
127
127
126
125
126
125
124
124
126
127
125
125
125
124
123
124
125
127
126
125
124
124
125
126
126
127
126
130
120
124
125
126
126
126
125
125
125
125
124
125
126
128
127
125
124
126
127
128
125
123
122
124
126
126
126
125
125
125
126
127
125
125
125
125
127
128
128
127
126
126
125
124
124
124
125
125
126
127
126
125
126
125
125
125
126
127
127
125
124
124
124
125
127
127
120
123
123
125
126
128
126
126
126
126
127
128
127
126
126
126
125
125
125
125
125
125
126
125
126
127
127
126
125
125
125
126
126
125
124
125
126
126
125
124
124
125
126
125
125
125
126
126
126
127
127
125
123
121
122
124
126
126
126
127
128
126
125
126
128
127
127
126
124
123
125
126
124
121
122
126
126
127
128
128
126
124
122
124
127
127
122
121
123
125
124
124
125
126
128
129
129
128
129
129
127
126
125
123
122
123
123
122
123
125
126
125
126
127
127
127
128
127
126
124
122
122
124
127
125
124
124
126
127
128
127
125
126
126
125
124
125
125
124
133
145
117
115
114
119
123
125
128
137
133
132
129
127
122
122
123
124
123
122
122
123
125
125
124
123
125
125
126
126
125
125
125
125
127
126
125
126
126
125
126
125
126
126
126
125
123
124
127
127
125
126
145
120
114
126
121
122
126
127
126
125
124
124
126
126
124
124
125
126
126
125
125
125
125
125
124
126
126
126
126
126
127
127
127
126
126
127
126
126
126
126
126
126
127
126
123
123
124
126
127
125
124
125
126
126
126
125
125
126
126
126
125
125
125
123
125
127
127
118
124
125
127
127
129
128
125
126
127
127
128
126
125
125
126
126
125
126
126
126
125
126
125
123
123
124
124
126
125
127
126
124
125
127
126
125
122
123
126
126
125
126
126
128
130
129
126
124
122
124
125
128
126
120
120
125
128
127
125
126
127
125
125
125
124
125
124
122
121
117
123
123
125
128
128
128
130
132
133
132
131
129
126
124
122
121
119
120
121
122
124
127
129
130
128
128
128
126
123
122
121
75
125
125
125
125
125
125
125
125
125
125
125
125
125
125
125
125
125
125
125
125
125
125
125
125
125
125
125
125
125
125
125
125
125
125
125
125
125
125
125
125
125
125
125
125
125
125
125
125
125
125
125
125
125
125
125
125
125
125
125
125
125
125
125
125
125
125
125
125
125
125
125
125
125
125
125
125
125
125
125
125
125
125
125
125
125
125
125
125
125
125
125
125
125
125
125
125
125
125
125
125
125
125
125
125
125
125
125
125
125
125
125
125
125
125
125
125
125
125
125
125
125
125
125
125
125
125
125
125
125
125
125
125
125
125
125
125
125
125
125
125
125
125
125
125
125
125
125
125
125
125
125
125
125
125
125
125
125
125
125
125
125
125
125
125
125
125
125
125
125
125
125
125
125
125
125
125
125
125
125
125
125
125
125
125
125
125
125
125
125
125
125
125
125
125
125
125
125
125
125
125
125
125
125
125
125
125
125
125
125
125
125
125
125
125
125
125
125
125
125
125
125
125
125
125
125
125
125
125
125
125
125
125
125
125
125
125
125
125
125
125
125
125
125
125
125
125
125
125
125
125
125
125
125
125
125
125
125
125
125
125
125
125
125
125
125
125
125
125
125
125
125
125
125
125
125
125
125
125
125
125
125
125
125
125
125
125
125
125
125
125
125
125
125
125
125
125
125
125
125
125
125
125
125
125
125
125
125
125
125
125
125
125
125
125
125
125
125
125
125
125
125
125
125
125
125
125
125
125
125
125
125
125
125
125
125
125
125
125
125
125
125
125
125
126
124
125
125
125
125
125
125
125
125
131
