126
126
125
125
125
124
31
125
126
126
125
125
125
125
125
126
126
125
125
126
125
125
125
125
125
125
125
125
125
125
125
125
125
125
125
125
125
125
125
125
125
125
125
125
125
125
125
125
125
125
125
125
125
125
125
126
125
125
125
125
125
125
125
126
126
125
125
126
126
125
126
125
125
125
125
125
125
125
125
125
125
125
125
125
125
125
125
125
126
125
125
125
125
125
125
125
125
125
125
125
125
125
125
125
125
125
126
125
125
125
125
125
125
125
125
126
126
125
126
125
126
125
125
125
125
125
125
125
125
125
125
125
125
125
125
125
125
125
125
125
125
125
125
125
125
125
125
125
125
125
125
125
125
125
125
125
125
125
125
125
125
125
125
125
125
125
125
125
125
125
125
125
125
125
125
125
125
125
125
125
125
125
125
125
125
125
125
125
125
125
125
125
125
125
125
125
125
125
125
125
125
125
125
125
125
125
125
125
125
125
125
125
125
125
125
125
125
125
125
125
125
125
125
126
125
125
125
125
125
125
125
125
125
125
125
125
125
126
125
125
126
125
125
125
125
125
125
125
126
126
125
125
125
126
126
126
126
125
125
125
126
126
125
124
125
125
125
125
125
126
126
125
125
126
126
126
125
125
125
125
125
125
126
126
126
126
125
125
125
126
126
125
125
125
125
126
125
125
125
125
126
126
125
125
125
125
125
125
126
126
126
126
126
125
124
125
125
125
126
127
127
126
125
124
125
125
125
125
125
126
127
125
122
123
127
127
124
123
125
128
129
124
120
123
127
126
125
124
126
129
128
120
118
125
131
131
128
122
122
126
127
122
122
126
129
128
124
122
123
124
127
131
127
121
122
128
129
126
123
123
122
122
128
133
126
121
124
126
124
124
128
129
124
122
122
125
128
126
124
125
127
124
124
127
127
123
122
124
127
130
130
124
118
118
126
132
130
125
123
124
128
127
122
120
124
130
129
126
126
126
124
122
122
126
129
129
125
123
123
124
125
126
125
124
125
129
129
124
121
123
126
128
127
126
125
125
126
125
124
122
123
125
127
127
128
128
125
123
122
123
124
125
127
128
128
126
125
125
124
124
123
124
125
127
128
127
125
125
125
125
124
123
124
126
125
127
127
126
126
125
125
124
125
126
126
126
126
127
127
126
126
125
125
125
125
126
125
126
125
125
126
126
126
126
126
126
126
126
126
125
125
125
126
126
126
125
126
126
126
126
126
126
125
125
125
125
126
126
126
126
126
126
126
126
125
126
126
126
126
126
126
126
126
126
125
126
125
125
125
125
126
126
127
126
125
125
126
126
126
125
126
126
125
126
126
126
124
125
129
129
126
126
127
125
122
122
124
126
123
117
120
136
145
127
109
120
146
149
125
104
105
116
119
116
120
141
163
160
129
96
90
112
139
144
129
117
121
130
129
119
115
123
132
136
136
132
127
123
121
119
119
123
126
124
120
124
135
139
131
116
109
119
135
143
136
121
114
118
128
133
129
120
116
122
133
135
127
121
123
127
130
129
123
117
119
126
130
129
124
122
125
129
131
129
123
122
125
129
127
124
124
124
124
122
123
126
128
129
128
127
126
126
125
125
126
127
126
123
123
125
127
127
127
126
127
127
126
125
124
126
127
125
123
124
125
127
127
124
118
119
135
148
129
103
111
139
149
124
98
105
133
138
144
153
117
70
108
179
167
96
72
116
163
157
113
93
120
151
143
115
105
123
140
136
120
114
123
135
133
124
119
123
127
127
125
124
124
125
127
126
122
122
126
128
127
127
126
124
122
125
129
129
125
121
123
126
128
126
124
124
125
125
125
125
126
127
126
124
124
126
127
126
125
124
125
126
127
126
125
124
125
125
126
126
126
126
126
125
124
125
126
126
126
125
125
125
125
124
125
125
126
126
126
126
126
126
126
125
125
126
125
125
125
125
125
126
125
125
125
125
126
126
126
126
125
125
125
125
125
125
125
125
126
126
126
125
125
125
125
125
126
126
126
126
126
126
126
125
125
125
125
125
125
125
125
125
126
126
125
125
125
125
126
125
125
125
125
125
125
125
125
125
125
125
128
126
125
126
125
125
126
126
125
126
126
125
125
124
125
125
125
125
125
126
127
126
125
125
125
125
126
125
125
125
126
126
125
125
125
125
126
126
125
124
125
126
127
127
126
124
123
125
127
126
125
125
126
126
123
123
125
127
125
125
126
127
126
124
124
125
127
127
124
123
125
127
127
125
125
125
126
126
126
126
125
125
125
125
125
126
126
125
125
125
125
125
126
126
125
124
124
125
126
126
125
125
126
125
126
126
127
126
125
125
126
126
126
125
124
125
126
126
125
125
125
126
126
125
125
125
125
126
126
126
125
125
125
125
126
126
126
125
125
125
126
126
125
125
125
125
125
125
125
126
126
126
125
125
125
126
126
125
125
125
126
126
125
125
125
126
126
125
125
125
125
126
126
125
125
125
126
126
125
125
125
126
126
125
125
125
125
125
126
125
125
125
125
125
125
125
125
125
125
125
125
125
125
125
125
125
125
125
125
125
126
126
125
125
125
125
125
125
125
125
125
125
126
125
125
125
125
125
125
125
125
125
125
125
125
126
125
125
126
125
125
124
125
125
125
125
126
126
126
125
125
125
125
125
126
125
125
125
125
126
125
125
125
125
125
125
125
125
125
125
125
126
126
126
127
128
126
124
125
125
124
125
125
124
125
125
125
125
125
125
125
125
125
125
125
125
125
125
125
125
126
126
126
125
125
125
125
125
126
126
122
123
125
126
127
127
127
126
125
126
125
125
125
125
124
125
125
125
125
124
125
125
126
126
126
126
126
126
125
125
125
124
125
125
125
125
124
124
126
128
128
125
124
125
125
124
125
127
127
125
124
124
125
125
126
126
126
126
126
125
125
125
124
125
125
125
125
125
125
125
125
126
126
125
125
124
125
126
127
126
125
125
125
125
125
126
126
126
125
125
126
125
125
125
125
126
126
126
126
125
125
125
125
125
125
125
125
125
126
131
130
110
129
124
126
126
126
126
126
126
125
125
125
125
125
126
126
125
125
125
125
125
125
126
126
126
126
125
125
126
127
127
126
126
126
125
125
127
127
126
127
126
126
125
125
126
126
126
126
126
125
123
125
128
129
127
126
124
122
124
128
128
125
125
126
124
123
126
130
129
127
123
121
117
127
126
127
129
129
124
122
125
126
127
129
128
126
127
127
127
126
125
124
124
126
128
128
126
125
124
124
124
123
123
124
125
127
126
125
126
130
132
128
124
124
123
123
124
124
124
124
123
123
125
125
126
126
127
126
126
126
125
124
125
124
125
125
125
118
124
126
126
128
130
128
128
127
128
127
126
125
125
125
125
125
126
125
126
127
127
127
126
125
124
124
125
126
124
124
124
125
125
128
128
126
125
125
126
126
125
126
126
125
125
124
125
126
126
126
125
125
125
125
126
126
126
126
125
125
125
126
126
126
127
126
126
126
126
125
125
125
125
126
126
126
125
125
125
126
126
125
125
126
133
127
126
124
125
123
124
124
123
124
126
126
125
125
125
126
126
125
125
126
127
126
123
125
126
126
125
125
125
125
125
126
125
125
126
126
126
126
125
125
125
125
126
125
125
126
125
126
126
125
126
125
125
126
126
125
125
125
125
126
125
125
126
126
126
125
125
124
125
125
125
125
125
126
125
125
125
126
126
126
126
126
125
126
125
124
125
126
125
125
125
125
126
126
126
124
125
126
127
126
126
125
126
125
126
125
125
125
125
125
124
125
124
125
126
125
124
125
126
127
126
125
124
124
125
126
127
126
124
123
125
127
127
127
125
136
127
125
124
30
126
125
125
125
125
125
126
126
126
126
126
126
126
126
126
126
126
125
126
125
126
126
126
126
126
126
126
126
126
126
126
125
126
125
125
126
126
126
125
126
126
126
126
125
126
126
126
126
125
126
125
126
126
126
125
125
125
125
125
126
125
126
125
125
126
126
125
126
125
125
126
126
126
125
125
125
125
125
125
125
125
125
125
125
125
125
125
125
125
125
125
125
125
125
125
125
125
125
125
125
125
125
125
125
126
125
126
125
125
126
125
125
125
125
125
125
125
125
125
125
125
125
125
125
125
125
125
125
125
125
125
125
125
125
125
125
125
125
125
125
125
125
125
125
125
125
125
125
125
125
125
125
125
125
125
125
125
125
125
125
125
125
126
125
125
125
125
125
125
125
125
125
125
125
125
125
125
125
125
125
125
125
125
125
125
125
125
125
125
125
125
125
125
125
125
125
125
126
125
125
125
125
125
125
125
125
125
125
126
125
125
125
125
125
125
125
126
125
125
125
125
126
125
125
125
125
125
126
125
125
125
125
126
126
125
126
126
125
125
125
124
124
125
126
126
125
125
126
127
127
125
124
125
127
127
125
123
124
125
126
125
124
125
126
126
125
125
125
125
126
126
124
123
125
125
125
126
127
126
126
125
124
124
127
128
125
122
123
126
128
126
124
125
127
126
124
124
125
125
126
125
123
126
130
128
122
121
126
128
126
124
123
126
129
128
126
121
117
123
132
132
124
121
127
128
121
121
129
128
119
121
132
133
127
125
124
122
120
122
126
128
127
127
131
130
118
113
125
137
133
121
119
127
125
