133
130
127
123
116
119
48
125
126
126
125
125
125
126
126
126
125
125
125
126
126
125
126
125
125
126
126
125
125
125
125
125
125
125
125
125
125
126
125
125
126
126
126
126
126
125
125
125
125
125
126
126
126
125
125
126
126
126
126
125
125
125
125
125
125
125
125
126
126
126
125
126
126
126
126
125
126
126
125
126
126
125
125
126
125
125
125
125
126
125
125
125
125
126
125
125
125
125
125
125
125
125
125
125
125
126
125
125
125
125
125
125
126
125
125
125
126
125
125
125
125
125
125
125
126
126
126
126
125
126
126
126
126
125
125
126
125
126
126
125
126
126
125
126
126
126
125
125
125
125
125
125
125
126
125
125
125
125
125
126
125
125
126
126
125
126
125
125
125
125
125
126
125
126
126
126
125
125
125
125
125
125
125
125
125
125
125
125
125
125
125
125
125
125
125
125
125
125
125
125
125
125
125
125
125
125
125
125
125
125
125
125
125
125
125
125
125
125
125
125
125
125
125
125
125
125
125
125
125
125
125
125
125
125
125
125
125
125
125
125
125
125
125
125
125
125
125
125
125
125
126
125
125
125
126
124
125
126
125
125
125
125
125
125
126
125
125
125
125
126
126
126
125
126
125
126
125
125
125
125
125
126
125
125
125
125
125
125
126
126
125
125
125
125
125
125
125
125
125
125
126
125
125
125
125
125
125
125
125
125
125
125
125
125
125
125
125
125
125
125
125
125
125
125
125
125
125
126
125
126
126
125
125
125
125
125
125
125
125
125
125
125
125
125
125
125
125
125
125
125
125
125
125
125
125
125
125
125
125
125
125
125
125
126
125
125
125
125
126
125
125
126
126
125
125
125
125
126
125
125
125
125
125
125
125
125
125
126
126
125
125
125
125
125
125
125
125
125
125
125
126
125
123
129
125
125
124
124
125
125
126
126
126
126
125
125
125
125
125
125
125
125
125
125
125
125
125
125
125
125
125
125
125
125
125
125
125
125
125
125
125
125
125
125
125
125
125
125
125
125
125
125
125
125
125
125
125
125
125
125
125
125
125
125
125
125
126
125
125
125
126
127
126
125
125
125
125
125
126
125
124
125
125
125
125
125
125
125
125
126
126
126
125
125
125
125
125
126
126
125
125
126
126
126
125
124
125
126
126
124
124
125
125
124
125
126
126
126
127
127
126
125
125
124
124
123
124
124
124
126
126
126
126
126
127
125
124
125
126
125
124
125
127
126
125
125
126
125
124
124
125
126
126
126
125
124
123
123
125
127
127
125
124
124
125
125
125
125
124
124
126
128
129
127
124
124
124
122
122
124
126
128
127
126
122
123
126
126
124
124
125
126
127
128
127
125
123
124
126
126
125
125
124
125
125
125
126
127
127
126
124
124
124
125
124
125
126
126
126
126
126
126
125
124
125
125
125
126
128
127
125
124
125
127
128
127
125
123
123
124
125
125
125
125
126
128
128
127
125
124
123
122
123
124
125
126
126
125
127
128
127
126
126
123
122
126
132
134
130
122
112
112
127
134
123
120
135
136
110
107
144
161
126
95
118
143
124
109
128
147
128
86
74
126
186
179
119
111
149
116
60
93
178
176
93
47
104
193
208
125
56
82
138
156
156
148
121
91
83
110
165
169
127
113
103
70
110
218
204
59
36
149
182
119
95
107
116
143
166
138
93
102
142
148
127
117
120
119
114
127
146
138
114
108
120
134
136
126
119
121
127
131
130
124
116
127
129
117
120
134
133
118
117
126
129
127
128
129
128
125
117
118
129
130
122
122
127
133
139
130
109
103
121
143
142
118
108
129
135
122
122
133
137
125
106
113
146
150
119
98
106
130
149
142
114
100
114
138
154
138
103
97
132
151
128
108
123
139
130
115
115
123
129
133
132
126
119
119
124
128
130
128
125
125
125
122
121
124
130
130
123
118
120
128
131
130
126
125
125
124
122
122
126
129
126
123
123
126
126
125
124
126
128
128
126
124
124
125
125
125
126
126
125
124
123
124
125
125
124
125
126
126
126
126
126
126
126
125
124
125
126
126
125
122
122
125
130
130
127
122
121
124
128
126
123
123
124
127
128
126
123
122
124
129
130
127
124
124
125
125
125
127
125
123
123
126
128
127
125
124
124
126
127
125
121
122
127
129
127
125
125
127
127
126
125
123
123
124
125
125
124
125
127
127
126
125
125
124
124
124
127
128
128
126
124
124
124
124
125
124
125
128
129
127
126
125
125
124
124
125
126
126
126
125
125
125
125
126
126
125
125
125
126
126
125
124
124
125
126
125
125
124
125
126
127
126
125
125
125
125
125
125
125
125
125
125
126
125
125
126
126
125
124
125
125
124
125
125
125
125
126
125
125
125
125
125
126
126
125
125
126
126
126
126
125
124
125
125
125
126
126
125
125
125
126
125
125
125
125
125
125
125
125
125
125
125
125
125
125
125
126
126
126
126
125
126
126
125
125
125
125
125
125
126
125
125
125
125
125
125
125
125
125
126
126
126
125
126
126
126
125
125
125
125
125
125
125
125
125
125
125
125
125
124
125
125
126
125
125
128
126
125
125
125
124
125
125
125
125
125
125
125
125
125
125
125
125
126
126
126
126
125
124
125
126
126
125
124
124
126
125
125
126
125
125
126
126
126
126
125
125
125
124
124
126
126
125
124
125
126
126
126
126
125
125
125
125
125
124
124
125
125
125
126
125
124
124
125
126
127
126
126
125
126
126
125
125
124
124
125
125
125
126
125
125
126
126
126
125
125
125
125
125
125
125
125
125
125
125
125
125
125
125
125
125
125
125
125
125
125
128
120
123
125
125
125
126
126
126
126
126
125
125
126
125
125
125
126
125
126
125
125
125
126
126
126
125
126
126
126
126
126
125
126
125
125
125
125
116
119
127
126
127
128
127
127
127
126
126
126
126
126
126
125
126
125
126
126
125
125
125
125
126
125
126
126
126
125
122
123
125
126
126
127
127
127
127
127
126
126
126
126
126
126
126
125
126
126
125
126
126
126
126
126
125
125
125
125
126
126
125
126
125
125
125
125
126
126
125
125
125
125
125
126
125
126
126
126
125
125
125
125
125
125
125
125
125
126
125
125
125
125
125
125
125
125
125
125
125
126
126
125
126
125
125
125
125
125
126
125
125
125
125
126
126
126
126
126
127
127
127
125
125
125
125
125
126
127
125
124
125
126
126
126
125
125
125
125
126
125
125
124
124
125
125
125
125
123
125
126
128
127
128
127
128
128
126
126
125
124
124
124
124
126
126
126
126
126
126
127
127
126
125
124
124
125
125
125
131
126
125
125
125
124
124
125
124
125
125
124
125
125
126
126
125
125
125
126
126
126
126
125
125
125
125
125
125
126
126
127
126
125
126
126
126
125
125
125
128
130
125
123
124
124
124
125
125
124
125
127
126
125
125
125
125
126
125
125
126
126
126
126
127
126
124
125
125
125
125
125
125
125
124
125
125
124
124
125
125
125
123
124
127
126
125
124
126
126
126
125
126
125
124
125
126
127
125
123
126
128
127
127
125
122
122
127
127
125
123
125
123
124
131
129
124
122
125
126
125
126
123
122
127
130
127
122
123
126
128
125
124
126
126
126
126
126
126
122
121
127
130
127
123
123
126
127
118
99
132
129
128
125
125
127
129
128
126
126
128
125
123
126
128
125
122
124
128
126
124
127
132
130
125
123
125
128
127
126
126
124
126
125
122
123
130
131
124
119
124
131
131
124
120
121
125
126
123
124
122
122
127
128
126
126
128
133
136
127
116
118
132
133
120
113
119
125
120
127
135
132
126
129
133
129
126
124
118
116
128
141
128
105
116
141
141
118
49
126
125
126
125
126
125
125
126
126
126
126
125
125
126
126
125
125
125
125
125
126
125
125
125
125
125
125
125
126
125
125
126
125
125
125
125
125
125
125
125
125
125
125
125
125
125
126
125
125
125
125
125
125
125
125
125
126
125
125
125
125
125
125
126
125
125
125
125
125
125
125
125
125
125
125
125
125
125
125
126
125
125
125
125
125
125
125
125
125
125
125
125
125
125
125
125
125
126
125
125
125
125
125
125
125
125
125
125
125
125
125
125
125
125
125
125
125
125
125
125
125
125
125
125
125
125
125
125
125
125
125
125
125
125
125
125
125
125
125
125
125
126
125
125
125
125
125
125
125
125
125
125
125
125
125
125
125
125
125
125
125
125
125
125
125
125
125
125
125
125
125
126
125
125
125
125
125
125
125
125
125
125
125
125
125
125
125
125
125
125
125
125
125
125
125
125
125
125
125
125
125
125
125
125
125
125
125
125
125
125
125
125
125
125
125
125
125
125
125
125
125
125
125
125
125
125
125
125
125
125
125
125
125
125
125
125
125
125
125
125
125
125
125
125
125
125
126
125
125
125
125
125
125
125
125
125
125
125
125
125
125
125
125
125
125
125
125
125
125
125
125
125
125
125
125
125
125
125
125
125
125
125
125
125
125
125
125
125
125
125
125
125
125
125
125
125
125
125
125
125
125
125
125
125
125
125
125
125
125
125
125
125
125
125
125
125
125
125
125
125
125
125
125
125
125
125
125
125
125
125
125
125
125
125
125
125
125
125
125
125
125
125
125
126
124
125
125
125
126
126
125
125
125
124
