125
128
126
124
123
124
71
125
125
125
125
125
126
125
125
125
125
125
126
125
125
125
125
125
125
125
125
125
126
125
125
125
125
125
125
125
125
126
125
125
125
125
126
125
125
125
125
125
126
125
125
125
125
125
125
125
125
125
125
125
125
126
125
125
125
125
125
125
125
125
125
125
125
125
125
125
125
126
126
125
125
125
125
125
125
125
125
125
126
125
125
125
125
125
125
125
125
125
125
125
125
125
125
125
125
125
125
126
125
126
125
125
125
125
125
125
125
125
125
125
125
126
125
125
125
125
125
125
125
125
125
125
125
125
125
125
125
125
125
125
125
125
125
125
125
125
125
125
125
125
125
125
125
125
125
126
125
125
125
125
126
125
125
125
125
125
125
125
125
125
125
126
125
125
125
125
125
125
125
125
125
125
125
125
125
125
125
125
125
125
125
125
125
125
125
125
125
125
125
125
125
125
125
125
125
125
125
125
125
125
125
125
125
126
125
125
125
125
125
125
125
125
125
126
125
125
125
126
125
126
126
126
126
126
126
126
126
126
126
126
126
126
126
126
126
125
126
126
126
126
126
126
126
126
126
126
126
126
126
126
126
125
125
126
126
126
126
126
126
126
126
126
126
126
126
126
126
126
126
125
126
126
126
126
126
126
126
126
126
126
125
125
125
126
126
126
126
125
125
126
126
126
126
126
126
126
125
125
125
125
125
125
126
126
126
125
125
126
126
126
125
125
125
126
126
125
126
125
125
125
125
125
125
125
126
126
126
126
125
126
125
125
126
125
125
126
126
125
125
126
125
125
126
126
126
125
126
126
125
125
126
125
126
126
126
125
125
125
126
125
125
125
125
125
125
126
125
126
125
125
125
125
125
126
125
125
126
125
126
126
125
125
125
125
126
126
125
125
125
126
125
126
126
126
125
126
125
125
126
125
125
125
126
126
126
125
125
125
126
125
126
126
126
126
126
125
125
126
125
126
126
126
126
126
126
126
125
125
125
126
125
125
125
125
125
125
125
125
125
125
125
125
125
125
125
125
125
125
125
125
125
125
125
125
125
125
125
125
125
125
125
125
125
125
125
125
125
125
125
125
125
125
125
125
125
125
125
125
125
125
125
125
125
125
125
125
125
125
125
125
124
125
125
125
125
125
125
126
126
126
125
125
125
125
125
125
125
125
125
125
125
126
126
125
125
125
125
125
125
125
125
125
125
125
125
125
125
125
125
125
126
126
125
125
125
126
126
125
125
125
125
125
125
125
125
125
125
125
125
125
126
125
125
125
125
125
125
125
125
125
125
125
125
125
125
126
126
125
125
125
125
125
125
125
125
125
125
125
125
125
125
125
125
125
125
125
125
125
125
125
125
125
126
125
125
126
126
125
125
125
126
125
125
125
125
126
125
125
125
125
125
125
126
125
125
125
125
125
126
126
126
125
125
125
126
125
125
125
125
125
125
126
126
125
125
125
125
125
125
126
125
125
126
126
125
125
125
126
126
125
125
125
126
125
125
125
126
126
126
126
125
125
126
126
126
125
125
125
126
126
126
125
125
125
126
126
125
125
125
126
126
125
125
125
125
126
126
126
125
125
125
126
125
125
125
125
125
124
125
126
126
125
124
125
127
128
127
123
122
125
129
128
125
125
125
124
126
129
128
122
120
125
129
127
123
123
124
124
125
128
128
125
123
124
126
129
129
126
124
123
125
126
126
125
124
125
125
126
127
127
126
123
124
125
126
127
125
124
124
125
127
127
126
125
125
125
125
124
125
126
126
127
127
127
125
124
124
125
126
127
124
119
121
126
127
129
133
132
123
117
123
131
127
118
124
134
128
119
127
135
127
111
110
125
136
131
122
122
128
133
135
130
119
112
118
126
129
129
128
126
127
128
125
122
121
122
124
127
130
130
127
122
117
114
112
120
150
190
180
89
4
49
192
235
127
41
91
174
167
107
97
154
175
98
40
116
191
155
99
107
147
144
107
102
130
141
128
135
146
108
66
114
178
143
90
127
164
115
89
140
147
90
96
168
166
94
75
129
181
181
123
44
43
142
203
145
98
186
248
120
75
66
126
255
255
73
93
51
255
248
107
33
49
111
176
190
131
77
91
142
169
148
101
71
87
146
178
157
113
84
101
133
143
134
116
105
118
142
143
127
120
119
116
119
125
127
132
137
128
118
127
134
122
117
124
126
128
137
127
107
116
134
133
130
127
112
100
114
145
159
134
99
98
132
156
143
121
113
118
128
130
126
122
116
113
129
146
130
106
112
138
148
133
106
104
138
162
143
103
82
97
136
159
139
115
120
140
136
116
113
120
124
133
139
125
115
117
122
123
125
130
140
139
129
126
120
112
116
129
130
126
121
111
120
144
143
115
112
134
140
127
121
113
108
116
132
142
137
127
125
133
135
123
113
103
120
136
134
126
121
122
131
140
131
117
114
116
121
133
140
131
121
121
129
132
128
123
120
116
115
124
138
140
128
122
127
127
117
114
124
133
138
136
124
115
123
130
120
111
124
142
137
118
113
131
138
121
117
133
132
118
120
131
127
121
128
133
121
116
129
133
130
124
122
117
116
126
140
141
126
110
109
123
137
141
131
120
118
121
124
128
135
135
125
119
122
126
127
128
129
123
115
115
130
143
135
116
107
117
128
132
133
128
121
119
129
138
135
125
119
114
115
124
127
126
134
141
132
116
114
121
128
132
129
121
119
124
131
132
124
118
125
130
123
117
126
136
133
126
125
123
113
117
135
144
128
109
115
132
134
122
119
126
133
131
125
120
121
125
129
132
133
125
118
120
126
127
123
121
127
130
123
122
132
140
131
114
112
128
139
130
117
113
117
124
132
135
131
119
115
124
137
140
131
121
121
123
123
121
123
126
129
128
124
125
130
127
119
123
132
133
127
124
122
119
118
118
123
130
137
134
124
119
117
120
128
132
126
122
127
131
123
115
121
133
137
132
124
118
119
122
126
129
131
127
120
117
125
134
135
125
118
120
125
125
125
123
125
129
129
123
124
131
132
125
120
120
122
122
126
126
125
120
124
130
130
125
124
124
123
127
134
132
124
120
124
127
125
125
124
121
118
124
136
137
123
113
123
138
135
121
113
119
130
133
124
116
120
131
129
117
120
137
139
123
116
121
124
127
130
129
125
122
121
122
127
136
129
118
118
126
130
128
124
121
124
132
134
124
115
120
127
127
125
125
128
128
124
122
125
128
127
123
126
131
130
122
120
123
124
124
125
124
124
131
139
133
119
114
121
125
124
127
133
128
119
120
125
126
128
129
124
123
129
124
123
123
125
127
129
125
123
124
125
124
124
124
125
127
128
125
120
124
130
130
124
121
123
126
126
127
128
126
123
124
128
128
125
123
124
126
127
126
125
125
128
128
124
120
120
125
130
128
125
122
125
129
128
126
125
124
126
126
126
125
125
127
127
123
122
126
130
129
125
121
121
124
127
129
129
125
120
121
129
130
125
126
126
124
123
124
125
126
126
127
128
128
124
121
125
127
126
124
124
125
126
127
126
125
124
125
125
124
124
127
128
129
126
123
123
125
126
127
128
129
126
127
126
124
123
123
124
124
123
123
125
125
125
125
127
130
129
124
121
122
125
128
128
124
123
125
125
125
124
122
124
127
129
128
126
123
123
125
129
127
124
122
122
123
124
124
129
129
125
121
124
130
131
125
120
122
125
126
126
126
127
125
124
125
127
127
125
124
125
125
123
124
126
127
125
123
128
130
126
122
122
124
125
127
127
126
122
121
124
126
128
127
126
123
124
127
128
127
124
122
122
126
129
126
123
124
128
129
125
123
126
127
125
122
124
127
126
123
123
124
126
72
125
125
125
125
125
125
125
125
125
125
125
125
125
125
125
125
125
125
125
125
125
125
125
125
125
125
125
125
125
125
125
125
125
125
125
125
125
125
125
125
125
125
125
125
125
125
125
125
125
125
125
125
125
125
125
125
125
125
125
125
125
125
125
125
125
125
125
125
125
125
125
125
125
125
125
125
125
125
125
125
125
125
125
125
125
125
125
125
125
125
125
125
125
125
125
125
125
125
126
126
125
125
125
125
125
125
125
125
125
125
125
125
125
125
125
125
125
125
125
125
125
125
125
125
125
125
125
125
125
125
125
125
125
125
125
125
125
125
125
125
125
125
125
125
125
125
125
125
125
125
125
125
125
125
125
125
125
125
125
125
125
125
125
125
125
125
125
125
125
125
125
125
125
125
125
125
125
125
125
125
125
125
125
125
125
125
125
125
125
125
125
125
125
125
125
125
125
125
125
126
125
125
125
125
125
125
125
125
125
125
125
125
125
125
125
125
125
125
125
125
125
125
125
125
125
125
125
125
125
125
125
125
125
125
125
125
125
125
125
125
125
125
125
125
125
125
125
125
125
125
125
125
126
124
125
125
125
126
126
126
126
126
126
125
126
126
126
126
126
126
126
126
126
126
126
126
126
126
126
126
126
126
126
126
126
126
126
125
126
126
126
126
126
125
126
126
126
126
126
125
125
126
126
126
126
126
126
126
126
126
126
126
126
126
126
126
126
126
126
126
126
126
126
126
126
125
125
125
125
125
126
126
125
126
125
125
125
125
126
125
125
125
125
125
125
125
125
125
125
125
125
125
125
122
