125
126
126
125
125
125
60
125
125
125
125
126
126
125
125
125
125
125
125
125
125
125
125
125
125
125
125
125
125
126
125
126
125
125
125
125
125
125
125
125
125
125
125
126
125
125
125
125
125
125
125
125
125
125
126
125
125
125
125
125
125
125
125
126
125
125
125
125
125
125
125
125
125
125
125
125
125
125
125
125
125
125
126
125
126
125
126
126
125
125
125
125
125
125
125
125
125
125
125
125
125
126
126
125
125
125
125
125
125
125
126
125
125
125
126
126
125
126
125
125
125
125
126
125
125
125
125
125
125
125
125
125
125
125
125
126
126
125
126
125
125
125
125
125
125
125
125
125
125
125
125
125
125
125
125
125
125
125
125
125
125
125
125
125
125
125
125
125
125
125
125
125
125
125
125
125
125
125
125
125
125
125
125
125
125
125
125
125
125
125
125
125
125
125
125
125
125
125
125
125
125
125
125
125
125
125
125
125
125
125
125
125
125
125
125
125
125
125
125
125
125
125
125
125
125
125
125
125
125
125
125
125
125
125
125
125
125
125
125
125
125
125
125
125
125
125
125
125
125
125
125
125
125
125
125
125
125
125
125
125
125
125
125
125
125
125
125
125
125
125
125
125
125
125
125
125
125
125
125
125
125
125
125
125
125
125
125
125
125
125
125
125
125
125
125
125
125
125
125
125
125
125
125
125
125
125
125
125
125
125
125
125
125
125
125
125
125
125
125
125
125
125
125
125
125
125
125
125
125
125
125
125
125
125
125
126
125
125
125
125
125
125
125
125
125
125
125
125
125
125
125
125
125
125
125
125
125
125
125
125
125
125
125
125
125
125
125
125
125
125
125
126
126
126
126
126
125
125
126
125
126
126
126
126
126
126
126
125
126
125
126
125
125
125
125
126
126
126
126
126
126
126
126
125
125
125
125
125
125
126
125
125
125
125
125
126
126
126
126
126
126
125
125
125
126
125
125
126
125
125
126
126
125
126
125
124
125
125
125
125
126
125
125
126
125
125
125
125
125
125
125
125
125
125
125
125
125
125
125
125
125
125
125
125
125
125
125
125
125
125
125
125
125
125
126
125
125
125
125
125
125
125
125
125
125
125
125
125
125
125
125
125
125
125
125
125
125
125
125
125
125
125
125
125
125
125
125
125
126
125
125
125
125
126
126
126
126
125
125
125
125
125
125
125
125
125
124
124
125
126
127
128
127
126
124
123
124
125
127
128
127
125
125
124
124
125
125
125
125
125
125
126
125
125
125
125
125
125
126
127
127
125
124
125
126
125
126
127
127
126
119
113
123
142
143
124
113
109
110
130
166
152
88
65
124
185
160
114
118
110
78
102
178
205
153
60
21
94
203
206
108
60
110
167
160
108
76
110
165
172
130
89
98
142
151
111
92
123
153
144
122
115
116
119
126
127
124
125
126
123
123
128
130
130
127
122
123
127
125
124
127
129
126
122
117
118
126
134
134
130
124
118
116
122
131
130
121
117
125
134
135
128
119
116
120
126
131
132
131
125
119
120
125
127
124
124
127
128
125
121
122
127
129
126
124
125
125
123
122
125
127
126
124
125
129
132
130
126
122
122
123
124
124
125
126
126
125
124
125
125
125
125
127
128
127
124
123
123
124
124
125
126
127
128
127
125
126
129
124
126
124
123
123
124
126
126
127
128
127
125
125
125
126
126
125
125
125
124
125
125
125
126
127
127
126
126
126
127
126
126
125
125
125
124
124
124
125
126
127
127
126
126
125
125
126
126
126
126
126
126
126
125
125
125
125
125
125
125
125
125
125
126
126
126
124
126
126
126
126
126
126
125
125
126
127
127
126
125
125
125
125
125
125
125
125
126
125
125
125
125
125
126
125
126
126
126
125
126
126
125
125
125
126
126
126
125
125
125
125
125
125
125
125
125
125
126
126
126
126
126
125
125
125
125
125
125
125
126
126
126
126
125
126
126
126
125
125
126
126
126
126
126
125
126
125
125
125
125
125
125
125
125
125
125
125
126
126
126
126
126
126
126
125
125
126
126
126
125
125
125
125
125
126
125
125
125
125
125
125
125
125
125
125
126
126
126
126
126
126
126
125
125
125
125
125
125
125
125
125
125
126
127
126
125
125
126
125
125
125
125
125
125
127
127
125
125
125
125
125
124
124
125
125
125
125
125
125
125
125
125
126
126
126
126
125
126
125
125
125
125
125
125
125
125
125
125
125
125
125
126
125
125
125
125
125
125
125
125
125
125
125
125
126
125
125
125
125
125
125
125
125
126
126
125
125
125
125
125
125
125
125
125
125
125
125
126
125
125
126
125
125
125
125
125
125
125
125
125
126
126
125
125
125
125
125
126
126
125
124
125
125
125
125
125
125
125
125
125
125
125
125
125
125
125
125
125
125
125
126
126
126
126
126
126
126
126
125
125
124
125
125
125
125
125
125
126
126
126
125
124
125
125
125
125
125
125
125
126
125
125
125
125
129
121
123
126
125
126
127
126
126
125
125
125
125
125
125
126
126
126
126
126
125
125
125
126
126
125
124
125
126
126
126
125
125
125
126
127
126
125
125
126
126
126
126
125
125
125
126
126
126
125
126
126
126
125
125
125
126
126
126
126
126
125
125
125
125
126
126
121
124
125
125
126
126
126
126
127
126
126
126
126
126
125
124
125
126
127
125
124
125
126
127
126
125
125
125
126
126
125
125
125
126
126
125
125
125
125
126
125
124
125
125
126
125
125
125
125
126
126
126
125
125
126
126
125
125
125
126
125
126
126
125
125
125
126
125
125
125
125
125
126
125
125
125
126
126
125
125
125
125
125
126
126
125
125
125
125
126
125
125
125
125
126
126
125
125
126
126
126
126
125
125
125
125
125
126
126
125
124
125
126
126
126
125
126
125
125
125
125
125
125
125
125
125
125
125
125
125
126
126
126
126
127
126
126
126
125
126
124
124
125
126
125
126
126
126
129
128
126
125
125
123
124
124
124
125
124
125
125
125
125
125
125
125
126
126
126
126
125
125
125
125
126
124
125
126
126
125
125
125
125
126
125
126
126
125
126
126
125
125
125
125
125
125
125
125
125
125
125
125
125
125
126
125
125
125
126
125
125
125
125
125
125
124
125
125
125
125
125
126
126
125
125
127
138
111
124
124
125
126
127
127
126
125
125
124
125
125
125
125
126
126
126
125
125
125
124
125
125
126
126
126
126
127
127
127
126
125
126
126
127
127
126
125
124
126
125
125
125
126
126
126
126
126
126
126
125
125
124
125
126
127
127
125
124
124
125
126
126
126
123
118
125
127
125
127
128
127
127
129
127
127
126
125
125
125
125
126
126
126
126
125
126
127
126
125
124
124
124
124
125
125
124
124
125
125
126
127
128
128
127
124
124
124
125
127
128
126
123
122
125
126
126
127
125
125
126
126
126
124
123
124
124
124
125
125
123
124
124
127
128
128
127
126
127
127
126
125
125
124
124
125
125
126
126
127
127
126
126
126
125
125
125
125
125
124
124
125
125
126
126
126
127
126
125
126
126
125
126
126
126
125
123
124
125
126
126
126
126
125
125
125
126
126
126
125
125
125
126
126
127
127
126
125
124
126
126
125
125
126
126
126
124
124
126
126
126
127
126
134
126
125
124
124
122
123
123
124
124
125
126
126
126
126
125
125
126
126
125
125
125
125
125
125
124
125
126
125
125
125
125
125
125
125
126
126
125
125
126
125
125
125
127
126
126
125
126
126
125
126
126
125
124
125
125
125
125
126
126
126
126
125
125
125
124
125
126
125
125
124
125
125
125
126
126
126
126
126
126
126
124
125
125
125
126
125
125
125
125
125
126
126
125
125
125
59
125
125
125
125
126
125
125
125
126
125
125
125
125
126
125
125
126
126
125
126
125
126
125
125
125
125
125
125
126
126
125
126
125
125
126
125
125
125
125
125
125
126
125
125
125
125
126
126
125
125
125
125
125
125
125
125
125
125
125
125
125
125
125
125
125
125
125
125
125
125
125
125
125
125
125
125
125
125
125
125
125
125
125
125
125
125
125
125
125
125
125
125
125
125
125
125
125
125
125
125
125
125
125
125
125
125
125
125
125
125
125
125
125
125
125
125
125
125
125
125
125
125
125
125
125
125
125
125
125
125
125
125
125
125
125
125
125
125
125
125
125
125
125
125
125
125
125
125
125
125
125
125
125
125
125
125
125
125
125
125
125
125
125
125
125
125
125
125
125
125
125
125
125
125
125
125
125
125
125
125
125
125
125
125
125
125
125
125
125
125
125
125
125
125
125
125
125
125
125
125
125
125
125
125
125
125
125
125
125
125
125
125
125
125
125
125
125
125
125
125
125
125
125
125
125
125
125
125
125
125
125
126
124
125
126
126
125
126
126
126
126
126
125
126
125
125
126
125
126
126
126
126
125
125
125
125
126
126
126
126
126
126
126
126
126
126
126
126
126
126
126
126
126
125
126
126
125
126
126
126
126
126
126
126
126
126
126
126
126
126
126
126
126
126
125
126
126
126
126
125
125
126
125
126
126
126
125
126
126
126
125
126
125
125
125
126
126
125
125
125
126
126
125
125
125
126
126
126
126
125
126
126
126
125
126
126
125
126
125
126
126
125
126
125
125
125
125
126
125
125
126
125
126
124
