125
130
129
125
124
127
82
126
126
126
126
125
126
126
125
125
126
125
126
125
126
125
125
126
125
126
126
125
126
126
126
126
126
125
126
125
126
126
125
126
126
126
126
126
125
126
125
125
125
125
125
125
125
125
125
125
125
125
125
125
125
126
125
125
126
126
126
126
125
125
125
125
125
125
125
125
125
125
125
125
125
125
125
125
125
125
125
125
125
125
125
125
125
125
125
125
125
125
125
125
125
125
125
125
125
125
125
125
125
125
125
125
125
125
125
125
125
125
125
125
125
125
125
125
125
125
125
125
125
125
125
125
125
125
125
125
125
125
125
125
125
125
125
125
125
125
125
125
125
125
125
125
126
125
125
126
125
125
126
125
126
125
125
126
126
125
126
126
126
125
126
126
125
126
125
126
125
125
125
125
125
125
125
125
126
126
125
126
125
125
126
125
125
126
126
125
125
125
126
126
126
126
126
126
126
126
126
126
126
126
126
126
126
126
126
126
126
126
126
125
125
126
125
126
126
126
126
126
126
126
126
125
125
126
126
125
126
125
126
125
126
125
126
126
125
125
125
125
126
125
125
125
126
125
126
126
126
126
126
126
125
126
126
125
125
126
126
126
125
125
125
125
126
126
126
126
126
125
126
126
126
125
125
126
126
126
126
126
126
125
126
126
126
126
125
126
126
126
126
126
125
126
126
126
126
125
126
125
126
125
126
126
125
125
125
126
126
126
126
126
126
126
126
126
126
126
126
126
125
126
126
126
126
125
126
125
126
126
126
126
126
125
126
126
125
126
125
126
126
126
126
126
125
126
126
126
125
125
126
125
125
126
126
126
126
125
126
126
126
126
126
126
126
125
125
125
125
125
125
125
125
126
126
126
125
125
125
125
125
125
125
126
125
125
125
125
125
125
125
125
125
125
126
126
126
126
125
125
125
125
125
125
125
125
125
125
126
126
126
125
125
125
125
125
125
125
125
125
125
125
125
125
125
125
125
125
125
125
125
126
125
125
125
125
125
125
125
125
125
125
125
125
125
125
125
125
125
125
125
125
125
125
125
125
125
125
125
126
125
125
125
125
125
125
125
125
125
125
125
125
125
125
125
125
125
125
125
125
125
125
125
125
125
125
125
125
125
125
125
125
125
125
125
125
125
125
125
125
125
125
125
125
125
125
125
125
125
125
125
125
125
125
125
125
125
125
125
125
125
125
125
125
125
125
125
125
125
125
125
125
125
125
125
125
125
125
125
125
125
125
125
125
125
125
126
124
125
125
126
125
126
126
125
126
126
125
125
126
125
125
125
125
125
126
126
125
125
125
126
126
126
125
125
126
125
125
126
126
125
126
126
126
126
126
126
125
125
125
125
125
125
125
125
125
126
127
127
126
125
126
127
127
125
125
126
125
125
125
125
125
125
126
125
127
126
124
124
127
130
127
124
124
127
128
126
124
123
123
125
128
129
127
126
125
125
125
126
125
124
125
126
125
126
126
125
125
126
126
125
125
126
127
125
124
124
125
125
125
126
126
127
127
126
126
125
125
126
126
126
125
125
125
125
126
126
125
125
126
126
127
126
125
125
126
126
126
125
125
125
126
126
126
125
125
125
126
126
126
125
125
126
126
126
125
125
126
126
126
126
125
125
126
126
125
126
125
126
126
126
126
126
126
126
125
125
125
125
125
125
126
126
126
126
126
126
126
126
126
125
125
126
126
125
125
125
126
126
126
125
126
126
126
126
126
126
126
126
126
126
125
125
126
127
126
125
125
125
125
126
125
125
126
126
125
125
126
125
126
126
126
125
126
126
126
126
126
126
126
126
126
126
126
125
125
125
125
126
126
126
125
125
126
126
125
125
126
125
126
126
125
125
126
126
126
125
125
126
126
126
125
126
125
125
125
126
126
125
126
126
127
126
126
125
125
124
125
125
125
125
125
126
125
126
126
125
125
125
126
126
125
125
125
125
125
125
125
125
125
125
125
126
126
126
125
125
126
126
126
125
125
125
125
125
125
125
126
126
125
125
126
126
125
125
125
125
126
125
125
126
125
125
125
126
126
125
126
125
125
126
126
125
125
125
126
125
125
125
125
125
127
124
124
124
126
126
126
126
126
126
126
125
125
126
126
126
125
125
126
126
126
126
125
125
125
126
126
126
126
126
125
126
126
126
125
125
126
126
126
126
125
125
126
126
126
126
125
125
125
126
126
125
125
125
125
128
125
125
124
125
125
125
125
126
126
126
126
126
124
124
125
126
125
126
125
126
126
126
126
126
126
126
125
125
125
126
126
125
125
125
125
126
125
126
125
125
125
125
125
126
126
125
125
125
126
126
125
125
126
125
125
125
125
125
125
125
126
125
125
125
125
126
126
126
125
125
126
126
125
125
125
126
126
125
126
125
125
126
125
125
125
125
125
125
125
126
126
125
125
125
125
125
126
125
126
125
126
125
125
126
126
125
124
125
126
126
124
126
126
125
124
126
127
126
124
124
125
127
127
125
124
125
127
126
124
124
127
126
124
125
126
125
125
128
127
124
122
124
127
128
126
123
125
128
127
122
124
127
124
122
126
128
125
126
126
122
122
130
131
123
125
127
125
122
124
123
125
131
128
120
120
126
127
125
125
126
128
125
124
128
126
122
121
128
129
125
126
128
128
127
125
121
119
121
123
125
127
128
129
129
127
124
123
126
125
122
122
129
129
122
122
130
129
122
122
125
124
124
126
129
129
126
124
124
126
126
122
119
122
125
126
129
133
134
132
128
123
119
118
117
118
118
120
121
125
129
135
139
139
135
133
130
126
118
115
115
117
115
114
117
123
128
130
132
136
138
135
133
131
127
124
120
117
115
116
116
117
120
125
128
130
130
131
133
133
133
130
126
123
122
122
122
123
125
126
124
123
122
123
124
125
125
127
129
129
129
137
126
121
122
122
118
119
127
128
125
126
124
121
131
139
128
121
126
119
113
126
133
119
115
130
111
118
145
142
125
141
140
101
108
158
143
101
124
137
85
101
173
144
79
129
159
84
89
188
166
81
126
187
103
57
147
180
100
93
158
130
69
122
193
138
84
136
165
97
82
141
147
102
123
163
128
82
114
160
141
112
128
143
115
103
136
147
129
122
132
123
99
106
140
156
133
105
109
127
128
127
134
131
120
122
125
116
113
134
148
132
117
118
120
122
133
133
119
120
137
137
114
100
115
138
150
153
147
121
89
99
131
134
126
127
118
110
121
139
145
133
111
103
122
148
149
130
119
123
127
120
106
110
139
159
140
108
97
116
139
144
132
116
111
124
139
139
127
116
118
125
125
118
116
126
133
131
128
129
127
123
121
122
125
132
135
128
122
124
125
122
122
125
125
128
131
128
122
121
125
127
123
123
125
129
132
130
125
122
125
129
127
122
119
122
127
126
128
130
130
128
126
124
124
128
125
120
120
126
129
128
124
121
121
122
127
130
132
132
129
121
117
121
136
134
129
125
122
117
119
125
127
127
126
127
122
115
117
125
133
135
131
123
119
120
126
132
133
127
121
121
127
129
127
125
124
125
129
131
130
123
118
116
120
128
133
127
117
119
128
135
130
124
122
121
122
128
130
122
118
122
130
132
131
131
125
119
118
122
128
129
126
124
125
127
131
130
124
119
120
121
126
131
131
123
118
123
131
133
128
123
122
122
120
123
130
130
125
120
124
129
129
126
123
122
121
124
128
130
127
124
128
130
128
124
118
119
123
127
127
126
124
122
123
128
132
133
129
122
117
122
127
127
122
118
124
133
132
125
122
124
125
125
123
121
119
127
131
128
131
136
132
119
108
110
126
140
136
122
117
125
133
166
117
103
119
129
135
132
125
126
83
126
126
126
126
125
125
125
126
126
126
126
126
126
126
125
126
126
126
125
125
126
126
125
125
125
125
125
126
126
126
126
126
125
126
126
126
125
126
125
126
126
125
126
126
125
126
126
126
126
126
125
126
126
126
126
126
126
126
126
126
125
125
125
126
125
126
126
125
126
126
125
126
126
126
125
125
126
126
125
126
125
126
126
126
126
126
125
126
125
126
125
125
125
126
126
125
126
125
126
126
126
126
126
126
126
125
125
125
125
125
126
126
126
126
126
126
125
125
125
125
125
126
125
125
126
126
126
126
126
125
125
125
125
125
125
125
125
125
125
125
125
125
125
125
125
125
125
125
125
125
125
125
126
125
125
125
125
125
125
126
125
125
125
125
125
125
125
125
125
126
126
125
125
125
125
125
125
125
125
125
125
125
125
125
125
125
125
125
125
125
125
125
125
125
125
125
125
125
125
125
125
125
125
125
125
125
125
125
125
125
125
125
125
125
125
125
125
125
125
125
125
125
125
125
125
125
125
125
125
125
125
125
125
125
125
125
125
125
125
125
125
125
125
125
125
125
125
125
125
125
125
125
125
125
125
125
125
125
125
125
125
125
125
125
125
125
125
125
125
125
125
125
125
125
125
125
125
125
125
125
125
125
125
125
125
125
125
125
125
125
125
125
125
125
125
125
125
125
125
125
125
125
125
125
125
125
125
125
125
125
125
126
124
125
125
125
126
126
126
126
126
125
125
125
125
125
125
126
126
126
126
125
126
125
125
125
125
126
125
126
125
126
125
125
126
125
125
125
125
126
125
125
125
120
