128
126
127
127
122
119
68
125
126
126
126
125
126
125
125
125
125
125
125
125
125
125
125
125
125
125
125
125
125
125
125
125
125
125
125
125
125
125
125
125
125
125
125
125
125
125
125
125
125
125
125
125
125
125
125
125
125
125
125
125
125
125
125
125
125
125
125
125
125
125
125
125
125
125
125
126
125
125
125
125
125
125
125
125
125
125
125
125
125
125
125
125
125
125
125
126
125
125
125
125
125
125
125
125
125
125
125
125
125
125
125
125
125
125
125
125
125
125
125
125
125
125
125
125
125
125
125
125
125
125
125
125
125
125
125
125
125
125
125
125
125
125
125
125
125
125
125
125
125
125
125
125
125
125
125
125
125
125
126
124
125
126
126
126
126
126
125
126
126
126
126
126
126
126
126
126
126
126
126
126
126
126
125
126
126
126
126
126
126
126
125
126
126
125
126
125
126
126
126
125
126
126
126
126
126
125
126
125
126
126
126
125
125
126
126
125
125
125
126
126
126
126
125
126
125
125
125
125
125
125
125
125
125
125
126
125
125
125
125
125
125
125
125
125
125
125
125
125
125
125
125
125
125
125
125
125
125
125
125
125
125
125
126
125
125
125
125
126
125
125
125
125
125
125
125
125
125
125
125
126
125
125
125
125
125
126
126
125
125
125
125
125
125
125
125
125
125
125
125
125
125
125
125
125
125
126
125
125
125
125
126
126
125
125
125
125
126
125
125
125
125
125
126
125
125
125
126
125
125
125
125
125
125
125
125
126
125
125
125
125
125
126
125
125
125
125
125
125
125
126
125
125
125
125
125
125
125
125
125
125
125
125
125
125
125
125
125
125
125
125
125
125
125
125
126
126
126
125
125
125
125
125
125
125
125
125
125
125
125
125
125
125
125
125
125
125
125
125
125
125
125
125
125
125
125
125
125
125
125
125
125
125
125
125
125
125
125
125
125
125
125
125
125
125
125
125
125
125
125
125
125
125
125
125
125
125
125
125
125
125
125
125
125
125
125
125
125
125
125
125
125
125
125
125
125
125
125
125
125
125
125
125
125
125
125
125
125
125
125
125
125
125
125
125
125
125
125
125
125
125
125
125
125
125
125
125
125
125
125
125
125
125
125
125
125
125
125
125
125
125
125
125
125
125
125
125
125
125
125
125
125
125
125
125
125
125
125
125
125
125
125
125
125
125
125
125
125
125
125
125
125
125
125
125
125
125
125
125
125
125
125
125
125
125
125
125
125
125
125
125
125
125
125
125
125
125
125
125
125
125
125
125
125
125
125
125
125
125
125
125
125
125
125
125
125
125
125
125
125
125
125
125
125
125
125
125
125
125
125
125
125
125
126
125
125
125
125
124
125
125
125
125
126
125
125
126
126
125
126
126
126
126
126
126
126
125
126
126
125
126
126
126
125
125
126
126
126
126
126
125
126
126
126
125
125
125
125
126
126
125
125
126
126
126
126
125
126
126
126
126
126
126
126
125
125
125
126
126
126
126
125
125
125
125
124
125
125
125
126
127
128
127
126
126
126
125
125
126
125
125
125
125
125
124
124
124
126
127
127
126
126
126
127
128
127
126
125
126
125
123
123
124
124
125
125
124
126
127
128
128
127
125
124
124
126
127
126
125
125
126
126
125
126
126
125
126
126
126
126
126
126
127
126
124
123
124
124
125
126
126
125
125
126
127
126
125
123
124
128
132
133
130
125
114
97
93
126
180
183
116
63
98
167
154
105
104
128
131
127
127
127
125
126
126
123
123
127
128
125
124
126
127
126
125
125
125
125
125
127
127
124
123
125
127
125
125
126
125
124
125
126
127
126
126
126
126
125
125
125
124
125
126
127
125
126
125
126
126
124
124
125
125
126
126
126
126
125
125
125
121
118
124
137
137
123
116
119
123
128
135
131
116
114
130
135
124
119
122
125
124
125
126
132
144
151
129
80
52
98
184
205
123
58
113
194
177
110
80
75
88
129
164
163
145
134
128
121
107
91
80
108
175
199
135
71
92
153
154
117
97
105
127
145
151
140
115
100
114
138
137
124
124
130
120
109
121
137
132
126
128
124
118
129
135
119
109
120
131
133
130
123
126
137
133
110
103
120
143
146
125
105
112
137
147
130
109
110
127
137
130
120
118
126
135
137
128
119
120
122
120
124
134
137
126
112
115
137
144
115
91
111
153
167
149
118
85
90
132
164
149
108
91
110
139
151
140
118
106
121
142
135
116
111
124
137
139
130
118
117
124
129
126
122
120
124
131
131
123
120
126
130
127
122
120
125
131
131
126
124
123
122
123
129
131
126
119
119
128
132
128
125
127
125
115
114
127
136
133
129
121
116
123
132
130
123
123
123
125
132
131
122
120
116
120
134
136
112
111
139
147
120
109
126
132
120
118
132
140
135
124
110
105
120
141
146
130
113
112
127
138
133
119
113
119
133
140
132
113
109
127
136
125
123
134
133
118
114
127
131
121
121
134
130
112
112
133
145
132
114
115
131
135
125
120
122
127
132
128
117
117
128
133
125
117
122
134
137
128
117
119
127
126
120
122
129
131
125
123
126
127
133
131
112
120
140
133
114
112
120
126
133
137
129
119
117
128
132
124
120
125
125
126
138
138
110
92
118
157
152
118
102
109
127
142
139
119
113
124
132
128
126
127
124
124
126
121
118
125
131
128
128
131
128
123
119
118
125
133
131
123
121
125
124
117
117
132
143
139
120
103
111
140
152
125
100
117
134
117
109
145
196
136
7
74
243
192
43
54
162
192
137
93
97
105
119
159
164
113
81
109
153
166
137
99
101
125
125
113
126
149
143
118
101
113
141
152
137
115
106
114
132
137
125
116
122
129
128
127
128
126
126
121
114
120
138
140
125
114
118
128
134
129
118
112
125
144
142
109
89
124
174
155
84
78
150
166
115
107
137
130
112
118
121
120
143
151
109
81
128
184
121
86
127
151
121
105
117
137
148
130
109
114
129
131
125
123
122
123
125
128
131
130
127
124
124
126
125
139
120
113
117
127
135
135
128
123
122
125
126
120
118
125
129
126
123
123
127
131
130
123
122
126
128
123
121
127
128
122
120
125
130
129
126
128
130
124
121
126
131
129
122
120
125
128
124
120
125
131
127
122
126
126
123
125
134
134
124
118
120
126
129
126
123
123
124
118
127
128
126
127
127
125
127
133
132
123
120
124
128
127
124
125
129
130
125
118
123
133
130
117
118
130
134
125
119
122
126
128
128
125
121
123
129
129
125
123
125
126
123
123
129
130
124
121
125
126
124
124
127
128
125
124
122
124
128
126
123
125
127
125
124
125
127
129
128
125
121
122
126
127
128
126
122
120
127
131
129
125
124
124
125
126
127
126
125
125
124
125
125
128
131
126
122
124
125
126
126
124
125
127
128
123
119
125
129
129
128
129
126
124
122
122
126
131
130
122
119
125
129
125
123
126
130
128
122
122
126
127
126
123
121
123
130
131
123
119
126
130
127
123
124
127
129
126
126
127
124
126
130
127
123
119
123
129
129
125
122
124
126
124
124
125
123
123
126
127
127
127
124
124
126
125
124
127
129
126
123
121
122
125
130
129
122
123
128
127
122
121
126
129
127
125
124
122
121
128
133
128
120
122
127
126
125
124
125
127
127
124
123
124
128
127
126
126
125
123
125
128
125
122
123
129
129
122
118
123
131
132
126
121
123
126
128
126
123
123
124
126
126
124
125
127
124
121
125
129
127
125
128
128
125
122
121
125
129
125
122
123
126
129
128
125
122
124
126
127
124
127
125
124
121
123
127
130
128
123
122
124
126
128
126
124
125
126
125
126
127
125
122
124
127
126
139
158
83
116
69
125
125
125
125
126
125
125
125
125
125
125
125
125
126
125
125
125
125
125
125
125
125
125
125
125
125
125
125
125
125
125
125
125
125
125
125
125
125
125
125
125
125
125
125
125
125
126
125
125
125
126
125
125
125
125
125
125
125
125
125
125
125
125
125
125
125
125
125
125
125
125
125
125
125
125
125
125
125
125
125
125
125
125
125
125
125
125
125
125
125
125
125
125
125
125
125
125
125
125
125
125
126
126
125
125
125
125
125
125
125
125
125
125
125
125
125
125
125
125
125
125
125
125
125
125
125
125
125
125
125
125
125
125
125
125
125
125
125
125
125
125
125
125
125
125
125
125
125
125
125
125
125
125
125
125
125
125
125
125
125
125
125
125
125
125
125
125
125
125
125
125
125
125
125
125
125
125
125
125
125
125
125
125
125
125
125
125
125
125
125
125
125
125
125
125
125
125
125
125
125
125
125
125
125
125
125
125
125
124
125
125
125
125
125
125
125
125
125
125
125
125
125
125
125
125
125
125
125
125
125
125
125
125
125
125
125
125
125
125
125
125
125
125
125
125
125
125
125
125
125
125
125
125
125
125
125
125
125
125
125
125
125
125
125
125
125
125
125
125
125
125
125
125
125
125
125
125
125
125
125
125
125
125
125
125
125
125
125
125
125
125
125
125
125
125
125
125
125
125
125
125
125
125
125
125
125
125
125
125
125
125
125
125
125
125
125
125
125
125
125
125
125
125
125
125
125
125
125
125
125
125
125
125
125
125
125
125
125
125
125
125
125
125
125
125
125
125
125
125
125
125
125
125
128
