126
126
124
124
127
127
94
125
126
126
125
125
125
126
126
126
125
125
125
126
126
125
125
125
125
125
125
125
126
125
125
125
126
125
126
125
125
125
125
126
125
125
125
125
125
125
125
125
125
125
126
125
125
125
125
125
126
125
125
125
125
125
125
125
125
125
125
125
125
125
125
125
125
126
125
126
125
126
125
125
125
125
125
125
125
125
125
125
125
125
125
126
125
125
125
125
126
125
125
126
125
125
125
125
125
125
125
125
125
125
125
125
125
126
125
125
125
125
125
125
125
126
126
125
125
125
125
125
125
125
125
125
125
125
125
125
125
125
125
125
125
125
125
126
125
125
126
125
125
125
125
125
125
125
125
125
125
125
125
125
125
125
125
125
125
125
125
125
125
125
125
125
125
125
125
125
125
125
125
125
125
125
125
125
125
125
125
125
125
125
125
125
125
125
125
125
125
125
125
125
125
125
125
125
125
125
125
125
125
125
125
125
125
125
125
125
125
125
125
125
125
125
125
125
125
125
125
125
125
125
125
125
125
125
125
125
125
125
126
126
125
125
125
125
125
125
126
125
125
125
125
125
125
125
125
125
125
125
125
125
125
125
125
125
125
125
125
125
125
125
126
125
125
125
125
125
126
125
125
125
125
125
125
125
126
125
126
126
126
126
126
126
126
126
126
126
126
126
126
126
126
126
126
126
126
126
126
126
126
126
126
126
126
126
126
126
126
126
126
126
126
126
126
126
126
126
126
125
126
126
126
126
126
126
126
126
126
126
126
126
126
126
126
126
126
126
126
126
126
126
126
125
126
126
125
126
126
126
126
126
126
126
126
126
126
126
125
125
125
125
125
126
126
125
125
125
126
125
125
126
126
125
125
125
125
125
125
126
125
126
125
125
125
125
125
125
126
126
126
126
126
126
126
125
125
125
125
126
126
125
126
126
126
126
125
125
126
125
126
126
125
126
126
125
125
126
126
126
125
125
125
125
126
126
126
126
126
125
126
125
126
125
126
126
126
125
125
126
125
126
125
125
126
126
125
125
125
126
125
125
126
125
125
126
126
126
125
125
125
125
125
126
125
126
126
126
126
126
126
125
125
125
125
126
126
125
125
126
126
126
126
125
126
126
126
126
125
125
125
126
126
125
125
125
125
125
125
126
126
126
125
126
125
125
125
125
125
125
125
125
125
125
125
126
126
125
126
126
125
125
125
125
125
125
125
125
125
125
125
125
125
125
125
125
125
125
125
125
126
125
125
125
125
125
125
125
125
125
125
125
125
125
125
125
125
125
125
126
125
125
125
125
125
125
125
125
125
125
125
125
125
125
125
125
125
125
125
125
125
125
125
125
125
125
125
125
125
125
125
126
125
125
125
125
125
125
125
125
125
125
125
125
125
125
127
126
125
125
125
125
125
125
125
125
125
125
125
125
125
125
125
125
125
125
125
125
125
126
125
126
125
125
125
125
125
125
125
125
125
125
124
125
125
125
125
126
126
125
126
125
126
125
125
125
126
125
125
125
125
125
125
125
125
125
125
125
125
125
125
125
125
125
125
125
125
125
125
125
125
125
125
125
125
125
125
125
125
125
125
125
125
125
125
125
125
125
125
125
125
125
126
125
125
126
126
126
125
125
125
125
126
126
126
125
125
126
126
126
125
125
125
125
125
125
125
125
125
125
125
125
125
125
125
126
125
126
126
126
126
126
126
126
125
125
125
125
125
126
125
126
125
125
126
125
126
125
125
125
125
125
125
125
125
125
126
126
126
125
125
125
125
125
125
125
125
125
125
125
125
125
126
125
126
125
126
125
125
125
125
125
125
125
125
125
125
125
125
125
126
125
125
125
125
125
125
125
125
125
125
125
126
125
126
125
125
125
125
125
125
125
125
125
125
125
126
125
125
125
125
126
125
125
125
125
125
125
125
125
125
125
125
125
125
125
125
125
125
125
125
125
125
126
126
125
125
125
126
125
125
126
126
125
126
127
126
125
125
125
125
125
125
125
125
125
125
125
125
125
126
125
125
126
125
125
125
126
126
125
125
125
125
126
125
125
125
125
125
124
124
124
125
126
126
126
126
126
126
125
126
126
125
125
127
123
123
125
126
125
125
126
127
126
125
126
126
125
125
126
126
126
126
126
126
125
125
126
126
126
126
127
126
126
126
127
126
125
126
126
126
126
126
125
125
126
127
126
125
126
126
126
126
126
126
125
125
126
126
125
125
126
126
126
126
127
127
126
126
127
126
124
124
125
126
125
126
127
127
126
127
127
126
125
125
126
125
125
126
126
125
125
125
126
126
125
125
126
126
125
125
126
126
125
125
126
125
125
125
126
126
126
126
126
126
125
125
126
127
126
125
126
126
125
125
126
126
126
125
126
125
125
125
125
126
126
125
126
126
125
125
125
126
126
126
126
126
125
125
126
126
126
126
126
126
126
125
125
125
126
126
125
126
126
126
124
125
126
126
126
125
125
125
126
125
126
126
126
126
126
126
125
126
125
125
126
126
126
125
126
126
126
125
126
126
126
126
126
126
126
125
125
126
126
126
125
125
126
126
126
125
126
129
127
125
125
125
124
122
122
128
127
126
126
130
133
127
117
115
124
133
131
124
119
119
126
129
124
118
120
125
127
128
128
127
124
124
128
130
129
127
126
127
128
131
129
120
114
120
129
130
128
123
119
119
123
128
127
124
124
123
124
126
125
125
127
129
130
130
128
125
124
126
126
126
125
124
124
125
125
123
123
122
123
124
125
125
125
125
126
127
127
126
127
127
128
127
126
126
126
125
124
124
125
125
125
126
126
126
126
125
125
125
125
124
124
124
124
124
125
126
127
126
126
125
126
126
126
126
126
126
125
124
125
125
124
124
125
126
126
125
125
126
126
126
126
125
126
127
126
124
125
126
126
126
126
126
125
124
124
125
125
124
125
125
126
125
124
123
124
128
130
128
123
123
127
128
126
124
125
127
127
126
126
125
126
127
125
123
122
125
128
129
125
124
125
126
124
122
123
124
125
125
124
125
126
127
126
125
125
125
125
125
127
127
126
125
126
127
128
126
125
125
125
126
126
125
124
125
126
126
124
124
125
125
124
124
125
126
125
125
125
126
127
126
125
125
125
126
125
125
126
127
125
123
124
126
126
123
123
125
126
125
126
127
127
126
125
126
127
126
124
124
125
125
125
126
121
118
124
133
133
126
129
127
126
126
129
124
119
123
130
129
124
122
128
128
111
105
122
134
122
110
120
139
143
136
129
129
133
134
133
132
129
120
112
113
108
109
115
126
128
131
137
134
124
120
128
135
131
123
120
120
124
130
131
126
123
126
130
131
124
120
119
125
127
126
129
129
122
115
118
125
130
129
126
125
125
125
126
125
126
128
127
123
122
124
126
128
129
130
128
124
121
123
127
126
120
121
130
132
123
114
117
125
132
133
133
131
128
117
117
131
133
127
123
112
111
130
149
143
124
102
95
118
141
148
144
125
111
132
149
121
89
98
125
137
130
122
121
127
130
130
127
127
132
135
128
117
118
136
142
128
115
117
126
128
121
112
113
121
130
133
127
122
131
138
126
114
121
134
136
134
129
107
93
117
147
145
124
114
120
130
134
131
130
134
129
119
114
120
125
124
120
124
127
123
122
125
129
129
125
121
124
129
127
124
127
131
126
122
126
126
123
121
124
132
130
120
120
124
127
131
129
123
120
122
128
131
125
118
120
128
131
127
123
119
120
125
130
128
125
127
130
131
129
126
127
126
121
119
120
125
127
123
121
124
128
129
127
133
126
124
125
126
123
120
118
123
129
131
127
122
120
126
128
126
126
123
121
122
125
127
124
123
125
128
128
95
125
126
126
125
125
125
125
125
125
125
125
126
125
125
125
125
125
125
125
125
125
125
125
125
125
125
125
125
125
125
125
125
125
125
125
125
125
125
126
125
125
125
125
125
125
125
126
125
125
125
125
125
125
125
125
125
125
125
125
125
125
125
125
126
125
125
125
125
125
125
125
125
125
125
125
125
126
125
125
125
125
125
125
125
125
125
125
125
125
125
125
125
125
125
125
125
125
126
125
125
125
125
125
125
125
125
125
125
125
125
125
125
125
125
125
125
125
125
125
125
125
125
125
125
125
125
125
125
125
125
125
125
125
125
125
125
125
125
125
125
125
125
125
125
126
125
125
125
125
125
125
125
125
126
126
125
125
125
125
125
125
125
125
125
125
125
125
125
126
125
125
125
125
125
125
125
125
125
125
125
126
125
125
125
125
125
125
125
125
125
125
125
125
125
125
125
125
125
125
125
125
125
125
125
125
125
125
125
125
125
125
125
125
125
125
125
125
125
125
125
125
125
125
125
125
125
125
125
125
125
125
125
125
125
125
125
125
125
125
125
125
125
125
125
125
125
125
125
125
125
125
125
125
125
125
125
125
125
125
125
126
125
125
125
125
125
125
125
125
125
125
125
125
125
125
125
125
125
125
125
125
125
125
125
125
125
125
125
125
125
125
125
125
125
125
125
125
125
125
125
125
125
125
125
125
125
125
125
125
125
125
125
125
125
125
125
125
125
125
125
125
125
125
125
125
125
125
125
125
125
125
125
125
125
125
125
125
126
125
125
125
125
125
125
126
125
125
125
126
125
125
125
125
134
