127
125
125
126
125
124
47
126
126
126
126
126
126
126
126
126
126
126
126
126
126
126
126
126
126
126
126
126
126
126
126
126
125
126
126
125
126
126
126
126
126
126
126
126
126
126
126
126
126
126
126
126
126
126
125
126
126
126
126
126
126
126
126
126
126
126
125
125
126
125
126
125
126
126
125
126
125
126
126
125
125
125
126
126
126
126
126
125
126
125
126
126
126
125
125
126
125
126
125
126
126
125
125
126
126
126
126
126
125
126
125
125
126
125
125
125
125
126
126
125
125
125
126
125
125
125
125
125
125
126
125
126
126
126
125
126
125
125
126
125
125
125
125
125
126
125
126
125
125
125
126
126
125
126
126
125
126
125
125
125
125
126
125
125
126
126
125
125
126
126
125
125
125
126
126
126
126
125
126
126
126
126
125
125
125
125
125
125
126
126
126
125
126
125
125
125
125
126
125
125
125
126
125
125
125
126
126
125
125
125
125
126
125
125
125
125
125
126
126
126
126
126
125
125
125
125
125
125
125
125
125
125
125
125
125
125
125
125
125
125
125
125
125
125
125
125
125
125
125
125
125
125
125
125
125
125
125
125
125
125
126
125
125
125
125
125
125
125
125
125
125
125
125
125
125
126
125
125
125
125
125
125
125
125
125
125
125
125
125
125
125
126
125
125
125
125
125
125
125
125
125
125
125
125
125
125
125
125
125
126
125
125
125
125
125
125
125
125
125
125
125
125
125
125
125
125
125
125
125
125
125
125
125
125
125
125
125
125
125
125
125
125
125
125
125
125
125
125
125
125
125
125
125
125
125
125
125
125
125
125
125
125
125
125
125
125
125
125
125
125
125
125
125
125
125
125
125
125
125
125
125
125
125
125
125
125
125
125
125
125
125
125
125
125
125
125
125
125
125
125
125
125
125
125
125
125
125
125
125
125
125
125
125
125
125
125
125
125
125
125
125
125
125
125
125
125
125
125
125
125
125
125
125
125
125
125
126
126
125
125
125
125
125
125
125
125
125
125
125
125
125
125
125
125
125
125
125
125
125
125
125
125
125
125
125
125
125
125
125
125
125
125
125
125
125
126
125
125
125
125
125
125
125
125
125
125
125
125
125
125
125
125
125
125
125
125
125
125
125
125
125
125
125
126
126
125
125
125
125
125
125
125
125
125
126
125
125
125
126
126
126
125
125
126
126
125
126
126
126
124
123
124
125
125
124
126
130
130
124
122
128
131
126
120
121
125
124
122
124
130
131
125
119
119
125
131
130
126
124
124
127
128
126
122
121
124
128
129
126
126
127
127
125
122
121
123
126
128
128
127
124
120
121
125
130
131
126
121
119
122
126
132
133
129
124
122
125
126
125
124
123
124
124
125
128
128
125
123
125
127
126
124
124
126
127
125
124
123
122
122
124
129
130
125
126
128
127
123
121
124
124
128
134
132
124
118
119
125
127
123
120
122
126
132
135
132
125
121
123
124
118
121
128
128
126
130
131
122
115
121
131
133
129
123
118
124
131
127
127
126
125
122
122
127
127
124
124
120
124
130
128
125
123
124
130
131
129
123
117
120
124
129
131
138
138
120
101
103
115
143
177
152
81
63
108
165
189
165
77
20
102
223
244
112
39
16
255
255
38
133
147
255
255
104
216
141
255
255
61
14
199
231
99
63
117
160
124
65
124
235
129
53
104
255
194
5
5
131
240
200
52
27
157
215
112
61
133
167
99
68
144
180
111
78
128
154
130
106
102
124
156
154
120
102
109
116
117
134
154
140
105
98
130
160
149
111
92
109
139
146
126
105
108
130
146
141
124
117
122
125
126
128
126
121
122
126
128
130
132
132
127
120
118
120
126
133
135
127
119
119
126
129
126
124
126
129
129
124
121
122
125
127
128
127
125
125
127
127
125
123
122
124
127
130
130
127
123
123
126
128
128
126
123
122
123
125
126
127
127
127
126
124
125
126
127
126
126
127
127
127
127
126
124
123
124
125
124
125
126
127
127
127
126
125
124
124
124
124
125
126
126
126
124
125
126
126
126
126
127
127
126
125
122
122
125
126
127
126
125
125
126
126
125
125
126
126
125
125
126
127
126
124
123
124
125
126
127
128
126
124
123
126
128
126
123
123
124
126
125
125
125
125
125
125
125
127
126
125
124
124
125
126
127
126
125
125
125
126
126
126
126
125
124
124
124
125
125
125
126
126
124
124
124
125
126
126
126
125
125
126
126
126
122
125
125
126
127
127
125
125
126
126
125
125
125
125
126
126
125
125
125
125
126
126
126
125
125
125
125
125
124
125
125
126
126
125
125
125
126
126
126
126
125
124
125
125
126
125
125
124
125
126
126
126
125
124
125
125
125
125
125
125
125
125
125
125
126
126
125
125
125
126
128
124
119
124
126
125
126
126
126
127
126
125
125
126
126
126
126
126
126
127
125
124
125
127
125
125
126
127
126
124
125
126
126
126
125
126
126
126
126
126
126
126
126
126
125
125
125
126
126
126
125
125
126
127
126
126
125
125
126
127
126
125
125
126
127
126
125
125
126
126
126
126
126
126
122
124
124
125
126
127
128
127
126
126
126
127
126
125
125
125
125
125
125
126
126
126
126
125
125
125
125
126
126
125
125
125
125
126
125
125
125
125
126
125
125
125
126
125
125
126
126
126
126
125
125
125
126
126
125
125
125
125
125
125
125
125
126
125
125
125
125
125
125
126
125
125
126
126
126
126
127
128
127
126
126
124
124
125
124
125
125
125
125
125
125
125
125
125
125
126
125
126
125
126
126
126
126
124
123
125
126
126
127
126
126
127
126
126
126
126
126
126
125
125
125
125
125
125
125
125
125
126
126
125
125
125
126
126
125
125
125
125
126
125
125
126
126
126
126
125
125
125
125
125
127
129
126
125
125
124
124
125
125
125
125
125
125
126
125
126
125
125
125
125
125
125
125
126
125
125
125
126
125
125
125
125
126
125
125
125
125
125
125
125
125
125
125
125
125
125
125
126
126
126
125
125
125
126
126
125
125
126
125
125
126
125
125
126
126
125
125
125
126
125
125
125
125
125
126
125
126
126
125
125
125
125
126
125
125
126
125
125
127
126
126
126
125
125
124
125
125
125
125
125
125
126
125
125
125
125
125
125
126
126
126
125
126
125
125
126
126
126
125
125
125
125
126
126
125
126
126
125
125
125
125
126
126
125
126
125
125
126
125
125
125
125
125
125
125
126
126
126
125
125
125
127
124
126
125
125
125
125
126
125
124
125
126
126
126
125
125
125
126
125
126
125
126
125
132
127
126
125
124
123
124
124
123
124
125
125
125
124
125
126
125
125
125
126
126
126
126
125
124
126
126
126
125
125
118
126
126
125
127
129
127
127
126
125
126
126
127
126
125
126
125
125
125
124
124
125
125
125
125
125
125
125
126
127
126
125
125
125
126
126
125
124
124
125
126
125
125
125
125
125
125
126
126
126
124
125
126
126
125
125
125
125
126
126
125
123
125
125
127
127
125
125
125
126
126
125
125
126
126
125
126
126
126
125
124
125
126
126
124
122
124
127
127
125
125
126
127
125
124
126
126
126
125
124
126
126
125
125
125
125
125
126
126
126
125
125
125
126
127
126
123
124
125
125
125
124
125
126
126
126
125
125
125
125
125
125
124
125
126
126
126
125
125
125
124
125
126
126
125
125
126
127
127
125
124
124
125
126
126
126
125
125
126
126
126
126
124
124
125
124
125
126
126
126
125
125
126
126
126
125
123
125
125
127
127
126
124
125
126
125
125
124
125
126
126
126
125
125
126
126
122
125
125
126
125
125
126
126
125
125
125
126
125
125
124
126
126
125
123
125
46
125
125
125
125
125
125
125
125
125
125
125
125
125
126
125
125
125
126
125
125
125
125
125
125
125
125
125
125
125
125
125
125
125
125
125
125
125
125
125
125
125
125
125
125
125
125
125
125
125
125
125
125
125
125
125
125
126
125
125
125
125
126
125
125
125
125
125
125
125
125
125
125
125
125
125
125
125
125
125
125
125
125
125
125
126
125
125
125
125
125
125
125
125
126
126
125
125
125
125
125
125
125
125
125
125
125
125
126
125
126
125
125
125
125
125
125
126
125
125
125
125
125
125
125
125
125
125
125
125
125
125
125
125
125
125
125
125
125
125
125
125
125
125
125
125
125
125
125
125
125
125
125
125
125
125
125
125
125
125
125
125
125
125
126
125
125
125
125
125
125
125
125
125
125
125
125
125
125
125
125
125
125
125
125
125
125
125
125
125
126
126
126
126
125
126
126
125
125
125
125
125
125
125
126
125
126
126
126
126
125
125
125
125
125
125
125
126
125
125
125
125
125
126
126
125
125
125
125
125
126
125
125
125
125
125
125
126
125
125
125
126
126
125
125
126
125
125
125
126
125
125
125
126
125
126
126
125
125
126
126
126
125
125
126
126
125
126
125
125
125
125
126
126
125
125
126
125
126
125
125
125
125
126
126
126
126
125
125
126
125
126
125
126
125
126
125
126
125
125
126
125
126
126
126
126
125
125
125
125
125
125
125
125
125
125
125
125
125
126
125
125
125
125
125
125
125
125
126
125
125
125
125
125
126
126
125
125
125
125
126
125
126
126
126
126
126
125
125
125
125
125
126
126
126
