128
130
126
125
126
128
100
125
125
125
125
125
125
125
125
125
125
125
125
125
125
126
125
125
125
125
125
126
125
126
125
125
125
125
126
125
125
125
125
125
125
125
125
125
125
126
125
125
125
126
125
126
125
125
125
125
125
125
125
125
125
125
125
125
125
125
125
125
125
125
125
125
125
125
125
125
125
125
125
125
125
125
125
125
125
125
125
125
125
125
125
125
125
125
125
125
125
125
125
125
125
125
125
125
125
125
125
125
125
125
125
125
125
125
125
125
125
125
125
125
125
125
125
125
125
125
125
125
125
125
125
125
125
125
125
125
125
125
125
125
125
125
125
125
125
125
125
125
125
125
125
125
125
125
125
125
125
125
125
125
125
125
125
125
125
125
125
125
125
125
125
125
125
125
125
125
125
125
125
125
125
125
125
125
125
125
125
125
125
125
125
125
125
125
125
125
125
125
125
126
126
126
126
126
126
126
126
126
126
126
126
125
126
125
125
126
125
125
125
125
126
125
125
125
125
126
126
126
126
125
125
126
125
126
125
126
125
126
125
125
126
125
125
125
125
125
125
125
126
125
126
125
126
126
125
126
126
126
126
125
125
125
125
125
125
125
125
125
125
125
126
125
125
125
125
126
125
125
128
125
124
124
125
125
125
126
126
126
126
126
125
125
125
125
125
125
126
126
125
125
126
125
125
125
125
125
125
125
125
125
125
125
125
125
126
125
125
125
125
125
125
125
125
126
125
126
125
125
125
125
125
125
125
125
125
125
125
125
126
125
125
125
125
125
125
125
125
125
125
125
125
125
125
125
125
125
125
125
125
125
125
125
125
125
125
125
125
125
125
125
125
125
125
125
125
125
125
125
125
125
125
125
125
125
125
125
125
125
125
125
125
125
125
125
125
125
125
125
125
125
126
124
125
125
125
125
126
126
125
126
126
125
125
125
126
125
126
126
126
126
126
126
125
126
126
125
126
126
125
126
126
126
125
126
126
126
125
125
126
126
125
126
125
126
126
125
126
126
125
125
126
126
125
126
126
125
126
125
125
125
125
126
126
126
126
126
125
125
125
125
125
125
125
126
126
125
126
126
125
125
125
125
125
125
125
125
125
125
125
125
125
125
125
125
125
125
125
125
125
125
125
125
125
125
125
126
125
125
125
125
125
125
125
125
125
125
125
126
125
125
126
125
125
125
125
125
125
125
126
126
126
125
125
125
126
125
125
125
125
125
126
125
125
125
125
125
125
125
125
125
125
125
126
126
125
126
125
125
126
125
125
125
125
125
125
125
125
125
125
125
125
126
125
125
125
125
125
125
125
125
125
126
125
125
125
125
125
126
125
125
125
125
125
125
126
125
125
125
125
125
125
125
125
125
125
125
125
125
125
125
125
125
125
125
125
125
125
125
127
126
125
125
125
125
125
125
125
125
125
125
125
125
125
125
125
125
125
125
125
125
126
125
125
125
125
125
125
125
125
125
125
125
125
125
125
125
125
125
125
125
125
125
125
125
125
125
126
125
125
125
125
125
125
125
125
125
125
125
125
125
125
125
125
125
125
125
125
125
125
125
125
125
125
126
125
125
125
125
125
125
125
125
125
125
125
125
125
125
125
125
125
125
125
125
125
125
125
125
125
125
125
125
125
125
125
125
125
125
125
125
125
125
125
125
125
125
125
125
125
125
125
125
125
125
125
125
125
125
125
125
126
125
125
125
125
125
126
125
125
125
125
125
125
125
125
125
127
124
125
126
125
125
126
126
126
126
125
125
125
125
125
125
125
125
125
126
126
126
126
126
126
126
124
125
126
125
126
126
126
126
126
126
126
126
126
126
126
126
126
126
126
125
125
125
126
125
125
126
126
126
126
126
126
126
126
126
126
126
126
126
125
126
126
126
124
125
125
125
126
126
126
126
126
126
126
125
126
126
125
126
126
125
125
125
125
125
125
126
126
125
126
125
125
126
125
126
125
126
125
125
126
126
126
125
126
126
126
126
126
126
126
126
125
125
126
125
125
125
126
126
125
126
125
125
125
126
125
125
126
126
126
126
125
125
125
125
126
126
126
125
126
126
126
126
126
126
125
126
126
126
125
126
126
126
126
125
125
126
126
126
126
126
126
126
126
126
125
126
125
126
126
126
126
125
125
126
125
126
126
125
125
126
125
126
126
125
125
126
125
126
125
125
125
126
126
126
125
125
125
125
125
125
125
126
125
125
125
125
125
125
126
126
125
127
127
126
125
126
125
125
125
125
125
125
125
126
126
125
125
125
126
126
126
126
126
125
125
126
125
125
125
125
127
126
125
125
125
124
125
125
126
126
126
126
125
126
125
125
125
125
125
125
125
125
126
126
126
126
125
125
125
125
125
125
125
125
125
125
125
125
125
125
125
125
125
125
126
126
125
125
126
126
125
125
126
126
125
125
125
125
126
125
125
125
125
125
125
125
125
125
126
126
125
125
125
125
125
125
125
125
125
125
125
125
126
125
125
125
125
125
125
125
125
125
125
125
125
125
125
125
126
126
125
125
125
126
125
125
125
125
125
125
125
125
126
125
126
126
125
125
126
126
125
124
126
125
124
125
125
123
123
124
123
124
127
131
134
137
135
126
121
128
132
112
93
104
125
129
122
120
120
120
135
158
158
126
106
120
138
131
120
123
128
126
124
122
119
118
121
121
120
122
126
125
121
122
126
128
128
129
130
128
128
130
129
126
126
126
123
122
125
127
124
121
122
124
126
126
124
123
124
125
124
124
125
124
123
124
126
127
128
127
127
129
128
125
125
125
125
125
126
128
126
123
122
125
127
126
124
122
126
131
122
123
124
125
124
124
125
126
126
123
122
126
128
128
125
126
128
129
125
123
125
119
121
124
125
128
129
127
126
128
129
126
123
124
127
127
124
124
126
127
125
124
126
127
125
124
126
129
127
125
126
128
127
123
122
125
127
124
123
124
126
127
125
126
127
128
124
122
125
127
127
127
127
128
129
127
126
126
126
125
124
124
125
125
125
125
124
124
125
125
125
125
125
125
125
126
126
127
126
127
128
127
126
125
127
128
127
125
125
124
125
124
124
125
125
124
125
126
125
125
124
124
126
126
125
124
126
127
126
125
125
126
126
126
126
126
126
126
126
126
126
126
125
126
127
126
124
123
124
126
126
125
125
126
128
127
126
126
127
127
127
121
109
110
131
145
130
112
132
174
158
79
53
118
178
153
98
94
129
150
136
118
122
131
125
120
126
133
132
129
126
119
117
133
140
116
93
122
169
152
99
95
128
136
121
123
133
126
120
128
131
125
124
128
127
124
132
129
124
118
120
124
129
129
120
117
127
134
132
126
123
125
126
125
122
120
122
124
125
125
126
130
131
127
123
123
124
127
127
124
125
127
126
125
124
122
124
125
126
126
124
124
127
129
128
126
123
122
125
126
127
125
124
124
126
126
125
126
126
124
124
123
125
125
126
126
125
123
125
128
129
126
125
125
126
126
125
126
125
124
123
123
122
124
126
124
124
124
126
127
129
129
127
126
127
129
131
126
121
121
121
118
119
128
133
126
121
125
129
136
139
119
106
124
136
130
128
123
112
115
131
132
121
114
117
130
140
134
125
126
129
129
126
121
116
118
125
129
128
124
124
127
127
125
123
123
123
124
127
126
123
128
141
142
118
107
130
136
103
78
113
193
182
77
72
150
163
116
112
133
135
124
121
121
124
124
113
110
127
136
130
144
86
126
126
135
130
119
119
130
129
117
118
134
136
129
122
125
133
135
119
117
128
129
121
127
136
128
121
125
129
124
117
117
128
137
128
118
81
112
132
126
127
133
130
131
133
132
133
130
131
123
129
127
99
126
125
126
125
126
126
126
125
126
126
126
126
126
126
126
126
125
126
126
126
126
126
125
126
126
126
125
125
125
126
126
126
126
126
125
126
125
125
126
126
126
126
126
126
126
126
126
126
126
126
126
125
126
125
126
126
125
126
126
126
125
126
126
126
126
126
126
125
126
126
126
126
126
126
126
126
126
125
126
126
125
126
126
126
126
126
126
126
126
126
126
126
126
126
126
126
126
126
126
126
126
126
125
126
126
126
126
126
125
126
126
126
126
126
125
125
125
126
125
125
125
126
126
126
126
125
125
125
125
125
125
125
125
125
125
125
125
125
125
125
125
126
126
126
125
125
126
125
125
125
125
125
125
126
126
126
126
125
125
125
125
125
125
125
125
125
125
125
125
125
125
125
125
125
125
125
125
125
125
125
125
125
125
125
125
125
125
125
125
125
125
125
125
125
125
125
125
125
125
125
125
125
125
125
125
125
125
125
125
125
125
125
125
125
125
125
125
125
125
125
125
125
125
125
125
125
125
125
125
125
125
125
125
125
125
126
125
125
125
126
125
126
126
126
126
126
126
126
126
125
126
126
126
126
126
126
126
126
126
126
126
125
126
126
126
126
125
126
126
126
126
126
126
126
126
126
126
126
126
126
126
126
126
126
126
126
126
126
126
126
126
126
126
126
126
126
126
126
126
126
126
126
125
125
126
126
126
126
126
126
126
126
126
126
125
125
125
125
125
126
125
126
125
126
126
126
126
126
125
126
125
126
126
125
125
126
126
126
126
126
126
126
125
126
126
125
125
125
125
126
126
125
126
123
