125
125
125
126
126
125
51
125
125
125
125
125
125
125
125
125
125
125
125
125
125
125
125
125
125
125
125
126
125
126
126
126
125
126
126
125
126
126
126
126
126
125
126
126
126
125
125
126
125
126
126
125
125
126
125
126
125
125
126
125
125
126
126
125
126
126
126
125
125
126
126
126
125
126
126
126
125
126
126
125
126
125
126
125
125
126
126
126
126
126
126
125
125
125
126
126
125
125
125
126
125
125
125
125
125
125
126
125
125
125
125
125
125
125
125
125
125
125
125
125
126
126
125
125
125
125
125
125
125
125
125
125
125
125
125
125
125
125
125
125
125
125
125
125
125
125
125
125
125
125
125
125
125
125
125
126
125
125
126
125
126
125
125
125
125
125
125
125
125
125
125
125
125
125
125
125
125
125
125
125
125
125
125
125
125
126
125
125
125
126
126
125
125
125
125
125
125
125
125
125
125
126
125
125
125
125
125
125
125
125
125
125
125
125
125
125
125
125
125
125
125
125
125
125
125
126
126
125
125
125
125
125
125
125
125
125
125
125
125
125
125
126
125
126
125
125
125
125
125
125
125
125
125
125
125
125
125
125
125
125
125
125
125
125
125
125
125
125
125
125
125
125
125
125
125
125
125
125
125
125
125
125
125
125
125
125
125
125
125
125
125
125
125
125
125
125
125
125
125
125
125
125
125
125
125
125
125
125
125
125
125
125
125
125
125
125
125
125
125
125
125
125
125
125
125
125
125
125
125
125
125
125
125
125
125
125
125
125
125
125
125
125
125
125
125
125
125
125
125
125
125
125
125
125
125
125
125
125
125
125
125
125
125
125
125
125
125
125
125
125
125
125
125
125
125
125
125
125
125
125
125
125
125
125
125
125
125
125
125
125
124
125
125
125
125
126
126
125
125
125
125
126
126
126
125
125
125
125
126
126
125
125
125
125
126
126
126
126
126
126
126
125
125
125
126
125
126
125
126
126
126
126
126
126
126
126
125
126
126
126
126
126
126
126
126
126
126
126
126
126
126
126
126
125
125
126
125
125
125
126
125
126
126
126
126
126
126
125
125
125
126
126
126
126
126
125
125
126
126
126
125
125
126
126
125
125
125
125
125
125
126
127
127
127
126
123
120
122
126
130
129
127
124
124
126
128
131
128
122
119
122
129
134
130
119
111
115
124
133
144
145
127
107
112
136
139
118
106
111
118
128
152
155
112
94
153
175
76
29
150
255
187
53
17
76
174
199
156
112
83
98
173
179
111
70
93
134
140
125
116
119
139
150
135
112
116
133
123
97
107
158
166
114
81
112
158
166
127
78
77
131
178
157
104
96
124
134
127
125
130
134
129
118
118
134
139
123
112
119
127
126
126
127
128
129
129
126
121
118
119
124
134
140
133
117
109
116
129
135
130
124
125
131
131
126
119
118
123
128
130
128
125
125
124
126
126
125
123
123
126
131
133
128
122
118
122
126
128
127
125
124
125
126
126
126
125
125
125
125
125
124
125
126
126
126
127
127
126
125
125
125
124
124
124
125
126
126
125
125
126
128
127
125
124
125
127
127
125
122
122
123
126
126
126
126
126
124
122
124
128
129
126
123
122
126
133
133
125
119
123
132
131
121
116
120
124
124
124
126
126
127
129
127
125
126
127
125
123
126
126
122
125
137
135
115
110
128
136
123
117
124
128
128
129
122
114
123
138
136
119
114
124
137
134
120
111
119
133
136
125
116
116
125
136
138
126
115
117
125
131
133
131
123
117
121
129
126
118
121
131
132
125
121
125
130
127
119
119
129
134
129
120
118
124
127
126
129
131
125
118
120
129
136
130
116
112
124
136
134
123
117
121
129
132
128
124
124
124
124
123
126
131
130
125
122
124
125
125
127
130
126
122
124
131
128
120
119
126
131
128
121
121
127
131
129
126
119
119
126
133
130
123
122
126
129
128
127
126
124
122
124
125
126
126
127
125
124
124
126
127
127
126
127
127
127
126
125
125
125
126
126
124
124
124
127
127
125
124
125
126
127
127
126
125
125
125
125
125
125
126
126
126
126
126
125
125
126
126
125
125
126
126
126
125
126
126
126
125
124
124
126
127
126
124
124
126
126
126
126
126
126
125
126
126
126
126
125
125
125
125
125
126
126
126
125
125
126
126
126
126
126
125
125
126
125
125
125
125
125
125
125
125
126
126
126
125
125
125
126
126
126
126
126
126
125
126
126
126
125
125
125
125
125
126
126
126
126
125
125
125
126
126
125
125
125
126
125
126
126
126
126
125
125
125
126
126
125
125
127
127
127
126
125
124
125
126
125
125
125
125
125
126
126
125
125
125
126
126
126
126
126
125
125
126
126
125
125
125
125
126
126
126
126
125
125
125
125
125
125
125
125
125
126
126
126
125
125
126
126
126
125
125
125
126
126
129
126
125
125
125
124
125
125
125
125
125
125
125
125
126
126
125
125
125
126
126
125
125
125
125
125
125
125
125
125
125
126
126
125
125
125
126
126
125
125
125
125
125
126
126
126
125
126
125
125
126
127
126
125
124
125
125
125
126
126
125
124
125
125
125
125
125
125
126
126
124
122
125
128
128
124
122
124
127
127
124
124
125
126
127
127
124
121
123
128
129
130
114
120
124
128
128
129
126
124
125
126
126
126
126
126
124
124
125
126
126
126
126
125
124
124
125
126
126
125
126
126
127
126
125
125
126
127
127
126
124
124
126
127
127
125
124
125
127
126
127
125
125
125
126
127
126
125
126
126
126
125
126
126
126
125
125
125
125
121
125
125
125
125
127
127
127
127
127
126
125
126
125
125
125
125
126
126
125
125
125
125
125
125
126
126
125
125
125
125
125
126
126
125
126
126
126
125
125
125
125
125
125
125
125
126
125
125
125
125
125
126
125
125
125
125
125
125
125
126
126
125
125
125
125
125
125
126
125
126
126
125
125
125
126
126
125
125
125
125
126
125
125
125
125
125
126
126
125
125
125
125
126
126
126
125
125
126
126
125
126
125
126
126
125
125
126
125
125
124
125
126
126
126
126
126
125
125
125
126
127
127
126
125
125
126
126
125
123
124
128
128
125
124
125
126
125
124
125
126
126
126
126
126
126
125
123
125
126
131
126
125
126
125
123
124
124
125
125
125
125
125
126
125
126
126
126
125
125
124
125
125
126
125
125
125
126
126
124
125
125
125
126
126
126
126
126
125
125
125
125
125
126
125
126
125
125
125
126
126
125
125
125
126
125
125
125
125
126
125
125
125
127
126
125
124
124
125
126
127
126
125
124
124
125
126
126
126
124
125
126
127
126
126
126
125
125
126
126
125
124
124
125
126
126
125
125
126
127
126
125
124
124
125
126
124
124
125
125
127
126
126
126
126
126
126
125
125
125
125
125
125
126
127
126
125
126
126
127
126
125
125
125
126
125
125
124
124
125
126
126
126
127
126
126
126
126
126
125
124
124
125
126
126
124
124
126
127
127
127
126
126
126
126
126
124
124
124
125
125
125
125
125
125
127
128
127
127
126
127
127
126
126
125
124
124
125
126
126
126
126
127
124
128
126
125
125
125
125
126
125
124
125
126
126
126
124
125
126
126
126
125
129
132
127
124
125
123
123
123
124
123
125
127
126
125
124
126
125
124
125
125
127
127
126
135
127
125
125
124
122
123
125
125
125
125
125
125
126
126
126
126
126
126
126
125
125
125
125
124
126
125
126
126
125
125
125
126
127
123
125
124
126
125
126
125
124
125
125
125
125
125
125
125
126
126
125
125
125
125
125
126
126
126
125
125
126
125
125
125
125
126
126
125
126
125
126
126
124
125
125
124
126
125
125
126
126
126
125
126
126
52
125
125
125
125
125
125
125
125
125
125
125
125
125
125
125
125
125
125
125
125
125
125
125
125
125
125
125
125
125
125
125
125
125
125
125
125
125
125
125
125
126
126
125
125
125
125
125
125
125
125
125
125
125
125
125
125
126
125
125
126
125
125
125
126
125
125
125
125
125
125
125
126
125
125
125
125
126
125
125
125
125
126
126
125
125
126
125
125
125
126
125
126
126
126
125
125
126
126
126
126
126
126
125
126
125
126
126
125
125
125
125
126
126
126
126
125
126
125
126
126
126
125
126
125
125
125
125
125
126
126
126
126
125
125
125
126
125
125
125
126
125
125
125
125
125
125
125
125
126
125
125
126
125
126
125
125
126
125
126
126
125
125
125
125
126
126
126
125
125
125
125
125
126
126
126
125
125
125
125
125
125
125
125
125
125
126
125
125
125
125
125
125
125
125
126
125
126
126
126
125
125
125
125
126
126
125
125
125
126
126
126
126
125
125
126
126
126
125
125
125
125
125
125
125
125
125
126
126
126
126
126
126
126
126
125
125
125
125
125
125
125
126
126
126
126
126
126
126
125
126
125
125
125
125
125
125
126
126
126
126
126
126
126
126
125
126
125
125
126
126
125
126
126
125
125
126
125
125
125
125
125
125
125
125
125
125
125
125
126
125
125
125
126
125
125
125
125
125
125
125
125
125
126
126
126
125
125
125
125
126
126
125
125
125
125
125
125
125
125
125
125
125
125
125
125
125
125
125
125
125
125
126
125
125
125
125
125
125
125
125
125
125
125
125
125
125
125
125
125
125
125
125
125
125
