126
126
126
128
127
126
51
126
126
126
126
126
126
126
126
126
126
126
126
125
126
125
125
126
126
126
125
126
126
126
126
125
126
125
126
126
126
126
125
125
125
126
126
125
125
126
126
126
126
126
126
125
126
126
126
126
125
125
126
126
126
126
125
125
126
126
126
126
125
126
126
126
126
126
126
126
125
126
126
126
126
126
126
126
126
126
126
126
126
126
126
126
125
125
126
126
126
125
125
126
126
126
126
126
126
126
126
126
126
125
126
126
125
126
126
126
125
126
126
126
126
125
125
126
126
126
125
126
125
125
126
126
126
126
126
126
126
125
126
125
125
125
126
125
125
125
125
125
125
125
125
125
125
125
125
126
126
126
126
126
125
125
125
125
125
125
125
125
126
126
125
126
126
126
126
126
125
125
125
125
125
125
125
125
125
125
125
125
125
125
125
125
125
125
125
125
125
125
125
125
125
125
125
125
125
125
125
125
125
125
125
125
125
125
125
125
125
125
125
125
125
125
125
125
125
125
125
125
125
125
125
125
125
125
125
125
125
125
125
125
125
125
125
125
125
125
125
125
125
125
125
125
125
125
125
125
125
125
125
125
125
125
125
125
125
125
125
125
125
125
125
125
125
125
125
125
125
125
125
125
125
125
125
125
125
125
125
125
125
125
125
125
125
125
125
125
125
125
125
125
125
125
125
125
125
125
125
125
125
125
125
125
125
125
125
125
125
125
125
125
125
125
125
125
125
125
125
125
125
125
125
125
125
125
125
125
125
125
125
125
125
125
125
125
125
125
125
125
125
125
125
125
125
125
125
125
125
124
125
126
125
126
126
125
126
125
126
125
126
125
125
125
126
125
126
125
125
125
126
126
126
125
125
125
125
126
125
125
125
126
125
126
125
126
125
125
125
125
125
125
125
125
125
125
126
126
126
126
126
125
126
125
125
125
125
125
125
125
126
126
126
126
126
125
125
125
125
125
125
125
125
125
126
125
125
125
125
125
125
125
125
125
125
125
125
125
125
125
125
125
125
125
125
125
125
125
125
125
125
125
125
125
125
125
125
126
125
125
126
125
125
125
125
125
125
125
125
125
125
125
125
125
125
125
125
125
125
125
125
125
125
125
125
125
125
125
125
125
125
125
125
125
125
125
125
125
125
125
125
125
125
126
125
125
125
125
126
126
126
125
125
125
125
125
125
125
125
125
126
127
127
125
125
126
126
125
123
123
124
124
124
130
140
147
145
130
103
80
75
83
102
135
193
237
212
139
69
17
18
123
250
206
73
48
126
141
129
172
152
77
74
162
170
113
113
135
121
104
105
113
124
144
139
142
136
105
99
146
159
103
72
126
162
133
111
129
142
122
99
110
135
139
129
138
153
127
83
95
141
134
102
123
160
148
113
109
126
136
130
119
115
122
136
141
126
111
117
128
126
115
113
126
141
138
120
114
128
140
132
117
116
126
130
122
117
122
129
129
124
123
128
132
130
125
125
129
128
122
120
123
126
126
125
124
126
127
123
122
126
132
131
123
120
122
125
128
129
123
117
118
128
132
126
122
130
141
139
122
108
113
131
138
126
112
108
117
130
135
129
126
127
127
126
125
123
127
135
133
120
114
123
129
124
119
123
129
133
134
124
109
118
145
145
111
96
121
144
130
111
119
135
133
125
121
124
129
132
127
116
118
135
137
119
112
125
131
121
117
127
135
131
122
119
123
128
128
123
122
123
127
127
127
126
128
126
121
119
125
132
131
125
123
124
125
125
126
127
127
125
123
124
125
123
122
127
129
127
126
126
126
125
126
128
126
124
123
126
128
129
126
123
124
127
127
125
124
125
126
126
127
126
125
127
128
126
123
123
126
126
126
125
126
126
127
126
124
125
125
125
126
127
126
126
126
126
126
126
126
125
124
125
126
126
125
125
126
128
127
124
124
125
125
126
126
126
125
124
125
128
128
125
120
121
127
132
129
120
118
127
133
127
123
126
127
123
124
129
129
123
119
121
129
139
134
111
104
130
150
132
109
116
131
133
126
121
120
127
134
128
119
120
125
129
131
127
121
122
128
128
123
123
127
128
126
124
125
128
128
125
124
125
126
126
124
124
125
127
126
124
125
126
127
126
126
125
125
126
126
125
125
126
126
126
126
125
125
125
126
126
125
125
126
127
126
125
126
126
126
125
125
126
126
125
125
125
126
126
125
126
125
125
126
126
125
126
128
126
126
126
125
124
125
125
125
125
125
124
126
126
126
125
125
126
125
125
125
125
125
126
125
127
126
126
126
125
124
124
125
125
125
125
125
125
125
125
125
125
126
126
126
125
124
125
126
126
125
124
125
126
125
125
125
126
125
125
125
125
125
125
125
126
125
125
125
126
125
125
125
125
125
125
126
125
125
125
126
126
124
125
125
125
126
125
124
125
126
126
125
124
125
126
127
126
125
125
126
126
126
125
125
125
125
125
125
125
125
126
125
125
125
125
126
125
125
124
124
125
126
124
124
125
126
127
126
125
124
125
126
127
126
124
123
123
125
126
126
126
125
124
125
126
127
126
124
124
125
125
126
125
125
125
124
125
125
125
126
126
125
125
125
125
125
125
124
125
126
126
125
124
124
125
126
126
125
124
125
125
125
125
125
125
125
125
125
125
125
125
125
126
125
125
125
125
125
125
125
125
125
126
126
125
125
125
126
125
125
125
125
125
125
125
125
125
125
125
125
125
125
125
125
125
125
126
125
125
125
125
125
125
125
125
125
125
125
125
126
125
124
125
125
126
125
125
125
125
125
125
125
125
126
125
125
132
117
123
124
125
125
127
126
126
126
126
126
125
125
125
125
125
125
125
126
126
125
124
114
124
126
126
128
128
127
127
127
127
126
126
126
126
126
126
126
126
125
126
126
125
125
127
124
125
125
126
126
126
125
126
126
125
126
126
126
125
126
126
126
126
126
125
126
121
124
124
126
126
127
127
127
127
127
126
126
126
125
125
126
126
126
124
125
126
126
126
126
125
125
125
126
126
125
125
125
124
125
125
125
125
125
125
125
126
127
126
125
126
126
126
126
125
125
125
125
126
126
125
126
126
126
127
126
126
125
124
124
125
125
125
125
126
126
125
125
126
126
125
125
125
125
126
125
126
125
126
125
125
125
126
126
126
125
125
126
126
126
126
125
125
125
125
125
126
126
126
126
125
126
126
126
126
125
126
126
126
126
125
123
125
125
126
126
126
126
126
125
126
126
125
126
126
126
126
126
126
126
125
125
125
125
125
125
125
126
125
125
125
126
126
125
125
129
129
125
125
125
124
123
124
125
124
124
125
125
126
126
124
124
127
127
125
124
125
125
126
126
126
130
126
126
125
126
124
124
124
125
125
126
125
123
124
123
124
124
125
127
127
128
128
127
126
125
124
123
123
124
126
126
126
126
126
127
126
126
125
125
125
124
124
125
125
125
125
125
125
126
125
125
126
126
126
126
126
125
124
123
125
125
125
124
125
126
127
125
125
126
125
124
126
127
126
124
123
125
129
154
121
113
108
112
121
127
131
131
130
128
126
126
124
122
122
123
125
125
126
126
126
126
126
126
126
125
123
124
126
125
126
126
127
127
124
126
127
126
124
125
125
126
125
125
125
125
125
125
124
124
124
125
126
126
125
126
125
126
126
125
125
125
125
125
124
125
125
125
126
125
125
124
125
126
126
125
126
126
126
126
139
110
98
129
125
127
128
128
129
128
129
127
125
126
125
125
126
126
126
126
126
126
124
67
116
125
130
133
134
134
132
131
130
128
128
129
128
127
127
127
127
126
126
126
127
127
127
125
127
128
126
126
127
127
128
126
125
128
127
126
125
126
50
125
125
125
125
125
125
125
125
125
125
125
125
125
125
125
125
125
125
125
125
125
125
125
125
125
125
125
125
125
125
125
125
125
125
125
125
125
125
125
125
125
125
125
125
125
125
125
125
125
125
125
125
125
125
125
125
125
125
125
125
125
125
125
125
125
125
125
125
125
125
125
125
125
125
125
125
125
125
125
126
125
125
125
125
125
126
125
125
125
125
125
125
125
125
125
125
125
125
125
125
125
125
125
125
125
125
125
125
125
125
125
125
125
125
125
125
125
125
125
125
125
125
125
125
125
125
125
125
125
125
125
125
125
125
125
125
125
125
125
125
125
125
125
125
125
125
125
125
125
125
125
125
125
125
125
126
126
126
126
126
125
126
125
126
125
126
126
126
126
126
126
126
126
126
126
125
126
125
125
126
126
126
126
126
126
126
126
126
126
126
126
126
126
126
126
126
126
126
126
126
126
126
126
126
126
126
125
126
126
126
126
126
126
126
126
126
125
125
126
126
125
126
126
126
126
126
125
126
125
126
125
125
125
126
126
126
126
125
125
125
126
126
126
126
125
125
125
125
125
126
126
125
125
126
126
126
126
126
125
126
125
126
125
125
126
126
126
126
126
126
125
126
126
126
125
125
125
125
126
126
126
125
126
125
126
126
126
126
126
126
126
126
126
126
125
125
126
125
125
126
126
126
126
125
126
125
125
125
125
126
126
126
125
126
125
125
126
126
126
126
126
125
125
126
126
125
126
125
125
126
126
126
126
125
125
126
126
126
125
126
125
125
125
126
126
126
126
125
126
126
126
126
125
125
