124
122
121
123
124
124
33
125
125
125
125
125
125
125
125
125
125
125
125
125
125
125
125
125
125
125
125
125
125
125
125
125
125
125
124
125
125
125
125
125
125
125
125
125
125
125
125
125
125
125
125
125
125
125
125
125
125
125
125
125
125
125
125
125
125
125
125
125
125
125
125
125
125
125
125
125
125
125
125
125
125
125
125
125
125
125
125
125
125
125
125
125
125
125
125
125
125
125
125
125
125
125
125
125
125
125
125
125
125
125
125
125
125
125
125
125
125
125
125
125
125
125
125
125
125
125
125
125
125
125
125
125
125
125
125
125
125
125
125
125
125
125
125
125
125
125
125
125
125
125
125
125
125
125
125
125
125
125
125
125
125
125
125
125
125
125
125
125
125
125
125
125
125
125
125
125
125
125
125
125
125
125
125
125
125
125
125
125
125
125
125
125
125
125
125
125
125
125
125
125
125
125
125
125
125
125
125
125
125
125
125
125
125
125
125
125
125
125
125
125
125
125
125
125
125
125
125
125
125
125
125
125
125
125
125
125
125
125
125
125
125
125
125
125
125
125
125
125
125
125
125
125
125
125
126
126
125
125
125
125
125
125
125
125
125
125
125
125
125
125
125
125
125
125
125
125
125
125
125
125
125
125
125
125
125
125
125
125
125
125
125
125
125
125
125
125
125
125
125
125
125
125
125
125
125
125
125
125
125
125
125
125
125
125
125
125
125
125
125
125
125
125
125
125
125
125
125
125
125
125
125
125
125
125
125
125
125
125
125
125
125
125
125
125
125
125
125
125
125
125
125
125
125
125
125
125
125
125
125
125
125
125
125
125
125
125
125
125
125
125
125
125
125
125
125
125
125
125
125
125
125
125
125
125
125
125
125
125
125
125
125
125
125
125
126
125
125
125
125
125
125
125
125
125
125
125
125
125
125
125
125
125
125
125
125
125
125
125
125
125
125
125
124
125
125
126
125
125
125
125
125
125
125
125
125
125
125
125
125
125
125
125
125
125
125
125
125
125
125
125
125
125
125
125
125
126
125
125
126
126
125
123
123
125
126
126
125
123
123
125
125
124
124
126
129
131
128
122
119
118
119
123
131
134
129
124
120
118
125
137
133
111
111
145
157
119
82
102
146
150
123
111
117
129
130
113
121
151
144
111
102
122
134
133
121
112
117
125
137
147
132
96
113
188
193
57
9
117
255
229
24
10
133
241
169
68
55
110
189
194
114
60
95
145
143
118
120
132
117
104
122
143
137
122
119
128
139
137
114
98
113
135
135
120
116
125
132
133
129
121
117
124
133
131
124
121
119
116
117
126
134
133
126
126
134
135
124
110
108
119
133
134
126
121
122
126
128
128
127
126
127
127
124
122
123
126
127
127
129
127
122
118
119
122
125
128
129
130
130
128
123
120
120
123
125
125
126
127
128
129
127
126
125
124
124
124
125
125
124
125
125
125
125
125
126
125
125
125
125
125
126
126
126
125
124
125
126
127
127
126
125
124
124
125
125
126
126
125
125
125
124
124
123
124
125
126
126
125
126
126
125
126
127
126
125
126
126
125
124
124
125
125
126
126
125
125
125
125
124
124
124
125
126
126
126
126
125
125
125
125
125
125
125
125
125
125
125
126
125
125
125
125
126
126
125
125
125
125
125
125
125
125
126
126
126
126
125
125
125
125
125
125
125
125
125
125
125
125
125
125
125
125
126
126
125
125
125
125
125
125
126
126
126
125
125
125
125
125
125
125
125
124
125
125
125
125
125
125
125
125
125
125
125
126
126
125
125
125
125
125
125
125
125
125
125
125
125
125
125
125
126
126
126
125
125
125
125
125
125
125
125
125
125
125
125
124
125
125
125
125
125
125
125
125
125
125
125
125
125
125
125
125
125
125
125
125
125
125
125
125
125
125
125
125
125
125
125
125
124
125
125
125
125
125
125
125
126
126
126
125
125
125
125
125
125
125
125
125
125
125
125
125
125
125
125
125
125
125
125
125
125
125
126
125
124
125
126
126
126
125
125
125
125
125
125
125
125
125
125
125
125
125
125
125
125
125
125
125
125
126
126
125
125
125
125
125
125
125
125
125
125
125
125
125
125
125
125
125
125
125
125
125
125
125
125
125
125
125
125
125
125
125
125
125
124
125
125
125
125
125
125
125
125
125
125
125
125
125
124
125
125
125
125
124
125
126
126
125
125
125
125
125
125
125
124
125
125
125
125
124
125
125
125
125
125
125
125
125
125
125
125
123
125
125
125
125
125
125
125
125
125
125
125
125
125
125
125
125
125
125
125
125
125
125
125
125
125
125
125
125
126
125
124
123
125
126
125
125
126
125
124
124
126
126
124
124
126
125
124
126
126
125
124
124
125
124
124
126
126
125
124
124
125
126
125
124
125
125
125
125
125
126
126
125
124
124
125
125
125
125
126
126
125
125
125
124
125
125
125
125
125
125
125
125
125
125
125
125
125
125
125
125
125
125
125
125
125
125
125
125
125
125
125
125
125
125
125
125
125
125
125
125
125
125
125
125
125
125
125
125
125
125
125
125
125
125
125
125
125
125
125
125
125
125
125
125
125
125
125
125
125
125
125
125
125
125
125
125
125
125
125
125
125
125
125
125
124
125
125
125
125
125
125
125
125
125
125
125
125
125
125
125
125
125
125
125
125
125
125
125
125
125
125
125
125
125
125
125
125
124
125
125
125
125
125
125
125
125
125
125
125
125
125
125
125
124
125
125
125
125
125
125
125
125
125
125
125
125
125
125
126
125
124
124
125
126
125
125
125
125
125
125
125
125
125
125
125
125
124
125
125
125
123
120
125
126
126
128
127
127
126
126
125
124
124
125
125
125
126
125
125
125
125
125
125
124
125
125
124
125
126
126
126
125
125
125
125
125
125
124
125
125
124
125
125
125
125
125
125
125
125
125
125
125
126
124
124
125
125
125
125
124
125
126
126
126
125
125
126
125
125
125
124
124
124
125
125
125
125
125
125
126
127
126
125
124
124
125
125
125
125
124
125
126
126
126
125
125
125
124
125
126
125
125
125
125
126
126
124
124
124
125
125
126
126
125
124
125
126
126
125
124
124
125
125
125
125
125
125
125
124
125
125
125
124
125
125
126
126
126
127
127
126
125
125
124
124
124
124
124
125
126
126
126
126
126
126
125
125
125
124
125
125
125
125
124
125
125
125
125
125
125
125
125
125
125
125
125
125
125
125
125
125
125
125
125
125
125
125
125
125
125
125
125
125
125
124
126
125
125
125
125
125
125
125
125
126
125
125
125
125
126
126
125
126
125
125
125
125
125
125
125
126
132
126
125
125
124
123
123
124
123
124
125
125
125
125
125
125
125
125
125
125
125
125
126
125
125
126
125
125
125
126
125
125
125
125
125
125
125
125
125
125
126
125
125
126
125
125
126
125
125
125
125
125
125
125
126
125
125
125
125
125
125
125
126
125
125
125
125
125
125
125
125
125
125
125
125
125
125
124
125
125
125
126
125
125
125
125
124
124
124
125
125
125
125
125
125
125
125
125
125
126
125
125
124
125
125
125
125
125
125
125
125
125
125
126
125
126
125
125
125
125
125
125
125
125
125
125
125
125
125
124
125
125
125
125
125
125
125
126
125
125
125
125
125
125
125
125
125
125
125
125
125
125
125
126
125
125
125
125
125
125
125
125
125
125
125
125
124
125
125
125
125
124
124
125
125
125
125
125
125
125
125
125
125
126
125
125
126
124
125
125
124
125
125
125
126
125
125
125
123
124
125
125
125
125
126
127
126
125
126
124
124
125
126
127
124
123
125
126
126
126
125
125
124
125
125
126
126
124
123
123
123
125
124
34
125
125
125
125
125
125
125
125
126
126
125
126
126
126
126
126
126
126
126
125
126
126
126
126
126
126
126
126
125
126
126
126
126
126
126
126
126
126
126
126
125
126
125
126
126
126
126
126
126
126
126
126
126
126
126
125
126
126
126
126
126
125
126
126
126
126
126
126
126
126
125
126
126
125
125
126
126
126
126
125
125
125
126
125
125
125
125
126
125
125
126
125
126
125
125
125
125
126
125
125
125
125
125
125
125
125
125
125
125
125
125
126
125
125
125
125
125
125
125
125
125
125
125
125
125
125
125
125
125
125
126
126
125
126
125
125
125
125
125
126
125
125
126
125
125
126
125
125
125
125
125
126
125
125
125
125
126
126
126
126
125
125
126
125
125
125
125
125
125
125
125
125
125
126
125
126
125
125
125
125
125
125
125
125
125
125
125
125
126
125
126
125
125
126
125
125
125
126
125
125
125
125
125
125
125
126
125
125
125
126
126
126
125
125
125
125
125
125
126
126
125
125
125
125
125
125
125
125
125
125
125
125
125
125
125
125
125
125
125
125
125
125
125
125
125
125
125
125
125
125
125
125
125
125
125
125
125
125
125
125
125
125
125
125
125
125
125
125
125
125
126
125
125
125
125
125
125
125
125
125
125
125
125
125
125
125
125
125
125
125
126
125
125
125
125
125
125
125
126
125
125
126
126
126
126
126
126
126
126
126
126
126
126
125
126
126
126
126
126
126
126
126
126
126
125
125
125
126
125
125
125
125
126
125
126
126
125
125
126
126
126
126
126
126
126
126
125
126
126
126
126
126
126
123
