126
127
127
127
126
127
28
125
125
125
125
125
125
125
125
125
125
125
125
125
125
125
125
125
125
125
125
125
125
125
125
125
125
125
125
125
125
125
125
125
125
125
125
125
125
125
125
125
125
125
125
125
125
125
125
125
125
125
125
125
125
125
125
125
125
125
125
125
125
125
125
125
125
125
125
125
125
125
125
125
125
125
125
125
125
125
125
125
125
125
125
125
125
125
125
125
125
125
124
125
125
125
125
125
126
125
125
126
125
125
125
125
125
125
125
125
125
125
125
125
125
125
125
125
125
125
125
125
125
125
125
125
125
126
125
125
125
125
125
125
125
125
125
125
125
125
125
125
125
125
125
125
125
125
125
125
125
125
125
125
125
125
125
125
125
125
125
125
125
125
125
125
125
125
125
125
125
125
125
125
125
125
125
125
125
125
125
125
125
125
125
125
125
125
125
125
125
125
125
126
125
125
125
125
125
125
125
125
125
126
125
125
125
125
125
125
125
125
125
125
125
125
125
125
125
125
125
125
125
125
125
125
125
125
125
125
125
125
126
126
125
125
126
125
122
126
132
127
112
113
128
132
123
131
147
134
107
106
134
147
122
112
111
142
127
118
101
107
175
154
124
72
153
141
69
147
169
137
69
111
158
127
135
131
104
130
124
128
129
124
125
104
133
141
115
109
133
136
132
138
115
104
121
131
133
125
119
130
135
119
116
125
128
130
125
127
132
123
117
127
128
120
120
126
128
124
126
130
126
120
123
130
128
121
122
127
129
126
122
122
123
124
125
127
127
125
126
128
129
124
122
123
125
124
124
125
126
126
125
125
123
124
126
128
128
126
124
122
124
125
126
126
126
125
125
125
124
123
123
125
126
126
127
126
125
125
125
125
125
124
125
125
125
125
125
125
125
125
126
126
125
125
124
124
125
125
125
125
125
125
125
125
125
125
125
125
125
125
124
124
124
125
125
126
126
125
125
125
125
125
125
125
125
125
125
125
125
125
125
125
125
125
125
125
125
125
125
125
125
125
125
125
125
125
125
125
125
125
125
125
125
125
125
125
125
125
125
125
125
125
125
125
125
125
125
125
125
125
125
125
125
125
125
125
125
125
125
125
125
125
125
125
125
125
125
125
125
125
125
125
125
125
125
125
125
125
125
125
125
125
124
125
125
125
125
125
125
125
125
125
125
125
125
125
125
125
125
125
125
125
125
125
125
125
125
125
125
125
125
125
125
125
125
125
125
125
125
125
125
125
125
125
125
125
125
125
125
124
125
125
125
125
124
125
126
125
125
125
126
126
125
125
125
124
125
126
126
125
124
125
126
125
124
123
125
126
126
125
124
125
125
125
125
125
125
124
124
126
127
125
123
124
125
126
126
125
123
124
126
126
125
124
125
125
125
124
124
125
125
125
125
125
125
124
126
126
126
125
126
125
125
126
126
126
124
124
125
125
125
125
125
124
124
124
125
125
126
125
125
125
125
125
126
126
125
125
125
125
125
125
125
125
125
125
125
125
125
125
125
125
125
125
125
125
124
125
125
125
125
125
125
126
126
125
125
125
125
125
125
125
125
125
125
125
125
125
125
126
125
125
125
125
125
125
125
125
125
125
125
125
125
125
125
125
125
125
125
125
125
125
125
125
125
125
125
125
125
125
125
125
125
125
125
125
125
125
125
125
125
125
125
125
125
125
125
125
125
125
125
125
125
125
125
125
125
125
126
125
125
125
125
125
125
125
125
125
125
125
125
125
125
125
125
125
125
125
125
125
125
125
125
125
125
125
125
125
125
125
125
125
125
125
125
125
125
125
125
125
125
125
125
125
125
125
125
125
125
125
125
125
125
125
125
125
125
125
125
125
125
125
125
125
125
125
125
125
125
125
125
125
125
125
125
125
125
125
125
125
125
125
125
125
125
125
125
125
125
125
125
125
125
125
125
125
125
125
125
125
125
125
125
125
125
125
125
125
125
125
125
125
125
125
125
125
125
125
125
125
125
125
125
125
125
125
125
125
125
125
125
125
125
125
125
125
125
125
125
125
125
125
125
125
125
125
125
125
125
125
125
125
125
125
125
126
125
125
125
125
125
125
125
125
125
125
125
125
125
125
125
125
125
125
125
125
125
125
125
125
125
125
125
125
125
125
125
125
125
125
125
125
125
125
125
125
125
125
125
125
125
125
125
125
125
125
125
125
125
125
125
125
125
125
125
125
125
126
123
125
125
125
126
126
125
126
125
126
125
125
125
125
126
126
125
125
125
126
125
125
125
125
125
126
126
126
126
126
126
125
125
126
125
125
125
125
126
126
126
125
125
126
125
126
125
125
126
126
125
125
126
126
125
125
126
126
125
125
125
125
125
125
125
126
122
125
125
125
126
126
126
126
126
125
125
126
125
125
125
125
125
125
125
126
125
125
125
125
125
125
125
125
125
125
126
125
125
125
125
125
125
125
125
125
125
125
125
125
125
125
125
126
125
125
125
125
126
125
125
125
125
125
125
125
125
125
125
125
125
125
125
125
125
126
125
125
125
125
125
126
125
125
125
125
125
125
125
125
125
125
125
125
125
125
125
125
125
126
125
125
125
125
125
125
125
125
125
125
125
125
125
125
125
125
125
125
125
125
125
125
125
125
125
125
126
125
125
125
125
125
125
125
125
126
125
126
125
125
125
125
125
125
126
125
125
125
126
125
125
125
125
125
129
126
125
125
125
124
124
124
125
125
125
125
125
125
125
125
125
125
125
125
125
125
125
126
125
125
125
125
126
125
125
126
125
125
125
125
125
125
125
125
125
125
125
125
125
125
125
125
125
124
129
116
125
126
126
126
127
126
126
126
126
125
125
125
125
126
126
126
125
125
125
125
126
126
126
126
126
126
126
124
120
114
126
127
127
129
127
127
127
128
127
127
127
127
127
126
126
126
126
126
125
126
126
126
126
126
126
126
126
126
126
126
126
126
126
126
126
120
125
125
125
126
127
127
127
127
126
125
125
126
126
126
126
126
125
126
126
126
125
124
125
126
126
126
124
124
125
126
126
126
125
126
126
126
126
125
125
125
124
125
125
125
125
125
125
125
127
127
127
126
126
126
125
126
125
124
125
125
126
126
126
126
126
126
127
127
125
125
125
125
126
126
125
125
125
125
126
126
126
125
125
126
126
125
125
125
125
126
126
125
125
126
125
126
125
126
126
125
126
126
126
126
126
126
126
126
126
125
126
126
126
126
126
125
125
126
125
126
126
126
126
125
126
126
126
126
125
125
126
126
126
126
125
125
125
126
126
126
126
126
125
125
126
125
125
129
128
125
124
124
123
124
124
125
124
125
125
125
126
126
126
126
125
125
126
126
126
125
126
126
125
126
126
126
126
125
125
125
126
126
126
126
126
133
126
126
125
125
123
123
124
124
124
125
126
125
124
125
125
126
126
125
125
126
126
126
125
125
126
125
125
125
125
126
126
126
125
125
125
126
126
125
125
125
125
126
126
126
124
126
125
125
126
126
125
125
125
125
125
125
125
124
125
126
125
126
126
126
126
127
126
125
124
123
124
127
127
126
122
130
148
90
130
124
126
127
127
126
126
124
124
124
124
124
124
125
125
125
126
127
127
127
126
127
127
127
126
125
124
125
125
126
126
126
126
127
123
70
123
129
129
131
133
131
131
129
129
128
128
128
127
126
127
127
128
127
127
127
127
126
126
126
126
126
126
127
121
117
126
126
126
128
130
129
129
129
129
127
127
127
127
126
126
126
126
127
126
126
125
126
127
126
125
126
125
125
126
125
125
125
125
125
126
125
125
125
125
125
127
126
126
125
125
125
125
126
126
126
126
125
125
126
125
126
126
125
27
126
125
126
126
125
126
126
126
126
126
126
125
125
126
126
125
125
126
125
125
126
125
125
126
126
125
125
125
125
125
125
125
125
125
125
125
125
125
126
126
125
125
125
125
125
125
125
126
125
126
125
125
125
125
125
126
125
125
125
125
125
125
125
125
126
125
125
125
125
125
125
125
125
125
125
125
125
125
125
125
125
125
125
126
125
125
125
125
125
125
126
126
126
125
125
126
125
125
125
125
125
125
125
126
125
125
125
125
125
125
125
125
125
125
125
125
125
125
125
125
125
125
125
125
125
125
125
125
125
125
125
125
125
125
125
125
125
125
125
125
125
125
125
125
125
125
125
125
125
125
125
125
125
125
125
125
125
125
125
125
125
125
126
125
125
125
125
125
126
126
125
125
125
125
125
125
125
125
125
125
125
125
125
125
125
125
125
125
125
125
125
125
125
125
125
125
125
125
125
125
125
125
125
125
125
125
125
125
125
125
125
125
125
125
125
125
125
125
125
125
125
125
125
125
125
125
125
125
125
125
125
126
126
126
125
125
126
125
123
125
132
129
112
111
125
133
125
133
149
134
104
104
137
150
120
109
114
148
121
119
102
110
167
155
130
72
156
132
71
146
171
140
67
112
156
128
139
128
106
131
120
133
130
123
120
107
138
138
112
112
136
133
133
140
114
104
122
132
134
125
117
132
136
118
115
126
129
130
124
126
133
122
118
127
128
120
121
128
128
124
126
130
126
120
124
131
127
122
123
127
129
127
122
122
124
125
126
127
126
124
126
129
129
124
122
123
126
125
125
126
126
126
126
128
