126
126
126
126
125
125
54
125
125
126
125
125
125
125
125
125
125
125
125
125
125
125
125
125
125
125
125
125
125
125
125
125
125
125
125
125
125
125
125
125
125
125
125
125
125
125
125
125
125
125
125
125
125
125
125
125
125
125
125
125
125
125
125
125
125
125
125
125
125
125
125
125
125
125
125
125
125
125
125
125
125
125
125
126
126
125
125
125
125
125
125
126
125
125
125
125
125
125
125
125
125
125
125
125
125
125
125
125
125
125
126
126
125
125
125
125
125
125
125
125
125
125
125
126
125
125
125
125
125
125
125
125
125
125
125
125
125
125
125
125
125
125
125
125
125
125
125
125
125
125
125
125
125
125
125
125
125
125
125
125
125
125
125
125
125
125
125
125
125
125
125
125
125
125
125
125
125
125
125
125
125
125
125
125
125
125
125
125
125
125
125
125
125
125
125
125
125
125
125
125
125
125
125
125
125
125
125
125
125
125
125
125
125
125
125
125
125
125
125
125
125
125
125
125
125
125
125
125
125
125
125
125
125
126
125
125
125
125
125
125
125
125
125
125
125
125
125
125
125
125
125
125
125
125
125
125
125
126
125
125
125
125
125
125
125
125
125
125
125
125
125
125
125
125
125
125
125
125
125
125
125
125
125
125
125
125
125
125
125
125
125
125
125
125
125
125
125
125
125
125
125
125
125
125
125
126
125
125
126
125
125
125
125
125
125
125
125
125
125
125
125
125
125
125
125
125
125
125
125
125
125
125
125
125
125
125
125
125
125
125
125
125
125
125
125
125
125
125
125
125
125
125
125
125
125
125
126
125
125
125
125
125
125
125
125
125
125
125
125
125
125
125
125
125
125
125
126
126
126
125
125
125
125
125
125
125
125
125
125
125
125
125
125
125
125
126
126
125
125
125
125
125
125
125
125
125
125
126
125
125
125
125
125
125
125
124
125
125
125
125
126
126
125
126
126
125
125
125
125
125
125
125
125
125
125
125
125
125
125
125
125
126
126
126
125
125
125
125
125
125
125
125
125
125
125
125
125
125
125
125
125
125
126
125
125
125
125
125
125
125
125
125
125
125
125
125
125
125
125
125
125
125
125
125
126
125
125
125
125
125
125
125
125
125
125
125
125
126
125
125
125
125
126
125
126
125
125
125
126
126
125
125
126
126
125
124
125
126
125
125
125
124
123
125
126
126
125
125
127
130
130
123
117
122
130
130
130
124
111
116
141
146
120
97
102
126
153
162
140
104
95
132
168
138
55
53
151
193
133
126
156
111
89
159
147
26
57
184
223
169
120
69
62
150
208
144
59
66
137
190
162
72
40
126
208
158
70
79
145
176
154
109
81
107
155
154
114
103
129
140
125
108
109
130
151
146
119
106
114
123
122
127
141
143
125
111
116
128
129
117
110
120
138
145
133
117
116
125
129
123
122
131
140
133
116
109
119
135
138
127
116
120
129
130
123
119
124
132
134
130
125
122
122
125
127
125
122
123
127
128
127
125
125
127
127
125
124
124
127
130
129
125
122
125
129
129
124
122
125
128
126
125
124
126
128
129
127
123
123
126
128
128
126
124
124
124
124
123
125
127
129
127
126
126
127
127
127
125
124
125
125
125
125
125
126
127
128
127
125
125
125
125
125
126
126
126
125
125
126
126
125
124
126
128
128
127
125
125
125
126
126
125
124
125
125
125
126
126
127
126
125
124
125
126
126
125
126
126
126
126
125
125
125
125
126
126
127
127
126
124
123
125
126
126
126
125
125
126
127
127
126
126
125
125
125
126
126
126
126
125
125
126
126
125
126
125
125
125
125
126
126
126
126
126
126
126
126
125
125
126
126
126
126
126
126
125
125
125
125
125
125
125
125
125
126
126
126
126
126
126
126
127
126
126
126
125
125
125
125
125
125
125
125
126
126
126
126
125
125
126
127
127
127
126
125
125
125
126
125
125
125
125
125
126
126
126
126
125
124
125
125
125
124
125
125
125
125
126
126
127
127
126
126
126
126
126
126
124
125
125
126
125
125
125
125
126
126
125
125
126
127
126
125
125
126
126
125
125
125
125
125
125
125
126
126
125
125
125
124
125
125
125
125
126
126
126
126
126
126
126
126
125
125
126
126
126
125
125
125
125
125
125
125
126
125
125
125
125
125
125
125
125
125
125
125
125
126
126
126
125
125
126
126
126
126
125
125
125
126
126
126
126
125
125
125
125
125
125
125
125
125
125
125
125
125
125
126
126
125
125
125
125
126
126
126
126
126
126
125
125
126
125
125
125
125
126
125
125
125
126
125
125
125
125
126
125
125
125
125
126
125
125
125
125
125
126
126
126
125
125
125
125
125
125
126
125
125
125
125
125
125
125
125
125
125
125
125
125
126
125
125
125
125
126
125
125
126
126
126
125
125
125
125
125
125
125
125
125
125
125
125
125
125
125
125
125
125
125
125
125
125
125
125
125
125
126
126
126
125
125
125
125
125
125
126
125
125
125
125
126
126
125
126
125
125
125
125
125
125
125
125
125
125
125
125
125
125
126
126
126
126
126
126
126
125
125
125
125
125
125
125
126
126
126
125
126
126
125
127
127
126
125
125
124
124
124
125
125
125
126
126
126
126
125
125
125
125
125
125
126
125
126
126
126
125
125
125
125
125
125
125
125
125
125
126
126
126
122
124
126
125
126
127
126
126
126
126
125
125
125
126
125
126
125
125
125
125
125
125
125
125
125
125
125
125
125
125
125
125
126
125
125
125
125
125
125
125
125
125
125
125
125
125
125
125
125
125
125
125
126
125
126
126
125
125
125
126
125
125
125
125
125
125
125
125
125
125
126
125
125
125
125
125
125
125
125
125
125
125
125
125
125
125
125
125
125
125
125
126
125
126
125
125
125
125
126
126
125
125
125
125
125
125
126
125
126
126
126
125
125
125
125
125
125
125
125
125
125
125
125
125
125
125
126
125
125
125
125
126
125
125
125
125
125
125
125
125
126
125
125
126
126
126
126
125
125
124
125
125
126
126
125
124
125
126
126
126
126
126
125
126
126
125
125
125
125
124
125
125
125
125
125
126
126
126
126
126
126
126
126
125
125
125
124
125
125
126
125
126
126
126
126
126
125
125
125
125
125
125
125
125
125
125
126
126
125
125
125
126
126
125
125
125
125
125
125
125
129
128
126
125
125
124
123
124
124
125
125
125
125
126
125
126
126
126
125
125
126
126
125
125
126
126
126
126
125
126
126
125
125
125
126
126
126
121
122
124
126
126
127
127
127
127
127
126
126
126
126
125
125
125
125
125
125
125
124
125
126
125
126
126
125
125
125
126
126
125
125
126
125
125
125
125
126
125
125
125
125
125
125
125
126
126
125
125
125
125
126
125
126
126
126
126
126
125
125
125
125
126
126
125
125
125
125
125
126
126
126
125
125
125
125
126
126
125
125
125
125
125
125
126
125
126
126
126
126
125
125
126
125
125
126
125
125
126
125
125
125
124
126
125
125
126
125
125
124
125
125
125
125
124
125
126
126
125
126
126
126
126
125
124
125
125
125
125
126
126
125
126
126
127
126
126
125
125
125
125
126
125
123
123
124
124
125
124
124
125
126
127
126
127
127
127
126
126
125
125
124
124
124
125
125
126
126
125
126
126
126
126
125
125
125
125
126
123
124
125
125
125
126
125
124
124
126
125
126
126
126
126
126
125
124
125
125
124
125
125
125
125
125
126
126
125
126
126
126
125
126
125
125
125
126
126
125
128
133
127
124
125
124
121
123
124
124
124
126
125
125
125
125
125
125
125
125
126
125
126
127
126
125
125
125
126
125
125
126
125
125
125
124
126
126
125
126
125
125
53
125
125
125
125
125
126
125
125
125
125
125
125
125
125
125
125
125
125
125
125
125
126
125
125
125
125
125
125
125
125
125
125
125
125
125
125
125
125
125
125
125
125
125
125
125
125
125
125
125
125
125
125
125
125
125
125
125
125
125
125
125
125
125
125
125
125
125
125
125
125
125
125
125
125
125
125
125
125
125
125
125
125
125
125
125
125
125
125
125
125
125
125
125
125
125
125
125
125
125
125
125
125
125
125
125
125
125
125
125
125
125
125
125
125
125
125
125
125
125
125
125
125
125
125
125
125
125
125
125
125
125
125
125
125
125
125
125
125
125
125
125
125
125
125
125
125
125
125
125
125
125
125
125
125
125
125
125
125
125
125
125
125
125
125
125
125
125
125
125
125
125
125
125
125
125
125
125
125
125
125
125
125
125
125
125
125
125
125
125
125
125
125
125
125
125
125
125
125
125
125
125
125
125
125
125
125
125
125
125
125
125
125
125
125
125
125
125
125
125
125
125
125
125
125
125
125
125
125
125
125
125
125
125
125
125
125
125
125
125
125
125
125
125
125
125
125
125
125
125
125
125
125
125
125
125
125
125
125
125
125
125
125
125
125
125
125
125
125
125
125
125
126
125
125
125
125
125
125
125
125
125
125
125
125
125
125
125
125
125
125
125
125
125
125
125
125
125
125
125
125
125
125
125
125
125
125
125
125
125
125
125
125
125
126
126
125
125
125
125
125
125
125
125
125
125
125
125
125
125
125
125
125
125
125
125
125
125
125
125
125
125
125
125
125
125
125
125
125
125
125
125
125
125
126
