126
124
124
125
125
125
52
125
125
125
125
125
125
125
125
125
125
125
125
125
125
125
125
125
125
125
125
125
125
125
125
125
125
125
125
125
125
125
125
125
125
125
125
125
125
125
125
125
125
125
125
125
125
125
125
125
125
125
125
125
125
125
125
125
125
125
125
125
125
125
125
125
125
125
125
125
125
125
125
125
125
125
125
125
125
125
125
125
125
125
125
125
125
125
125
125
125
125
125
125
125
125
125
125
125
125
125
125
125
125
125
125
125
125
125
125
125
125
125
125
125
125
125
125
125
125
125
125
125
125
125
125
125
125
125
125
125
125
125
125
125
125
125
125
125
125
125
125
125
125
125
125
125
125
125
125
125
125
125
125
125
125
125
125
125
125
125
125
125
125
125
125
125
125
125
125
125
125
125
125
125
125
125
125
125
125
125
125
125
125
125
125
125
125
125
125
125
125
125
125
125
125
125
125
125
125
125
125
125
125
125
125
125
125
125
125
125
125
125
125
125
125
125
125
125
125
125
125
125
125
125
125
125
125
125
125
125
125
125
125
125
125
125
125
125
125
125
125
125
125
125
125
125
125
125
125
125
125
125
125
125
125
125
125
125
125
125
125
125
125
125
125
125
125
125
125
125
126
125
125
125
125
125
125
125
125
125
125
125
125
125
125
125
125
125
125
125
125
125
125
125
125
125
125
125
125
125
125
125
125
125
125
125
125
125
125
125
125
125
125
125
125
125
125
125
125
125
125
125
125
125
125
125
125
125
125
125
125
125
125
125
125
125
125
125
125
125
125
124
125
125
125
125
125
125
125
125
125
125
125
125
125
125
125
125
125
125
125
125
125
125
125
125
125
125
125
125
125
125
125
125
125
125
125
125
126
126
125
125
125
125
125
125
124
124
125
125
125
125
125
125
125
125
125
125
125
125
125
125
125
125
125
125
125
125
125
125
125
125
125
126
125
125
125
124
125
125
125
125
125
125
125
125
125
125
125
125
125
125
125
125
125
125
125
125
125
125
125
125
125
125
125
125
125
125
125
125
125
125
125
125
125
125
125
125
125
125
125
125
125
125
125
125
125
125
125
125
125
125
125
125
125
125
125
125
125
125
125
125
125
125
125
125
125
125
125
125
125
125
125
125
125
125
125
125
125
125
125
125
125
125
125
124
125
125
125
125
125
124
125
126
126
125
125
125
126
126
124
123
125
127
127
125
125
125
125
126
126
122
121
123
124
121
119
123
129
134
133
126
123
129
138
126
104
99
120
136
136
136
130
121
138
167
146
79
63
105
130
133
145
159
140
106
115
139
123
108
138
152
109
77
99
141
167
159
119
98
126
152
126
91
102
132
142
138
137
132
125
125
116
103
109
131
142
134
125
128
134
130
117
107
110
126
140
137
129
129
127
123
120
118
116
120
130
137
135
129
125
125
125
122
119
118
119
125
133
137
130
120
115
117
124
132
137
132
120
116
122
128
131
133
129
115
108
117
131
137
137
133
126
121
120
119
119
122
124
125
128
131
129
123
123
129
130
123
117
121
132
135
126
116
116
125
133
132
125
120
121
123
124
124
126
131
133
131
126
122
123
125
124
123
125
127
124
120
122
127
129
126
124
124
126
128
128
126
123
123
126
127
126
124
125
126
125
126
127
126
125
125
124
121
121
125
128
129
128
127
126
126
127
126
124
123
124
124
123
123
125
126
127
128
127
126
125
125
126
125
124
124
125
125
126
126
126
126
126
127
127
124
124
126
126
125
124
122
122
124
126
127
126
126
126
126
126
126
126
126
124
123
122
123
125
126
126
125
125
126
126
126
125
125
125
125
125
125
125
125
126
126
126
125
126
126
127
126
125
124
124
124
124
123
124
126
127
127
125
123
125
128
128
124
122
123
127
128
126
123
122
124
126
127
126
124
124
125
127
127
125
124
124
125
127
125
124
124
126
126
125
124
125
127
127
126
125
125
125
125
124
124
124
124
124
124
125
126
125
125
125
125
126
126
127
126
125
125
125
126
125
125
124
125
126
127
125
124
124
126
126
126
125
124
125
126
125
124
124
125
126
125
124
124
125
127
126
125
124
125
125
125
124
125
125
126
126
125
124
125
125
125
125
125
125
125
125
125
126
125
125
125
125
125
125
124
124
125
126
125
125
125
126
126
125
125
125
125
125
125
126
126
125
125
126
126
125
125
125
125
125
125
125
125
125
124
124
125
125
125
125
125
125
125
126
126
125
125
126
125
125
125
125
125
125
124
125
126
126
126
124
125
126
126
125
124
125
126
125
124
124
125
127
126
125
125
125
126
126
125
126
125
124
124
124
125
126
124
124
125
125
126
125
125
125
125
125
124
125
125
125
125
125
125
126
126
125
125
125
125
125
125
125
124
124
125
125
125
125
126
126
125
125
125
126
126
125
125
125
125
125
125
125
125
125
125
125
125
125
125
125
125
125
125
125
125
125
125
125
125
125
125
126
126
126
125
125
125
125
125
125
124
124
124
124
124
125
125
125
125
126
126
126
126
126
125
125
125
125
125
125
125
125
125
125
125
125
125
125
125
125
125
125
125
125
125
125
125
125
125
125
125
125
125
125
125
125
125
125
125
125
125
125
125
125
125
125
125
125
125
125
125
125
125
125
125
125
125
125
125
125
126
125
128
123
119
126
124
125
125
126
126
126
126
125
125
127
126
126
125
125
125
125
126
126
125
124
125
127
122
125
126
126
126
128
127
126
126
126
124
125
125
126
126
124
125
126
126
126
126
126
126
126
126
126
125
125
125
125
126
125
126
126
126
126
126
126
126
125
125
125
122
123
124
125
125
127
127
126
126
126
126
126
125
125
126
125
125
126
125
125
125
125
125
125
125
125
125
125
125
125
125
125
126
125
126
126
125
126
126
125
125
125
125
125
125
125
125
125
125
126
126
126
126
126
126
125
125
125
125
124
125
124
125
125
126
126
126
126
126
125
126
127
126
125
125
125
126
126
125
126
125
126
126
126
126
127
126
126
125
125
124
124
123
123
124
124
124
125
125
126
127
127
127
128
127
127
126
126
125
125
125
125
125
125
125
126
126
126
126
126
125
125
125
125
125
125
125
124
125
125
125
126
126
125
126
126
126
126
125
125
125
125
125
126
125
125
125
125
125
126
131
126
125
125
125
124
125
125
125
126
126
126
125
125
125
125
124
124
125
126
126
126
126
126
127
127
125
125
128
128
124
126
126
123
121
124
126
126
125
125
124
124
126
125
125
125
124
124
125
125
125
124
124
125
126
127
127
126
127
127
126
126
125
124
123
123
124
125
125
126
126
126
127
126
125
125
124
125
125
125
126
125
125
125
125
125
125
125
126
126
126
125
125
124
125
125
125
126
125
125
125
124
125
125
125
126
125
125
126
125
126
126
125
126
126
125
126
125
125
125
125
126
125
125
125
125
125
125
125
125
126
126
126
126
126
126
125
124
124
125
125
125
124
125
126
125
126
126
125
125
125
126
127
125
124
124
125
126
125
124
125
124
125
127
127
127
125
125
125
125
124
123
122
122
122
122
123
124
125
126
126
128
129
129
128
127
126
126
126
125
125
124
124
124
125
125
127
126
126
126
126
125
125
125
124
124
124
124
124
125
124
125
126
125
126
126
125
125
125
125
125
125
126
126
125
124
125
125
125
125
124
125
125
125
125
124
125
125
126
126
126
126
126
126
125
125
123
122
123
125
126
125
125
127
128
128
127
125
124
124
123
125
127
126
123
122
126
128
127
126
125
125
125
126
125
125
123
122
122
124
125
125
123
124
126
126
129
129
128
127
126
125
126
124
122
122
123
125
126
125
126
126
126
127
126
125
124
123
53
126
126
126
126
126
126
126
126
126
126
126
126
126
126
126
126
126
126
126
126
126
126
126
126
126
126
126
126
126
126
126
126
126
125
126
125
125
125
125
126
126
125
126
126
126
125
125
125
125
125
126
125
125
125
125
126
125
125
125
126
125
126
126
125
125
125
126
125
126
126
126
125
125
125
126
126
125
125
125
126
125
125
126
125
125
125
126
126
125
126
125
125
126
126
125
126
126
125
126
126
126
126
126
126
126
125
125
125
125
126
125
125
126
126
126
125
126
125
125
125
125
125
125
126
126
126
125
126
125
125
125
125
125
125
125
125
126
125
125
125
126
125
125
125
125
125
125
125
125
125
126
126
125
125
125
125
125
125
125
126
125
125
125
126
126
126
126
126
125
125
125
125
126
126
125
125
125
126
126
125
126
126
126
125
125
125
125
125
125
125
125
125
125
125
125
125
125
125
125
125
125
125
125
125
125
125
125
125
125
125
125
125
125
125
125
126
126
125
125
125
125
125
125
125
125
125
125
125
125
125
125
125
126
125
125
125
125
125
125
125
125
125
125
125
125
125
125
125
125
125
125
125
125
125
125
125
125
125
125
125
125
125
125
125
125
125
125
125
125
125
125
125
125
125
125
125
125
125
125
125
125
125
125
125
125
125
125
125
125
125
125
125
125
125
125
125
125
125
125
125
125
125
125
125
125
125
125
125
125
125
125
125
125
125
125
125
125
125
125
125
125
125
125
125
125
125
125
125
125
125
125
125
124
125
125
125
125
126
125
125
125
125
125
126
125
125
125
126
126
125
125
125
125
125
