124
124
124
126
126
126
41
125
125
125
125
125
125
125
125
125
125
125
125
125
125
125
125
125
125
125
125
125
125
125
125
125
125
125
125
125
125
125
125
125
125
125
125
125
125
125
125
125
125
125
125
125
125
125
125
125
125
125
125
125
125
125
125
125
125
125
125
125
125
125
125
125
125
125
125
125
125
125
125
125
125
125
125
125
125
125
125
125
125
125
125
125
125
125
125
125
125
125
125
125
125
125
125
125
125
125
125
125
125
125
125
125
125
125
125
125
125
125
125
125
125
125
125
125
125
125
125
125
125
125
125
125
125
125
125
125
125
125
125
125
125
125
125
125
125
125
125
125
125
125
125
125
125
125
125
125
125
125
125
125
125
125
125
125
125
125
125
125
125
125
125
125
125
125
125
125
125
125
125
125
125
125
125
125
125
125
125
125
125
125
125
125
125
125
125
125
125
125
125
125
125
125
125
125
125
125
125
125
125
125
125
125
125
125
125
125
125
125
125
125
125
125
125
125
125
125
125
125
125
125
125
125
125
125
125
125
125
125
125
125
125
125
125
125
125
125
125
125
125
125
125
125
125
125
125
125
125
125
125
125
125
125
125
125
125
125
125
125
125
125
125
125
125
125
125
125
125
125
125
125
125
125
125
125
125
125
125
125
125
125
125
125
125
125
125
125
125
125
125
125
125
125
125
125
125
125
125
125
125
125
125
125
125
125
125
125
125
125
125
125
125
125
125
125
125
125
125
125
125
125
125
125
125
125
125
125
125
125
125
125
125
125
125
125
125
125
125
125
125
125
125
125
125
125
125
125
125
125
125
125
125
125
125
125
125
125
125
125
125
125
125
125
125
125
125
125
125
125
125
125
125
125
125
125
125
125
125
125
125
125
125
125
125
125
125
125
125
125
125
125
125
125
125
125
125
125
125
125
125
125
125
125
125
125
125
125
125
125
125
125
125
125
125
125
125
125
125
125
125
125
125
125
125
125
125
125
125
125
125
125
125
125
125
125
125
125
125
125
125
125
125
126
125
125
125
125
125
125
125
125
125
125
125
125
125
125
125
125
125
125
125
125
125
125
125
125
125
125
125
125
125
125
125
125
125
125
125
125
125
125
125
125
125
125
125
125
125
125
125
125
125
125
125
125
125
125
125
125
125
125
125
125
125
125
125
125
125
125
125
125
125
125
125
125
125
125
125
125
125
125
125
125
125
125
125
125
125
125
125
125
125
125
125
125
125
125
125
125
125
125
125
125
125
125
125
125
125
125
125
125
125
125
125
125
125
125
125
125
125
126
127
126
124
123
122
122
123
124
126
129
131
131
127
121
118
119
119
117
120
130
134
135
137
139
132
116
106
113
126
131
127
126
129
121
114
132
142
102
77
143
195
136
83
126
136
90
109
167
177
94
30
128
255
175
60
6
255
255
70
9
129
114
97
229
198
3
32
189
200
98
104
139
109
129
163
92
61
164
194
91
48
120
173
153
114
102
125
143
126
110
124
140
125
104
111
130
132
124
126
133
133
125
121
119
120
124
129
130
129
130
125
116
113
125
136
132
124
128
134
128
119
116
121
128
134
132
123
115
120
132
136
128
119
119
126
133
130
123
119
122
125
124
124
125
127
127
125
127
131
133
132
129
124
119
118
121
125
126
125
124
125
127
130
128
126
126
126
123
122
125
127
128
128
127
126
125
123
123
123
125
127
127
125
123
125
126
126
125
125
125
126
126
126
126
126
126
126
124
122
123
125
125
126
127
128
128
126
125
125
125
125
126
126
125
124
123
123
125
126
127
127
127
126
126
126
126
126
125
123
123
124
126
126
125
125
125
125
125
126
126
126
126
126
125
125
125
125
125
126
127
126
126
125
124
124
126
126
126
126
126
126
125
125
126
125
125
125
125
125
125
125
125
125
125
125
125
125
126
126
126
126
125
125
125
125
125
124
124
125
125
126
125
125
126
127
127
126
125
125
125
125
125
125
125
125
126
126
125
124
127
127
126
125
125
125
125
125
125
125
124
124
126
127
126
124
124
125
126
126
125
125
128
128
125
122
123
124
125
125
125
126
125
124
124
126
127
127
128
127
124
122
124
126
126
125
124
124
124
126
127
125
124
125
125
125
125
126
127
125
123
123
126
127
125
124
124
125
126
126
126
127
127
126
124
125
126
125
125
125
124
124
125
126
126
125
124
124
125
125
125
125
126
125
125
125
125
125
125
125
125
126
126
125
125
125
125
125
125
125
125
125
124
125
125
125
125
125
125
125
125
125
125
125
125
125
125
125
126
126
126
125
126
126
125
125
125
125
125
125
125
125
125
125
125
125
125
124
124
124
125
125
125
125
125
125
125
126
125
125
125
125
125
125
125
125
125
125
125
126
126
125
125
125
125
125
125
125
125
125
125
125
125
125
126
126
125
125
125
125
125
125
125
125
125
125
125
125
125
124
124
125
125
125
125
125
125
125
125
125
125
125
125
125
125
125
125
125
125
125
125
125
125
125
125
125
126
125
125
125
125
125
126
125
125
125
125
125
125
125
125
125
125
125
125
125
125
125
125
125
125
124
125
125
126
125
125
126
126
126
126
125
125
125
125
125
126
125
124
124
126
126
126
125
124
124
124
125
125
124
124
124
124
125
125
125
125
125
125
126
126
126
126
126
126
126
125
125
124
124
125
125
125
125
125
125
125
126
126
125
125
124
124
125
125
124
125
125
125
125
126
125
125
125
125
126
125
125
125
125
125
125
125
125
125
125
125
125
125
125
125
125
125
125
125
125
125
126
125
125
125
125
125
125
125
125
125
125
125
125
125
125
125
125
126
125
125
125
125
129
122
115
125
125
126
127
128
127
126
126
126
125
125
125
125
125
125
125
125
125
125
125
125
126
126
125
126
126
125
126
126
125
125
126
126
125
125
126
126
126
126
125
126
126
126
126
126
126
126
126
126
126
125
126
126
126
125
125
125
125
125
125
125
125
125
125
122
122
125
126
125
126
126
126
126
126
127
126
126
126
125
125
125
125
126
126
125
125
125
126
126
125
125
125
125
125
125
125
126
125
125
125
125
126
125
125
125
125
125
125
125
126
126
125
125
125
125
126
125
124
123
125
127
126
125
125
126
127
128
126
125
124
123
124
126
126
124
123
125
127
128
127
125
124
124
125
126
125
125
124
124
124
125
125
125
125
124
125
127
128
127
127
127
127
126
125
124
123
123
124
125
125
126
126
126
127
126
127
126
124
124
124
124
125
125
125
125
125
126
126
125
125
125
125
125
125
125
125
125
125
126
126
125
124
124
125
126
126
126
125
125
126
125
125
124
131
127
126
125
124
124
125
125
124
124
125
125
125
123
123
125
127
127
126
125
126
127
127
126
125
125
126
125
125
125
124
125
124
124
125
125
125
125
125
126
126
125
125
125
125
125
124
123
124
126
126
125
123
125
126
126
126
125
125
126
125
125
125
125
125
125
125
125
125
126
126
126
126
126
126
126
126
125
125
125
125
125
125
126
126
125
125
125
125
125
125
125
125
124
124
125
125
125
125
125
126
125
125
125
125
126
125
125
126
125
125
125
125
126
126
125
125
125
125
126
125
125
125
125
124
125
125
125
125
125
125
126
125
125
123
124
126
126
125
126
127
128
129
126
125
124
124
123
125
126
125
122
123
127
128
127
125
124
123
123
125
125
123
122
122
122
123
126
122
126
124
126
127
127
128
128
128
129
128
126
125
125
122
121
122
125
124
126
127
127
128
128
126
125
123
122
123
124
124
124
124
126
127
126
126
125
125
125
125
124
124
124
124
125
124
124
125
124
124
126
127
126
126
126
127
125
126
124
125
125
126
125
40
125
125
125
125
125
125
125
125
125
125
125
126
125
125
125
125
126
125
125
125
125
125
125
125
125
126
125
125
125
125
125
125
126
125
125
125
125
125
125
125
125
125
125
125
125
125
125
125
125
125
125
125
125
125
125
125
125
125
125
125
125
125
125
125
125
125
125
125
125
125
125
125
125
125
125
125
125
125
125
125
125
125
125
125
125
125
125
125
125
126
125
125
125
125
125
125
125
125
125
125
125
125
125
125
125
125
125
125
125
125
125
125
126
125
125
125
125
125
125
125
125
125
125
125
125
125
125
125
125
125
125
125
125
125
125
125
125
125
125
125
125
125
125
125
125
125
125
125
125
125
125
125
125
125
125
125
125
125
125
125
125
125
125
125
125
125
125
125
125
125
125
125
125
125
125
125
125
125
125
125
125
125
125
125
125
126
125
125
125
125
125
125
125
125
125
125
125
125
125
125
125
125
125
125
125
125
125
125
125
125
125
125
125
125
125
125
125
125
125
125
125
125
125
125
125
125
125
125
125
125
125
125
125
125
125
125
125
125
125
125
125
125
125
125
125
125
125
125
125
125
125
125
125
125
125
125
125
125
125
125
125
125
125
125
125
125
125
125
125
125
125
125
125
125
125
125
125
125
125
125
125
125
125
125
125
125
125
125
125
125
125
125
125
125
125
125
125
125
125
125
125
125
125
125
125
125
125
125
125
125
125
125
125
125
125
125
125
125
125
125
125
125
125
125
125
125
125
125
125
125
125
125
125
125
125
125
125
125
125
125
125
125
125
125
125
126
125
125
126
125
125
125
125
125
