126
126
125
126
126
125
43
125
125
125
125
125
125
125
125
125
125
125
125
125
125
125
125
125
125
125
125
125
125
125
125
126
126
125
125
126
126
125
125
125
125
125
126
125
125
125
126
126
125
125
125
125
125
125
125
125
125
125
125
125
125
125
125
125
125
125
125
125
125
125
125
125
125
125
125
125
125
125
125
125
125
125
125
125
125
125
125
125
125
125
125
125
125
125
125
125
125
125
125
125
125
125
125
125
125
125
125
125
125
125
125
125
125
125
125
125
125
125
125
125
125
125
125
125
125
125
125
125
125
125
125
125
125
125
125
125
125
125
125
125
125
125
125
125
125
125
125
125
125
125
125
125
125
125
125
125
125
125
125
125
125
125
125
125
125
125
125
125
125
125
126
125
125
126
125
125
125
125
125
125
125
126
126
126
126
126
126
126
126
125
125
124
125
125
126
126
126
126
126
126
126
126
126
126
125
125
126
126
126
125
125
126
126
126
125
125
126
126
126
126
125
126
126
126
125
126
126
125
126
126
126
126
126
126
125
125
125
125
125
126
126
126
126
126
125
125
126
126
125
125
125
124
124
125
126
127
128
136
148
134
108
84
72
103
218
255
89
34
91
209
184
145
120
94
124
156
76
43
155
218
124
63
114
172
172
121
79
81
136
207
176
39
3
147
255
184
41
33
125
197
178
120
93
106
125
133
124
109
108
124
139
136
127
122
118
121
135
141
131
117
110
110
121
134
135
124
114
118
134
142
131
115
115
126
133
130
124
122
125
127
126
124
124
124
125
128
131
128
122
121
126
131
128
122
120
124
129
130
127
123
121
123
128
129
127
124
124
126
127
127
126
124
125
126
127
128
127
126
124
124
124
125
126
126
127
128
126
124
123
124
125
126
128
127
126
125
124
125
126
127
126
125
124
125
126
126
126
126
125
125
126
126
126
126
126
126
125
124
125
125
125
125
125
126
126
126
125
125
125
125
125
126
126
125
125
125
126
126
126
125
125
125
125
126
125
125
125
125
125
125
125
125
125
125
125
125
125
125
125
125
125
125
126
125
125
125
125
125
125
125
125
126
125
126
125
125
126
126
125
125
125
125
125
125
125
125
126
124
125
125
125
126
126
126
126
125
125
125
125
125
125
125
126
126
126
126
126
125
125
125
125
125
125
125
125
125
124
125
125
125
126
126
126
126
126
126
126
126
126
125
125
125
126
126
126
126
126
126
126
126
126
126
126
126
125
126
125
126
125
125
125
125
126
125
125
125
126
125
126
126
126
126
126
126
126
126
126
126
125
125
125
125
125
125
125
125
126
126
126
125
126
126
125
125
126
126
125
126
126
126
125
126
125
125
125
125
125
125
125
125
125
125
126
126
126
125
125
125
125
126
125
125
125
125
125
126
126
126
125
126
126
125
125
125
126
126
125
126
126
126
126
125
125
125
125
126
126
126
125
125
126
126
126
125
125
125
126
126
126
126
125
125
126
125
125
125
125
125
126
126
126
126
126
126
126
126
126
126
125
125
126
126
126
126
126
126
126
126
126
126
125
125
125
125
125
126
126
125
126
126
126
125
125
126
126
126
126
125
125
126
126
126
127
126
125
125
125
125
125
125
125
126
126
125
125
125
125
125
125
126
125
125
125
125
126
126
125
125
125
125
126
126
126
126
125
125
126
126
125
126
126
125
125
125
125
125
125
125
125
125
125
125
125
125
125
125
125
126
126
126
125
125
125
125
125
125
125
125
125
125
126
125
125
125
125
125
125
125
126
125
125
126
126
126
125
125
125
125
126
126
125
125
125
125
125
125
125
125
125
125
125
126
126
126
126
125
125
125
125
125
125
125
125
125
125
126
126
126
126
126
126
125
125
125
125
127
123
125
125
126
126
126
126
125
126
126
125
125
125
125
126
126
126
126
125
125
126
125
125
125
125
126
126
126
126
126
125
126
124
124
126
126
126
127
126
126
126
126
126
126
126
126
126
126
125
126
126
126
126
126
125
126
126
126
126
126
126
126
126
126
126
126
124
125
126
126
126
126
126
126
126
126
126
125
126
125
125
125
125
125
125
126
126
125
125
126
126
125
126
126
125
125
125
125
126
125
126
126
125
126
126
126
126
125
126
126
126
126
125
125
126
126
126
126
126
126
126
126
126
126
126
126
126
126
126
125
125
125
125
125
125
125
125
125
126
126
126
126
126
125
125
125
125
126
125
125
125
126
126
126
126
126
126
126
126
126
125
126
126
126
126
125
126
126
126
126
125
126
125
125
126
126
126
126
126
125
126
126
126
126
126
125
126
126
126
126
126
126
125
125
125
125
126
126
125
126
126
126
126
125
126
126
126
126
126
126
126
126
125
126
127
127
126
125
125
125
125
125
125
125
125
125
125
126
125
126
125
125
126
126
126
126
125
126
126
125
126
125
125
125
125
125
126
125
125
125
125
125
125
126
128
124
126
126
125
125
126
125
125
126
125
125
125
125
126
125
126
126
126
125
125
126
126
126
125
126
127
127
127
125
125
125
125
125
126
126
126
125
126
127
126
126
125
125
125
126
126
125
125
125
125
125
125
126
125
124
125
126
127
127
127
127
126
126
126
126
125
122
123
125
126
126
127
127
127
127
126
126
125
125
124
124
125
125
125
125
125
125
126
125
125
125
125
126
126
126
125
125
125
125
125
125
125
125
126
126
126
126
125
126
125
125
125
125
125
125
125
126
125
125
125
125
126
126
126
125
125
125
126
126
126
125
125
125
126
126
125
125
125
125
126
126
126
126
126
126
126
125
125
125
125
126
125
125
125
125
125
126
126
126
125
125
125
125
125
125
124
125
126
126
125
126
126
128
128
126
125
125
125
125
125
127
126
125
125
126
127
127
126
125
125
125
125
126
125
125
124
124
125
125
125
125
125
125
126
126
127
127
127
126
126
126
125
124
124
126
128
125
125
126
125
125
126
126
124
125
124
124
125
125
125
125
125
125
126
126
126
125
125
126
125
125
125
125
125
125
125
125
125
125
125
125
126
126
126
125
125
125
126
125
125
126
125
125
126
126
126
126
125
125
125
125
124
124
125
125
125
126
126
126
125
126
125
126
126
125
125
125
125
126
126
126
126
125
126
126
126
126
125
125
125
125
125
125
125
125
125
125
125
125
125
122
125
126
126
125
126
126
126
125
125
125
125
125
125
125
125
126
126
125
126
126
125
126
126
126
126
125
125
125
125
126
125
126
126
125
126
126
125
126
126
125
126
125
125
125
124
124
124
125
125
125
125
125
126
126
126
125
125
125
125
125
125
125
126
126
125
126
126
125
125
126
126
125
125
126
125
125
126
125
126
125
125
125
126
125
124
124
125
125
125
125
144
118
117
125
125
125
127
126
126
126
126
124
125
125
125
124
126
125
125
126
125
126
126
126
126
126
125
81
116
128
130
130
133
131
130
131
129
127
128
128
127
127
126
127
127
126
126
126
126
127
127
126
127
127
127
126
126
127
127
127
126
126
126
127
126
126
126
118
124
124
126
127
128
128
128
128
128
127
126
127
126
126
126
125
125
126
125
125
126
126
126
126
125
126
126
125
123
124
126
126
126
127
127
128
129
126
124
124
123
123
125
127
125
123
124
127
128
127
126
124
124
124
126
126
124
123
124
123
124
126
126
125
124
126
128
129
128
128
128
128
127
126
124
122
123
124
125
126
127
128
127
128
128
127
125
124
124
123
124
124
124
124
125
126
126
126
126
126
126
126
126
125
125
125
125
126
125
126
126
126
126
126
127
127
126
126
126
126
125
125
123
124
126
125
126
126
125
126
128
126
125
125
125
125
125
125
126
126
126
126
126
127
126
125
42
125
125
125
125
125
125
125
125
125
125
125
125
125
125
125
125
125
125
125
125
125
125
125
125
125
125
125
125
125
125
125
125
125
125
125
125
125
125
125
126
126
126
126
126
126
126
126
126
126
125
126
126
126
126
125
125
126
126
125
126
126
126
126
126
126
126
126
126
126
126
126
125
126
125
126
126
126
126
125
126
126
125
126
126
125
126
125
126
125
126
125
126
125
125
125
125
126
126
126
126
126
126
125
125
125
126
125
125
126
126
125
126
125
125
125
125
126
125
125
126
125
125
125
125
125
125
125
125
125
125
125
125
125
125
125
125
126
125
125
125
125
125
125
126
125
126
125
125
125
125
125
125
125
126
125
125
125
126
126
125
125
126
126
126
126
125
125
125
125
125
125
125
126
125
125
126
125
125
126
125
125
125
125
125
125
125
125
125
125
125
125
125
125
125
125
125
125
125
125
125
126
125
125
125
125
125
125
125
126
125
125
125
125
125
125
125
125
125
125
125
125
125
125
125
125
125
126
126
126
125
126
125
125
125
125
126
126
125
125
125
125
126
125
125
125
125
125
125
125
125
124
124
131
139
135
121
120
106
76
108
202
198
67
60
152
174
130
97
98
141
174
124
71
114
157
107
68
159
239
136
1
76
255
204
42
72
143
112
110
172
166
89
61
110
183
181
113
76
98
130
149
145
118
104
120
137
131
119
119
124
126
130
131
124
117
116
119
125
132
131
124
119
123
131
136
132
124
119
121
124
124
123
123
124
127
129
128
124
120
121
125
130
132
129
123
120
124
128
126
123
123
126
127
125
