128
127
126
126
126
126
41
125
125
125
125
125
125
125
125
125
125
125
125
125
125
125
125
125
125
125
125
125
125
125
125
125
125
125
125
125
125
125
125
125
125
125
125
125
125
125
125
125
125
125
125
125
125
125
125
125
125
125
125
125
125
125
125
125
125
125
125
125
125
125
125
125
125
125
125
125
125
125
125
125
125
125
125
125
125
125
125
125
125
125
125
125
125
125
125
125
125
125
125
125
125
125
125
125
125
125
125
125
125
125
125
125
125
125
125
125
125
125
125
125
125
125
125
125
125
125
125
125
124
125
125
125
125
125
125
125
125
125
125
125
125
125
125
125
125
125
125
125
125
125
125
125
125
125
125
125
125
125
125
125
125
125
125
125
125
125
125
125
125
125
125
125
125
125
125
125
125
125
125
125
125
125
125
125
125
125
125
125
125
125
125
125
125
125
125
125
125
125
125
125
125
125
125
125
125
125
125
125
125
125
125
125
125
125
125
125
125
125
125
125
125
125
125
125
125
125
125
125
125
125
125
125
125
125
125
125
125
125
125
125
125
125
125
125
125
125
125
125
125
125
125
125
125
125
125
125
125
125
125
125
125
125
125
125
125
125
125
125
125
125
125
125
125
125
125
126
125
124
125
126
126
126
126
127
128
126
124
123
125
125
124
123
125
124
124
125
128
130
128
126
127
128
129
128
127
123
121
123
124
123
122
122
124
126
127
129
130
128
126
126
127
125
122
122
123
124
124
126
129
131
129
125
124
127
126
124
122
123
125
127
129
126
122
128
129
124
115
121
136
128
122
126
129
125
121
129
130
123
121
116
124
137
134
125
112
115
137
134
117
124
124
123
134
127
120
121
116
127
144
137
125
112
100
124
162
151
104
80
105
149
162
135
107
107
125
135
131
125
124
125
129
127
118
116
125
132
131
125
120
123
129
129
125
124
128
127
119
115
124
136
134
124
118
119
122
128
132
129
124
125
126
123
123
123
125
125
123
123
128
129
125
123
125
127
128
128
124
120
121
126
129
128
125
122
124
125
125
124
126
128
127
124
124
125
125
125
125
124
124
124
125
125
125
127
128
128
126
125
123
123
124
126
126
126
127
127
126
124
122
123
126
128
126
125
125
125
125
124
123
125
127
127
125
124
124
125
126
126
125
124
125
126
126
126
125
124
125
126
126
127
127
126
125
123
124
125
126
125
124
124
124
124
125
125
126
127
127
127
127
128
127
125
123
123
124
124
123
124
126
127
128
128
127
126
125
124
123
122
124
124
125
126
126
127
126
126
125
124
124
125
127
127
126
125
124
124
124
124
125
126
126
127
126
126
125
124
124
123
124
125
126
127
126
126
125
125
125
124
124
124
125
125
126
126
126
126
125
125
125
125
125
125
125
125
125
125
125
125
126
126
126
126
126
126
126
125
125
125
125
125
125
125
125
125
125
125
125
126
126
126
126
125
125
125
125
125
126
126
125
124
125
126
126
124
125
126
126
124
124
125
126
126
126
125
126
127
126
125
125
126
125
124
124
126
127
125
123
124
126
126
126
124
125
126
126
125
125
124
125
125
125
124
125
126
125
124
125
128
128
122
120
126
131
126
125
128
124
118
124
130
125
125
135
128
107
110
136
147
130
115
117
122
124
126
130
133
129
121
118
122
127
128
129
129
123
118
120
128
131
128
123
122
125
127
126
123
124
128
127
125
124
124
125
126
125
124
124
125
127
126
124
123
126
127
126
123
124
127
128
125
123
124
126
126
125
125
126
126
125
125
125
126
125
125
125
126
125
124
125
126
126
126
125
125
125
125
124
125
125
125
125
125
125
125
125
126
126
125
125
125
125
126
125
125
125
125
125
125
125
125
125
125
125
125
125
125
125
125
125
125
125
125
125
125
125
125
125
125
125
125
125
125
125
126
125
125
125
125
125
126
125
125
125
125
125
125
126
125
125
125
126
125
125
125
125
125
125
125
125
125
125
125
125
125
125
125
125
125
125
125
125
125
125
125
125
125
125
125
125
125
124
125
126
125
124
125
126
125
125
125
125
126
125
125
125
125
125
125
125
125
125
125
125
125
125
125
125
125
125
125
125
125
125
125
125
125
125
125
126
125
125
125
125
125
125
125
125
125
125
125
125
125
125
125
125
125
125
125
125
125
125
125
125
125
125
125
125
125
125
125
125
125
125
125
125
125
125
125
125
125
125
125
125
125
125
125
125
125
125
125
125
125
125
125
125
125
125
125
125
125
125
125
125
125
126
126
125
125
125
126
125
125
125
125
125
125
125
125
125
125
125
125
125
125
125
125
125
125
125
125
125
125
125
125
125
125
125
125
125
125
125
125
124
125
126
125
124
124
125
126
125
125
125
125
125
125
125
125
125
125
125
125
125
125
125
125
125
125
125
126
125
125
125
125
125
125
125
125
125
125
125
126
125
125
125
125
125
125
125
125
125
125
125
125
126
126
125
125
125
125
125
126
125
125
125
126
125
125
125
125
125
125
125
125
125
126
125
125
125
125
125
125
125
125
125
125
125
125
125
125
125
125
126
125
125
125
125
125
125
125
125
125
125
125
125
125
125
125
125
125
125
125
125
125
125
125
125
125
125
125
126
125
125
125
125
125
125
125
125
125
125
125
125
124
125
125
125
125
125
125
125
125
125
125
125
125
125
125
125
125
125
125
125
125
125
125
125
125
125
125
125
125
125
125
125
125
125
125
125
125
125
125
125
125
125
125
125
125
125
125
125
125
125
125
125
125
125
125
125
125
125
125
125
125
125
125
125
125
125
125
125
125
125
125
125
125
125
125
125
125
125
125
125
125
125
125
125
125
125
125
125
125
125
125
125
125
125
125
125
125
125
126
125
125
125
125
125
125
125
125
125
125
125
125
125
125
125
125
125
125
125
125
125
125
125
125
125
125
125
125
125
125
125
125
125
125
125
125
125
125
125
125
125
126
125
125
125
125
125
125
125
125
125
125
125
125
125
125
125
126
125
125
125
125
125
125
125
125
125
125
126
126
125
125
125
125
125
124
125
125
125
126
125
125
125
125
125
125
124
125
125
125
125
125
125
126
126
126
125
125
126
125
125
125
125
125
125
125
125
126
125
125
126
125
125
125
125
125
125
126
125
125
125
125
125
125
125
125
125
125
125
125
125
125
125
125
125
125
125
125
125
126
126
125
125
125
125
126
125
125
125
125
125
125
125
125
125
124
125
125
125
125
125
126
125
125
125
125
125
125
125
125
125
125
125
125
125
125
125
125
125
125
125
126
125
125
125
124
125
125
125
125
125
124
126
125
125
125
125
126
125
125
125
125
125
125
124
124
125
126
126
126
125
125
125
125
125
125
125
125
125
125
125
125
126
125
125
125
125
125
125
125
125
125
125
125
125
125
126
125
125
125
125
125
126
126
126
125
125
125
125
124
125
125
125
124
125
125
125
126
125
125
125
126
125
125
124
125
125
125
125
125
125
125
125
125
125
125
125
126
125
125
125
125
125
125
124
125
125
125
126
125
125
125
124
126
125
125
125
125
125
125
126
125
125
125
125
125
125
126
125
124
125
125
125
125
125
125
125
125
126
125
125
126
125
125
124
124
126
126
99
98
131
125
130
131
131
131
130
129
127
126
126
126
126
127
125
127
126
125
126
126
125
125
126
125
127
126
126
126
125
126
126
125
126
125
125
126
126
125
125
125
126
126
125
125
125
125
125
125
125
126
125
126
126
125
125
126
125
126
126
125
125
124
125
125
125
125
125
125
125
124
124
125
125
125
125
125
126
126
125
125
125
126
125
128
120
126
125
125
124
125
126
125
125
126
126
127
126
127
126
124
125
125
125
125
42
125
126
125
126
125
126
126
125
126
126
126
125
126
125
125
126
125
125
126
126
126
126
126
125
126
125
125
126
125
125
126
125
126
125
126
126
125
125
125
125
125
126
126
125
126
126
125
125
125
125
125
125
125
125
125
125
125
125
125
125
125
125
125
125
125
125
125
125
125
125
125
125
125
125
125
125
125
125
125
125
125
125
125
125
125
125
125
125
125
125
125
125
125
125
125
125
125
125
125
125
125
125
125
125
125
125
125
125
125
125
125
125
125
125
125
125
125
125
125
125
125
125
125
125
125
125
126
125
126
126
126
126
126
126
126
125
125
126
126
126
126
126
126
126
125
126
126
125
125
126
126
126
126
126
126
125
125
126
126
126
126
126
126
126
126
126
126
126
125
125
125
126
126
126
125
126
126
126
126
126
125
125
126
126
126
126
126
126
126
126
125
125
125
126
126
125
126
126
125
125
126
125
125
125
125
125
125
125
126
125
125
125
125
125
125
125
126
125
125
125
125
125
125
125
125
125
125
125
125
125
125
125
125
125
125
125
125
125
125
125
125
125
125
125
126
125
125
126
125
125
125
125
125
126
125
125
125
125
125
125
126
125
125
125
125
125
125
125
125
125
126
126
126
126
127
128
127
124
122
122
122
122
124
124
123
124
129
133
131
126
125
128
129
126
123
123
123
124
123
122
123
125
125
123
123
126
130
133
131
125
121
122
127
128
124
118
119
124
131
133
127
128
127
127
120
117
135
128
121
117
123
134
130
129
110
128
144
122
108
106
143
150
115
116
130
133
115
115
143
138
111
113
120
127
