125
127
126
122
119
122
95
125
126
125
125
125
125
125
125
125
125
125
125
125
125
125
125
125
125
125
125
125
125
125
125
125
125
125
125
125
125
125
125
125
125
125
125
125
125
125
125
125
125
125
125
125
125
125
125
125
125
125
125
125
125
125
125
125
125
125
125
125
125
125
125
125
125
125
125
125
125
125
125
125
125
125
125
125
125
125
125
125
125
125
124
125
125
125
125
125
125
125
125
125
125
125
125
125
125
125
125
125
125
125
125
125
125
125
125
125
125
125
125
125
125
125
125
125
125
125
125
125
125
125
125
125
125
125
125
125
125
125
125
125
125
125
125
125
125
125
125
125
125
125
125
125
125
125
125
125
125
125
125
125
125
125
125
125
125
125
125
125
125
125
125
125
125
125
125
125
125
125
125
125
125
125
125
125
125
125
125
125
125
125
125
125
125
125
125
125
125
125
125
125
125
125
125
125
125
125
125
125
125
125
125
125
125
125
125
125
125
125
125
125
125
125
125
125
125
125
125
125
125
125
125
125
125
125
125
125
125
125
125
125
125
125
125
125
125
125
125
125
125
125
125
125
125
125
125
125
125
125
125
125
125
125
125
125
125
125
125
125
125
125
125
125
125
125
125
125
125
125
125
125
125
125
125
125
125
125
125
125
125
125
125
125
125
125
125
125
125
125
125
125
125
125
125
125
125
125
125
125
125
125
126
125
125
125
125
125
125
125
125
125
125
125
125
125
125
125
125
125
125
125
125
125
125
125
125
125
125
125
125
125
125
125
125
125
125
125
125
125
125
125
125
125
125
125
125
125
125
125
125
125
125
125
125
125
125
125
125
125
125
125
125
125
125
125
125
125
125
125
125
125
125
125
125
125
125
125
124
125
125
125
125
125
125
125
125
125
125
125
125
125
125
125
125
125
125
125
125
125
125
125
125
125
125
125
125
125
125
125
125
125
125
125
125
125
125
125
125
125
125
125
125
125
125
125
125
125
125
125
125
125
125
125
125
125
125
125
125
125
125
125
125
125
125
125
125
125
125
125
125
125
125
125
125
125
125
125
125
125
125
125
125
125
125
125
125
125
125
125
125
125
125
125
125
125
125
125
125
125
125
125
125
125
125
125
125
125
125
125
125
125
125
125
125
125
125
125
125
125
125
125
125
125
125
125
125
125
125
125
125
125
125
125
125
125
125
125
125
125
125
125
125
125
125
125
125
125
125
125
125
125
125
125
125
125
125
125
125
125
125
125
125
125
125
125
125
125
125
125
125
125
125
125
125
125
125
125
125
125
125
125
125
125
125
125
125
125
125
125
125
125
125
125
125
125
125
125
125
125
125
125
125
125
125
125
125
125
125
125
125
125
125
125
125
125
125
125
126
126
125
125
125
125
125
125
125
125
125
125
125
125
125
125
125
125
125
125
125
125
125
125
125
125
125
125
125
125
125
125
125
125
125
125
125
125
125
125
125
125
125
125
125
125
125
125
125
125
125
125
125
125
125
125
125
125
125
125
125
125
125
125
125
125
125
125
125
124
125
125
125
126
126
126
125
125
125
125
125
125
125
125
125
125
125
125
125
125
125
125
125
125
125
125
125
125
125
125
125
125
125
125
125
125
125
125
125
125
125
125
125
125
125
125
125
125
125
125
125
125
125
125
125
125
125
125
125
125
125
125
125
125
125
125
125
125
125
125
125
125
125
125
125
125
125
125
125
125
125
125
125
125
125
125
125
125
125
125
125
125
125
125
125
125
125
125
125
125
125
125
125
125
125
125
125
125
125
125
125
125
125
125
125
125
125
125
125
125
125
125
125
125
125
125
125
125
125
125
125
125
125
125
125
125
125
125
125
125
125
125
125
125
125
125
125
125
125
125
125
125
125
125
125
125
125
125
125
125
125
125
125
125
125
125
125
125
125
125
125
125
125
125
125
125
125
125
125
125
125
125
125
125
125
125
125
125
125
125
125
125
125
125
125
125
125
125
125
125
125
125
125
125
125
125
125
125
125
126
125
125
125
125
125
125
125
125
126
127
125
125
125
125
125
125
125
125
125
125
125
125
125
125
125
125
125
125
125
125
125
125
125
125
125
125
125
125
126
125
125
125
125
125
125
125
125
125
125
125
125
125
125
125
125
125
124
125
125
125
125
125
125
125
126
125
125
125
125
125
125
124
125
125
125
125
126
126
125
126
126
125
125
126
125
125
125
125
125
125
125
125
125
125
125
125
125
126
125
125
125
126
125
125
125
125
125
125
125
126
125
125
125
126
125
125
125
126
125
125
126
126
125
125
126
125
125
125
125
125
125
126
126
125
124
125
126
125
125
125
125
125
125
125
125
124
124
125
126
126
126
125
125
125
125
126
126
125
125
125
125
126
126
125
124
125
125
126
125
125
125
125
125
125
126
125
124
125
125
125
125
125
125
126
126
125
126
126
125
125
125
125
125
125
125
126
125
124
125
126
126
126
126
125
125
125
125
126
125
124
125
126
126
125
125
125
125
125
125
126
125
124
124
125
126
126
125
125
125
125
125
125
126
125
125
125
126
125
125
125
126
125
125
126
126
125
124
125
126
126
123
124
126
124
121
122
125
128
129
131
134
132
126
122
124
129
126
119
119
119
116
111
110
120
132
131
125
126
132
143
151
137
112
111
129
131
127
131
128
118
116
122
124
120
119
119
119
124
128
126
122
124
126
126
127
131
133
129
125
125
127
127
126
125
123
123
123
124
126
127
125
122
122
123
124
124
124
124
124
125
126
127
127
125
124
125
128
129
126
125
126
126
126
125
126
127
125
124
124
125
124
124
124
125
124
124
125
125
125
125
125
126
126
125
124
124
125
125
126
125
125
125
126
127
126
125
124
125
127
126
126
125
125
125
125
124
125
125
125
125
125
125
126
125
125
126
126
125
125
126
125
125
124
124
125
126
126
125
125
125
124
123
124
125
126
125
124
123
121
126
127
126
127
128
127
127
127
126
125
126
126
126
126
126
125
125
125
124
123
123
123
124
125
125
124
123
124
126
125
125
125
126
126
127
126
126
125
126
126
126
127
126
125
125
126
125
124
124
125
125
125
124
124
124
124
125
125
125
125
125
125
125
125
127
125
126
125
125
125
125
126
126
126
126
125
125
126
126
125
124
124
125
125
124
124
125
125
125
125
125
126
127
127
126
125
126
127
127
126
119
112
116
133
141
129
113
118
137
145
142
137
114
80
91
141
158
124
91
96
135
173
158
101
89
129
156
142
115
106
124
140
128
113
125
138
124
104
116
153
165
123
73
81
139
170
141
104
105
128
137
130
123
123
127
131
126
117
117
125
131
131
127
124
127
132
129
121
116
118
121
122
127
131
126
119
125
133
129
121
123
128
129
127
126
126
123
125
131
130
121
120
125
125
117
117
130
136
128
116
119
133
138
129
114
112
127
135
126
120
123
124
126
130
129
124
119
121
129
141
130
121
119
125
124
121
119
121
123
123
127
128
123
123
129
131
129
129
127
120
111
114
125
122
111
118
139
149
140
124
126
139
138
130
125
119
127
141
128
94
86
111
128
112
99
121
156
170
153
113
101
131
157
154
135
92
52
95
162
154
119
132
141
113
110
123
111
111
149
164
136
131
128
83
84
122
140
130
140
156
132
97
98
126
148
159
133
84
82
134
176
157
115
108
114
109
125
134
82
43
125
241
233
106
67
152
135
44
92
184
161
106
103
108
116
152
166
112
69
112
162
148
114
112
125
128
127
131
135
130
122
117
119
123
130
131
123
115
118
123
121
122
133
146
147
134
109
98
118
137
131
116
111
124
137
136
125
118
118
123
132
134
128
122
125
127
126
124
122
120
122
94
125
125
125
126
125
125
125
125
125
125
125
125
125
126
125
125
125
125
126
125
125
125
125
125
125
125
125
125
125
125
125
125
125
125
125
125
125
125
125
125
125
125
125
125
125
125
125
125
125
125
125
125
125
125
125
125
125
125
125
125
125
125
125
126
125
126
125
125
125
125
125
125
125
125
125
125
126
125
125
125
125
125
126
125
125
125
125
125
125
125
125
125
125
125
125
125
125
125
125
125
125
125
125
125
125
125
125
125
125
125
126
125
125
125
125
125
125
125
125
125
125
125
125
125
125
125
125
125
125
125
125
125
125
125
125
125
125
125
125
125
125
125
125
125
125
125
125
125
125
125
125
125
125
125
125
126
125
125
125
125
125
125
125
125
125
125
125
125
125
125
125
125
125
125
125
125
125
125
125
125
125
125
125
125
125
125
125
125
125
125
125
125
125
125
125
125
125
125
125
125
125
125
125
125
125
125
125
125
125
125
125
125
125
125
125
125
125
125
125
125
126
126
125
125
125
125
125
125
125
125
125
125
125
125
125
125
125
125
125
125
125
125
125
125
125
125
125
125
125
125
125
125
125
125
125
125
125
125
125
125
125
125
125
125
125
125
125
125
125
125
125
125
125
125
125
125
125
125
125
125
125
125
125
125
125
125
125
125
125
125
125
125
125
125
125
125
125
125
125
125
125
125
125
125
125
125
125
125
125
125
125
125
125
125
125
125
125
125
125
125
125
125
126
125
125
125
125
125
125
125
125
125
125
125
125
125
125
125
125
125
125
125
125
125
125
125
125
125
125
125
125
125
125
115
