126
126
125
126
126
125
36
125
125
126
125
125
125
125
125
125
125
125
125
125
125
125
125
126
126
126
126
126
125
125
126
125
125
125
125
125
125
125
126
125
125
125
125
125
125
125
125
126
126
125
125
125
125
125
125
125
125
125
125
126
125
126
125
125
125
125
125
125
125
125
125
125
125
125
125
125
125
125
125
125
125
125
125
125
125
125
125
125
125
125
125
125
125
125
125
125
125
125
125
125
125
125
125
125
125
125
125
125
125
125
125
125
125
125
125
125
125
125
125
125
125
125
125
125
125
125
125
125
125
125
125
125
125
125
125
125
125
125
125
125
125
125
125
125
125
125
125
125
125
125
125
125
125
125
125
125
125
125
125
125
125
125
125
125
125
125
125
125
125
125
125
125
125
125
125
125
126
126
125
125
125
125
125
125
126
125
125
125
126
126
125
125
125
125
125
125
125
125
125
125
125
125
125
125
125
125
125
125
125
125
125
126
126
126
126
125
125
125
125
125
125
125
125
125
125
125
125
125
125
125
125
125
126
125
125
125
125
125
125
125
125
125
125
125
125
125
125
125
125
125
125
125
125
125
125
125
125
125
125
125
125
125
125
125
125
125
125
125
125
125
125
125
125
125
125
125
125
125
125
125
125
125
125
125
125
125
125
125
125
125
125
125
125
125
125
125
125
125
125
125
125
125
125
125
125
125
125
125
125
125
125
125
125
125
125
125
125
125
125
125
125
125
125
125
125
125
125
125
125
125
125
125
125
125
125
125
125
125
125
125
125
125
125
125
125
125
125
125
125
125
125
125
125
125
125
125
125
125
125
125
125
125
125
125
125
125
125
125
125
125
125
125
125
125
125
125
125
125
125
125
125
125
125
125
125
125
125
125
125
125
125
125
125
125
125
125
125
125
125
125
125
125
125
125
125
125
125
125
125
125
125
125
125
125
125
125
125
125
125
125
125
125
125
125
125
125
125
125
125
125
125
125
125
125
125
125
125
125
125
125
125
125
125
125
125
125
125
125
125
125
125
125
125
125
125
125
125
125
125
125
125
125
125
125
125
125
125
125
125
125
125
125
125
125
125
125
125
125
125
125
125
125
125
125
125
125
125
125
125
125
125
125
125
125
125
125
125
125
125
125
125
125
125
125
125
125
126
126
125
125
125
125
125
125
124
124
125
125
125
125
125
125
126
126
126
125
125
124
123
124
126
126
125
126
126
125
124
124
125
126
124
124
125
126
125
125
126
127
124
120
121
127
127
124
124
126
125
122
122
126
131
131
131
132
129
117
105
111
135
153
145
114
86
95
131
148
140
132
132
124
112
107
115
134
155
150
107
70
107
186
175
72
69
186
191
62
53
153
187
131
109
125
103
87
120
161
163
143
106
73
98
179
174
90
73
122
151
143
144
132
96
88
130
154
146
133
109
99
124
142
126
110
118
141
150
124
92
105
145
151
132
123
113
100
118
149
141
106
102
133
150
136
118
119
129
124
105
108
132
144
138
130
124
118
116
119
119
120
127
140
149
138
108
89
100
130
154
150
124
110
117
131
134
125
114
113
121
129
133
132
126
120
122
129
129
123
121
123
128
128
125
122
124
127
128
126
124
124
125
126
125
124
124
126
128
127
123
121
123
125
127
126
126
127
129
129
120
119
122
124
123
124
126
127
128
127
127
128
127
128
127
125
125
125
124
123
122
123
126
127
127
126
125
125
126
127
126
125
125
126
126
125
125
126
127
126
125
125
126
127
126
125
125
125
125
125
126
126
126
126
125
125
125
125
125
126
127
126
125
126
125
123
123
123
125
125
126
127
127
127
126
127
126
125
125
125
125
125
126
126
126
125
125
125
124
125
126
126
125
124
125
126
125
125
126
126
126
126
126
125
125
125
125
125
125
125
125
125
125
125
125
125
125
125
125
126
126
126
125
125
126
125
125
125
126
126
125
125
125
125
126
125
125
125
125
125
125
125
125
125
125
125
125
124
125
125
125
126
126
126
126
126
126
126
125
125
125
125
125
125
125
125
125
125
125
124
125
125
125
125
125
125
125
126
126
126
125
125
126
126
126
125
125
125
125
125
126
125
125
125
125
125
125
125
125
125
125
125
126
126
126
126
126
126
126
126
125
125
125
125
125
125
126
127
125
125
125
125
125
125
125
125
125
125
125
125
125
125
125
125
125
125
125
125
125
125
125
125
125
125
125
125
125
126
125
125
125
125
125
124
125
125
125
125
125
125
124
125
125
125
125
125
126
126
125
125
125
126
125
125
125
125
125
125
125
126
125
126
125
125
125
125
125
124
125
125
125
125
125
125
125
126
125
125
125
125
125
125
125
125
125
125
125
125
125
125
124
125
125
126
125
125
125
125
125
126
125
125
125
125
125
126
126
125
125
125
125
125
125
125
125
125
125
125
126
125
125
125
125
126
125
125
125
125
126
126
125
125
125
125
125
125
125
125
125
125
125
125
125
125
125
125
125
125
125
125
125
125
125
125
125
125
125
125
125
125
125
125
125
125
125
125
125
125
125
125
125
125
125
125
125
125
125
125
125
125
125
125
125
125
125
125
125
125
125
125
125
126
126
126
125
124
127
125
125
124
123
123
124
125
126
126
126
126
126
126
126
125
125
124
124
124
125
125
126
125
125
125
126
125
125
126
125
126
126
125
125
125
125
125
125
125
125
125
125
125
125
126
125
125
125
125
125
125
125
125
125
125
125
125
125
125
125
125
126
125
125
125
125
125
125
125
125
125
125
125
125
125
125
125
125
125
125
125
125
125
125
125
125
125
125
126
125
125
125
125
125
125
125
125
125
125
125
126
125
126
125
125
125
125
125
125
125
125
125
125
125
125
125
125
125
125
125
125
125
125
125
125
125
125
125
125
125
125
125
125
126
125
124
125
125
125
125
125
126
126
125
126
125
125
125
125
125
124
125
125
125
125
125
125
125
125
125
127
126
125
124
124
126
126
136
109
125
123
126
125
128
127
126
126
126
126
126
124
124
126
126
126
126
126
125
125
125
125
125
125
126
126
126
126
125
125
125
126
126
126
126
126
125
125
126
126
126
126
126
125
125
126
126
126
125
125
125
125
126
125
126
126
126
126
125
125
126
125
126
126
126
125
120
124
126
124
126
127
127
127
127
125
125
125
126
126
126
126
125
125
125
126
125
125
124
125
125
124
124
125
125
125
126
126
126
127
126
126
126
125
125
124
125
124
125
125
125
125
125
125
126
126
126
126
125
125
125
125
125
125
125
125
125
125
125
125
125
125
126
126
126
126
125
124
124
125
126
125
126
125
125
125
125
125
125
125
126
126
125
125
126
125
125
125
126
125
125
125
124
125
125
125
125
125
125
125
125
125
126
126
125
126
126
126
126
125
125
125
125
125
125
125
125
125
126
126
125
125
125
125
126
126
126
126
125
125
125
125
124
124
125
125
125
125
126
125
125
125
126
127
126
128
129
125
124
127
124
121
120
121
128
130
122
116
126
140
139
118
99
119
159
150
83
65
172
255
147
61
5
248
255
84
1
115
191
143
89
98
135
156
149
128
113
111
114
123
134
136
128
121
120
122
121
118
125
135
137
128
118
115
124
130
130
126
122
123
125
126
125
123
124
127
126
124
123
125
127
128
127
124
122
123
126
126
126
124
122
123
125
128
128
125
123
125
126
127
127
126
126
124
123
124
125
125
124
124
124
125
125
126
127
127
127
126
124
123
124
124
125
125
125
124
124
124
126
128
130
128
124
122
125
129
128
124
123
122
121
123
127
128
126
124
126
126
124
126
125
125
126
125
123
125
127
125
122
123
127
126
124
123
125
126
127
126
126
124
125
125
125
124
35
126
126
126
126
126
126
126
126
126
126
126
126
126
126
125
126
126
126
125
126
126
126
126
126
126
126
126
126
126
125
126
126
126
125
126
126
126
126
126
125
126
126
125
126
126
126
125
126
126
125
126
126
126
126
126
126
125
125
126
126
125
126
126
126
126
126
125
125
125
126
125
125
126
125
126
126
126
125
125
126
125
125
126
125
125
125
125
125
126
125
125
125
125
125
125
126
125
125
125
126
125
125
125
126
125
125
126
126
126
126
125
125
125
125
126
126
125
125
126
126
126
125
125
125
125
125
126
126
126
126
126
125
126
126
125
125
125
125
126
125
125
126
125
125
125
125
126
126
125
125
125
125
125
126
126
125
126
126
126
126
125
126
126
126
126
125
126
126
126
126
125
125
125
126
126
125
125
125
126
126
126
125
125
126
126
126
126
126
126
125
126
125
125
125
125
125
125
125
126
125
125
125
125
125
125
125
125
125
125
125
125
125
125
125
125
125
125
126
126
125
125
125
126
125
125
125
125
125
125
125
125
125
125
125
125
125
125
125
125
125
125
125
125
125
125
125
125
125
126
126
126
125
125
125
125
125
125
125
125
125
125
125
125
125
125
125
125
125
125
125
125
125
125
125
125
125
125
125
125
125
125
125
125
125
125
125
125
125
125
125
125
125
126
125
125
125
125
125
126
126
126
126
125
125
126
125
126
126
126
125
125
126
126
125
125
125
125
125
126
126
126
126
125
126
126
125
124
125
125
126
126
126
126
126
126
126
126
126
126
126
126
126
126
126
126
126
126
126
126
126
126
126
126
125
