126
126
125
125
125
125
42
125
126
126
126
126
126
126
126
126
125
126
126
126
126
126
126
126
126
126
126
126
126
126
126
126
126
126
126
125
126
126
126
126
126
126
126
126
126
125
125
125
125
126
126
126
126
125
126
126
125
125
126
125
125
126
125
125
126
125
125
125
126
126
125
125
126
125
126
126
125
126
125
125
126
125
125
125
126
126
126
126
126
125
125
125
125
125
126
125
126
126
126
126
126
125
125
125
125
125
125
125
125
125
125
125
125
125
125
125
125
125
125
125
125
125
125
125
125
125
125
125
125
125
125
125
125
125
125
125
125
126
125
125
125
125
125
125
125
125
125
125
125
125
125
125
125
125
125
125
125
125
125
125
125
125
125
125
125
125
125
125
125
125
125
125
125
125
125
125
125
125
125
125
125
125
125
125
125
125
125
125
125
125
125
125
125
125
125
125
125
125
125
126
125
125
125
126
126
126
126
126
125
126
125
125
125
126
126
126
126
126
126
126
126
125
126
125
126
126
126
126
126
126
126
126
126
126
126
126
126
126
126
125
126
126
125
126
126
125
125
125
125
125
125
126
125
125
125
126
125
125
126
126
126
125
126
125
125
126
125
125
125
125
125
126
126
125
125
126
126
126
126
125
125
125
125
126
125
125
125
125
125
125
125
125
125
125
125
126
125
125
125
125
125
125
125
125
125
125
125
125
125
125
125
125
125
125
125
125
125
125
125
125
125
125
125
125
125
125
125
125
125
125
125
125
125
125
125
125
125
125
125
125
125
125
125
125
125
125
125
125
125
125
126
125
125
125
125
125
125
125
125
126
125
125
125
125
125
126
125
125
125
125
125
125
125
125
125
125
125
125
125
125
125
125
125
125
125
125
125
125
126
125
125
125
125
125
125
125
125
125
125
125
125
125
125
125
125
125
126
125
125
125
125
126
125
125
125
126
125
126
125
125
125
125
125
125
125
125
125
125
125
125
125
125
125
125
125
125
125
125
125
125
125
125
125
126
125
125
125
125
125
125
125
125
125
125
125
125
125
125
125
125
125
125
125
125
125
125
125
125
125
125
125
125
125
125
125
125
125
125
125
125
125
125
125
125
125
125
125
125
125
125
125
125
125
125
125
125
126
124
125
125
125
125
126
126
125
125
125
125
125
125
125
126
125
126
126
125
125
125
125
126
125
125
125
125
126
125
125
125
125
125
126
126
126
126
126
126
126
125
126
126
126
125
125
126
126
125
125
125
126
127
128
128
128
127
124
119
115
117
124
128
131
137
141
134
124
120
119
116
121
131
131
118
111
123
141
140
117
104
122
141
135
126
126
130
134
131
115
116
132
120
102
117
144
138
129
139
126
106
120
136
128
126
115
91
113
182
171
85
89
144
152
121
120
123
115
118
155
136
76
104
180
149
63
95
199
197
89
30
91
199
228
129
8
37
166
233
156
90
106
119
107
127
153
141
112
101
115
141
146
121
107
116
130
136
135
122
121
124
115
119
144
148
124
105
103
116
138
149
129
111
121
138
134
118
117
124
125
121
124
134
136
126
114
113
126
140
142
126
104
108
136
149
134
113
110
122
137
140
128
114
114
124
132
131
127
124
121
120
125
130
130
126
124
126
128
128
126
126
127
123
119
122
126
127
126
127
129
129
126
123
121
122
125
127
127
124
123
126
128
129
128
128
127
125
125
125
124
124
124
125
127
125
125
125
126
126
125
124
125
128
128
126
123
122
124
125
125
125
126
127
126
125
124
124
126
127
126
126
127
127
126
125
125
125
125
124
124
125
125
125
125
126
126
126
126
125
124
124
124
125
125
125
125
124
124
124
127
127
127
127
127
127
126
125
124
124
125
125
126
126
125
126
127
127
123
122
124
127
127
124
122
123
127
128
125
124
125
126
127
125
123
124
126
127
126
125
125
126
126
127
126
125
124
124
125
125
125
125
125
126
127
127
126
125
124
125
125
124
125
126
125
124
125
126
126
126
125
124
124
125
127
127
126
124
124
125
126
126
125
126
126
127
126
124
122
122
126
128
127
124
124
125
125
126
129
130
126
124
123
122
122
125
126
125
125
125
125
126
127
129
127
122
121
124
127
127
126
125
126
127
127
127
125
123
122
123
126
127
126
125
127
123
127
125
123
123
127
128
126
126
126
126
125
126
125
125
126
125
124
125
128
128
126
124
124
124
125
122
125
127
127
124
124
126
129
129
127
126
126
125
125
126
127
128
127
126
125
125
126
126
126
125
123
124
126
126
125
125
127
127
126
125
124
125
127
126
125
123
125
126
125
124
126
127
128
127
125
126
127
126
125
125
125
125
126
127
126
124
124
125
126
126
125
125
125
125
126
127
127
125
125
126
126
126
126
125
125
125
125
125
125
125
126
126
126
125
125
126
126
125
125
126
126
126
125
125
126
126
126
126
126
126
126
126
125
125
126
126
124
124
126
126
124
124
125
127
126
126
126
125
125
125
126
127
127
125
125
126
126
126
126
125
125
125
126
126
125
125
126
125
126
126
125
125
126
126
126
124
125
126
126
125
125
125
126
126
125
125
126
126
126
126
126
125
126
125
125
125
125
125
125
125
125
125
125
126
126
126
126
126
126
125
126
126
126
127
128
126
125
125
125
124
125
126
126
126
126
126
126
126
125
125
124
124
125
126
126
125
125
126
126
125
125
125
126
126
126
126
125
125
127
128
125
125
125
125
125
125
124
125
125
126
125
125
126
125
125
125
125
125
125
125
125
125
125
125
125
125
125
126
126
125
126
125
125
126
126
125
126
125
125
125
125
125
125
125
125
126
126
126
125
126
126
126
126
126
125
125
125
125
125
125
125
125
125
125
125
125
125
126
125
126
125
125
126
125
125
125
125
125
125
125
125
125
125
125
125
125
125
125
125
125
125
125
125
125
125
125
125
125
125
125
125
125
126
126
125
125
125
126
131
119
124
124
126
126
127
126
126
126
125
125
124
125
126
126
126
126
126
125
125
125
126
126
126
125
125
126
126
125
111
115
129
126
128
130
128
128
128
127
127
127
126
126
126
126
126
126
125
126
125
125
125
126
125
126
126
127
126
126
126
126
125
126
126
125
125
119
125
127
126
127
128
128
128
127
126
125
126
126
126
126
125
125
125
126
127
126
126
126
125
125
125
126
125
124
124
124
125
125
125
125
125
125
126
127
127
126
126
126
127
126
125
124
124
126
125
125
126
126
126
126
126
126
126
126
125
125
125
125
126
125
126
126
126
126
125
126
125
126
126
126
126
126
125
126
126
125
125
125
125
125
125
125
125
125
127
127
126
126
125
126
127
126
125
125
126
126
126
125
124
125
126
125
124
124
125
126
127
127
126
124
125
126
126
126
126
126
126
126
126
126
126
125
125
126
126
126
126
126
125
125
125
126
125
125
126
126
125
126
125
125
126
125
126
131
128
126
125
124
123
123
124
125
125
126
126
126
125
125
125
126
125
126
125
125
126
126
126
126
126
126
126
125
125
125
134
111
85
130
124
129
131
137
133
129
127
126
124
124
125
125
125
126
126
125
126
126
127
127
127
127
127
126
127
127
127
126
126
126
126
127
125
125
126
126
126
127
126
126
126
127
126
126
126
126
125
125
125
125
126
125
125
125
126
127
126
124
124
125
126
126
125
121
119
127
126
125
127
127
127
129
129
127
126
125
126
127
126
126
125
124
125
126
126
125
124
123
124
124
125
123
123
124
126
127
128
127
126
126
127
126
125
123
124
123
124
125
125
125
126
126
127
127
126
126
126
124
124
124
125
125
125
125
126
124
127
125
124
126
127
126
126
126
125
125
124
125
125
125
126
125
125
126
124
124
43
126
126
126
126
125
126
126
126
126
126
126
126
125
126
126
126
126
126
126
126
126
126
126
126
126
126
125
126
126
126
125
126
126
126
126
126
126
126
125
126
126
126
126
126
125
126
126
125
126
126
126
126
126
126
126
126
126
126
126
126
125
125
125
125
125
125
125
125
125
125
125
125
126
125
125
125
125
125
125
125
125
126
125
125
125
125
126
126
126
125
125
125
125
125
125
125
125
125
125
125
125
125
125
125
125
125
125
125
125
125
125
125
125
125
125
125
125
125
125
125
125
125
125
125
125
125
125
125
125
125
125
125
125
125
125
125
125
125
125
125
125
125
125
125
125
125
125
126
125
125
125
125
125
125
125
125
125
125
125
125
125
125
125
125
125
125
125
125
125
125
125
125
125
125
125
125
125
125
125
125
125
125
125
125
125
125
125
125
125
125
125
125
125
125
125
125
125
125
125
125
125
125
125
125
125
125
126
125
125
125
126
125
126
126
125
126
126
126
126
126
126
126
126
126
126
125
125
125
126
125
125
126
126
125
126
125
126
125
126
125
125
126
125
125
125
125
126
126
126
126
126
126
126
126
126
126
126
126
126
126
126
126
126
126
126
126
126
126
126
126
126
126
126
126
125
125
125
126
126
126
126
126
126
126
126
125
126
126
125
126
125
125
126
125
126
125
125
126
125
126
125
126
125
125
125
125
126
125
125
126
125
126
126
125
125
126
126
126
126
126
125
125
125
125
126
126
125
125
125
126
126
126
126
125
126
126
126
125
125
125
126
126
126
126
125
126
126
126
126
126
125
126
126
125
