124
125
126
127
126
126
99
126
126
125
126
126
126
126
126
125
126
125
125
125
125
125
126
126
125
126
125
125
126
126
126
126
125
125
126
126
125
126
125
125
125
126
126
126
125
126
125
125
125
125
125
125
125
125
125
125
125
125
125
125
125
125
125
125
125
125
125
125
125
125
125
125
125
125
125
125
125
125
125
125
125
125
125
125
125
125
125
125
125
125
125
125
125
125
125
125
125
125
125
125
125
125
125
125
125
125
125
125
125
125
125
125
125
125
125
125
125
125
125
125
125
125
125
125
125
126
125
125
125
125
125
125
125
126
125
125
125
126
126
125
125
125
125
125
125
125
125
125
125
125
125
125
125
125
125
125
125
126
125
125
125
125
125
125
125
125
125
125
126
125
125
125
125
125
126
126
125
125
125
125
125
125
125
125
125
125
125
125
126
126
125
126
125
126
126
125
126
125
125
125
125
125
125
125
125
125
125
125
125
125
125
125
125
125
125
125
125
125
125
125
125
125
125
125
125
125
125
125
125
125
125
125
125
125
125
125
125
125
125
125
125
125
125
125
125
125
125
125
125
125
125
125
125
125
125
125
125
125
125
125
125
125
125
125
125
125
125
125
125
125
125
125
125
125
125
125
125
125
125
125
125
125
125
125
125
125
125
125
125
125
125
125
125
125
125
125
125
125
125
125
125
125
125
125
125
125
125
125
125
125
125
125
125
125
125
125
125
125
125
125
125
125
125
125
125
125
125
125
125
125
125
125
125
125
125
125
125
125
125
125
125
125
125
125
125
125
125
125
125
125
125
125
125
125
125
126
125
125
125
125
125
125
125
125
125
125
125
125
125
125
125
125
125
125
125
125
125
125
125
125
125
125
125
125
125
125
125
125
125
125
125
125
125
125
125
125
125
125
125
125
125
125
125
125
125
125
125
125
125
125
125
125
125
125
125
125
125
125
125
125
125
125
125
125
125
125
125
125
125
125
125
125
125
125
125
125
125
125
125
125
125
125
125
125
125
125
125
125
125
125
125
125
125
125
125
125
125
125
125
125
125
125
125
125
125
125
125
125
125
125
125
125
125
125
125
125
125
125
125
125
125
125
125
125
125
125
125
125
125
124
125
125
125
125
126
126
126
125
125
125
125
125
126
126
126
126
125
125
125
125
125
125
125
125
125
125
125
126
126
126
126
126
126
125
125
125
125
125
125
125
125
125
126
125
125
125
125
125
125
125
125
125
125
125
125
125
125
125
125
125
125
125
125
125
125
125
124
125
125
125
126
126
126
125
125
125
125
125
125
125
125
125
125
125
125
125
125
125
125
125
125
125
125
125
125
125
125
125
125
125
125
126
125
125
125
126
126
125
125
125
125
125
125
125
125
125
125
125
125
125
125
125
125
125
126
126
126
126
126
126
125
125
125
125
125
125
125
125
125
125
125
125
125
125
125
125
125
125
125
125
125
125
125
125
125
125
125
126
125
126
125
125
126
125
125
125
125
125
125
125
125
125
125
125
125
125
125
125
125
125
125
125
125
125
125
125
125
125
125
125
125
125
125
125
125
125
125
125
126
126
125
125
125
125
125
125
125
125
125
125
126
125
125
125
125
126
126
125
125
125
125
125
125
125
125
125
125
125
125
125
125
125
125
125
125
125
125
125
125
125
125
126
125
125
125
125
125
125
125
125
125
125
125
125
125
125
125
125
125
126
125
125
125
125
125
125
125
125
125
125
125
125
125
125
125
125
125
125
125
125
125
125
125
125
125
125
125
125
125
125
125
125
125
125
125
125
125
125
125
125
125
125
125
125
125
125
125
125
125
125
125
125
125
125
125
125
125
125
125
125
125
125
125
125
126
125
125
125
125
125
125
125
126
125
125
125
126
126
125
125
125
125
125
125
125
125
124
125
125
125
125
125
125
125
126
126
126
126
125
126
125
125
125
125
125
125
125
125
125
125
125
125
125
125
125
125
125
125
125
125
125
125
125
125
125
125
125
125
125
125
126
125
125
125
125
125
125
125
125
125
125
125
125
125
125
125
125
125
125
125
125
125
125
125
125
125
125
125
125
125
125
125
125
125
125
125
125
125
125
125
125
125
125
125
125
125
125
125
125
125
126
125
125
125
125
125
125
125
125
125
125
125
125
125
125
125
125
125
125
126
125
125
125
125
125
125
125
125
125
125
125
125
125
125
125
125
125
125
125
125
125
125
125
125
125
125
125
126
125
126
125
125
125
125
125
126
125
125
125
125
125
125
125
125
125
125
125
126
126
127
122
124
124
125
125
126
126
126
125
126
125
125
125
125
125
125
125
126
125
125
125
125
125
125
125
125
125
125
125
125
125
125
126
126
125
125
126
126
125
126
126
126
126
126
125
125
125
125
125
126
126
125
125
125
126
126
126
125
125
125
125
121
124
125
124
126
127
125
124
125
125
125
127
128
127
127
127
127
127
126
126
125
124
125
125
125
126
126
126
125
126
126
126
125
125
125
125
125
125
125
125
124
125
126
125
124
125
126
126
126
125
125
125
125
125
125
126
125
125
125
125
126
126
126
125
126
125
125
125
126
126
125
125
126
126
125
124
125
125
124
123
123
123
127
133
136
135
132
129
128
120
107
106
127
140
124
103
109
127
133
129
126
124
132
148
144
124
119
129
129
122
120
122
124
128
128
122
118
121
126
123
119
121
126
126
125
126
126
125
126
130
130
129
129
128
127
129
130
126
122
122
124
123
122
123
125
124
124
125
127
127
125
124
124
124
124
125
130
125
124
127
131
128
124
124
126
128
125
122
123
128
128
124
123
126
127
125
124
125
125
124
124
126
127
124
122
124
129
129
123
120
124
128
127
123
124
128
128
124
124
127
128
125
124
126
127
124
121
124
128
127
124
124
127
128
126
124
124
126
125
123
126
130
128
123
122
125
128
125
122
125
127
126
123
123
125
124
122
123
124
125
125
124
125
126
128
128
126
126
127
127
126
125
126
125
125
125
125
126
126
126
124
125
126
126
123
122
123
125
122
122
124
125
126
125
124
126
127
126
125
127
128
128
123
126
126
127
125
124
126
127
126
123
123
125
126
125
123
124
126
126
124
123
126
127
126
124
125
126
126
124
124
125
126
125
125
126
127
126
125
124
125
126
126
125
124
125
125
125
124
124
125
126
126
125
125
125
125
125
126
127
125
119
113
119
133
134
122
120
145
170
136
72
74
132
166
139
95
94
129
152
142
114
106
137
155
122
101
122
137
133
131
128
112
104
114
127
140
159
143
96
102
141
157
125
101
117
133
128
122
126
125
120
124
127
124
122
131
154
111
127
115
118
129
131
125
122
124
128
128
126
127
129
128
124
123
125
125
123
119
106
116
130
125
124
127
130
131
130
128
126
126
127
125
124
126
128
127
126
126
127
129
128
126
125
125
125
125
126
128
127
126
125
126
125
125
126
126
126
126
125
125
126
128
125
120
121
124
127
128
129
128
129
130
128
125
125
126
127
127
124
122
122
125
127
127
125
125
126
130
125
126
126
127
125
125
126
126
127
126
123
121
123
126
126
124
123
126
126
126
127
125
124
124
125
126
125
125
124
124
125
128
129
126
126
125
127
126
124
125
126
127
127
126
127
127
125
125
125
126
125
126
127
127
123
123
125
126
125
125
126
126
127
131
135
126
112
115
130
132
123
119
124
122
119
128
147
142
113
112
132
137
127
123
123
122
124
126
125
125
126
126
125
124
124
126
129
129
126
126
128
125
124
125
124
122
124
127
127
126
125
124
125
125
128
127
127
126
126
127
126
126
124
123
125
137
127
124
123
123
122
124
126
126
125
127
124
122
126
125
124
127
129
128
127
126
100
125
125
125
125
125
125
125
125
125
125
125
125
125
125
125
125
125
125
125
125
125
125
125
125
125
125
125
125
125
125
125
125
125
125
125
125
125
125
125
125
125
125
125
125
125
125
125
125
125
125
125
125
125
125
125
125
125
125
125
125
125
125
125
125
125
125
125
125
125
125
125
125
125
125
125
125
125
125
125
125
125
125
125
125
125
125
125
125
125
125
125
125
125
125
125
125
125
125
125
125
125
125
125
126
126
126
126
126
126
125
126
126
126
126
125
126
126
126
126
126
126
125
126
125
125
125
125
126
126
125
126
126
126
125
126
125
125
125
126
126
126
125
126
126
125
126
126
126
126
126
126
126
126
126
126
126
126
126
126
125
126
125
126
125
126
125
125
125
125
125
125
126
126
125
126
126
125
125
125
126
125
125
125
125
125
125
125
125
125
125
125
125
125
125
125
125
125
125
125
126
125
125
125
125
125
125
125
125
125
125
125
125
125
125
125
125
125
125
125
125
125
125
125
125
125
125
125
125
125
125
125
125
125
126
125
125
125
125
125
125
126
125
126
125
125
125
126
125
125
125
125
126
125
125
125
125
126
125
125
125
125
125
125
125
125
125
125
125
125
125
126
125
125
125
125
125
125
126
125
126
126
125
125
125
125
125
125
125
125
125
125
125
125
126
125
125
125
125
125
125
125
125
125
125
125
126
125
125
125
125
125
125
125
125
125
126
126
125
125
125
125
125
125
125
125
125
125
125
125
125
125
125
125
125
125
125
125
125
125
125
125
125
125
125
125
125
125
125
125
125
125
125
125
124
