129
128
125
127
125
124
51
126
126
126
126
126
126
126
126
126
125
126
126
125
125
126
126
126
126
126
126
125
125
126
126
126
126
126
126
126
126
126
126
126
126
126
126
126
126
126
126
126
126
126
126
126
126
126
126
126
126
126
126
126
126
125
126
126
126
126
126
126
126
125
125
126
126
126
126
126
125
125
126
125
126
125
126
125
126
125
126
125
126
126
125
125
125
126
126
125
125
126
125
125
126
126
126
125
125
126
125
126
126
125
126
125
125
125
126
125
126
125
126
126
125
125
126
126
126
126
126
125
126
125
126
125
126
125
126
126
125
126
125
126
125
126
126
125
126
126
125
125
126
126
126
125
125
126
126
126
126
126
126
126
126
125
126
125
125
126
126
125
126
126
126
126
125
126
126
126
126
126
126
125
126
126
126
125
126
125
126
126
126
125
126
126
126
126
125
125
126
126
125
126
126
125
125
125
125
125
125
126
125
126
126
126
126
126
126
125
126
125
126
126
126
126
125
125
125
125
126
125
126
125
125
125
125
125
125
125
125
125
125
125
125
125
125
125
126
126
126
126
126
126
126
125
125
125
125
125
125
125
125
125
125
125
125
125
125
125
125
125
125
125
125
125
125
125
125
125
125
125
125
125
125
125
125
125
125
125
125
125
125
125
125
125
125
125
125
125
125
125
125
125
125
125
125
125
125
125
125
125
125
125
125
125
125
125
125
125
125
125
125
125
125
125
125
125
125
125
125
125
125
125
125
125
125
125
125
125
125
125
125
125
125
125
125
125
125
125
125
125
125
125
125
125
125
125
125
125
125
125
125
125
125
125
125
125
125
125
125
125
125
125
125
125
125
125
125
125
125
125
125
125
125
125
125
125
125
125
125
125
125
125
125
125
125
125
125
125
125
125
125
125
125
125
125
125
125
125
125
125
125
125
125
125
125
125
125
125
125
125
125
125
125
125
125
125
125
125
125
125
125
125
125
125
125
125
125
125
125
125
125
125
125
125
125
125
125
125
125
125
125
125
125
125
125
125
125
125
125
126
125
125
125
125
125
125
125
125
125
125
125
125
125
125
125
125
125
125
125
125
125
125
125
125
126
126
126
125
126
126
125
125
125
125
125
125
126
126
126
126
126
126
126
126
126
125
122
124
126
125
122
122
126
128
126
122
122
132
139
138
135
129
107
83
86
116
155
194
187
97
23
97
223
205
66
62
156
145
85
131
141
42
85
242
255
117
14
3
176
255
135
27
121
154
89
112
201
177
56
55
133
165
166
127
61
75
168
190
109
74
110
141
149
138
110
99
130
156
122
98
132
155
137
114
101
109
130
135
130
133
130
120
120
124
121
124
134
131
118
121
132
127
117
123
133
132
125
121
122
129
133
127
119
121
128
130
124
120
124
130
130
127
127
128
125
122
124
126
126
126
125
125
125
126
126
125
124
126
127
126
126
127
126
125
125
126
124
124
125
127
127
126
126
127
127
126
125
126
127
125
122
122
125
127
128
127
126
126
125
126
127
127
127
126
126
124
123
125
126
126
124
125
126
127
126
125
126
128
127
124
122
123
127
129
129
127
128
125
124
127
128
125
121
123
126
126
124
123
125
126
125
123
123
130
134
127
116
119
132
136
127
118
120
126
126
122
126
135
130
117
123
139
135
116
106
118
140
144
123
107
118
134
128
118
126
137
127
114
121
135
133
124
123
124
123
127
127
118
121
139
138
114
109
134
141
122
112
119
128
138
132
112
111
133
140
124
115
123
132
132
125
117
119
129
134
130
123
119
120
125
133
134
123
112
116
132
141
129
111
115
135
134
114
120
143
137
111
109
132
137
120
117
132
136
125
115
112
122
138
141
125
114
120
126
126
123
127
133
127
119
119
126
129
126
126
128
130
125
119
118
124
132
132
125
120
122
126
127
126
125
125
125
126
125
123
125
128
128
123
121
125
128
126
124
125
127
126
125
126
126
124
124
125
127
125
123
123
124
126
127
126
124
121
124
127
126
126
125
125
127
128
126
125
125
126
126
125
125
125
126
126
127
127
127
127
125
124
125
127
127
125
125
124
124
125
125
123
124
125
126
128
128
127
127
127
127
126
125
125
126
126
125
125
125
125
125
125
126
127
126
126
126
126
125
125
125
126
126
124
123
125
126
126
126
126
126
127
126
126
126
126
126
126
125
125
125
125
125
125
126
126
126
125
126
126
126
125
125
125
125
125
125
126
126
126
126
125
125
125
125
125
125
125
125
126
125
126
125
125
125
125
126
126
126
126
126
126
125
126
126
126
125
125
126
126
125
125
125
126
126
126
126
125
125
126
126
125
125
125
126
126
126
126
126
125
126
126
126
126
125
125
126
126
126
126
125
125
125
126
126
126
126
125
125
126
126
126
125
125
125
126
126
126
126
125
126
126
126
125
125
126
126
126
125
125
125
126
126
125
125
125
125
125
126
126
125
125
126
126
126
126
126
125
125
125
126
126
125
128
127
126
125
124
124
125
126
126
126
124
123
125
127
127
125
125
125
125
126
126
126
126
126
125
125
126
126
126
125
126
127
124
122
124
127
127
126
128
125
125
126
126
124
124
125
124
125
125
126
126
125
124
124
125
126
127
126
125
125
126
127
127
126
125
124
125
126
127
126
125
124
124
124
125
126
126
126
125
124
124
124
126
127
126
124
124
125
125
125
124
124
126
126
127
126
125
126
126
126
125
124
125
125
125
125
124
125
126
126
126
125
125
125
125
125
126
125
125
124
124
125
125
126
125
125
125
125
126
126
126
125
125
125
125
125
125
125
125
125
125
125
125
125
125
125
126
126
125
125
125
125
126
125
125
126
126
126
125
125
125
125
125
126
125
125
125
125
125
125
125
125
125
125
126
125
125
125
125
125
126
125
125
125
125
125
125
126
125
125
125
125
125
125
125
125
125
125
125
125
125
126
125
125
125
125
125
125
125
125
125
126
125
125
125
125
125
125
126
125
125
125
125
125
126
125
126
125
125
125
125
126
126
126
125
125
125
125
127
127
126
123
123
125
126
125
124
126
128
124
120
126
131
126
118
121
131
131
132
112
124
129
128
126
125
124
125
128
127
124
124
126
125
124
124
126
127
126
125
124
125
125
125
126
127
127
125
125
125
125
125
127
126
124
124
126
126
126
126
127
126
125
125
126
125
125
126
127
126
124
125
126
127
127
126
125
125
126
126
126
126
124
124
116
93
126
121
126
128
130
133
134
131
129
129
128
128
128
127
125
123
125
127
128
128
124
122
124
128
130
129
127
123
120
122
127
131
131
124
119
121
129
133
130
123
119
122
126
128
127
126
125
124
125
126
128
126
125
125
125
125
126
128
126
122
124
126
126
126
127
126
126
125
127
127
126
124
123
124
126
127
126
126
126
125
124
125
127
127
126
125
125
125
125
125
125
126
125
125
125
127
126
126
126
127
125
124
125
127
127
126
125
124
124
125
127
127
125
123
125
127
127
126
125
124
126
126
124
125
126
126
127
127
124
124
125
126
126
127
127
127
124
124
126
127
126
125
124
126
127
126
125
125
127
127
132
128
124
124
126
125
120
123
123
123
123
125
125
125
126
129
127
125
123
125
127
127
125
125
126
126
125
125
125
127
127
126
124
124
127
126
125
125
127
125
127
124
126
125
125
126
123
124
125
125
125
126
124
124
125
127
126
125
125
126
128
128
127
124
125
124
125
126
126
133
128
124
124
125
124
125
124
124
124
126
126
124
123
123
125
124
125
125
124
125
125
126
127
128
127
127
127
127
125
124
124
123
125
125
125
127
128
127
126
125
124
126
125
123
124
124
126
126
125
124
124
125
126
125
126
50
125
126
126
126
126
126
125
126
126
126
126
126
126
126
126
126
126
126
126
126
126
126
125
125
125
126
125
125
125
126
126
125
125
125
125
126
126
125
126
126
126
126
126
125
125
126
126
126
125
126
126
126
125
125
126
125
126
126
126
126
126
125
125
125
125
125
125
125
126
125
125
125
126
125
125
125
126
126
125
125
125
125
125
125
126
125
125
125
125
126
126
126
126
125
125
125
125
125
125
125
125
125
125
125
125
125
125
125
125
125
125
125
125
125
125
125
125
125
125
125
125
125
125
125
125
125
125
125
125
125
125
125
125
125
125
125
125
125
125
125
125
125
125
125
125
125
125
125
125
125
125
125
125
125
125
125
125
125
125
125
125
125
125
125
125
125
125
125
125
125
125
125
125
125
125
125
125
125
125
125
125
125
125
125
125
125
125
125
125
125
125
125
125
125
125
125
125
125
125
125
125
125
125
125
125
125
125
125
125
125
125
125
125
125
125
125
125
125
125
125
125
125
125
125
125
125
125
125
125
125
125
125
125
125
125
125
125
125
125
125
125
125
125
125
125
125
125
125
125
125
125
125
125
125
125
125
125
125
125
125
125
125
125
125
125
125
125
125
125
125
125
125
125
125
125
125
125
125
125
125
125
125
126
124
125
125
125
126
126
126
126
125
126
125
125
125
126
126
126
126
125
126
125
125
125
125
125
125
126
126
125
126
126
126
126
126
125
126
126
126
126
126
126
126
126
126
125
125
126
126
126
126
126
126
126
126
126
126
126
125
126
126
126
125
126
125
125
126
126
125
126
126
126
128
