118
121
128
132
128
128
79
125
125
125
125
125
125
125
125
125
125
125
125
126
125
125
125
125
125
125
125
125
126
125
126
125
125
125
125
125
125
125
125
125
125
125
125
125
125
125
125
125
125
125
125
126
125
125
125
125
125
125
125
125
125
125
125
125
125
125
125
125
125
125
125
125
125
125
125
125
125
125
125
125
125
125
126
125
125
125
126
125
125
126
125
125
125
125
125
125
125
125
125
125
125
125
125
125
125
125
125
125
125
125
125
125
126
125
126
125
125
125
125
125
125
125
125
125
125
125
125
125
125
125
125
125
125
125
125
125
125
125
125
125
125
125
125
125
125
125
125
125
125
125
125
126
125
125
125
125
125
125
125
125
125
125
125
125
125
125
125
125
125
125
125
125
125
125
125
125
125
125
125
125
125
125
125
125
125
125
125
125
125
125
125
125
125
125
126
125
125
125
125
125
125
125
125
125
125
125
125
125
126
125
125
125
125
125
125
125
125
125
125
125
125
125
125
125
125
125
125
126
124
125
126
126
126
126
126
126
126
126
126
126
126
126
126
126
126
126
126
126
126
126
126
126
126
126
126
126
126
126
126
126
126
126
126
126
126
126
126
126
126
126
126
126
126
126
126
126
125
126
125
126
126
126
126
125
126
126
126
126
126
126
126
126
126
126
126
126
126
126
126
126
126
125
126
126
126
126
126
126
126
126
126
126
125
126
125
126
125
125
125
126
126
125
125
125
125
125
126
125
126
125
126
125
126
125
125
125
126
125
125
126
126
125
126
126
125
126
125
126
126
125
126
126
126
125
126
125
126
125
125
126
126
125
126
125
125
126
126
126
126
125
126
125
126
125
125
125
125
126
125
125
125
125
125
125
125
126
126
126
126
126
126
125
126
125
125
125
125
126
126
126
126
126
126
126
126
126
126
126
126
125
125
126
125
125
126
126
125
125
126
125
125
126
125
125
126
126
125
125
126
125
125
125
125
126
125
126
125
126
126
125
125
125
125
126
125
125
125
125
126
125
125
126
126
126
125
125
125
125
125
125
125
125
125
125
125
125
125
125
125
125
125
125
125
125
125
125
125
125
125
125
125
125
125
125
125
125
125
125
125
125
125
125
125
125
125
125
125
125
125
125
125
125
125
125
125
125
125
125
125
125
125
125
125
125
125
125
125
125
125
125
125
125
125
125
125
125
125
125
125
125
125
125
125
125
125
125
125
125
125
125
125
125
125
125
125
125
125
125
125
125
125
125
125
125
125
125
125
125
125
125
125
125
125
125
125
125
125
125
125
125
125
125
125
125
125
125
125
126
125
125
125
125
125
125
125
125
125
125
125
126
126
126
126
125
125
125
127
127
126
125
122
117
115
122
132
136
132
132
129
118
114
125
134
123
120
132
130
124
126
137
103
78
145
215
135
14
99
215
163
37
118
221
131
27
110
184
157
100
100
98
122
179
170
111
64
101
157
158
116
105
119
129
134
136
121
109
123
138
131
122
122
125
127
126
118
114
120
131
136
133
129
124
118
117
124
130
132
131
125
116
114
122
132
136
131
122
116
118
128
136
132
122
119
124
129
128
122
120
124
128
129
128
125
123
124
126
126
125
125
125
125
127
127
125
124
125
126
126
125
125
124
125
127
127
125
124
125
127
128
128
126
123
122
124
125
125
123
123
126
129
128
124
123
127
128
126
124
123
124
126
126
125
123
124
125
127
127
126
126
126
126
126
126
126
126
125
125
125
125
125
125
125
125
125
125
125
125
126
126
126
126
126
126
125
125
125
125
125
125
125
125
125
125
126
126
126
126
127
126
126
126
125
125
125
126
125
124
125
126
125
124
125
126
125
125
125
126
126
126
125
125
126
126
124
124
126
126
125
125
125
126
125
126
126
126
125
125
125
125
125
125
125
125
125
125
125
126
125
125
125
126
126
126
125
125
125
125
125
125
125
125
125
125
125
126
126
125
125
126
127
127
126
125
126
126
125
125
124
125
125
124
124
125
126
126
125
125
125
126
126
126
125
127
126
126
125
125
124
125
126
125
125
125
126
126
125
125
126
126
125
124
125
126
126
125
125
125
126
126
125
125
126
126
126
125
125
126
126
125
124
125
126
127
124
122
124
126
127
127
126
125
124
126
126
126
124
125
126
127
126
126
126
125
125
127
127
126
125
125
126
126
126
125
125
125
125
125
125
125
125
125
125
125
125
126
125
125
125
125
126
125
125
126
126
125
125
125
125
125
126
126
126
126
125
125
125
126
126
125
125
125
125
125
125
125
125
125
125
125
126
125
125
125
125
126
126
125
124
125
126
126
125
125
125
126
126
126
125
125
125
126
126
126
125
125
126
126
126
126
125
125
126
126
124
124
125
126
125
124
125
126
125
125
125
125
126
126
125
126
125
125
125
125
126
125
125
125
125
128
123
126
126
125
125
127
128
127
125
125
125
125
126
126
125
125
126
125
125
125
126
126
126
126
125
125
126
127
127
126
125
126
126
126
125
126
127
125
124
126
127
127
125
125
125
126
126
127
127
126
126
126
124
123
124
127
128
127
126
126
125
125
125
125
125
124
125
126
127
128
127
127
123
123
124
126
125
126
125
125
127
128
128
127
127
131
126
124
124
123
122
124
126
126
127
128
127
126
124
122
121
124
127
126
125
126
127
126
124
124
126
125
122
123
125
129
130
128
126
125
125
125
125
125
125
128
128
126
124
126
127
125
124
124
124
124
125
126
126
128
128
126
125
125
127
128
125
122
121
121
121
123
127
130
129
126
126
129
132
132
128
126
125
122
119
120
123
122
118
119
126
133
132
124
123
133
139
132
122
121
124
121
115
121
129
126
119
123
130
133
132
125
123
127
128
128
128
121
121
131
127
115
124
135
126
121
126
121
120
138
136
115
123
138
120
116
142
134
102
115
141
124
113
141
137
104
107
141
140
123
124
132
119
114
130
139
124
114
124
131
118
114
138
153
130
103
114
137
132
122
128
130
121
116
117
124
132
134
127
116
109
115
131
141
135
130
133
124
97
98
139
165
141
107
109
122
119
120
134
140
131
125
125
121
118
120
128
137
136
118
108
120
132
127
122
130
134
124
119
126
132
127
124
127
130
124
118
119
123
126
129
131
129
125
121
117
116
121
131
133
126
121
124
129
130
129
129
125
120
122
125
125
127
122
129
133
128
119
122
126
128
129
135
133
117
107
120
133
127
121
124
125
120
123
130
127
122
128
133
128
128
131
127
118
115
118
118
116
132
145
132
115
120
135
138
132
124
117
119
123
124
126
132
127
114
119
136
140
129
115
114
126
136
130
119
118
128
132
127
120
114
113
125
141
146
135
117
107
118
133
134
127
126
122
116
116
123
130
133
130
125
122
124
127
128
125
121
125
130
125
115
118
127
129
128
129
128
125
124
125
125
126
128
126
124
122
122
127
132
128
122
122
127
129
128
127
125
123
122
124
129
126
118
117
126
129
126
125
129
128
124
125
128
126
122
122
125
128
129
125
118
118
130
140
135
120
118
123
126
129
130
128
124
123
123
122
125
138
135
109
95
121
147
144
129
116
108
122
144
140
119
115
120
121
130
136
123
112
126
136
129
125
122
121
126
126
117
123
130
123
126
140
131
113
116
131
132
121
115
120
136
138
124
119
127
127
121
120
122
127
132
127
119
119
124
126
128
129
127
127
127
121
119
127
130
129
127
126
123
122
125
130
127
117
114
124
138
141
128
110
111
130
140
130
121
126
117
124
134
131
117
116
124
129
123
116
125
137
129
118
125
131
124
118
126
132
128
126
131
130
119
106
111
131
142
133
122
123
130
128
122
116
116
125
134
137
133
78
125
125
126
125
125
125
125
126
126
125
126
125
125
125
125
125
125
125
125
125
125
125
125
125
125
125
125
125
125
125
125
125
125
125
125
125
125
125
125
125
125
125
125
125
125
125
125
125
125
125
125
125
125
126
126
125
125
125
125
125
125
125
125
125
125
125
125
125
125
125
125
125
125
125
125
125
125
125
125
125
125
125
125
125
125
125
125
125
126
125
125
125
125
125
125
125
125
126
125
125
125
125
125
125
125
125
125
125
125
125
125
125
125
125
125
125
125
125
125
125
125
125
125
125
125
125
125
125
125
125
125
125
125
125
125
125
125
125
125
125
125
125
125
125
125
125
125
125
125
125
125
125
125
125
125
125
125
125
125
125
125
125
125
125
125
125
125
125
125
125
125
125
125
125
125
125
125
125
125
125
125
125
125
125
125
125
125
125
125
125
125
125
125
125
125
125
125
125
125
125
125
126
125
125
125
125
125
125
125
125
125
126
126
125
125
125
125
125
125
125
125
125
125
125
125
125
125
125
125
125
125
125
125
125
125
125
125
125
125
125
125
125
125
125
125
125
125
125
125
125
125
125
125
125
125
126
126
126
126
126
126
126
126
126
126
125
126
125
126
125
126
126
125
126
126
125
126
126
125
125
125
126
126
125
126
126
126
125
125
125
125
125
126
125
125
125
125
125
126
125
125
125
125
125
126
125
126
126
126
125
126
125
125
125
126
126
125
126
125
125
126
125
125
125
126
125
126
126
125
125
125
126
126
125
125
125
125
125
125
126
126
125
126
125
126
125
125
125
126
125
125
125
125
121
