124
124
125
125
125
125
45
125
125
125
125
125
125
125
125
125
125
125
125
125
125
125
125
126
125
125
125
125
125
125
125
125
125
125
125
125
125
125
125
125
125
125
125
125
125
125
125
125
125
125
125
125
125
125
125
126
125
125
125
125
125
125
125
125
125
125
125
125
125
125
125
125
126
126
125
125
125
125
125
125
125
125
125
125
125
125
125
125
125
125
125
125
125
125
125
125
125
125
125
125
125
125
125
125
125
125
125
125
125
125
125
125
125
125
125
125
125
125
125
125
125
125
125
125
125
125
125
125
125
125
125
125
125
125
125
125
125
125
125
125
125
125
125
125
125
125
125
125
125
125
125
125
125
125
125
125
125
125
125
125
125
125
125
125
125
125
125
125
125
125
125
125
125
125
125
125
125
125
125
125
125
125
125
125
125
125
125
125
125
125
125
125
125
125
125
125
125
125
125
125
125
125
125
125
125
125
125
125
125
125
125
125
125
125
125
125
125
125
125
125
125
125
125
125
125
125
125
125
125
125
125
125
125
125
125
125
125
125
125
125
125
125
125
125
125
125
125
125
125
125
125
125
125
125
125
125
125
125
126
126
125
125
125
126
125
125
126
126
124
123
123
125
125
125
125
127
128
129
129
128
125
123
122
120
120
126
132
126
117
127
138
128
115
121
131
126
119
122
125
129
133
126
118
127
134
129
131
131
106
91
120
153
143
117
122
139
129
114
118
128
123
117
122
132
134
125
110
114
142
157
127
98
106
132
143
143
120
99
118
130
118
135
165
141
94
98
133
137
114
108
130
145
118
102
137
168
151
115
85
89
136
165
133
96
125
152
119
87
111
150
159
141
118
106
118
137
134
115
109
118
126
131
137
134
122
119
127
128
120
121
129
131
129
129
125
119
120
128
130
127
122
121
121
121
123
129
134
132
123
119
122
129
132
128
124
122
122
123
123
123
125
128
131
129
126
125
126
126
124
122
123
123
123
123
125
128
129
128
126
126
127
127
125
123
122
124
125
126
125
124
124
126
127
128
127
125
123
124
125
127
128
127
125
124
123
124
126
127
128
127
125
125
125
125
125
125
125
125
125
125
126
127
127
126
126
125
125
125
125
125
125
126
126
125
126
126
126
126
126
126
125
125
125
125
125
126
126
126
126
125
125
126
126
126
125
125
125
126
125
125
125
125
125
125
126
125
125
126
126
126
126
126
125
125
125
125
125
125
125
125
126
126
126
126
126
126
127
127
126
125
125
124
125
125
125
125
125
126
125
126
126
126
125
125
125
125
126
125
126
125
125
125
125
125
125
125
125
125
125
126
125
125
125
125
125
125
125
126
126
126
126
126
127
126
125
125
125
125
125
125
125
125
125
125
125
125
125
125
125
125
125
126
126
126
126
125
125
125
125
125
125
125
124
125
125
125
126
126
126
126
126
125
125
125
125
125
125
125
126
126
126
126
126
125
125
126
126
125
126
126
126
126
126
125
125
125
125
125
125
125
126
126
125
125
126
125
125
126
126
125
125
126
126
125
125
126
125
125
125
126
126
125
125
126
126
125
125
126
125
125
125
125
126
126
126
125
125
125
125
126
125
125
125
125
125
125
125
126
125
125
125
125
126
125
125
124
125
126
126
125
126
126
125
125
125
126
126
126
125
126
126
126
125
126
126
126
126
125
125
126
126
125
126
126
127
125
125
125
125
125
125
125
125
125
126
126
126
126
126
126
125
125
126
126
125
125
126
125
125
125
126
125
125
125
125
125
125
125
125
125
125
125
125
125
125
125
126
126
125
126
126
126
126
126
125
125
125
125
125
125
126
125
125
126
125
125
125
125
125
125
125
125
125
125
126
126
126
125
125
125
125
125
126
125
126
125
125
125
125
126
126
126
125
126
125
125
125
125
125
125
125
125
125
125
125
125
125
125
125
125
125
125
125
125
125
125
125
125
125
126
125
125
125
126
125
125
125
125
125
125
125
125
125
125
126
126
128
126
125
125
125
125
125
125
125
125
125
125
125
125
125
126
126
126
125
125
125
125
125
125
125
125
125
125
125
125
125
125
125
125
124
124
125
126
126
126
126
126
126
126
125
125
125
126
125
125
125
126
126
125
125
125
125
125
125
125
125
125
125
125
125
125
125
125
125
125
125
125
125
125
126
125
125
125
125
125
125
125
125
126
125
125
125
125
125
125
125
125
125
125
125
126
124
125
125
125
126
126
126
126
125
126
125
125
125
125
125
125
125
125
125
125
125
125
125
125
126
125
126
125
125
125
126
125
125
125
125
125
125
125
126
125
125
125
125
125
125
125
125
125
125
125
125
125
125
125
126
125
125
125
126
125
125
125
125
125
125
126
125
125
125
125
125
125
125
125
125
125
125
125
125
125
125
126
126
125
125
125
125
125
126
125
125
125
126
125
125
125
125
125
125
125
126
125
125
125
125
125
125
125
125
125
125
125
125
125
125
126
126
126
125
125
125
125
125
125
125
125
125
125
126
125
125
125
125
125
125
125
125
125
125
126
125
126
125
125
125
125
125
125
125
125
125
125
125
125
125
125
125
125
126
129
126
125
125
125
124
125
125
125
125
125
125
125
125
125
125
125
125
126
126
126
125
125
125
125
125
125
126
126
125
125
126
126
125
125
126
125
122
125
125
125
126
127
126
126
126
126
125
125
125
125
125
125
125
125
125
126
125
125
125
125
125
126
125
125
125
125
125
125
125
126
125
125
125
125
125
126
125
125
126
125
125
125
125
125
125
126
126
125
125
125
125
125
125
125
126
125
126
125
125
125
125
125
126
126
125
125
125
126
126
125
125
125
125
126
125
125
125
125
125
126
125
125
126
126
125
124
125
127
126
125
125
125
125
125
125
126
125
125
125
125
126
126
125
124
124
125
126
126
126
125
125
126
127
126
126
125
124
124
125
125
126
125
125
125
125
126
126
125
125
125
125
125
125
125
125
125
126
126
125
125
126
125
126
125
125
125
125
125
125
125
125
125
126
126
126
126
125
125
126
125
125
125
125
126
126
125
125
126
125
125
125
125
125
125
126
125
125
125
126
125
125
125
125
126
125
125
126
125
136
74
120
126
129
128
130
129
129
128
128
128
128
126
126
126
127
127
127
126
127
126
126
127
127
127
127
125
131
128
128
126
126
125
125
126
125
127
128
127
125
126
126
126
126
126
126
126
126
126
127
126
126
125
120
125
126
126
127
129
127
127
127
126
126
126
127
127
127
126
126
126
126
122
120
124
125
125
127
129
128
128
127
127
126
126
126
125
125
126
126
126
126
126
125
125
125
126
126
125
125
126
125
126
125
125
124
125
125
124
124
125
125
125
126
126
125
125
125
125
125
126
126
126
125
125
125
126
125
126
125
125
126
126
126
125
125
125
126
126
126
126
126
126
126
125
125
125
126
127
125
126
126
126
125
125
126
126
125
124
126
126
126
126
126
126
126
125
125
126
126
126
126
125
126
126
125
125
125
125
126
125
127
125
125
126
126
125
126
125
125
125
125
126
126
125
126
126
126
126
125
125
125
125
126
125
126
125
126
126
126
126
125
125
126
126
126
123
126
127
126
125
126
126
134
126
126
125
125
122
122
124
124
125
125
126
126
126
125
125
126
125
125
126
126
127
126
126
125
125
124
126
125
125
124
125
125
125
125
126
124
124
126
126
126
126
126
126
125
125
125
126
126
126
132
128
126
124
123
122
123
125
124
124
125
125
124
125
125
126
125
125
125
125
126
125
125
125
125
125
126
125
126
126
126
126
126
125
114
125
125
126
128
130
129
127
127
127
125
125
126
125
125
126
125
125
125
125
125
125
125
126
125
126
125
125
46
126
126
126
125
125
125
125
125
125
125
125
126
125
126
126
125
125
125
125
126
125
126
125
125
125
126
125
125
125
125
125
125
125
125
125
125
125
125
125
125
125
125
125
126
125
125
125
125
125
125
125
125
125
125
125
125
125
125
125
126
125
125
126
125
125
125
125
125
126
125
125
125
126
125
125
125
125
125
125
125
125
125
125
125
125
125
125
125
125
125
125
125
125
125
126
125
125
125
125
125
125
125
125
125
125
125
125
125
125
125
125
125
125
125
125
125
125
125
126
125
125
125
125
125
125
125
125
125
125
125
125
125
125
125
125
125
125
125
125
125
125
126
125
125
125
125
125
125
125
125
125
125
125
125
125
125
125
125
126
126
125
125
125
125
125
125
125
125
125
125
125
125
125
125
125
125
125
125
125
125
125
125
125
125
125
125
125
125
125
125
125
125
125
125
125
125
125
125
125
125
125
125
125
125
125
125
125
125
125
125
125
125
125
125
125
125
125
125
125
125
125
125
125
125
125
125
125
125
125
125
125
125
125
125
125
125
125
125
125
125
125
125
125
125
125
125
125
125
125
125
125
125
125
126
125
125
125
125
125
125
125
125
125
125
125
125
125
126
125
126
126
126
126
125
125
125
124
124
125
126
127
125
123
125
128
128
124
121
123
125
127
127
124
122
126
130
129
125
124
127
127
114
107
128
157
156
126
97
94
107
118
124
154
191
155
66
36
106
187
202
143
66
103
183
141
36
83
248
221
2
8
206
216
82
106
160
100
87
167
160
73
88
152
133
105
136
154
134
120
113
105
113
134
124
