126
125
126
126
125
124
77
126
126
126
126
126
125
126
126
126
125
126
126
126
126
126
126
126
126
125
126
125
125
126
126
125
125
125
126
125
126
126
126
126
125
126
126
126
126
125
126
125
126
126
125
125
125
125
126
126
126
125
125
125
125
126
125
126
125
126
126
125
125
125
125
125
125
125
125
125
125
125
125
125
125
125
125
125
125
125
125
125
125
125
125
125
125
125
125
125
125
125
125
125
125
125
125
125
125
125
125
125
125
125
125
125
125
125
125
125
125
125
125
125
125
125
126
125
125
125
126
125
125
125
125
125
125
125
126
125
125
125
125
125
125
125
125
125
125
125
126
126
125
125
125
125
126
125
125
125
125
125
125
125
125
125
126
126
126
126
125
125
125
125
125
125
125
125
125
125
126
125
125
125
125
125
126
126
126
125
125
125
125
125
125
125
125
126
125
125
125
125
125
125
125
125
125
125
125
125
126
125
125
125
125
125
125
125
125
125
125
125
125
125
125
125
125
125
125
125
125
125
125
125
125
125
125
125
125
126
126
125
125
125
125
125
125
125
125
125
125
125
125
125
125
125
125
125
125
125
125
125
125
125
125
125
125
125
125
125
125
125
125
125
125
125
125
125
125
125
125
125
125
125
125
125
125
125
125
125
125
125
125
126
125
125
125
125
125
125
125
125
125
125
125
125
125
125
125
125
125
125
125
125
125
125
125
125
125
125
125
125
125
125
125
125
125
125
125
125
125
125
125
125
125
125
125
125
125
125
125
125
125
125
125
125
125
125
125
126
125
126
125
126
126
125
125
125
125
125
125
125
126
126
125
125
125
125
125
125
125
125
125
125
125
125
125
125
125
125
125
126
125
125
125
125
126
126
125
125
125
125
125
125
125
125
125
125
125
125
125
125
125
125
125
125
125
125
125
125
125
126
125
125
125
125
125
125
125
125
125
125
125
125
125
125
125
126
126
126
125
125
125
125
125
125
125
125
125
125
126
126
125
125
125
125
125
125
125
125
125
125
125
125
125
125
125
125
125
125
125
126
125
125
126
125
125
124
125
125
126
126
126
126
126
126
126
126
125
125
125
126
125
125
125
126
126
125
125
124
125
126
126
126
126
126
126
126
126
126
125
126
125
125
125
125
126
126
125
125
125
125
125
125
125
126
126
125
126
125
126
126
125
125
125
125
126
125
125
125
125
125
126
125
126
126
125
125
125
126
125
125
125
125
125
125
126
125
125
125
125
125
126
125
125
125
126
125
126
125
125
125
125
125
125
125
126
126
125
126
125
125
125
125
125
125
126
125
125
125
126
126
126
125
125
125
125
125
125
126
125
125
126
127
127
127
127
126
124
121
124
130
131
122
112
112
128
145
136
114
120
146
143
111
74
88
186
230
111
1
107
215
156
69
98
142
144
139
118
112
129
140
113
101
136
168
143
107
77
81
140
197
168
84
60
135
176
124
99
134
146
111
84
108
160
205
190
52
45
79
255
255
37
85
90
255
224
53
37
136
163
118
139
159
104
76
119
142
132
138
129
101
105
132
134
120
127
140
129
109
110
123
132
137
137
125
111
113
129
137
125
112
118
135
135
124
124
132
128
111
105
119
142
153
139
109
101
130
150
122
82
101
169
191
136
69
61
116
174
175
130
101
107
119
130
147
136
103
97
125
141
131
129
137
133
122
120
125
124
120
123
128
126
122
126
130
125
119
122
130
134
131
125
121
122
125
128
127
123
122
125
129
129
126
122
121
124
126
126
124
124
126
128
129
128
127
124
122
123
124
125
124
123
124
127
127
125
125
128
130
129
125
124
127
124
119
123
131
127
121
124
130
125
119
123
126
127
128
126
123
125
129
129
125
123
126
127
125
123
125
125
125
128
125
125
123
126
127
127
125
124
125
126
127
126
124
124
124
125
127
127
126
126
127
128
125
123
122
124
126
127
126
126
124
124
125
128
129
126
124
125
127
128
126
125
124
125
126
126
123
123
126
126
124
124
126
126
124
124
126
128
128
125
125
128
129
124
122
124
125
126
123
122
125
130
129
125
124
125
125
125
126
127
126
123
123
124
125
125
127
126
126
125
125
126
125
124
128
130
127
122
123
127
129
128
125
122
122
124
125
127
125
120
122
128
129
125
122
124
125
125
125
126
126
126
127
128
126
125
126
127
126
125
125
126
126
125
125
126
126
124
123
125
126
125
125
125
125
125
126
127
125
123
125
125
125
124
126
130
130
126
123
122
122
121
123
129
132
129
125
125
123
121
122
124
123
126
132
132
128
123
121
121
125
127
126
126
127
126
124
124
125
125
126
127
125
122
123
124
125
127
128
128
127
126
124
123
123
122
124
125
127
127
126
127
127
125
124
125
125
126
126
125
124
125
125
125
125
125
125
126
126
125
125
125
126
125
125
125
124
124
125
125
125
125
127
127
126
126
126
126
126
127
126
125
124
123
123
125
126
126
126
125
125
126
126
126
125
125
125
124
125
125
125
125
126
126
126
125
124
124
126
126
125
125
126
126
125
125
125
124
124
125
126
127
125
125
125
126
126
125
125
125
126
126
125
124
125
126
126
125
125
126
125
124
125
125
125
125
125
125
124
126
126
125
125
126
126
125
125
125
126
125
126
127
126
125
125
125
125
125
124
124
125
126
127
126
125
125
126
126
125
124
124
125
126
125
125
125
126
126
126
125
124
125
126
126
126
125
125
125
125
126
127
125
124
123
125
126
126
126
126
125
125
125
126
126
125
124
124
125
125
125
125
126
126
125
125
127
126
126
128
125
123
124
127
124
124
125
125
125
125
125
124
124
125
126
125
125
127
126
125
124
125
127
126
124
122
125
127
128
126
125
124
125
128
127
125
115
120
128
125
126
128
129
128
127
127
126
126
126
126
125
124
125
127
127
125
124
124
126
126
126
126
126
126
126
125
122
122
125
125
124
126
128
127
126
125
126
128
129
128
127
127
128
127
125
124
124
125
126
125
124
124
124
124
126
128
129
127
125
124
123
124
125
125
125
125
125
125
125
126
127
126
125
126
126
126
127
126
126
125
125
126
125
125
125
125
125
125
125
126
126
127
126
125
126
127
127
126
125
125
126
126
126
125
124
124
125
125
124
125
125
126
127
126
126
125
125
125
125
126
125
125
125
126
126
126
125
125
125
125
127
126
125
125
125
125
127
127
126
125
125
126
127
126
125
123
121
125
129
126
122
125
127
125
122
125
129
126
124
126
128
127
124
123
125
127
127
128
125
123
125
128
127
125
128
133
127
126
128
123
119
122
126
126
127
126
124
122
124
127
128
126
125
125
126
125
125
125
126
125
126
126
127
125
124
126
128
128
126
125
126
128
127
125
123
123
126
127
125
131
127
126
124
123
123
124
124
125
124
124
125
125
125
125
124
124
126
127
129
130
127
124
122
124
125
125
128
128
125
123
124
127
127
126
125
125
124
124
124
124
124
123
123
125
125
123
123
124
127
128
127
127
127
126
127
127
126
125
124
123
123
125
126
126
127
127
128
127
127
126
125
123
122
123
126
129
130
128
123
120
117
119
123
128
133
135
132
124
120
120
122
124
127
127
123
123
123
125
132
90
126
121
130
128
129
128
126
127
127
126
127
128
128
126
124
123
124
127
127
127
127
128
128
127
125
123
123
125
127
128
128
127
125
125
126
127
128
126
125
125
125
126
125
125
126
126
126
126
126
125
125
125
124
126
126
125
125
124
124
124
127
127
127
126
127
116
121
122
124
125
129
131
130
127
125
126
127
128
128
126
128
126
126
125
124
122
124
125
126
126
125
125
125
124
124
124
125
126
125
125
125
125
127
123
123
125
127
126
76
125
125
125
125
125
125
125
125
125
125
125
125
125
125
125
125
125
125
125
125
125
125
125
125
125
125
125
125
125
125
125
125
125
125
125
125
125
125
126
126
126
125
126
126
125
125
125
126
125
126
125
126
126
125
125
125
126
126
126
125
125
126
126
126
125
126
125
126
126
125
125
125
125
125
125
125
125
125
125
125
126
125
125
125
126
125
125
125
125
125
125
125
125
126
125
126
125
125
126
126
125
125
125
125
125
125
125
125
125
125
125
125
126
125
125
125
125
125
125
125
125
125
125
125
125
125
125
125
125
125
125
125
125
125
125
125
126
125
125
125
125
125
125
125
125
125
125
125
125
125
125
125
125
125
125
125
125
125
125
125
126
125
125
125
125
125
125
126
125
125
125
125
125
125
125
125
125
125
125
125
126
125
125
125
125
125
125
125
125
125
125
125
125
125
125
125
125
125
125
125
125
125
125
125
125
125
125
125
125
125
125
125
125
125
125
125
125
125
125
126
125
125
125
125
125
125
125
125
125
125
125
126
126
125
125
125
125
125
126
125
125
125
125
125
125
125
125
125
125
125
126
126
125
125
125
125
125
125
125
125
125
125
125
125
125
125
125
125
125
125
125
125
125
125
125
125
125
125
125
125
125
125
125
125
125
125
125
125
125
125
125
125
125
125
125
125
125
125
125
125
125
125
125
125
125
125
125
125
125
125
125
125
125
125
125
125
125
125
125
125
125
125
125
125
125
125
125
125
125
125
125
125
125
125
125
125
125
125
125
125
125
125
125
125
125
125
125
125
125
125
125
125
125
126
