127
127
124
125
124
125
42
125
125
125
125
125
125
125
125
125
125
125
126
125
126
125
126
125
126
125
125
125
125
125
125
125
125
125
126
125
125
125
125
125
126
125
125
125
125
125
125
125
125
125
126
125
125
125
125
126
126
125
125
125
125
125
125
126
126
125
125
125
125
125
125
125
125
126
126
125
126
125
125
125
125
125
125
125
126
125
126
125
125
125
125
125
125
126
125
125
125
125
125
126
125
125
125
125
125
125
125
125
125
125
125
125
125
125
125
125
125
126
126
125
125
125
125
125
125
125
125
125
125
125
125
125
125
125
125
125
125
125
125
125
125
125
125
125
125
125
125
125
125
125
125
125
125
125
125
125
125
125
125
125
125
125
125
125
125
125
125
125
126
124
125
125
125
125
126
126
126
126
126
126
125
126
126
125
125
126
126
126
126
125
126
126
125
126
126
125
125
126
125
125
125
125
125
125
125
125
125
125
126
125
125
125
126
125
126
126
126
125
126
125
125
126
125
126
125
126
126
126
125
125
125
126
126
125
125
125
125
125
126
125
125
125
125
125
125
125
125
125
125
125
125
125
125
125
125
125
125
125
125
125
125
125
125
125
125
125
125
125
125
125
125
126
125
125
126
125
125
125
125
125
126
125
125
125
125
125
125
125
125
125
125
125
125
125
126
126
125
125
125
125
125
125
125
125
125
125
125
125
125
125
125
125
125
125
125
125
125
125
125
125
125
125
125
125
125
125
125
125
125
125
125
125
126
125
125
125
125
125
125
125
125
125
125
125
125
126
125
125
126
125
125
125
125
125
125
125
125
125
125
125
125
125
125
125
125
126
125
125
125
125
125
126
125
125
125
125
125
125
125
125
125
125
125
126
126
125
125
125
125
125
125
125
125
125
125
125
125
125
125
125
125
125
125
125
125
125
125
125
125
125
125
125
125
125
125
125
125
126
126
124
125
125
125
126
126
126
126
125
125
125
126
125
125
125
125
125
125
125
125
125
125
125
126
125
125
125
126
126
126
126
126
125
126
125
125
125
126
126
126
125
125
125
126
126
125
125
125
126
126
126
125
125
125
125
125
125
125
125
126
125
126
126
125
125
125
125
125
126
125
126
126
126
125
125
125
126
125
126
126
125
125
125
124
124
124
125
125
126
127
127
125
123
124
126
126
126
126
126
122
117
121
132
141
141
131
114
102
103
128
160
156
104
70
108
167
168
118
89
125
161
131
95
112
133
128
120
123
127
130
130
118
115
129
136
129
126
127
132
132
129
124
119
113
110
121
134
137
133
123
111
113
129
142
134
120
122
126
116
115
134
144
129
114
118
121
118
127
150
143
93
94
162
184
110
44
76
160
198
162
87
58
122
183
155
98
96
130
145
128
108
112
140
155
126
91
105
153
165
122
91
105
127
138
143
142
124
109
114
131
141
130
108
102
119
136
143
138
125
114
121
132
130
122
121
125
128
129
123
114
114
125
135
131
124
123
127
129
130
128
125
121
118
129
135
125
113
118
128
130
127
125
124
124
128
131
128
124
121
122
124
125
126
126
125
126
129
128
122
120
123
126
127
126
125
125
125
126
126
126
125
125
125
126
126
126
124
124
124
125
127
128
126
125
124
125
126
126
125
123
125
124
126
126
125
124
126
128
128
126
125
125
125
124
124
125
127
127
126
125
125
126
127
127
126
125
125
125
125
124
124
125
126
126
126
126
127
126
127
127
126
125
124
124
124
125
125
125
126
126
127
127
126
125
125
125
125
125
125
125
126
126
126
126
126
126
125
124
124
125
126
126
126
126
126
126
126
126
125
125
125
125
125
125
126
126
126
126
126
126
126
126
126
125
125
125
124
125
125
125
125
126
126
126
126
125
126
126
126
125
125
125
126
125
125
125
125
125
125
125
125
125
126
126
125
125
125
125
126
126
126
125
126
126
125
125
125
125
125
125
126
126
125
125
126
126
126
125
124
124
125
127
127
126
124
125
127
127
126
125
123
122
124
127
127
126
126
126
126
126
124
123
125
127
127
126
125
126
126
126
125
125
126
126
123
122
123
123
123
125
129
132
129
125
125
127
129
126
121
120
124
128
126
122
123
127
128
125
125
125
124
125
126
126
125
125
128
126
126
126
125
124
125
126
126
126
125
124
124
125
125
125
126
126
127
127
126
124
125
125
125
125
125
125
125
126
126
126
126
125
123
123
124
127
128
126
124
125
126
125
125
125
125
125
126
126
125
124
124
123
125
127
127
124
123
125
128
128
125
124
125
125
125
126
126
124
122
124
127
128
126
125
122
124
125
125
125
126
126
125
125
126
126
126
125
125
126
126
126
125
125
125
125
125
125
126
127
126
124
124
127
128
126
124
124
125
126
126
126
124
124
125
127
127
125
123
123
125
128
128
126
124
124
125
126
126
126
125
124
125
126
127
127
125
125
125
125
126
126
124
123
124
124
127
126
126
126
127
126
126
126
126
126
125
125
125
125
126
125
125
126
125
125
126
126
125
125
125
125
125
125
125
125
125
126
125
125
125
125
126
125
125
125
125
125
125
126
126
126
125
125
125
125
125
125
125
126
125
125
125
125
126
125
126
126
126
125
124
125
125
126
126
125
125
125
125
126
125
125
125
126
126
125
125
125
125
126
126
125
125
126
126
126
125
125
125
125
125
125
125
125
125
125
125
125
125
126
125
125
125
125
125
125
125
126
125
125
125
125
126
126
126
125
125
125
126
126
125
125
125
126
125
125
125
125
125
125
125
125
125
125
125
127
128
126
125
125
125
124
125
125
124
125
125
125
125
125
125
125
125
125
125
125
125
125
125
126
126
126
125
125
125
126
125
125
125
125
126
125
125
126
125
125
126
125
125
125
125
125
125
125
125
125
125
125
126
125
125
125
125
126
125
125
125
125
125
125
125
125
125
125
125
125
125
125
125
126
125
125
125
125
125
125
125
125
125
125
127
125
122
125
126
125
126
126
126
125
126
126
125
125
125
125
125
125
125
126
126
125
126
125
125
125
126
126
125
125
125
126
125
125
125
126
125
125
126
126
125
126
126
126
126
125
125
126
125
126
125
126
126
125
125
126
126
125
125
125
125
125
125
125
125
126
126
123
122
124
126
125
127
128
127
127
126
126
125
125
125
126
126
127
125
126
125
126
125
125
125
125
124
125
125
126
124
124
125
126
126
126
126
125
125
125
125
125
124
124
124
125
125
125
125
125
125
126
126
127
127
126
126
126
126
125
125
125
125
125
125
126
126
125
125
126
126
126
125
125
125
126
125
125
124
125
125
125
125
126
125
125
125
126
125
126
125
125
125
125
125
125
125
125
125
125
125
125
126
125
126
125
125
126
125
126
126
126
126
126
126
126
125
124
125
125
125
126
126
126
126
125
126
126
125
126
125
125
126
126
126
126
125
124
125
125
126
126
125
125
125
126
126
125
125
126
133
126
125
124
124
122
125
124
124
124
125
124
125
125
125
125
125
125
125
126
126
126
125
125
125
125
125
125
125
125
125
126
126
125
125
125
126
126
125
126
125
125
126
126
125
125
125
125
125
126
126
125
125
125
125
125
125
125
125
125
125
125
126
126
125
125
129
99
116
127
128
126
130
128
128
127
128
127
126
126
126
126
126
126
126
126
127
128
127
127
126
125
125
126
125
125
124
126
126
125
125
125
125
125
126
126
126
126
126
127
127
126
125
76
105
127
129
131
133
132
130
131
131
130
130
128
128
126
128
127
127
125
124
120
118
124
126
125
128
129
130
132
131
130
128
127
128
127
126
126
124
124
125
126
126
126
127
127
127
127
127
126
124
125
125
124
126
124
125
125
126
125
125
125
41
126
125
126
125
125
125
125
125
125
125
125
125
125
125
125
126
126
126
126
125
125
125
126
126
126
125
125
125
125
125
125
126
125
126
126
125
125
125
125
125
125
125
125
125
125
125
125
125
125
125
125
125
125
125
125
125
126
125
126
125
125
125
125
125
125
125
125
125
125
125
125
125
126
125
125
125
125
125
126
125
125
125
125
126
126
125
125
125
125
125
125
126
126
125
125
125
125
125
125
125
125
125
125
125
125
125
125
125
125
125
125
125
125
125
125
125
125
125
125
125
125
125
125
125
125
125
125
125
125
125
126
125
125
125
125
125
125
125
125
125
125
125
125
125
125
125
125
125
125
125
125
125
125
125
125
125
125
125
125
125
125
125
125
125
125
125
126
125
125
126
126
125
126
126
126
125
126
125
126
125
125
126
125
125
125
125
125
125
125
125
125
126
126
126
126
126
126
126
125
125
126
126
126
126
126
126
125
126
126
126
126
125
126
126
126
126
126
126
126
126
126
126
126
125
125
126
126
126
126
126
126
126
126
126
125
125
125
126
126
126
126
126
126
126
126
126
126
125
126
125
125
125
125
125
126
126
126
126
126
126
126
126
126
126
126
126
126
126
126
126
125
126
126
126
126
126
126
126
125
125
126
126
125
125
126
125
125
126
126
126
126
126
126
126
126
126
125
125
126
125
126
125
126
126
125
125
126
126
126
125
125
126
126
126
125
125
125
126
126
126
126
126
126
125
126
126
125
126
126
126
126
126
126
126
126
125
126
126
126
126
126
125
126
126
126
126
126
126
126
126
126
126
126
126
