126
126
126
125
152
110
65
125
125
125
125
125
125
125
125
125
125
125
125
125
125
125
125
125
125
125
125
125
125
125
125
125
125
125
125
125
125
125
125
125
125
125
125
125
125
125
125
125
125
125
125
125
125
125
125
125
125
125
125
125
125
125
125
125
125
125
125
125
125
125
125
125
125
125
125
125
125
125
125
125
125
125
125
125
125
125
125
125
125
126
124
125
126
125
125
126
125
126
126
126
126
125
126
126
125
126
126
126
126
126
126
125
126
126
126
126
126
126
126
126
126
126
126
126
125
126
126
126
125
126
126
125
125
126
126
126
126
125
126
126
125
125
125
126
125
126
126
125
126
126
126
126
125
126
126
126
126
125
126
125
125
126
126
126
125
125
125
125
125
125
125
126
125
125
125
126
125
125
125
125
125
125
125
125
125
126
125
125
125
125
125
125
125
125
125
125
125
125
126
125
125
125
126
125
125
125
125
125
125
126
125
125
125
126
125
125
125
126
125
125
125
125
125
125
125
125
126
125
125
125
125
125
125
125
125
125
125
125
125
126
126
125
125
125
125
125
125
125
126
125
125
126
125
125
126
125
125
125
125
125
126
126
125
126
126
125
125
125
125
126
125
125
125
125
126
125
125
126
125
126
125
125
125
125
125
125
125
126
125
125
125
125
125
125
125
125
125
125
125
125
125
125
126
125
125
125
126
126
125
125
125
125
125
125
125
125
125
125
125
125
125
125
125
125
125
125
125
125
125
125
125
125
125
125
125
125
125
125
125
125
125
125
125
125
125
125
125
125
125
125
125
125
125
125
125
125
125
125
125
125
125
125
125
125
125
125
125
125
125
125
125
125
125
125
125
125
125
125
125
125
125
125
125
125
125
125
125
125
125
125
125
125
125
125
125
125
125
125
125
125
125
125
125
125
125
125
125
125
125
125
125
125
125
125
125
125
125
125
125
125
125
125
125
125
125
125
125
125
125
125
125
125
125
125
125
125
125
125
125
125
125
125
125
125
125
125
125
125
125
125
125
125
125
125
125
125
125
125
125
125
125
125
125
125
125
125
125
125
125
125
125
125
125
125
125
125
125
125
125
125
125
125
125
125
125
125
125
125
125
125
125
126
124
125
125
125
126
126
126
126
125
125
126
126
126
125
125
125
126
126
126
125
126
125
126
126
126
126
125
126
126
125
125
126
126
126
126
126
125
125
126
126
125
125
125
126
126
126
125
125
126
126
125
125
126
126
126
125
126
126
126
125
125
126
126
126
125
125
125
124
125
125
125
125
126
126
126
125
125
125
126
127
126
124
124
125
126
126
126
125
125
125
126
126
125
125
125
125
125
125
126
127
126
126
125
125
125
125
125
125
126
127
126
125
125
125
125
125
125
124
125
125
125
125
126
127
128
126
123
122
124
129
132
128
122
118
120
127
132
130
126
122
122
125
128
129
126
125
124
124
125
126
126
126
124
123
124
127
130
129
124
121
121
125
131
132
126
120
120
126
129
128
128
126
120
126
145
134
73
56
148
225
168
87
114
142
83
64
145
190
140
92
103
131
138
134
130
124
111
112
133
140
127
125
135
105
96
146
161
98
93
176
194
105
68
93
102
138
186
143
61
92
189
176
87
70
142
176
108
69
140
176
129
105
125
129
117
119
134
130
113
111
130
142
134
123
120
118
118
125
136
136
127
119
118
123
128
127
123
121
125
130
127
119
115
118
125
141
155
149
128
111
96
83
97
142
173
156
119
107
117
124
127
130
125
118
117
124
133
136
132
124
119
121
125
126
126
125
124
125
125
125
125
126
127
125
123
125
127
128
126
125
123
123
124
125
125
126
127
127
125
124
124
125
125
125
125
125
125
126
126
125
124
124
125
126
125
125
125
126
126
127
126
126
125
124
124
125
126
126
126
125
125
126
125
125
124
125
125
125
125
126
127
126
124
125
126
123
121
123
127
128
126
123
125
129
130
129
126
123
121
122
128
131
128
125
124
124
124
126
129
126
121
122
125
127
127
126
124
124
126
128
127
125
126
125
125
126
128
127
125
124
125
126
126
126
127
127
124
124
126
127
126
126
126
125
124
125
127
126
125
126
126
124
121
125
128
128
125
125
127
127
126
125
123
124
127
128
125
122
124
126
127
126
127
126
125
124
125
126
126
125
126
127
128
127
124
122
124
126
125
123
123
126
130
131
129
124
121
122
126
127
124
122
123
128
131
128
123
122
126
129
128
124
122
123
125
127
127
126
126
127
125
124
124
125
125
125
125
125
125
126
125
124
125
128
128
125
125
126
125
125
125
125
125
125
125
127
126
126
126
126
126
125
124
125
127
126
124
122
125
130
132
126
120
121
124
124
128
134
129
118
117
126
132
132
128
116
109
124
149
144
114
106
123
131
129
130
127
116
116
136
144
122
104
119
143
137
114
110
128
138
132
123
120
119
129
133
126
120
121
122
125
129
128
125
126
125
120
121
130
131
124
121
125
127
125
127
130
127
120
119
125
129
127
124
124
127
128
127
123
120
120
126
130
127
125
125
124
124
123
123
124
129
132
129
122
119
121
127
130
128
123
122
123
125
127
128
128
125
122
122
124
126
127
125
124
124
126
126
126
126
126
126
126
127
125
123
124
127
128
126
123
122
124
128
128
124
122
123
126
128
127
125
125
125
125
125
124
124
125
126
125
126
124
127
127
123
126
126
125
125
126
126
127
126
125
126
125
125
126
127
126
124
125
127
126
124
124
125
126
127
126
124
124
127
130
127
124
123
126
126
126
127
126
122
122
128
130
126
122
123
128
130
128
123
121
124
128
130
127
122
122
125
130
129
126
124
124
125
125
126
127
123
124
123
124
125
128
127
126
126
127
127
126
125
124
125
126
127
126
126
126
127
125
124
125
125
125
125
125
126
126
125
125
125
126
127
125
125
125
126
125
125
125
125
125
124
125
127
127
126
125
127
126
124
124
125
127
126
123
124
125
126
127
126
124
125
127
126
125
125
125
126
126
126
125
125
125
126
126
126
125
125
125
126
126
126
125
125
126
126
125
125
125
126
125
126
126
126
126
125
125
125
125
125
125
126
126
126
126
126
126
127
127
126
125
125
125
125
125
125
126
125
125
126
125
125
125
125
125
126
126
126
125
126
126
126
126
126
126
125
125
125
125
125
125
125
126
126
126
126
126
131
126
126
125
124
123
124
125
124
124
125
125
125
126
125
125
126
125
125
125
126
126
126
125
125
125
127
127
126
125
125
126
126
126
124
125
125
126
125
123
124
125
126
125
125
125
125
125
126
126
125
125
125
125
126
125
126
125
125
124
125
126
126
126
126
126
126
126
126
124
124
124
125
127
127
125
123
124
126
127
126
125
125
125
127
126
125
124
123
124
125
125
125
124
123
124
125
126
128
127
126
127
127
126
126
126
125
123
147
85
111
126
126
127
130
129
129
129
128
126
126
125
124
125
125
126
126
125
126
125
115
81
135
127
131
132
131
130
129
130
129
127
127
126
126
127
129
128
127
126
127
127
127
127
127
127
127
126
126
126
125
126
127
128
126
126
125
126
126
127
127
126
127
125
125
126
116
123
123
125
128
130
129
129
127
126
126
126
128
127
126
125
125
125
127
127
127
126
124
124
125
125
125
125
123
124
125
124
127
125
125
125
126
126
126
125
125
125
125
125
124
125
125
125
126
127
126
126
125
126
127
126
125
125
125
125
125
124
125
125
126
127
125
125
126
126
127
126
125
125
126
126
124
124
126
126
125
124
126
126
126
125
126
127
126
125
124
124
125
126
126
126
125
126
127
126
126
126
126
127
126
125
126
125
125
125
124
125
126
125
126
126
126
66
125
126
126
126
126
126
125
126
126
126
126
125
126
126
126
126
125
126
126
126
126
126
126
126
126
126
126
126
125
125
126
126
126
126
126
126
126
126
126
126
125
126
126
126
125
126
126
126
126
126
126
126
126
126
126
126
126
126
125
126
126
126
126
126
126
126
126
126
126
126
126
125
126
126
126
126
125
126
126
126
126
126
126
126
126
126
125
126
126
126
126
126
126
126
126
126
126
126
126
126
126
126
126
126
126
126
126
126
126
126
126
126
125
126
126
126
126
126
126
125
126
125
126
126
126
126
126
126
126
126
126
126
126
126
126
126
126
126
126
126
126
126
125
126
126
126
125
126
126
126
126
125
125
125
125
125
126
125
125
126
126
125
125
125
126
125
126
125
125
125
125
125
125
125
125
125
125
125
125
126
126
125
125
126
125
125
125
125
125
126
125
125
125
126
126
126
126
126
125
125
126
126
126
126
126
126
126
126
126
126
126
126
126
126
126
126
126
126
126
126
126
126
126
126
126
126
126
126
126
126
126
126
126
126
126
126
126
126
125
126
126
126
126
126
126
126
126
126
126
126
126
126
126
126
126
126
125
125
125
126
126
126
126
126
126
126
126
125
126
126
125
125
125
125
126
125
125
125
125
126
125
125
126
125
126
126
126
125
125
125
126
125
126
125
125
125
125
125
125
126
125
126
125
125
125
125
125
125
126
126
125
126
126
125
125
125
125
125
125
125
125
125
125
125
126
126
125
125
125
125
125
125
126
125
125
125
125
125
125
125
125
125
126
126
126
126
125
126
125
126
125
125
126
126
