125
126
126
126
126
125
63
126
126
126
126
126
125
125
125
126
125
125
125
126
125
125
125
126
125
125
125
125
125
126
126
126
125
125
125
125
125
125
125
125
125
125
125
125
125
125
125
125
125
125
125
125
125
125
125
125
125
125
125
125
125
125
125
125
125
125
125
125
126
125
125
125
125
126
125
126
126
125
125
126
125
126
125
126
125
125
125
125
125
125
125
125
125
125
125
125
125
125
125
125
125
125
125
125
125
125
125
125
126
125
125
125
125
125
125
125
125
125
125
125
125
125
125
125
125
125
125
125
125
125
125
125
125
125
125
125
125
125
125
125
125
125
125
125
125
125
125
125
125
125
125
125
125
126
125
125
125
125
125
125
125
125
125
125
125
125
125
125
125
126
125
125
125
125
125
125
125
125
125
125
125
125
125
125
125
125
125
125
125
125
125
125
125
125
125
125
125
125
125
125
125
125
125
125
125
125
125
125
125
125
125
125
125
125
125
125
125
125
125
125
125
125
125
125
125
125
125
125
125
125
125
125
125
125
125
125
125
125
125
125
125
125
125
125
125
125
125
125
125
125
125
125
125
125
125
125
125
125
125
125
125
125
125
125
125
125
125
125
125
125
125
125
125
126
125
125
125
125
125
125
126
125
125
125
125
125
125
125
125
125
126
125
125
125
125
125
125
125
125
125
125
125
125
125
125
125
125
125
125
125
125
125
125
125
125
125
125
125
125
125
125
125
125
125
125
125
125
125
125
125
125
125
125
125
125
125
125
125
126
126
125
125
125
125
125
125
125
125
125
125
125
125
125
125
125
125
125
125
125
125
125
125
125
125
125
125
125
125
125
125
125
125
125
125
125
125
125
125
125
125
125
125
125
125
125
125
125
125
125
125
125
125
125
125
125
125
125
125
125
125
125
125
125
125
125
125
125
126
124
125
126
126
126
126
126
126
126
126
126
126
126
126
126
126
126
126
126
126
126
126
126
126
126
126
126
126
126
126
126
126
126
126
126
126
126
126
126
126
126
126
126
126
126
126
126
126
126
126
126
125
126
126
126
126
126
126
126
126
126
126
126
126
126
126
126
126
126
126
126
126
125
125
125
126
126
126
126
126
126
126
126
125
125
126
125
125
126
126
125
125
125
125
126
126
125
125
125
125
125
125
125
125
125
125
126
126
125
125
125
126
126
125
125
125
126
126
126
125
125
125
125
126
126
125
126
125
125
125
125
126
126
126
126
125
125
126
126
125
125
126
126
125
125
127
127
125
125
126
126
125
125
125
125
125
126
127
126
124
124
125
127
127
125
124
125
126
127
126
125
125
126
126
124
125
126
126
126
126
126
126
125
125
125
125
125
126
126
126
126
126
126
125
125
125
125
126
126
126
126
125
125
126
126
126
126
126
126
126
125
125
125
125
125
125
125
126
126
126
126
127
126
126
125
126
126
125
125
126
127
125
123
123
124
126
127
128
127
127
125
123
123
124
125
126
126
125
124
126
129
129
126
124
122
121
122
127
135
136
126
110
107
125
144
140
121
107
111
131
148
139
116
112
129
132
115
115
124
133
136
136
126
107
113
122
151
140
103
109
143
134
124
126
123
114
123
132
126
115
126
141
133
114
117
128
129
127
127
127
128
133
128
113
112
122
127
124
126
131
133
129
126
126
122
120
124
130
130
126
123
124
125
125
124
124
126
126
123
122
122
123
126
132
135
131
124
120
122
126
126
121
118
121
128
133
133
129
123
120
119
121
127
131
130
126
123
124
128
129
127
121
118
121
125
129
129
126
124
124
126
126
126
126
126
126
125
124
123
122
123
125
127
128
129
127
125
125
125
123
124
126
126
125
125
125
125
125
125
123
124
126
127
126
125
125
125
126
126
126
126
125
125
125
125
125
125
125
124
126
126
126
126
126
126
125
125
125
125
125
124
125
126
126
125
125
127
127
126
124
124
126
127
125
123
123
126
127
126
125
125
126
127
125
124
123
125
126
125
125
125
125
125
126
127
127
125
125
125
125
125
126
126
125
125
125
126
126
125
124
125
125
125
126
126
125
125
127
126
125
124
124
125
126
126
125
124
125
126
126
126
125
126
126
126
126
126
125
125
126
126
125
123
125
126
126
124
124
126
126
125
123
125
127
127
125
124
125
126
126
126
125
125
125
125
126
126
125
125
126
126
125
125
126
128
127
126
125
125
124
124
126
126
125
123
124
126
126
126
126
125
126
127
126
124
124
126
126
125
125
125
126
126
125
126
125
126
126
126
125
125
125
126
125
125
125
126
126
125
125
125
126
125
125
125
126
125
124
124
125
126
125
125
126
126
126
125
125
126
125
125
125
127
126
124
124
126
126
125
125
126
125
124
125
126
126
125
124
125
126
126
127
126
123
121
126
130
127
124
125
128
126
121
123
129
126
120
123
129
128
124
126
125
124
127
127
120
124
133
128
116
121
135
131
119
120
125
122
127
135
130
117
116
129
132
123
120
130
127
121
127
128
122
128
135
119
109
130
148
132
105
106
133
149
131
108
111
131
139
131
123
117
117
130
140
128
113
120
131
131
127
127
124
118
121
131
132
122
119
126
128
125
126
127
125
123
124
125
124
126
128
125
123
125
127
125
124
127
130
128
124
120
121
126
131
130
124
119
122
129
132
128
121
118
122
129
130
132
121
123
127
128
127
126
125
126
127
125
123
124
126
126
124
124
125
126
126
126
126
125
126
128
126
124
125
127
127
125
123
124
127
128
127
124
123
125
128
128
126
124
126
127
127
125
125
126
128
125
124
126
126
125
124
126
128
126
125
125
126
128
128
126
124
124
125
127
127
126
126
125
121
124
125
126
126
126
126
127
127
126
125
126
126
126
126
126
126
126
125
125
125
126
127
126
124
124
125
126
126
125
125
126
126
125
125
126
126
125
125
125
125
126
126
125
125
125
126
126
125
125
126
126
125
125
125
125
126
126
126
125
125
127
126
126
125
125
130
126
125
125
124
124
126
125
124
125
126
125
124
124
126
126
126
125
125
125
126
126
125
125
126
127
126
120
125
126
127
127
127
126
126
127
126
126
125
126
124
125
125
126
126
127
126
126
125
125
126
125
125
125
125
126
126
126
125
126
126
124
125
126
125
126
126
127
125
126
126
126
126
125
125
126
125
125
125
126
126
126
126
126
129
127
126
125
125
123
123
124
125
125
126
125
126
125
125
126
126
125
126
126
126
126
125
125
126
125
126
126
125
125
125
126
126
125
125
125
125
126
126
125
125
125
127
127
126
126
126
125
125
126
125
125
125
125
126
125
125
125
125
126
126
126
126
125
125
126
124
125
126
125
124
125
125
125
125
126
126
125
125
124
125
126
126
125
126
125
125
126
125
126
126
124
125
125
126
126
125
125
124
124
126
125
125
125
124
125
126
125
126
126
126
127
126
125
125
125
125
125
125
126
126
125
125
126
126
126
124
125
126
125
125
125
126
126
127
126
125
125
125
126
126
126
126
124
125
125
126
125
125
124
126
127
126
125
124
126
126
125
125
124
124
126
126
134
125
123
124
125
123
123
123
124
126
127
125
125
124
126
126
126
125
126
127
127
126
124
125
125
126
125
125
125
125
125
125
125
125
126
119
121
126
127
126
128
127
126
126
126
126
125
126
126
126
126
125
124
125
124
125
126
125
125
126
126
126
125
125
125
125
126
126
125
124
124
125
125
124
125
125
125
125
126
126
127
125
125
126
127
126
125
125
126
126
125
126
125
124
125
124
124
126
125
125
124
125
126
129
125
125
124
125
124
125
124
125
125
126
126
125
125
126
125
123
125
126
126
126
126
125
126
125
126
125
125
125
125
125
126
62
125
125
125
125
125
126
126
126
125
125
125
125
125
125
125
125
125
125
125
125
125
125
125
125
125
125
125
125
125
125
125
125
125
125
125
125
125
125
125
125
125
125
125
125
125
125
125
125
125
125
125
125
125
125
125
125
125
125
125
125
125
125
125
125
125
125
125
125
125
125
125
125
125
125
125
125
125
125
125
125
125
125
125
125
125
125
125
125
125
125
125
125
125
125
125
125
125
125
125
125
125
125
125
125
125
126
126
125
125
125
125
126
125
125
125
125
125
125
125
125
125
125
125
125
126
125
125
125
125
125
125
125
125
125
125
125
125
125
125
125
125
125
125
125
125
125
125
125
125
125
125
125
125
125
125
125
125
125
125
125
125
125
125
125
125
125
125
125
125
126
125
126
125
125
126
126
126
126
126
126
126
125
125
126
126
126
125
125
126
126
126
126
125
126
126
126
125
126
126
125
126
125
126
125
126
126
126
125
125
125
126
126
126
126
125
125
125
125
125
125
125
125
126
126
126
126
126
126
126
126
125
125
125
125
125
125
125
125
125
125
125
125
125
125
125
125
125
125
125
125
125
125
126
126
125
126
125
125
125
126
125
126
125
125
125
126
125
125
125
125
125
126
125
126
125
126
126
125
126
125
126
126
125
126
125
125
125
126
125
125
125
126
126
125
125
126
126
125
125
125
126
126
125
125
125
126
126
126
126
125
126
126
126
125
125
126
125
126
126
125
125
125
126
126
125
125
126
125
125
125
126
125
125
125
125
125
125
125
125
125
126
126
126
126
125
126
126
126
125
125
125
125
125
124
