128
127
126
127
124
118
93
125
125
125
125
125
125
125
125
125
125
125
125
125
125
125
125
125
125
125
125
125
125
125
125
125
125
125
125
125
125
125
125
125
125
125
125
125
125
125
125
125
125
125
125
125
125
125
125
125
125
125
125
125
125
125
125
125
126
125
125
125
125
125
125
125
125
125
125
125
125
125
125
125
125
125
125
125
125
125
125
125
125
125
125
125
125
125
125
126
126
125
125
125
125
125
125
125
125
125
125
125
125
125
125
125
125
125
125
125
125
125
125
125
125
125
125
125
125
125
125
125
125
125
125
125
125
125
125
125
125
125
125
125
125
125
125
125
125
125
125
125
125
126
125
125
125
125
125
126
125
126
125
125
125
125
125
125
125
125
125
125
125
125
125
125
125
125
125
125
125
125
125
126
125
125
125
125
125
126
125
125
125
125
125
126
125
125
125
125
125
125
125
125
125
125
125
125
125
125
125
125
125
125
125
126
126
125
125
126
125
125
125
125
125
125
125
125
125
125
125
126
125
125
125
125
125
125
125
125
125
125
125
125
125
125
125
125
125
125
125
125
125
125
125
125
125
125
125
125
125
125
125
125
125
125
125
125
125
125
125
125
125
125
125
125
125
125
125
125
125
125
125
125
125
125
125
125
125
125
125
125
125
125
125
125
125
125
125
125
125
125
125
125
125
125
125
125
125
125
125
125
125
125
125
125
125
125
125
125
125
125
125
125
125
125
125
125
125
125
125
125
125
125
125
125
125
125
125
125
125
125
125
125
125
125
125
125
125
125
125
125
125
125
125
125
125
125
125
126
125
125
125
125
125
125
125
125
125
125
125
125
125
125
125
125
125
125
125
125
125
125
125
125
125
125
125
125
125
125
125
125
125
125
125
125
125
125
125
125
125
124
125
125
125
125
125
125
125
125
125
125
125
125
125
125
125
125
125
125
126
126
125
125
125
125
125
126
125
125
125
126
126
126
125
125
125
125
125
125
125
125
125
125
125
125
125
125
125
125
125
125
126
126
125
126
126
125
125
125
125
125
125
125
125
125
126
125
125
125
125
125
126
125
125
125
125
125
125
125
125
125
125
125
125
125
125
125
125
125
125
125
125
125
125
125
125
125
125
125
125
125
125
125
125
125
125
125
125
125
125
125
125
125
125
125
125
125
125
125
125
125
125
125
125
125
125
126
125
125
125
125
125
125
125
125
125
125
125
125
125
125
125
125
125
125
125
125
125
125
125
125
125
125
125
125
125
125
125
125
125
125
125
125
125
125
125
125
125
125
125
125
125
125
125
125
125
125
125
125
125
125
125
125
125
125
125
125
125
125
125
125
125
125
125
125
125
125
125
125
125
125
125
125
125
125
125
125
125
125
125
125
125
125
125
126
126
125
125
125
125
125
125
125
125
125
125
125
125
125
125
125
125
125
125
125
125
125
125
125
125
125
125
125
125
125
125
126
126
125
125
125
125
125
125
125
125
125
126
126
126
126
125
125
125
125
125
125
125
125
125
125
125
125
125
125
125
126
126
126
126
126
126
126
126
125
125
125
125
125
125
125
126
126
126
126
126
125
125
125
125
125
125
125
126
125
125
126
125
125
125
125
125
125
125
125
125
125
125
124
125
125
125
125
126
126
126
126
126
126
125
125
125
125
125
125
126
125
125
125
125
125
125
125
125
125
125
125
125
125
125
125
125
125
125
125
125
125
125
125
125
125
125
126
125
125
126
125
125
125
125
125
125
125
125
125
125
125
125
125
125
125
125
125
125
125
125
125
125
126
125
125
125
125
125
125
125
125
125
125
125
125
125
126
126
125
125
126
126
125
125
125
125
125
125
125
125
125
125
125
125
125
125
125
125
125
125
125
125
125
125
125
125
125
125
125
125
125
125
125
125
125
125
125
125
125
125
125
125
125
125
126
125
125
125
125
125
125
125
125
125
125
125
125
125
125
125
127
125
125
125
125
124
125
124
125
125
125
126
125
125
126
126
125
125
125
125
125
126
126
125
124
125
126
126
125
125
125
125
125
126
125
125
125
126
124
124
124
125
124
125
126
126
126
126
126
126
126
125
126
125
125
125
125
125
125
125
126
126
126
126
126
125
125
125
125
125
125
126
126
125
125
126
126
125
126
126
125
125
125
126
125
125
123
125
125
125
127
128
126
126
126
126
125
126
126
125
125
126
126
125
124
124
125
126
126
126
126
125
126
126
126
125
126
126
126
125
126
126
126
125
126
126
126
125
125
126
125
125
126
126
125
125
125
126
125
124
125
126
125
125
126
126
125
125
125
126
125
125
126
126
126
125
126
126
125
125
126
126
125
125
125
126
126
126
126
126
125
125
126
127
126
125
126
126
125
125
125
125
126
125
125
125
125
125
125
126
126
125
125
126
125
125
125
126
126
126
126
126
126
125
126
126
125
125
126
126
126
125
125
125
126
126
125
126
126
125
125
125
125
126
126
125
126
126
126
125
125
125
126
126
126
125
126
125
124
125
126
126
126
126
126
126
127
126
125
125
125
124
126
129
126
123
124
125
125
125
125
125
125
125
126
125
126
125
125
124
125
125
125
123
122
124
128
128
130
130
132
133
125
115
119
129
132
127
121
118
122
129
128
122
120
123
127
127
127
127
125
124
126
129
129
128
126
127
130
135
131
122
114
118
126
131
128
123
119
119
123
127
127
125
125
125
126
127
126
125
126
127
128
128
128
127
125
125
126
126
126
125
125
124
123
121
121
123
124
126
126
125
126
126
127
127
126
126
126
125
126
129
133
113
124
124
126
127
127
126
126
126
126
125
125
125
124
124
125
128
126
124
124
126
127
126
125
120
124
126
126
127
128
127
127
126
126
126
127
126
124
125
127
128
128
127
127
127
126
126
126
125
124
125
125
127
127
126
126
126
126
126
126
125
124
124
125
126
126
124
124
125
126
126
126
120
124
124
124
125
127
128
129
129
128
125
126
128
128
126
126
127
127
126
126
125
125
125
125
125
125
123
123
122
122
124
125
125
125
124
125
126
126
126
126
126
126
127
128
127
126
127
126
126
127
126
126
126
126
124
124
125
127
125
124
125
125
125
126
125
125
125
125
126
126
126
126
126
126
126
125
125
126
126
126
126
125
125
125
126
126
126
125
125
125
125
126
125
125
125
126
126
126
126
127
126
127
127
128
128
127
126
121
117
122
133
135
125
115
120
131
136
131
121
123
142
141
103
88
119
142
129
109
108
132
152
138
114
121
141
135
112
110
128
142
142
134
128
133
148
142
100
72
98
141
158
131
106
110
130
134
131
128
126
123
120
123
128
126
123
125
130
134
132
126
123
122
128
123
119
119
124
128
130
128
127
126
123
121
123
124
123
123
125
126
125
126
128
128
129
128
124
122
125
128
128
125
124
124
126
128
127
123
123
127
128
124
120
121
125
126
124
130
132
120
118
144
149
106
83
125
152
123
118
156
157
102
82
135
161
119
93
120
144
133
113
109
115
126
132
131
129
133
135
127
118
119
131
135
130
116
111
123
136
134
125
118
120
127
129
127
126
130
133
125
111
110
122
129
121
114
132
165
154
110
99
121
130
122
121
126
124
120
132
143
133
122
123
117
107
109
122
134
145
147
123
104
120
142
136
122
118
118
119
128
129
119
113
118
131
143
144
134
123
117
125
136
133
115
104
104
96
98
155
202
156
86
70
106
152
167
149
124
110
107
115
121
127
131
132
131
126
123
128
133
131
131
129
117
106
109
117
125
134
129
108
106
134
151
138
122
127
134
131
120
117
122
129
127
120
119
126
131
127
122
124
126
125
123
123
131
134
130
118
116
125
130
128
127
127
124
116
117
94
125
126
125
126
125
125
125
125
125
125
125
125
125
125
125
125
125
125
125
125
125
125
125
125
125
125
125
125
125
125
125
125
125
125
125
125
125
125
125
125
125
125
125
125
125
125
125
125
125
125
125
125
125
125
125
125
125
125
125
125
125
125
125
125
125
125
125
125
125
125
125
125
125
125
125
125
125
125
125
125
125
125
125
125
125
125
125
125
125
125
125
125
125
125
125
125
125
125
125
125
125
125
125
125
125
125
125
125
125
125
125
125
125
125
125
125
125
125
125
125
125
125
125
125
125
125
125
125
125
125
125
125
125
125
125
125
125
125
125
125
125
125
125
125
125
125
125
125
125
125
125
125
125
125
125
125
125
125
125
125
125
125
125
125
125
126
125
125
125
125
125
125
125
125
125
125
125
125
125
125
125
125
125
125
125
125
126
125
125
125
125
125
125
125
125
125
125
125
125
125
125
125
125
125
126
125
125
125
125
125
125
125
125
125
125
125
125
125
125
125
125
125
125
125
125
125
125
125
125
125
125
125
125
125
125
125
125
125
125
125
125
125
125
125
125
125
125
125
125
125
125
125
125
125
125
125
125
125
125
126
126
125
125
126
125
125
125
125
125
125
125
125
125
125
125
125
125
125
125
125
125
125
125
125
125
125
125
125
125
125
125
125
125
125
125
125
125
125
125
125
125
125
125
125
125
125
125
125
125
125
125
125
125
125
125
125
125
125
125
125
125
125
125
125
125
125
125
125
125
125
125
125
125
125
125
125
125
125
125
125
125
125
125
125
125
125
125
125
125
125
125
125
125
125
