126
126
126
126
126
125
40
125
125
125
125
125
125
125
125
125
125
125
125
125
125
125
125
125
125
125
125
125
125
125
125
125
125
125
125
125
125
125
125
125
125
125
126
125
125
125
125
125
125
125
125
125
125
125
125
125
125
125
125
125
125
125
125
125
125
125
125
125
125
125
125
125
125
125
125
125
125
125
125
125
126
125
125
125
125
125
126
125
125
125
125
125
125
125
125
125
125
125
125
125
125
125
125
125
125
125
125
125
125
125
125
125
125
125
125
125
125
125
125
126
125
125
125
125
125
125
125
126
125
125
125
125
125
125
125
125
125
125
125
125
125
125
125
125
125
125
125
125
125
125
125
125
125
125
125
125
125
125
125
125
125
125
125
125
125
126
125
125
125
125
125
125
125
125
125
125
125
125
125
125
125
125
125
125
125
125
125
125
125
125
125
125
126
126
125
125
125
125
125
125
125
125
125
125
125
125
125
125
125
125
125
125
125
125
125
125
125
125
125
125
125
125
125
125
125
125
125
125
125
125
125
125
125
125
125
125
125
125
125
125
125
125
125
125
125
125
125
125
125
125
125
125
125
125
125
125
125
125
125
125
125
125
125
125
125
125
125
125
125
126
125
125
125
125
125
125
125
125
125
125
125
125
125
125
125
125
125
125
125
125
125
125
125
125
125
125
125
125
126
125
125
125
125
125
125
125
125
125
125
125
125
125
125
125
125
125
125
125
125
125
125
125
125
125
125
125
125
125
125
125
125
125
125
125
126
126
125
125
125
125
125
125
125
125
125
125
125
125
125
125
125
125
125
125
125
125
125
125
125
125
125
125
125
125
125
125
125
125
125
125
125
125
125
125
125
125
125
125
125
125
125
125
125
125
125
125
125
125
125
125
125
125
125
125
125
125
125
125
125
125
125
125
125
125
125
125
125
125
125
125
125
125
125
125
125
125
125
125
125
125
125
125
125
125
125
125
125
125
125
125
125
125
125
125
125
125
125
125
125
125
125
125
125
125
125
125
125
125
125
125
125
125
125
125
125
125
125
125
125
125
125
125
125
125
125
125
125
125
125
125
125
126
125
125
125
125
125
125
125
124
125
125
125
125
126
126
125
125
125
125
125
125
125
125
125
125
125
125
125
125
125
125
125
125
125
125
125
125
125
125
125
125
125
125
125
125
125
125
125
125
125
125
125
125
125
125
125
125
125
125
125
125
125
125
125
125
125
125
125
126
125
125
125
125
125
125
125
125
125
125
125
125
125
125
125
125
125
125
125
125
125
125
125
125
126
126
125
125
125
126
126
125
125
125
127
129
129
123
110
101
112
145
186
198
136
26
12
108
185
162
153
177
61
77
244
255
2
39
177
194
151
173
104
13
88
248
183
59
86
140
124
157
171
131
119
89
37
73
179
209
157
120
83
52
103
194
191
111
72
99
132
148
150
140
122
112
106
95
107
145
163
142
119
117
116
115
126
136
126
112
114
128
139
137
125
113
117
134
144
136
120
113
117
120
121
123
126
128
128
126
126
129
129
126
122
123
125
125
123
122
125
128
130
129
123
119
120
128
134
132
126
122
121
123
125
126
127
128
127
126
125
122
122
124
128
128
127
126
124
123
122
123
125
126
127
126
125
124
125
129
132
133
130
126
123
120
118
119
121
124
127
129
130
129
128
127
125
124
123
122
124
125
128
128
127
126
126
124
123
123
125
127
127
126
124
123
123
125
127
128
127
127
127
128
127
125
124
123
124
125
126
123
124
125
125
126
128
129
128
126
125
124
125
125
125
126
125
124
124
125
127
128
128
127
126
126
126
125
125
125
124
124
125
125
125
125
125
125
126
125
125
126
126
127
126
126
126
126
125
125
125
125
125
125
125
125
126
127
127
126
126
126
126
126
126
125
125
125
125
125
125
125
125
125
125
126
126
126
126
126
126
126
126
125
125
125
125
125
125
125
126
126
125
125
125
126
126
126
125
125
125
125
125
125
126
126
125
125
125
126
127
127
125
124
125
126
125
126
127
125
125
125
126
126
126
127
125
124
126
126
126
127
126
125
125
126
125
125
125
126
125
125
126
125
125
125
125
125
126
129
126
126
127
125
122
124
126
126
126
125
125
125
126
126
125
124
125
126
126
125
124
125
125
126
126
126
125
125
126
126
127
126
126
125
125
126
126
125
125
125
124
125
126
126
128
125
125
125
125
125
125
124
125
126
125
125
125
125
126
126
126
127
126
125
125
125
126
126
125
125
124
124
125
125
125
125
126
124
125
125
125
125
125
124
125
126
126
125
125
126
127
126
125
126
126
125
125
126
126
125
125
124
125
125
125
125
125
125
125
125
125
125
126
125
125
126
126
126
126
126
126
126
126
125
125
125
126
126
126
125
126
126
126
125
125
125
126
125
126
125
125
125
125
123
123
124
125
125
126
127
126
127
126
126
126
125
125
125
125
125
125
125
126
125
125
125
126
126
125
126
125
125
125
125
125
125
125
125
125
125
125
125
125
126
125
125
125
125
125
125
125
125
125
125
125
125
125
125
125
125
125
125
125
125
125
125
125
126
125
125
125
125
125
125
125
125
125
125
125
125
126
125
125
126
126
125
125
125
125
125
125
125
125
125
125
125
125
125
125
125
125
126
125
126
125
125
125
125
126
125
125
125
125
125
125
125
125
125
125
126
125
125
125
125
125
125
125
125
126
125
126
125
125
125
125
125
125
126
126
125
125
126
126
126
126
125
125
126
126
125
125
126
128
125
124
125
124
123
124
124
125
126
125
126
125
126
126
125
125
124
125
125
125
125
125
126
125
126
125
126
126
125
125
125
125
126
125
125
125
125
125
125
125
125
125
126
125
125
125
126
125
126
126
125
125
125
125
126
125
125
125
125
125
125
125
125
125
126
126
126
125
125
125
125
125
125
125
125
124
125
120
125
127
124
126
126
126
126
126
126
125
125
125
125
125
125
125
124
125
125
125
126
125
126
126
126
126
126
125
126
125
125
125
125
125
126
125
125
125
125
125
126
126
126
126
125
126
126
125
125
125
125
126
125
125
125
125
125
125
125
126
126
126
126
125
124
120
125
126
125
126
127
127
126
126
125
126
126
125
125
125
126
126
126
125
125
126
125
125
126
126
124
124
126
127
126
126
125
125
125
126
126
125
125
125
125
125
124
125
125
124
125
125
126
126
126
126
126
126
125
124
124
125
125
125
125
125
125
126
126
125
126
126
126
125
125
125
126
125
125
125
125
126
125
125
126
125
125
125
126
126
126
126
125
126
125
125
125
125
125
125
125
125
125
125
125
125
125
125
125
126
125
124
124
125
127
126
126
124
125
125
126
125
126
126
125
125
126
127
126
124
124
124
125
125
124
124
125
125
125
125
127
127
126
125
125
126
127
126
125
124
125
125
126
134
126
124
122
125
127
126
123
121
122
125
125
124
123
124
124
124
125
126
127
126
127
127
127
127
126
125
125
125
124
125
125
125
124
125
126
126
125
126
125
125
125
125
125
125
125
125
126
125
125
124
126
126
126
125
125
125
125
125
125
125
125
125
125
125
125
125
125
126
126
127
123
125
124
126
126
125
131
90
128
128
129
127
128
127
127
126
126
125
125
126
126
126
127
126
126
127
126
126
126
126
126
125
125
126
126
125
126
126
126
126
126
126
126
93
87
135
125
133
132
133
132
131
129
128
127
127
126
127
127
126
126
127
126
127
125
127
127
127
126
127
126
127
127
114
124
124
126
127
131
130
130
127
128
128
128
128
127
126
126
126
126
126
125
125
124
124
125
124
124
125
125
126
126
126
127
127
126
127
126
125
125
123
124
125
125
126
127
125
126
126
127
41
126
125
125
126
125
125
125
126
126
126
125
125
126
126
126
126
125
125
125
125
125
125
126
125
125
126
126
126
125
125
125
125
125
125
125
125
125
125
125
125
125
125
126
125
125
125
125
125
125
125
125
125
126
125
125
125
125
125
126
126
125
125
125
125
125
125
125
125
126
125
125
125
125
125
125
125
125
125
126
125
126
125
125
125
125
125
125
125
125
125
125
125
125
125
125
125
125
125
125
125
125
125
125
125
125
125
125
125
125
125
125
125
125
125
125
125
125
125
126
125
125
125
125
125
125
125
125
125
125
125
125
125
125
125
125
125
125
125
125
125
125
125
125
125
125
125
125
125
125
125
125
125
125
125
125
125
125
125
125
125
125
125
125
125
125
125
125
125
125
125
125
125
125
125
125
125
125
125
125
125
125
125
125
125
125
125
125
125
125
125
125
125
125
125
125
125
125
125
125
125
125
125
125
125
125
125
125
125
125
125
125
125
126
125
125
125
125
125
125
125
125
125
125
125
125
125
125
125
125
125
125
125
125
125
125
125
125
125
125
125
125
125
125
125
125
125
125
125
125
125
125
125
125
125
125
125
125
125
125
125
125
125
125
125
125
125
125
125
125
125
125
125
125
125
125
125
125
125
125
125
125
125
125
125
125
125
125
125
126
125
125
125
125
125
125
125
126
126
126
125
125
125
125
125
125
125
125
125
125
125
125
125
125
125
125
125
125
125
125
125
126
125
125
125
125
125
125
125
125
125
125
125
125
125
125
125
125
125
125
125
125
125
125
125
125
125
125
125
126
125
125
125
125
124
