123
130
130
126
123
124
86
125
125
125
125
125
125
125
125
125
125
125
125
125
125
125
125
125
125
125
125
126
125
125
125
125
125
125
125
125
125
125
125
125
125
125
125
125
125
125
125
125
125
125
125
125
125
125
126
125
125
125
125
125
125
125
125
125
125
125
125
125
125
125
125
125
125
125
125
125
125
125
125
125
125
125
125
125
125
125
125
125
125
125
125
125
125
125
125
125
125
125
125
125
125
125
125
125
125
126
125
125
125
125
125
125
125
125
125
125
125
125
125
125
125
125
125
125
125
125
125
125
125
125
125
125
125
125
125
125
125
125
125
125
125
125
125
125
125
125
125
126
125
125
125
125
125
125
125
125
125
125
125
125
125
125
125
125
125
125
125
125
125
125
125
125
125
125
125
125
125
125
125
125
125
125
125
125
125
125
125
125
125
125
125
125
125
125
125
125
125
125
125
125
125
125
125
125
125
125
125
125
125
125
125
125
125
125
125
125
125
125
125
125
125
125
125
125
125
125
125
125
125
125
125
125
125
125
125
125
125
125
125
125
125
125
125
125
125
125
125
125
125
125
125
125
125
125
126
124
125
125
125
126
126
126
126
126
126
126
125
126
126
126
126
126
126
126
126
126
126
126
126
126
126
126
126
126
126
126
125
126
126
126
126
126
126
126
126
126
126
126
126
126
126
126
126
126
126
126
126
126
126
126
126
126
126
126
126
126
126
126
126
126
126
126
126
126
126
126
126
125
125
126
125
125
126
126
126
126
126
125
125
126
125
125
125
125
125
125
125
125
126
125
126
125
125
126
125
125
126
125
125
125
125
125
126
126
126
126
125
125
125
125
125
125
125
125
125
125
125
125
126
125
125
125
125
125
125
125
126
126
125
124
125
125
125
126
126
126
126
126
125
125
125
125
126
125
125
125
126
126
125
125
126
125
125
125
125
125
126
125
126
125
125
125
125
126
125
125
125
126
125
125
125
125
126
125
125
125
125
125
125
125
126
125
125
125
126
125
126
126
125
125
126
125
126
125
125
125
125
126
126
126
125
126
126
125
125
125
125
126
126
125
125
125
125
126
125
125
125
126
126
125
125
126
125
125
125
125
125
125
125
125
125
125
125
125
125
125
125
125
126
125
125
125
125
125
125
125
125
125
125
125
125
125
125
125
125
125
125
125
125
125
125
125
125
125
125
125
125
125
125
125
125
125
125
125
125
125
125
125
125
125
125
125
125
125
125
125
125
126
125
125
125
125
125
125
125
125
125
125
125
125
125
125
125
125
125
125
125
125
125
125
125
125
125
125
125
125
125
125
125
125
125
125
125
125
125
125
125
125
125
125
125
125
125
125
125
125
125
125
125
125
125
125
125
125
125
126
126
125
125
126
126
126
125
125
125
125
125
125
125
125
125
125
125
126
126
125
125
126
126
125
124
125
126
126
125
125
125
125
126
126
125
125
124
125
125
125
126
126
125
125
125
125
125
126
125
125
125
125
126
126
126
125
124
125
126
126
125
125
125
126
126
126
126
125
125
125
126
125
125
125
125
125
126
125
125
125
125
125
126
126
125
125
125
125
126
126
126
124
125
126
125
125
125
125
125
126
125
125
125
126
125
125
125
125
125
125
125
125
125
125
126
126
125
125
126
125
125
126
126
125
126
126
125
125
126
126
125
125
125
125
125
126
125
125
126
126
125
125
126
125
125
126
126
125
125
126
125
125
126
126
125
126
126
125
125
125
126
125
126
126
125
125
125
126
125
125
126
125
125
126
126
125
125
126
125
125
126
126
125
125
126
125
125
125
126
125
125
126
126
125
125
125
125
125
125
125
125
126
125
125
125
125
125
125
126
126
125
125
126
126
125
125
126
126
125
124
126
125
125
125
126
125
125
126
125
125
125
125
125
125
125
126
125
125
125
126
125
125
125
125
125
125
125
125
125
125
125
125
125
125
126
125
126
126
126
125
125
124
125
125
125
125
125
125
125
125
125
125
125
125
126
125
125
125
125
125
125
125
125
126
125
125
125
126
126
125
125
125
125
125
125
125
125
125
125
125
125
125
125
126
125
125
124
125
125
125
125
126
126
126
126
125
125
126
126
125
125
125
125
125
125
126
126
125
125
125
125
125
125
125
125
125
125
125
125
125
126
125
125
125
125
125
125
125
125
126
125
125
125
125
126
125
125
125
125
125
126
126
126
125
125
125
125
126
126
125
125
125
125
126
125
125
125
125
125
125
125
125
126
126
126
125
125
125
125
125
125
125
125
125
126
125
125
125
125
125
126
125
125
125
125
125
125
125
125
125
125
126
125
125
125
125
125
125
125
125
125
125
125
125
125
125
125
125
125
125
126
125
125
125
125
125
125
125
125
125
125
125
125
125
125
125
125
125
125
125
125
125
125
125
125
125
125
125
125
125
125
125
125
126
125
125
125
125
125
125
125
125
125
125
126
125
126
126
125
125
125
125
125
125
125
125
125
125
126
126
125
125
125
126
125
125
125
126
126
125
125
125
125
125
125
125
125
126
126
126
126
125
124
125
125
125
125
125
126
126
125
125
124
124
125
126
128
129
125
124
125
125
125
124
124
124
124
126
126
125
124
125
125
125
125
126
126
125
125
125
126
128
125
123
123
126
128
123
124
125
127
127
126
124
124
124
124
126
126
123
125
130
130
126
124
125
126
124
122
123
124
127
127
125
126
127
125
125
126
125
122
123
129
128
121
123
131
128
120
121
129
127
118
123
130
131
131
132
129
126
125
118
111
112
115
116
122
130
138
142
143
139
136
136
131
119
110
110
111
110
111
114
119
126
132
136
139
140
141
138
132
126
122
120
118
114
112
114
119
122
125
126
128
130
132
134
134
129
126
125
125
124
125
126
124
121
121
126
129
123
118
121
125
125
122
124
125
126
129
131
130
129
128
126
126
125
124
120
118
118
121
122
123
126
129
132
133
129
123
124
131
133
125
117
122
129
129
124
122
126
132
133
124
114
116
125
129
124
119
122
128
130
128
125
125
126
129
128
120
117
122
129
135
131
117
114
126
133
126
123
128
126
124
130
131
125
128
129
115
112
130
140
128
120
121
114
115
131
135
126
130
130
116
121
139
130
116
134
135
99
106
150
137
99
126
159
115
89
146
163
105
101
154
135
75
104
176
148
85
120
166
109
74
148
183
114
92
152
146
74
81
152
148
103
140
199
160
68
60
128
141
122
141
139
88
75
146
193
142
87
103
143
148
143
126
106
98
114
141
148
130
114
100
108
152
175
124
79
100
137
134
138
156
136
91
93
135
154
137
123
112
99
107
137
169
106
118
132
129
113
121
139
143
129
123
120
111
112
126
134
127
119
127
133
122
117
127
133
128
125
128
126
122
124
129
127
124
125
131
131
123
114
123
135
135
128
126
126
120
117
121
129
131
128
123
125
126
126
124
125
125
128
130
124
117
118
128
137
131
119
117
128
137
132
121
117
120
119
119
127
131
126
124
127
128
126
126
129
132
129
124
122
122
126
129
131
127
124
124
125
126
128
130
128
123
122
122
123
127
129
129
124
120
123
125
123
124
126
126
126
127
127
122
121
126
130
128
125
123
124
126
129
128
126
124
122
121
123
129
130
125
121
122
126
130
131
130
126
121
119
123
130
132
124
118
121
132
137
127
115
117
126
131
130
126
124
126
127
126
124
124
124
124
124
126
126
128
129
131
129
128
128
124
117
116
124
126
126
126
127
125
122
126
133
131
125
122
120
118
125
133
136
128
114
106
120
129
130
128
127
131
134
130
121
120
127
133
128
123
123
128
129
126
122
123
125
124
128
133
133
129
124
118
120
127
129
122
120
124
132
87
126
126
126
126
126
125
126
126
126
125
126
126
125
125
125
126
126
126
126
126
126
126
125
125
125
125
125
125
126
125
126
126
126
126
126
126
126
126
125
125
126
126
126
126
126
125
126
126
126
126
125
125
126
126
126
125
126
126
125
126
126
125
126
126
126
126
126
125
126
125
126
125
126
125
125
125
126
126
126
126
125
126
125
126
126
126
125
126
125
125
126
125
126
125
126
125
125
126
125
126
126
126
126
126
126
126
126
125
125
126
125
125
126
125
125
125
125
126
125
125
126
125
126
125
126
126
126
125
125
125
125
125
125
125
125
125
125
125
125
125
125
125
125
125
125
125
125
126
125
125
125
125
125
125
125
125
125
125
125
125
125
125
125
125
125
125
125
125
125
125
125
125
125
125
125
125
125
125
125
125
125
125
125
125
125
125
125
125
125
125
125
125
125
125
125
125
125
125
125
125
125
125
125
125
125
125
125
125
125
125
125
125
125
125
125
125
125
126
125
125
125
125
125
125
125
125
125
125
125
125
125
125
125
125
125
125
125
125
125
125
125
125
125
125
125
125
126
125
125
125
125
125
125
125
125
125
125
125
125
125
125
125
126
126
125
125
125
125
125
125
125
125
125
125
125
125
125
125
125
125
125
125
125
125
125
125
126
125
125
126
125
125
125
125
126
125
125
125
125
125
125
125
125
125
125
125
125
125
125
125
125
125
125
125
125
125
125
125
125
125
125
125
125
125
125
125
125
125
125
125
125
125
125
125
125
125
125
125
125
125
125
125
125
125
125
125
125
125
125
125
125
125
125
117
