128
139
141
131
120
117
77
126
125
125
125
126
126
126
125
126
125
126
125
125
125
125
125
125
125
125
125
125
125
125
126
125
126
125
126
126
125
125
125
125
125
125
125
126
125
125
125
125
126
126
125
125
125
126
126
126
125
125
125
125
125
126
125
126
126
126
126
125
125
125
125
125
126
126
125
125
126
125
126
125
125
125
125
126
125
125
126
125
126
125
125
125
125
126
125
126
125
125
125
125
126
126
125
125
125
126
126
125
125
125
125
125
125
125
125
126
126
126
125
125
125
125
125
126
125
125
126
125
125
125
126
125
125
125
126
126
126
126
126
125
126
126
126
125
125
125
125
125
125
125
125
126
125
125
125
125
125
125
125
125
126
125
125
125
126
125
125
125
125
125
125
126
126
125
125
126
125
125
126
125
126
126
126
126
126
125
125
125
125
125
125
125
125
125
125
125
125
125
125
125
126
125
126
125
125
125
125
125
125
125
125
125
125
125
125
125
125
125
125
125
125
126
125
125
125
125
125
125
125
125
125
125
125
125
125
125
125
125
126
125
125
125
125
125
125
125
125
125
125
126
126
125
125
125
125
125
125
125
125
125
125
125
125
125
125
125
125
125
125
125
125
125
125
125
125
125
125
126
125
125
125
125
125
125
125
125
125
125
125
125
125
125
126
125
125
125
125
125
125
125
125
125
125
125
125
125
125
125
125
126
125
125
125
125
125
125
125
125
125
125
125
125
125
125
125
125
125
125
125
125
125
125
125
125
125
125
125
125
125
125
125
125
125
125
125
125
125
125
125
125
125
125
125
125
125
125
125
125
125
125
125
125
125
125
125
125
126
125
125
125
125
125
125
125
125
125
125
125
125
125
125
125
125
125
125
125
125
125
125
125
125
126
125
125
125
125
125
125
125
125
125
125
125
125
125
125
125
125
125
125
125
125
125
125
125
125
125
125
125
125
125
125
125
125
125
125
125
125
125
125
125
125
125
125
125
125
125
125
125
125
125
125
125
125
125
125
125
125
125
125
125
125
125
125
125
125
125
125
125
125
125
125
125
125
125
125
125
125
125
125
125
125
125
125
125
125
125
125
125
125
125
125
125
125
125
125
125
125
125
125
125
125
125
125
125
125
125
125
125
125
125
125
125
125
125
125
125
126
124
125
125
125
125
126
125
125
125
125
125
125
125
125
125
125
125
125
125
125
125
125
125
125
125
125
125
125
125
125
125
125
125
125
125
125
125
125
125
125
125
125
125
125
125
125
125
125
125
125
125
125
126
126
125
125
125
125
125
125
125
125
125
125
125
125
124
125
125
125
125
125
126
125
125
126
125
125
125
125
125
125
125
125
126
127
127
126
126
123
120
125
132
129
117
109
115
135
148
130
108
128
153
136
95
61
110
225
219
49
4
162
224
118
60
116
143
147
136
109
113
134
135
104
109
151
162
129
96
69
94
169
200
139
62
78
159
171
107
100
138
144
105
86
116
173
209
159
7
26
151
255
247
16
44
144
255
177
32
59
154
155
115
148
153
93
80
127
142
135
139
121
97
110
137
132
118
130
140
124
107
111
125
134
139
135
120
110
118
133
134
121
113
123
136
131
123
126
132
123
108
110
126
142
147
134
112
107
128
140
119
97
115
162
174
127
78
78
121
166
167
127
101
111
124
127
137
135
111
100
120
138
135
132
135
129
119
121
128
125
119
122
128
127
123
125
128
124
121
124
130
131
129
126
123
122
125
127
126
123
123
126
128
128
125
122
122
125
126
126
124
125
127
128
129
129
126
123
122
123
125
125
123
123
125
127
126
125
126
128
129
129
123
124
126
123
120
124
131
127
122
125
129
124
120
123
126
126
129
127
123
123
128
129
126
124
125
126
125
123
125
125
125
126
126
125
124
126
128
126
125
124
125
126
126
125
124
124
123
125
127
127
126
126
127
127
125
123
122
124
127
127
125
123
124
125
127
128
126
124
124
126
129
129
126
123
124
126
127
125
122
122
126
128
125
123
125
125
124
125
128
128
125
123
125
128
128
124
122
123
127
128
125
122
124
128
128
125
124
125
126
127
126
124
124
125
126
124
124
126
126
124
124
126
126
125
124
124
129
130
126
122
123
127
128
126
126
126
123
122
125
128
126
122
122
126
127
125
123
125
126
125
125
126
128
127
126
126
125
126
127
126
124
124
124
125
125
125
125
126
128
126
124
124
125
125
124
125
126
125
124
125
126
126
125
125
123
125
128
129
127
125
124
124
125
123
121
124
130
131
125
122
126
127
125
125
124
122
125
128
125
123
124
126
126
126
127
126
123
126
129
124
121
125
128
124
121
124
128
126
122
125
127
126
126
127
125
123
125
128
127
124
123
124
125
125
124
124
126
126
125
125
125
124
125
127
127
124
123
125
126
126
125
124
125
125
126
126
125
125
126
125
125
125
125
125
125
126
125
125
125
126
126
126
126
125
125
125
125
125
125
125
125
125
125
125
126
125
125
125
125
125
125
125
125
125
125
125
125
125
125
125
125
125
125
125
126
125
125
125
125
125
125
125
125
125
125
125
125
125
125
126
126
125
125
125
125
126
126
125
124
125
125
125
125
125
126
125
125
125
126
125
126
125
125
125
125
124
124
126
127
125
124
124
126
126
125
124
125
125
125
124
124
125
129
123
126
124
125
125
127
127
124
124
126
126
125
124
124
125
127
126
125
124
124
125
127
127
126
125
125
125
126
127
120
122
124
125
126
128
128
128
127
125
126
126
126
126
125
125
125
125
125
125
125
126
127
125
125
127
127
127
126
126
126
127
126
124
124
125
125
122
124
125
126
126
127
126
126
127
128
126
124
126
127
127
124
122
125
128
127
126
125
124
126
127
127
125
123
126
128
126
124
123
125
126
125
124
125
125
125
125
126
126
125
125
125
125
126
126
124
123
125
126
127
126
125
125
124
125
126
126
125
126
127
126
126
126
126
125
125
125
124
125
126
127
126
125
125
126
126
126
125
125
125
124
124
126
126
126
126
126
125
126
126
126
125
123
124
125
125
126
126
125
124
126
127
126
124
125
126
126
127
126
126
126
124
125
125
126
125
124
125
126
126
126
127
127
125
124
124
126
127
126
126
125
125
125
126
127
127
126
126
124
123
123
124
125
125
128
131
127
125
125
124
125
126
124
124
124
125
125
126
127
126
125
124
126
127
127
127
125
125
126
127
126
124
121
121
126
130
128
123
124
128
126
129
123
127
125
123
125
127
124
123
122
124
126
127
126
125
123
126
128
125
125
128
128
125
124
125
124
122
125
127
126
127
126
125
124
125
128
126
124
124
126
126
126
126
125
123
123
125
128
126
124
123
123
126
127
127
128
129
128
125
123
121
124
126
127
125
124
126
118
125
125
126
127
129
127
125
126
127
125
124
124
124
124
126
129
127
124
123
125
127
127
126
125
124
126
126
126
125
124
125
126
127
125
126
125
125
126
125
123
123
124
126
127
125
124
125
126
126
125
125
125
124
125
125
126
125
125
127
125
124
125
126
126
126
124
125
126
126
126
125
123
123
124
127
133
135
129
120
113
114
118
123
128
134
140
138
126
114
114
124
131
129
122
120
122
127
131
130
126
122
123
125
126
126
126
126
124
124
126
128
129
124
122
122
124
127
127
128
126
126
125
125
123
123
125
125
126
126
126
124
123
124
127
127
125
125
123
125
126
127
126
125
125
126
125
124
132
129
126
124
124
122
124
125
124
124
125
126
126
127
127
126
126
123
122
123
124
124
125
125
125
124
125
127
127
129
128
126
125
125
124
124
124
126
126
127
125
125
124
125
125
123
121
125
126
126
126
125
126
126
126
126
126
78
125
125
125
125
126
125
126
126
126
125
125
126
125
125
125
125
125
125
125
125
125
125
125
125
125
125
125
125
125
125
125
125
125
125
125
125
125
125
125
125
125
125
125
125
125
125
125
125
125
125
125
125
125
125
125
125
125
125
125
125
125
125
125
125
125
125
125
125
125
125
125
125
125
126
125
125
126
125
125
125
125
125
125
125
125
125
125
125
125
125
126
125
125
125
125
125
125
125
125
125
125
125
125
125
125
125
125
125
125
125
125
125
125
125
125
125
125
125
125
125
125
125
125
125
125
125
125
125
125
125
125
125
125
125
125
125
125
125
125
125
125
125
125
125
125
125
125
125
125
125
125
126
126
125
125
125
125
125
125
125
125
125
125
125
125
125
125
125
125
125
125
125
125
125
125
125
125
125
125
125
125
125
125
125
125
125
125
125
125
125
125
125
125
125
125
125
125
125
125
125
125
125
125
125
125
125
125
125
125
125
125
125
125
125
125
125
125
125
125
125
125
125
125
125
125
125
125
125
125
125
125
125
125
125
125
125
125
125
125
125
125
125
125
125
125
125
125
125
125
125
125
125
125
125
125
125
125
125
125
125
125
125
125
125
125
125
125
125
125
125
125
125
125
125
125
125
125
125
125
125
125
125
125
125
125
125
125
125
125
125
125
125
125
125
126
125
125
125
125
125
125
125
125
125
125
125
125
126
125
125
124
125
125
125
126
126
126
126
126
125
126
126
126
125
125
125
126
125
125
125
125
126
125
126
126
125
125
126
125
125
125
125
125
125
125
125
125
125
125
126
126
126
126
118
