126
126
125
125
125
126
38
126
126
126
126
126
126
126
126
126
125
125
125
125
125
125
125
125
125
125
125
125
126
125
125
125
125
125
125
126
125
126
125
125
125
125
125
125
125
125
125
125
125
125
125
125
126
125
125
125
125
125
125
126
125
126
125
125
125
125
125
125
126
125
125
125
125
126
126
126
125
125
125
125
125
125
125
125
125
125
125
125
125
125
125
125
125
125
125
125
125
125
125
125
126
125
125
125
125
125
125
125
125
125
125
125
125
125
125
126
125
125
125
125
125
125
125
125
125
125
125
125
125
125
125
125
125
125
125
125
125
125
125
125
125
125
125
125
126
125
125
125
125
125
125
125
125
125
125
125
125
125
125
125
125
125
125
125
125
125
125
125
125
125
125
125
125
125
125
125
125
125
125
125
125
125
125
125
125
125
125
126
125
125
125
125
125
125
125
125
125
125
125
125
125
125
125
125
125
125
125
125
125
125
125
125
125
125
125
125
125
125
125
125
125
125
125
125
125
125
125
125
125
125
125
125
125
125
125
125
125
125
125
125
125
125
125
125
125
125
125
125
125
125
125
125
125
125
125
126
125
125
125
125
125
125
125
125
125
125
125
125
125
125
125
125
125
125
125
125
125
125
125
125
125
125
125
125
125
125
125
125
125
125
125
125
125
125
125
125
125
125
125
125
125
125
125
125
125
125
125
125
125
125
125
125
125
125
125
125
125
125
125
125
125
125
125
125
125
125
125
125
125
125
125
125
126
126
125
125
125
125
125
125
125
125
125
125
125
125
125
125
125
125
125
125
125
125
125
125
125
125
125
125
125
125
125
125
125
125
125
125
125
125
125
125
125
125
125
125
125
125
124
125
125
125
125
126
125
125
125
125
125
125
125
125
125
125
125
125
125
125
125
125
125
125
125
125
126
126
125
125
125
125
125
125
125
125
125
125
125
125
125
125
125
125
125
125
126
125
125
125
125
126
125
125
125
125
125
125
125
125
126
125
125
126
126
126
125
125
125
125
125
125
125
125
125
125
125
125
126
126
125
125
125
125
125
125
125
125
125
126
125
125
125
125
125
126
126
125
125
125
125
125
125
125
125
125
126
124
125
125
126
126
126
126
126
126
126
126
125
126
125
126
126
126
126
125
124
125
127
128
127
128
130
131
128
120
112
113
119
126
128
127
135
151
150
124
106
113
125
121
112
118
133
135
122
118
131
141
135
118
107
115
148
169
136
80
89
149
147
113
115
129
110
111
137
140
132
134
136
124
123
135
127
109
112
122
123
127
131
136
142
132
109
109
131
127
109
123
141
125
111
135
160
140
105
105
124
122
115
127
143
145
129
111
106
115
121
124
139
151
140
116
110
123
133
126
116
120
132
134
123
117
124
128
126
122
124
131
135
128
116
115
126
132
130
129
128
127
124
122
122
123
123
124
127
128
127
126
124
124
127
129
129
127
125
124
122
120
121
124
128
129
129
128
128
128
127
126
125
124
123
123
125
125
126
127
127
126
126
126
127
127
124
122
122
126
127
126
126
126
127
126
124
122
124
127
128
126
126
127
127
126
125
124
124
125
126
125
125
125
125
125
126
126
127
127
128
127
127
127
127
125
123
122
124
125
125
124
125
127
127
126
127
128
127
125
123
124
125
125
124
123
125
128
129
128
126
125
125
124
125
125
125
124
124
125
127
127
125
124
125
126
126
125
125
126
126
126
124
125
126
126
125
125
125
126
125
124
125
126
126
126
125
125
126
126
125
125
125
126
125
125
125
125
125
125
124
125
126
126
126
126
126
126
125
125
126
126
125
125
125
125
126
126
126
125
125
126
126
126
125
125
125
125
125
125
125
125
125
125
125
125
126
126
125
125
126
127
126
125
125
126
126
125
125
126
126
126
125
126
126
125
125
125
125
125
125
125
124
126
127
125
125
126
125
124
125
126
125
125
126
125
125
126
126
126
125
125
125
125
125
126
126
125
125
125
126
125
125
125
125
125
125
125
125
126
126
125
125
126
126
125
125
126
125
122
126
127
125
125
126
126
126
125
125
126
126
125
125
126
126
125
125
126
126
125
125
125
126
126
126
125
126
126
126
124
124
125
125
125
125
125
126
126
126
125
125
126
125
125
124
124
125
125
125
126
126
125
125
126
126
126
125
125
126
126
125
125
125
126
126
125
125
125
125
125
125
126
126
126
125
126
125
126
125
125
125
125
125
125
125
126
125
125
125
125
125
126
126
126
125
125
126
125
125
125
125
125
126
125
125
125
125
125
125
125
125
125
126
126
126
126
126
126
126
125
125
125
125
126
125
125
125
125
125
126
125
125
125
125
126
126
125
125
125
125
125
125
125
126
125
125
126
126
126
126
125
125
125
126
125
125
125
126
125
125
125
126
126
125
126
126
126
126
125
125
125
125
126
125
125
125
125
125
125
125
125
126
125
125
125
125
125
125
125
125
125
125
125
125
125
125
125
125
125
125
126
126
125
125
125
125
125
125
126
126
125
126
125
125
125
125
126
125
125
128
126
125
125
125
124
125
125
125
125
125
125
125
125
126
126
125
125
125
125
125
125
125
125
125
125
125
126
124
133
133
121
119
119
122
124
126
128
127
125
127
127
126
126
126
125
125
125
125
125
125
125
125
125
126
126
126
125
125
125
125
125
126
125
125
125
125
126
125
125
126
125
125
125
125
125
125
125
125
125
125
125
125
125
125
125
125
125
125
125
125
125
125
125
126
125
126
125
125
126
125
126
126
126
125
125
125
125
125
125
125
125
125
125
125
125
126
125
125
125
126
126
125
125
126
125
125
125
125
125
126
126
125
125
126
126
126
126
125
125
125
126
125
125
125
125
125
125
125
126
126
125
125
125
125
125
125
125
125
125
125
126
126
126
125
125
126
125
125
125
126
125
125
126
125
125
125
125
125
125
125
125
125
125
125
125
125
126
125
125
125
125
125
125
126
125
125
125
126
125
125
125
125
125
125
125
125
126
125
125
126
125
126
125
125
125
125
126
126
125
125
125
125
125
125
125
126
125
125
126
125
125
125
125
126
126
125
126
126
125
125
125
125
125
125
126
125
126
126
125
125
125
125
125
125
125
125
125
125
131
126
125
125
124
124
125
125
125
124
125
125
125
126
126
125
127
126
125
125
126
126
125
124
124
125
123
120
125
126
125
127
128
127
126
126
127
125
126
125
126
125
125
125
125
125
125
126
125
125
125
125
126
126
125
125
125
127
126
125
125
125
137
93
100
129
128
127
130
129
128
128
128
127
127
126
126
126
126
126
126
126
127
126
126
127
127
127
128
126
126
127
126
127
126
126
127
127
127
127
127
127
127
126
127
127
126
125
125
125
126
126
126
126
126
126
126
125
126
126
126
126
126
125
125
126
126
125
126
126
126
126
126
125
126
126
116
124
124
126
127
129
128
127
128
127
126
126
126
126
126
127
126
126
126
126
125
126
126
125
125
125
125
125
125
125
125
123
124
124
126
125
126
126
126
126
126
125
126
125
126
126
126
125
126
125
125
126
125
126
126
125
125
125
125
126
125
125
125
126
126
126
125
126
126
126
125
125
125
125
125
125
126
125
125
125
125
126
125
126
126
126
125
126
125
126
125
125
126
126
126
125
125
125
126
126
126
125
126
126
126
126
125
125
125
126
129
132
126
124
125
124
123
125
125
124
125
124
124
125
126
126
126
125
126
125
125
126
126
126
125
125
126
126
119
121
125
128
126
128
129
127
127
128
126
127
131
131
125
124
125
123
122
124
125
124
125
126
125
126
125
125
125
125
126
126
126
126
126
126
126
126
125
125
125
124
125
125
125
125
125
125
125
125
37
125
125
125
125
125
125
125
125
125
126
125
125
125
125
125
125
125
125
125
125
125
125
125
125
125
125
125
125
125
125
125
125
125
125
125
125
125
125
125
125
125
125
125
125
125
125
125
125
125
125
125
125
125
125
125
125
125
125
125
125
125
125
125
125
125
125
125
125
125
125
125
125
125
126
126
126
125
125
125
125
125
125
125
125
125
125
125
125
125
125
125
125
125
125
125
125
125
125
125
125
125
125
125
125
125
125
125
125
125
125
125
125
125
125
125
125
125
125
125
125
125
125
125
125
125
125
125
125
125
125
125
125
125
125
125
125
125
125
125
125
125
125
126
125
125
125
126
126
126
126
126
126
126
125
125
125
126
126
126
126
126
126
126
125
126
125
125
125
125
126
126
126
126
126
126
126
126
126
126
126
126
126
126
126
126
126
126
126
126
126
126
126
125
126
125
126
126
126
126
126
126
126
126
126
126
126
126
126
126
126
125
125
126
125
125
126
125
126
126
126
126
126
125
125
125
125
126
125
125
125
125
125
126
125
125
125
125
125
126
125
126
126
125
126
126
126
125
125
125
125
125
126
125
125
126
125
126
126
125
125
126
125
126
125
125
126
125
125
125
126
126
126
126
125
125
126
126
126
126
126
126
125
126
126
125
126
126
126
126
125
126
126
126
125
126
126
125
126
126
125
126
126
126
125
125
125
125
126
126
125
125
125
125
125
125
126
126
126
125
126
125
126
126
125
125
126
126
125
125
125
126
126
126
125
126
125
125
126
125
126
125
125
125
125
125
125
126
125
126
125
126
125
126
124
