120
126
134
132
124
121
83
125
125
125
125
125
125
125
125
126
125
125
125
125
125
125
125
125
125
126
125
126
125
125
125
125
125
126
126
125
126
125
125
125
125
125
125
125
125
125
125
125
125
125
126
125
125
125
125
125
125
125
125
125
125
125
125
125
125
125
125
125
125
125
125
125
125
125
125
125
125
125
125
125
125
125
125
125
125
125
125
125
125
125
125
125
125
125
125
125
125
125
125
125
125
125
125
125
125
125
125
125
126
125
125
126
126
126
126
126
125
126
126
126
125
125
125
125
125
125
125
125
125
126
126
125
126
125
125
126
126
125
126
125
125
125
125
126
125
125
126
126
126
126
125
126
126
126
126
126
125
125
125
126
126
125
126
125
126
126
126
126
125
126
125
125
125
126
125
125
125
125
126
125
125
125
125
125
125
125
125
125
125
125
125
125
125
125
125
125
125
125
125
125
125
125
125
125
125
125
125
125
125
125
125
125
125
125
125
125
125
125
125
125
125
125
125
125
125
126
125
126
125
125
125
125
125
125
125
125
125
125
125
125
125
125
125
125
125
125
125
125
125
125
125
125
125
125
125
125
125
125
125
126
125
125
125
125
125
125
125
125
125
125
126
125
125
125
125
126
125
125
125
125
125
125
125
125
125
126
125
125
125
125
125
125
125
125
125
125
125
125
125
125
125
125
125
125
125
125
125
125
125
125
125
125
125
125
125
125
125
125
125
125
125
125
125
125
125
125
126
125
125
125
126
125
125
125
125
125
125
125
125
125
125
125
125
125
125
125
125
125
125
125
125
125
125
125
125
125
125
125
125
125
125
125
125
125
125
125
125
125
125
125
125
125
125
125
125
125
125
125
125
125
125
125
125
125
125
125
125
125
125
125
125
125
125
125
125
125
125
125
125
125
125
126
124
125
126
125
125
126
125
125
125
126
125
125
125
125
125
125
126
126
126
126
126
125
125
125
126
126
126
126
126
126
126
126
126
126
126
126
126
126
126
126
126
126
125
125
126
126
126
126
126
126
126
126
126
126
126
126
126
126
126
126
126
126
126
126
126
126
125
124
125
126
125
126
126
126
126
126
126
125
126
126
126
125
125
125
125
125
125
125
125
125
125
125
126
125
125
125
125
125
125
125
125
125
126
125
125
126
125
125
126
125
125
126
126
125
125
125
125
125
125
125
126
125
125
125
125
125
126
125
125
126
125
125
125
125
125
125
125
125
125
125
125
126
126
125
125
125
125
125
126
125
125
126
125
125
125
125
126
125
126
125
125
126
126
126
126
126
126
126
126
126
125
125
125
125
126
126
125
125
125
126
126
126
125
125
125
125
126
126
125
125
126
125
125
125
125
125
125
125
125
125
125
125
127
127
127
126
125
126
126
126
125
125
126
125
125
126
126
126
126
126
126
126
125
123
124
128
128
125
123
125
127
127
125
124
123
124
126
128
128
126
125
125
126
126
126
124
124
125
125
125
126
125
125
125
126
126
125
125
126
126
125
124
124
125
125
125
126
126
127
126
126
125
125
125
126
126
125
125
124
124
125
126
125
125
125
125
126
126
126
125
125
126
126
126
125
125
125
126
126
125
125
125
125
126
126
125
125
125
126
126
126
125
125
125
125
126
125
125
125
125
125
125
125
125
126
126
126
125
126
124
125
125
125
125
125
125
125
126
126
125
125
126
126
126
126
125
125
125
126
125
125
125
125
126
126
126
126
126
126
126
126
126
125
125
126
125
124
124
126
125
126
126
126
126
126
126
126
126
126
126
126
126
126
126
126
126
126
125
125
126
126
126
126
126
126
125
124
125
126
126
126
125
126
127
127
126
125
125
125
125
126
126
125
125
125
126
126
126
125
126
126
126
125
125
125
125
125
125
126
125
125
125
125
125
126
126
126
126
126
126
126
125
125
125
125
125
126
126
125
126
126
126
125
125
126
126
125
125
125
125
125
125
126
125
125
126
126
126
126
126
126
126
125
126
126
125
125
125
126
125
125
125
126
126
126
125
126
126
126
125
125
126
126
126
126
126
126
125
125
126
126
126
126
126
125
126
126
126
125
125
126
126
126
125
125
126
126
125
126
125
125
126
126
125
125
126
126
126
125
125
126
126
126
125
125
126
126
126
126
125
125
125
125
126
126
127
126
125
126
126
125
124
124
125
126
126
125
125
125
126
126
126
125
125
126
125
126
126
125
125
126
125
125
125
125
125
126
126
126
126
125
126
126
127
124
124
128
126
126
126
126
125
125
125
125
125
125
126
125
125
125
126
126
126
126
125
125
126
126
126
126
126
126
125
126
126
126
126
125
126
126
126
126
125
125
126
126
125
125
126
125
125
125
125
126
126
125
125
126
127
126
126
125
125
125
125
127
126
125
124
127
124
124
124
125
126
127
126
126
126
126
126
126
125
125
125
125
125
125
126
126
126
127
126
125
126
127
126
124
123
125
126
125
124
126
126
125
125
127
127
125
124
125
126
127
126
124
123
126
127
125
123
126
127
125
124
126
125
125
127
128
125
122
123
125
128
127
123
123
127
129
124
123
126
127
122
124
128
127
126
127
124
121
126
130
125
123
126
126
123
125
125
125
128
131
124
120
123
128
126
125
125
127
126
123
126
128
124
120
124
129
127
126
127
128
128
126
123
120
120
122
125
127
127
129
129
128
125
123
124
126
125
123
127
131
125
121
126
131
125
120
123
124
124
125
129
130
129
126
124
125
130
124
119
120
122
124
127
130
133
133
130
126
121
118
118
117
118
120
121
123
128
133
138
140
137
134
132
129
121
114
113
115
114
112
114
120
126
130
131
135
138
137
134
132
130
127
122
118
116
116
116
117
119
123
127
129
129
130
131
132
132
131
128
124
122
122
122
122
124
127
125
124
122
122
122
124
124
124
126
127
128
131
132
127
123
125
123
119
123
127
123
124
126
120
122
136
133
121
126
127
113
120
136
127
120
132
122
109
131
146
125
128
150
120
90
135
161
114
104
143
110
74
143
181
103
93
161
121
61
141
198
109
80
171
158
61
91
180
142
84
132
157
89
83
168
180
102
103
167
129
83
112
152
123
103
143
148
99
89
138
154
124
116
139
131
102
117
148
142
123
124
130
112
93
96
155
148
120
108
124
134
127
131
135
128
122
126
122
113
122
145
142
123
117
120
119
127
135
127
118
131
141
125
103
106
130
149
154
152
132
97
91
123
137
128
120
117
116
117
131
145
142
123
107
113
135
147
138
124
121
123
123
113
110
129
152
148
120
103
111
132
140
135
122
114
119
134
138
131
121
119
124
126
119
114
119
130
131
127
127
129
130
127
121
118
126
137
134
123
121
124
123
123
125
124
125
130
131
125
120
122
126
123
121
122
126
131
133
130
125
123
125
127
125
120
120
126
129
128
126
126
127
126
124
126
128
129
124
121
124
130
132
127
121
120
121
124
130
131
130
128
123
118
119
125
132
130
125
125
122
121
124
127
128
128
127
123
116
116
123
130
135
135
129
122
120
123
130
133
131
122
117
121
128
131
130
125
123
126
133
134
126
118
115
119
134
136
130
118
115
121
132
133
127
119
116
120
129
133
125
117
119
130
136
130
125
124
123
121
121
126
128
123
124
136
132
128
126
125
121
118
118
123
130
135
130
121
116
118
125
132
134
129
121
118
123
129
131
129
122
119
124
129
128
124
122
123
125
127
131
129
125
124
126
126
124
120
120
122
125
128
130
127
123
120
122
129
133
133
125
118
119
126
131
127
119
117
125
130
127
123
123
126
126
126
125
122
123
130
131
128
128
130
129
124
112
123
148
108
134
120
118
129
133
126
118
117
125
130
131
127
124
126
82
125
125
125
125
125
125
125
125
125
125
125
125
125
125
125
125
125
125
125
125
125
125
125
125
125
125
125
125
125
125
125
125
125
125
125
125
125
125
125
125
125
125
125
125
125
125
125
125
125
125
125
125
126
125
125
125
125
126
125
126
125
125
125
126
125
125
125
125
125
125
125
125
125
125
125
125
125
125
125
125
125
126
125
125
125
125
125
125
125
125
125
125
125
125
125
126
125
125
125
125
125
125
125
126
125
126
126
125
125
125
125
125
125
125
125
125
125
125
125
125
125
125
125
125
125
125
125
125
125
125
125
125
125
125
125
125
125
125
125
125
125
125
125
125
125
125
125
125
125
125
125
125
125
125
125
125
125
125
125
125
125
125
125
125
125
125
125
125
125
125
125
125
125
125
125
125
125
125
125
125
125
125
125
125
125
125
125
125
125
125
125
125
125
125
125
125
125
125
125
125
125
125
125
125
125
125
125
125
125
125
125
125
125
125
125
125
125
125
125
125
125
125
125
125
125
125
125
125
125
125
125
125
125
125
125
125
125
125
125
125
125
125
125
125
125
125
125
125
125
125
125
125
125
125
125
125
125
125
125
125
126
126
125
125
125
125
125
125
125
125
125
125
125
125
125
125
125
125
125
125
125
125
125
125
125
125
125
125
125
125
125
125
125
125
125
125
125
125
125
125
125
125
125
125
125
125
125
125
125
125
125
125
125
125
125
125
125
125
125
125
125
125
125
125
125
125
125
125
125
125
125
125
125
125
125
125
125
125
125
125
125
125
125
125
125
125
125
125
125
125
125
125
125
119
