133
132
131
122
116
121
93
125
125
125
125
125
125
125
125
125
125
125
125
125
125
125
126
125
125
125
125
125
125
125
125
125
125
125
125
125
125
125
125
125
125
125
125
125
125
125
125
125
125
125
125
125
125
125
125
125
125
125
125
126
125
125
125
125
126
125
125
125
125
125
125
125
125
125
125
125
125
125
125
125
125
125
125
125
125
125
125
126
125
126
126
125
125
126
126
125
125
125
126
125
126
126
126
126
126
125
125
125
126
125
126
126
126
125
125
125
125
125
126
126
125
125
125
125
126
125
125
125
125
125
126
125
125
125
125
125
125
126
125
125
125
125
125
125
125
125
125
125
125
125
126
125
126
125
125
125
125
125
125
125
125
125
126
126
125
125
125
125
125
125
125
125
125
126
125
125
125
125
125
125
126
125
125
126
125
125
126
125
126
125
125
125
125
125
125
125
125
125
125
126
126
125
125
125
126
126
125
125
125
126
125
125
125
125
125
126
126
125
125
126
125
125
125
125
125
125
125
125
125
126
125
125
125
125
125
125
125
126
125
125
125
125
126
125
125
125
125
125
125
126
125
125
125
125
125
126
126
125
126
126
125
126
126
126
125
126
125
125
125
125
125
125
125
125
125
125
125
125
125
125
125
125
125
125
125
126
125
126
126
126
126
126
126
125
126
126
126
126
125
125
125
125
126
126
126
126
126
126
125
125
125
125
125
125
125
125
126
125
125
125
125
125
125
125
125
126
126
125
125
125
125
125
125
125
125
125
125
125
125
125
125
126
125
125
125
125
125
125
125
125
125
125
125
125
125
125
125
125
126
125
125
125
125
125
125
125
125
125
125
125
125
125
125
125
125
125
125
125
125
125
125
125
125
125
125
125
125
125
125
125
125
125
125
125
125
125
125
125
125
125
125
125
125
125
125
125
125
125
125
125
125
125
125
125
125
125
125
125
125
125
125
125
125
125
125
125
125
125
125
125
125
125
125
125
125
125
125
125
125
125
125
125
125
125
125
125
125
125
125
125
125
125
125
125
125
125
125
125
125
125
125
125
125
125
125
125
125
125
125
125
125
125
125
125
125
125
125
125
125
125
125
125
125
125
125
125
125
125
125
125
125
125
125
125
125
125
125
125
125
125
126
126
125
125
125
125
125
125
125
125
125
125
125
125
125
125
125
125
125
125
125
125
125
125
125
125
125
126
124
125
125
125
126
126
126
125
125
125
125
125
125
125
125
125
125
125
125
125
125
125
125
125
125
125
125
125
125
126
125
125
125
125
125
125
125
125
125
125
125
125
125
125
125
125
125
125
125
125
125
125
125
125
125
125
125
125
125
125
125
125
125
125
125
125
124
125
125
125
125
126
126
125
125
125
125
125
125
125
125
125
125
125
125
125
125
125
125
125
125
125
126
125
125
125
126
125
125
125
125
125
125
125
125
125
125
125
125
125
125
125
125
125
125
125
125
125
125
125
126
125
125
125
125
125
125
125
125
125
125
125
125
125
125
125
125
125
125
125
125
125
125
125
125
125
125
125
125
125
125
125
125
125
125
125
125
125
125
125
125
125
125
125
125
125
125
125
125
125
125
125
125
126
125
125
125
125
125
125
125
125
125
125
125
125
125
126
125
125
125
125
125
125
125
125
125
125
125
125
125
125
126
125
125
125
125
125
125
125
126
125
125
125
127
126
125
125
125
125
125
125
125
125
125
125
125
125
125
125
125
125
125
125
125
125
125
125
125
125
125
125
125
126
124
125
125
126
125
126
125
125
126
125
125
126
126
126
125
125
126
125
125
125
125
125
125
125
125
125
125
126
126
125
125
126
125
125
125
125
125
125
125
125
125
126
126
125
125
126
125
125
125
125
125
125
125
126
125
125
125
125
125
125
125
125
125
125
125
125
124
125
125
125
125
126
126
125
126
126
125
125
125
126
125
125
125
125
125
125
125
125
125
125
125
125
125
125
125
125
125
125
125
125
125
125
125
125
125
125
125
125
125
125
125
125
125
125
125
125
126
125
125
125
125
125
125
125
126
125
125
125
125
125
125
125
125
125
125
126
126
125
125
126
126
125
125
125
126
125
125
126
125
125
125
126
125
125
125
125
125
125
126
126
125
125
126
126
124
125
126
125
125
126
126
125
125
126
126
126
126
126
125
124
125
126
126
125
125
125
125
125
126
125
125
124
126
125
125
125
126
125
125
126
126
125
125
126
126
125
125
126
125
125
125
125
126
125
126
127
126
125
125
125
125
124
124
125
125
125
125
126
126
125
124
125
125
125
126
126
126
125
125
126
126
125
126
126
127
123
125
125
126
124
126
126
125
125
125
125
126
125
125
126
125
125
125
126
126
126
125
125
125
125
125
125
126
126
125
126
125
125
125
125
126
126
125
126
126
126
125
125
126
126
125
126
126
125
125
125
125
121
124
126
126
126
126
126
126
127
126
125
126
126
126
123
123
124
126
126
126
126
126
125
126
126
126
126
126
126
126
126
125
124
125
126
126
126
126
126
126
126
125
126
125
125
125
125
125
125
125
125
125
126
126
125
126
126
125
125
125
126
126
125
125
125
126
126
123
122
125
127
126
127
130
134
130
119
115
123
132
132
125
119
119
125
129
126
119
119
125
127
128
128
128
125
125
127
130
129
127
126
126
128
130
130
123
116
118
127
130
129
125
121
119
122
127
128
125
123
124
125
127
126
125
126
127
128
129
128
127
125
125
126
126
125
125
125
125
124
124
124
124
124
124
125
126
126
126
126
126
126
126
126
126
127
128
127
126
126
126
126
125
126
128
125
125
126
125
125
125
125
124
125
125
125
124
124
124
125
127
127
126
126
126
126
129
123
124
125
126
125
125
126
126
126
126
126
125
126
125
125
125
126
127
127
126
125
125
124
125
125
125
125
126
126
127
126
126
125
125
126
126
126
127
127
125
125
125
123
122
122
124
126
128
128
126
125
127
127
127
126
126
127
127
127
125
125
127
127
125
122
122
121
122
123
123
125
128
127
126
127
126
123
123
126
126
125
125
127
128
127
125
125
127
127
126
126
126
126
126
125
123
123
127
127
123
123
124
125
125
125
124
125
125
125
125
126
126
125
123
125
128
127
126
125
125
125
125
126
126
125
126
127
125
125
124
126
125
124
125
125
125
125
124
126
126
124
125
127
126
126
126
127
127
126
126
125
119
118
125
133
130
123
122
125
127
131
130
124
123
127
129
127
125
127
128
115
101
113
133
130
115
115
126
135
140
134
128
135
140
140
142
137
122
116
114
105
97
100
115
136
144
132
118
119
133
120
115
123
131
133
127
118
118
128
132
129
125
127
127
125
125
126
122
119
120
123
126
128
128
128
130
130
124
119
121
125
126
125
123
125
128
129
129
126
123
122
124
123
124
128
130
125
121
124
127
127
128
127
123
121
121
121
128
134
130
122
122
129
132
126
109
100
122
146
136
120
123
131
140
148
124
97
120
142
129
113
119
121
114
116
122
121
124
131
136
137
137
132
123
122
124
120
116
121
126
129
132
135
132
124
117
113
110
113
132
143
140
141
130
112
107
116
117
104
118
153
151
122
119
135
131
119
121
129
132
121
116
125
131
121
115
116
117
127
142
137
125
121
133
142
134
115
106
109
127
148
144
106
71
97
171
184
115
79
136
177
142
89
101
141
139
93
45
76
203
246
134
58
85
134
146
132
115
117
144
162
130
78
81
131
145
120
114
129
137
134
132
129
122
120
138
155
138
113
96
92
117
157
155
106
87
122
150
141
124
123
124
119
123
121
124
135
131
119
118
123
125
126
126
124
127
133
132
120
114
120
125
127
134
136
129
119
117
125
131
130
94
125
125
126
125
125
125
125
125
125
126
125
125
125
125
125
125
125
125
125
125
125
125
125
125
125
125
125
125
125
125
125
125
125
125
125
125
125
125
125
125
125
125
125
125
125
125
125
125
125
125
125
126
125
125
125
125
125
125
125
125
125
125
125
125
125
125
125
125
125
125
125
125
125
125
126
125
125
125
125
125
125
125
125
125
125
125
125
125
125
125
125
125
125
125
125
125
125
125
125
125
125
125
125
125
125
125
125
125
125
125
125
125
125
125
125
125
125
125
125
125
125
125
125
125
125
125
125
125
125
125
125
125
125
125
125
125
125
125
125
125
125
125
125
126
125
125
125
125
125
125
125
125
125
125
125
125
126
125
125
125
125
125
125
125
126
125
125
125
125
125
125
125
125
125
125
125
125
125
125
125
125
125
125
125
125
126
126
125
125
125
125
125
125
125
125
125
125
125
125
125
125
125
125
125
125
125
125
125
125
125
125
125
125
125
125
125
125
125
125
125
125
125
125
125
125
125
125
125
125
125
125
125
125
125
125
125
125
125
125
125
125
125
125
125
125
125
125
125
125
125
125
125
125
125
125
125
125
125
125
125
125
125
125
125
125
125
125
125
125
125
125
125
125
125
125
125
125
125
125
125
125
125
125
125
125
125
125
125
125
125
125
125
125
125
125
125
126
125
125
125
125
125
125
125
125
125
125
125
125
125
125
125
125
125
125
125
125
125
125
125
125
125
125
125
125
125
125
125
125
125
125
125
125
126
125
125
125
125
125
125
125
125
125
125
125
125
125
125
125
125
125
125
126
132
