126
126
126
127
126
125
40
126
126
126
126
126
126
126
126
125
125
125
126
125
125
125
125
125
126
125
126
126
125
125
125
125
125
126
125
125
125
125
126
125
126
126
125
125
125
126
126
126
125
125
125
125
125
125
125
125
125
125
125
125
125
125
125
125
125
125
125
125
125
125
125
125
125
125
125
125
125
125
126
125
125
125
125
125
125
125
125
125
125
125
125
125
125
125
125
125
125
125
125
125
125
125
125
125
125
125
125
125
125
125
125
125
125
125
125
125
125
125
125
125
125
125
125
125
125
125
125
125
125
125
125
125
125
125
125
125
125
125
125
125
125
125
125
125
125
125
125
125
125
125
125
125
125
125
125
125
125
125
125
125
125
125
125
125
125
125
125
125
125
125
125
125
125
125
125
125
125
125
126
125
125
125
125
125
125
125
125
125
125
125
125
126
125
125
125
125
125
125
126
125
125
125
125
125
125
125
126
126
126
126
126
125
126
125
125
126
125
126
126
126
126
126
125
125
125
126
126
125
126
125
125
125
126
126
125
125
125
125
125
125
125
125
126
126
126
125
125
125
126
125
126
126
126
126
125
125
125
125
125
125
125
126
126
126
125
126
127
127
126
126
125
125
125
124
124
123
123
124
128
130
128
127
125
121
125
138
140
117
83
87
149
204
152
63
88
158
159
110
79
94
183
255
157
43
20
184
208
134
121
113
97
152
169
94
69
138
164
125
116
128
106
105
141
147
125
120
117
111
132
152
129
104
119
140
130
118
120
119
121
134
138
124
113
117
126
133
136
128
116
115
122
127
132
133
127
121
121
124
126
127
127
125
124
125
125
123
124
128
130
128
126
127
129
128
126
124
121
119
121
124
127
130
130
126
122
123
126
129
129
126
125
126
126
126
124
125
126
127
125
123
123
124
127
128
127
125
124
125
125
124
124
125
128
128
127
126
125
124
125
125
125
125
125
125
126
126
126
128
127
126
125
124
124
124
125
125
126
126
127
126
125
125
124
125
125
125
125
126
125
125
125
125
126
126
126
126
126
125
125
125
124
124
125
125
125
125
126
125
125
125
125
125
125
126
126
126
126
125
125
125
125
126
125
125
125
125
125
125
125
125
125
125
125
125
125
126
124
126
126
126
126
126
125
125
125
125
125
125
125
125
126
126
126
125
125
125
125
125
125
125
125
125
126
126
126
125
125
126
126
125
126
125
125
125
125
125
125
126
125
125
125
125
125
125
125
125
125
125
125
125
125
125
125
125
125
125
125
125
125
125
125
125
124
125
125
125
125
126
125
125
125
125
125
125
125
125
125
125
125
125
125
126
126
126
126
125
125
125
125
125
125
125
125
125
125
125
125
125
125
125
125
125
125
125
126
125
126
125
126
125
125
125
125
125
125
125
125
125
125
125
125
125
125
125
125
126
126
125
126
125
125
125
125
125
125
125
125
125
125
125
125
125
125
126
125
125
125
125
125
125
125
125
125
126
125
125
125
125
125
125
125
125
125
125
125
125
125
125
125
125
125
125
125
125
125
125
126
125
125
125
126
126
125
125
125
125
125
125
125
125
125
125
126
125
125
125
125
125
125
125
125
125
125
126
125
126
126
125
126
125
126
126
126
125
124
131
124
123
123
123
125
126
126
127
126
126
126
126
125
125
125
125
125
125
125
125
125
125
125
125
125
125
125
125
125
125
125
125
125
125
125
125
125
125
125
125
125
125
125
125
125
125
125
125
125
125
125
125
125
125
125
125
126
125
125
126
125
125
125
125
125
126
126
125
125
125
125
125
125
125
125
125
125
125
125
125
125
125
125
125
125
125
125
125
125
125
125
125
125
125
125
125
125
125
126
126
125
126
125
125
125
125
126
125
125
126
125
125
125
125
125
125
125
125
125
125
125
125
125
125
125
125
125
125
125
125
125
125
125
125
125
125
125
125
125
125
125
125
125
125
125
126
125
125
125
125
125
126
125
125
125
125
125
125
125
125
125
125
125
125
125
125
125
125
125
125
125
125
125
125
126
126
125
125
125
125
125
125
125
125
125
125
125
125
125
125
125
125
125
125
125
125
125
125
125
125
125
125
125
125
125
125
125
125
125
125
125
125
126
125
125
125
125
125
127
123
126
125
125
124
125
126
125
126
126
126
126
125
125
125
125
125
125
125
125
125
125
125
125
125
126
125
126
125
126
122
124
125
126
126
127
126
126
126
126
126
125
126
126
126
126
126
126
125
125
125
126
126
126
126
126
125
125
125
125
125
126
126
126
125
125
123
125
125
126
126
126
126
126
126
126
126
126
126
125
125
126
126
126
125
125
125
126
126
125
126
126
126
125
125
125
126
125
125
125
125
125
125
125
125
125
126
125
126
125
126
126
126
125
125
126
126
126
126
125
126
126
125
126
125
126
125
126
126
126
125
126
126
125
125
125
125
125
126
125
126
126
126
125
125
125
125
125
125
125
125
126
125
126
126
125
125
125
126
125
125
126
126
125
126
125
125
126
126
126
126
126
125
125
125
125
125
125
125
125
125
125
125
125
126
126
125
125
125
126
126
125
126
126
126
126
125
126
126
126
126
126
125
125
126
126
126
125
126
126
126
125
125
125
127
128
125
125
125
124
125
125
125
125
125
125
125
125
125
126
126
126
126
126
126
126
126
125
125
125
125
126
126
126
125
125
125
125
126
125
126
126
126
129
126
125
125
125
125
125
125
125
125
125
125
125
125
125
125
125
126
125
125
125
125
126
126
125
125
125
125
125
125
125
125
125
126
125
125
125
125
125
125
125
125
125
125
126
125
125
125
125
125
125
125
125
126
125
125
125
125
125
125
126
125
125
125
125
125
125
125
125
125
125
125
125
125
126
125
125
125
125
125
125
126
125
125
126
125
125
125
125
125
126
125
126
126
125
125
125
126
124
126
124
126
125
125
126
125
126
126
125
125
125
126
127
121
125
126
125
125
126
126
125
126
125
125
125
125
125
126
125
125
126
126
126
125
125
125
125
126
126
126
126
125
125
126
125
126
125
126
125
125
126
126
126
125
125
125
125
125
125
125
125
125
126
125
125
126
125
125
126
125
126
125
125
125
125
125
125
126
125
120
124
125
125
127
127
127
127
127
126
126
126
125
125
125
125
125
125
125
125
125
126
125
125
126
126
125
125
125
125
125
125
125
124
125
125
126
125
126
125
125
125
125
125
124
125
125
125
125
125
126
125
125
125
126
126
126
125
125
125
125
125
126
126
126
125
125
125
125
126
125
125
125
125
125
125
125
126
125
125
125
125
125
125
125
126
125
126
125
126
126
125
125
125
125
125
125
125
126
125
125
126
125
125
126
125
126
126
126
126
125
125
126
125
125
125
125
125
125
125
125
125
126
125
126
125
125
125
124
125
126
126
125
125
126
126
125
126
126
126
126
125
125
125
125
125
125
125
133
126
124
124
124
123
123
124
124
125
125
125
125
125
126
125
125
125
125
125
125
125
125
125
126
126
125
126
126
125
125
129
107
119
127
127
126
128
127
127
126
127
126
126
126
125
125
126
125
126
126
126
126
126
126
126
126
126
126
126
126
127
126
126
125
125
125
125
125
126
125
126
126
126
126
126
116
72
129
124
132
130
133
132
130
131
129
128
129
129
127
126
126
127
125
126
126
127
122
120
126
126
127
128
129
129
128
128
127
126
126
126
127
127
126
127
126
126
126
126
126
126
125
125
126
126
126
126
126
127
126
125
125
124
125
126
125
126
125
125
125
125
125
126
125
125
126
125
125
126
125
126
125
125
126
125
124
125
124
126
125
125
126
126
125
126
126
125
125
125
126
126
126
126
126
126
126
126
125
125
125
39
125
125
125
125
125
126
125
125
125
125
125
126
125
125
125
125
125
125
125
125
125
125
125
125
125
125
125
125
125
125
125
125
125
125
125
125
125
125
125
126
125
125
126
125
125
126
126
125
125
125
126
125
125
125
125
125
126
125
125
125
126
125
125
125
126
125
125
125
125
126
125
126
125
125
126
125
125
125
125
125
125
125
125
126
125
125
126
125
125
125
125
126
125
125
125
125
125
125
125
125
126
126
125
126
125
125
126
125
125
125
125
125
126
125
126
125
126
125
125
125
125
125
125
125
125
125
125
125
125
125
125
125
125
125
125
125
125
125
125
125
125
125
125
125
125
125
125
126
125
125
125
125
125
125
125
125
125
125
125
125
125
126
125
125
125
125
125
125
125
125
125
126
126
126
125
125
125
125
125
125
125
125
125
125
125
125
125
125
125
125
125
125
125
125
125
125
125
125
125
125
125
125
125
125
125
125
125
126
125
125
125
125
125
125
125
126
125
125
125
125
125
125
125
125
125
125
125
125
125
125
125
125
125
125
125
125
125
125
125
125
125
125
125
125
125
125
125
125
126
126
125
125
126
126
125
125
125
125
125
126
126
125
125
125
125
125
125
125
126
126
126
126
126
125
125
126
125
121
119
123
130
136
134
125
111
109
138
162
129
71
85
167
211
157
64
32
94
192
230
122
54
91
154
165
125
81
98
144
179
139
77
99
150
124
86
116
164
159
139
122
85
78
129
171
157
121
97
102
132
143
122
113
129
139
125
109
114
137
151
131
102
103
127
138
133
130
126
116
112
123
135
138
135
125
