125
126
126
125
126
125
31
125
125
125
126
125
126
125
125
125
125
125
126
125
125
125
125
125
125
125
125
125
125
125
125
125
125
125
125
125
125
125
125
125
125
125
125
125
125
125
125
125
125
125
125
125
125
125
125
125
125
125
125
125
125
125
125
125
125
125
125
125
125
125
125
125
125
125
125
125
125
125
125
125
125
125
125
125
125
125
125
125
125
126
125
125
125
125
126
125
125
125
125
125
125
126
125
125
125
125
125
125
125
125
125
125
125
125
125
125
125
125
125
125
125
125
125
125
125
125
125
125
125
125
126
126
125
125
125
125
125
125
125
125
125
125
125
125
125
125
125
125
125
125
125
125
125
125
125
125
125
125
125
125
125
125
125
125
125
125
125
125
125
125
125
125
125
125
125
125
125
125
125
125
125
126
125
125
125
125
125
125
125
125
125
125
125
125
125
125
125
125
125
125
125
125
125
125
125
125
125
125
125
125
125
125
125
125
125
125
125
125
125
125
125
125
125
125
125
125
125
125
125
125
125
125
125
125
125
125
125
125
125
125
125
125
125
125
125
125
125
125
125
125
125
125
125
125
125
125
125
125
125
126
125
125
125
125
125
125
125
125
125
125
125
125
125
125
125
125
125
125
126
125
125
125
126
125
125
125
125
125
125
125
125
126
126
125
125
125
126
126
125
125
125
125
125
125
125
125
125
125
125
126
126
126
125
125
125
125
125
126
125
124
125
126
127
126
125
125
125
126
125
126
125
125
125
124
125
126
127
125
125
126
127
129
130
127
120
117
124
137
144
138
117
98
100
125
146
141
125
124
125
127
147
122
60
108
229
196
20
26
162
245
195
76
4
82
229
232
115
42
85
164
182
92
58
126
167
120
125
173
131
45
78
187
212
127
77
88
106
115
131
152
159
135
93
77
112
164
173
130
83
85
126
153
145
127
115
112
120
136
140
128
118
122
125
123
126
128
121
118
129
137
129
116
117
127
133
129
124
122
124
126
127
128
128
126
121
123
128
129
124
122
125
129
128
125
125
126
127
126
124
122
124
128
131
129
126
123
121
122
124
126
127
127
127
126
126
125
125
126
127
127
125
125
126
126
125
125
125
125
126
125
125
125
126
127
127
126
125
125
125
126
126
126
126
127
127
125
124
124
125
125
126
127
128
127
126
124
124
125
126
126
126
125
125
125
125
126
126
126
126
127
127
127
126
126
125
125
125
125
125
125
125
125
125
125
125
126
126
127
126
126
125
127
126
126
125
125
125
125
125
125
125
126
126
126
126
126
125
125
124
125
125
125
125
125
125
126
126
125
125
125
125
125
125
125
125
125
125
125
125
126
125
125
125
125
125
125
125
125
125
125
125
125
125
126
126
125
125
125
125
125
125
125
125
125
125
125
125
125
125
125
125
126
126
126
126
125
125
125
125
125
125
125
125
126
126
126
125
125
125
125
125
125
125
125
126
125
125
126
126
125
125
125
125
125
125
125
125
125
125
125
125
125
125
125
125
125
125
125
125
125
125
126
125
126
126
126
125
125
125
125
125
125
125
125
125
125
124
125
125
125
125
126
126
126
126
125
125
126
126
125
125
126
126
126
125
125
125
125
125
125
125
125
125
125
125
125
125
125
125
125
125
125
125
125
125
125
125
125
125
125
125
125
125
125
125
125
125
125
125
125
125
125
125
126
126
125
125
125
125
125
126
125
125
125
125
125
125
125
125
125
125
125
126
125
125
125
125
125
125
125
125
125
126
125
125
125
125
126
126
125
125
125
125
125
125
125
125
125
125
125
126
125
125
125
125
125
125
125
125
125
125
125
125
125
125
125
125
125
125
126
125
125
125
125
125
125
125
125
125
125
125
125
125
125
125
125
125
125
125
125
125
125
125
125
125
125
125
125
125
125
125
125
125
125
125
125
125
125
125
126
125
125
125
125
125
125
125
125
125
125
125
126
125
125
125
125
125
125
125
125
125
125
125
125
126
125
125
125
125
125
125
125
125
125
125
125
125
125
125
126
125
125
125
125
125
125
125
125
125
125
125
125
125
125
125
125
127
126
125
125
125
124
125
125
125
125
125
125
125
125
125
125
125
125
125
125
125
125
125
125
125
125
125
125
125
125
125
125
125
125
125
124
124
125
126
125
126
126
126
126
126
126
126
125
125
125
125
125
125
125
125
125
125
125
125
125
125
125
125
125
125
126
125
125
125
125
125
126
125
125
125
125
126
126
125
125
125
125
126
125
125
125
125
125
125
125
125
125
125
125
125
126
125
125
125
125
125
125
125
125
125
125
125
125
125
125
125
126
125
125
125
125
125
125
125
125
125
125
125
125
125
125
125
125
125
125
125
125
125
125
125
125
125
125
125
126
125
125
126
125
126
125
125
125
125
125
125
125
125
125
125
125
125
125
126
125
125
126
125
125
125
125
125
125
125
125
125
126
125
125
125
125
125
126
125
125
125
125
125
126
125
125
125
126
125
125
125
125
125
125
125
125
126
125
125
125
125
125
125
125
125
125
125
125
125
125
125
125
125
125
125
125
125
125
125
125
125
125
125
125
125
125
125
125
125
125
125
125
125
125
125
126
126
125
125
125
126
125
125
125
125
125
126
125
125
125
126
125
125
125
125
126
128
125
125
126
125
124
125
125
125
125
125
125
125
125
125
125
125
125
125
125
125
125
125
125
125
125
125
125
125
125
125
126
125
125
125
125
125
125
125
124
121
124
126
126
126
127
126
126
126
126
126
125
125
125
125
125
126
126
125
125
125
125
125
125
125
125
125
125
125
126
126
126
125
125
126
125
125
125
124
131
115
125
125
126
125
128
127
127
127
126
125
125
125
125
125
125
126
126
126
126
126
126
126
125
126
126
126
126
126
126
126
126
126
126
126
126
126
126
126
126
125
126
126
126
125
126
123
125
126
126
126
126
127
126
126
126
126
126
126
126
126
126
126
125
126
126
126
126
125
125
126
126
123
121
124
126
125
127
127
127
126
127
126
127
126
126
126
125
125
126
125
126
126
125
126
125
125
125
125
125
126
125
126
125
125
126
126
126
125
125
125
125
126
126
125
125
126
126
126
126
125
125
125
125
126
126
126
126
125
126
125
126
126
125
126
126
126
125
125
125
125
125
126
126
126
125
126
125
125
125
125
125
125
125
125
126
126
126
125
125
125
125
126
126
126
126
126
126
126
126
126
126
126
125
125
125
126
125
125
125
131
128
126
124
125
124
124
124
125
125
125
125
125
126
125
126
126
126
126
126
125
125
125
126
126
126
126
126
125
124
120
125
126
125
126
128
126
127
127
125
126
126
129
131
126
125
125
124
124
124
124
124
125
125
125
125
125
126
126
126
126
126
126
125
125
125
124
125
125
125
125
126
126
126
126
125
126
126
125
125
125
125
125
125
125
125
126
126
126
126
126
125
125
126
125
125
125
124
125
125
126
126
126
126
125
125
126
126
125
125
125
125
126
126
125
125
126
126
126
126
126
125
124
125
125
125
125
125
126
126
126
126
126
125
125
125
126
126
125
125
126
125
126
125
125
125
125
125
125
125
126
126
125
125
128
126
126
126
125
124
125
125
125
124
125
125
125
125
125
125
125
125
125
126
125
125
125
126
126
125
126
126
126
125
126
125
126
125
126
126
126
126
125
126
126
126
125
125
125
125
126
126
126
126
125
125
126
126
126
124
125
126
125
125
125
125
125
125
125
126
125
125
126
126
126
125
125
125
126
125
126
125
125
126
125
126
125
125
126
126
125
125
125
126
126
125
125
124
126
127
136
126
124
123
124
122
123
123
123
124
125
125
125
125
124
125
126
125
126
125
125
125
126
125
30
125
125
125
125
125
125
125
125
125
125
125
125
125
125
125
125
125
125
125
125
125
125
125
125
125
125
125
125
125
125
125
125
125
125
125
125
125
125
125
125
125
125
125
125
125
125
125
125
125
125
125
125
125
125
125
125
125
125
125
125
125
125
125
125
125
126
125
125
125
125
126
125
125
125
125
125
125
125
125
125
125
125
125
125
125
125
125
125
125
125
126
125
125
126
125
125
125
125
125
125
125
125
125
125
125
126
126
126
126
126
126
126
126
125
126
125
125
126
126
125
126
125
126
126
125
125
126
126
126
126
126
126
125
125
126
126
125
126
126
126
126
126
126
125
125
125
125
125
125
125
125
125
125
126
126
126
126
125
125
125
125
126
125
126
125
125
125
125
125
126
125
125
125
125
126
126
126
126
125
126
125
125
125
126
126
126
126
125
125
125
126
125
126
125
126
126
125
125
125
125
125
126
126
126
125
125
125
126
126
126
125
125
125
125
125
125
125
125
125
125
125
125
125
125
125
126
126
126
126
126
126
126
126
125
125
125
125
125
126
126
125
125
126
126
126
126
125
125
125
126
126
125
126
126
126
126
126
126
126
125
125
126
126
126
126
126
125
125
125
125
126
125
125
125
126
126
126
126
126
126
126
126
126
126
126
126
125
125
125
125
125
125
125
125
125
126
126
126
126
125
126
125
125
125
126
126
125
125
125
125
125
125
125
125
126
126
126
126
126
125
126
126
127
126
125
125
125
125
125
125
125
125
125
125
126
127
126
125
124
125
126
126
126
127
128
126
123
123
126
127
125
122
120
125
