131
124
116
114
117
123
98
125
125
125
125
126
126
125
125
125
125
125
125
125
125
125
125
125
125
125
125
125
125
125
125
125
125
125
125
125
125
125
125
125
125
125
125
125
125
126
125
125
125
125
125
125
125
125
125
125
125
125
125
125
125
125
125
125
125
125
125
125
125
125
125
125
125
125
125
125
125
125
125
125
125
125
125
125
125
125
125
125
125
125
125
125
125
125
125
125
125
125
125
125
125
125
125
125
125
125
125
125
125
125
125
125
125
125
125
125
125
125
125
125
125
125
125
125
125
125
125
125
125
125
125
125
125
125
125
125
125
125
126
125
126
126
126
126
126
126
125
125
125
126
125
126
125
125
125
125
125
125
126
126
126
126
126
126
126
126
126
126
126
126
126
126
126
126
126
126
125
126
126
126
126
126
126
126
126
126
126
126
125
126
126
125
125
125
126
126
125
126
126
126
126
126
125
126
125
125
125
126
125
125
126
126
125
126
125
125
125
125
125
125
125
125
126
126
126
126
125
125
125
126
125
125
125
125
126
126
125
125
125
126
125
125
126
125
125
126
125
125
125
125
125
125
125
126
125
125
126
125
126
126
125
126
125
125
126
126
125
126
125
125
126
126
125
125
125
126
125
125
126
125
126
125
126
126
126
126
126
125
126
126
126
125
126
126
125
126
126
125
125
126
125
126
126
125
126
125
125
125
126
125
126
125
125
126
125
125
126
126
125
126
125
126
126
125
126
125
125
125
125
125
126
126
125
126
126
126
126
125
126
126
126
126
125
125
126
125
126
125
125
126
125
126
126
126
125
125
125
125
125
125
125
125
125
125
125
125
125
125
125
125
125
125
125
125
125
125
125
126
126
125
125
125
125
125
125
125
125
125
125
125
125
125
125
125
125
125
125
125
125
125
125
125
125
125
125
125
125
125
125
125
125
125
125
125
125
125
125
125
125
125
125
125
125
125
125
125
125
125
125
125
125
125
125
125
125
125
125
125
125
125
125
125
125
125
125
125
125
125
125
125
125
125
125
125
125
125
125
125
125
125
125
125
125
126
125
124
125
126
125
125
126
125
126
126
125
126
125
125
126
125
125
125
125
125
125
125
125
125
125
125
125
125
126
125
125
126
125
125
125
125
125
125
125
125
126
125
125
126
126
125
125
125
126
125
125
126
125
125
125
126
125
125
126
125
125
125
126
125
125
125
125
125
124
125
125
125
126
126
126
125
125
125
125
125
125
125
125
125
125
125
125
125
125
125
125
125
125
125
125
125
125
125
125
125
125
125
125
125
125
125
125
125
125
125
125
125
125
125
125
125
125
125
125
125
125
125
125
125
125
125
125
125
125
125
126
125
125
125
125
125
125
126
125
125
126
125
125
125
125
125
125
125
125
126
125
125
125
125
125
125
125
126
125
125
126
125
125
125
125
126
125
125
125
125
126
125
125
125
125
125
125
125
125
125
125
125
126
125
126
126
125
125
125
125
125
125
125
125
125
125
125
125
125
126
126
125
125
125
125
125
125
125
125
125
125
125
125
125
125
125
126
127
126
125
125
125
125
125
125
125
125
125
125
125
125
125
125
125
125
125
125
125
125
125
125
125
125
125
125
125
125
125
125
125
125
125
125
125
125
125
125
125
125
125
125
125
125
125
125
125
125
125
125
125
125
125
125
125
125
125
125
125
125
125
125
125
125
125
125
125
125
125
125
125
125
125
125
125
125
125
125
125
125
125
125
125
125
125
125
125
125
125
125
125
125
125
125
125
125
125
125
125
125
125
125
125
125
125
125
125
126
125
125
125
125
125
125
125
125
125
125
125
125
125
125
125
125
125
125
125
125
125
125
125
125
125
125
125
126
125
125
126
125
125
125
125
125
125
125
125
125
125
125
125
125
125
125
125
125
125
125
125
125
125
125
125
125
125
125
125
125
125
125
125
125
125
125
125
125
125
125
125
125
125
125
125
125
125
125
125
125
125
125
125
125
125
125
125
125
125
125
125
125
125
125
125
125
125
125
125
125
125
125
125
125
125
125
125
125
125
125
125
126
124
125
126
125
125
126
125
126
125
125
125
125
125
126
126
125
125
126
126
125
125
124
124
125
125
126
126
126
127
126
126
126
126
126
126
126
125
126
126
126
125
126
126
126
126
126
126
125
126
126
126
126
125
126
125
126
126
126
126
126
126
126
126
126
126
126
124
124
125
126
126
126
127
126
126
126
126
126
126
125
126
126
125
125
125
126
125
125
126
126
126
125
126
126
125
125
126
126
125
125
126
125
126
126
125
126
125
125
126
125
125
126
125
125
126
126
125
125
125
125
126
125
126
126
125
126
126
126
125
125
126
126
126
126
125
125
126
125
125
125
125
126
126
125
125
125
125
126
126
126
126
125
125
126
126
125
125
126
126
125
125
126
126
126
125
125
126
126
125
126
125
126
126
126
125
125
126
126
125
125
125
126
125
125
125
125
125
125
126
126
126
126
126
126
125
125
125
125
126
125
125
125
126
126
125
125
125
126
126
126
126
125
126
126
125
125
128
127
125
125
126
125
125
125
125
125
126
126
125
124
125
126
125
125
126
125
123
123
124
124
125
129
135
137
138
132
121
121
131
125
102
97
117
128
123
120
123
120
121
140
161
151
119
109
128
138
127
119
124
128
126
125
122
118
119
122
122
121
123
126
124
122
123
126
128
128
129
129
128
129
130
128
126
127
126
122
122
125
126
122
121
123
125
126
125
124
124
124
125
124
125
125
124
123
125
126
127
127
127
127
128
126
125
126
126
124
124
126
128
126
123
123
126
127
125
123
124
125
125
125
125
126
126
124
124
126
126
124
122
123
126
127
125
124
126
128
126
123
125
128
127
125
123
125
132
109
122
124
128
128
126
124
127
129
127
125
125
128
125
123
124
127
127
125
124
127
119
119
125
127
129
128
125
125
128
127
125
125
126
127
126
124
126
129
128
126
125
126
128
126
126
126
127
127
126
125
126
126
125
125
126
126
125
124
124
124
123
123
125
125
126
125
120
125
126
127
129
129
128
128
126
126
126
129
129
125
123
125
127
126
124
124
125
125
126
125
124
125
125
125
125
125
125
125
126
126
127
126
125
125
126
126
126
125
126
126
126
126
125
126
125
124
126
126
125
124
124
125
126
125
125
126
127
128
126
126
127
128
127
125
118
109
114
134
142
127
118
144
174
138
68
70
139
173
128
86
99
137
148
130
121
132
135
121
119
129
133
130
130
126
118
117
127
134
120
103
121
160
153
107
96
125
140
127
126
140
132
113
114
126
132
153
135
106
107
125
133
129
120
116
123
134
133
125
122
130
134
127
120
118
120
127
128
124
119
122
128
130
126
122
122
127
131
129
123
122
124
129
130
126
123
122
124
128
127
122
117
120
132
137
129
124
109
130
139
128
109
115
132
132
121
118
124
128
127
129
133
130
121
118
124
129
131
130
123
115
115
124
125
115
79
97
148
142
144
141
133
138
142
130
106
101
118
126
113
108
127
150
153
135
129
142
145
133
130
131
115
98
111
136
136
111
85
91
131
159
156
145
143
131
114
114
130
127
86
71
146
183
115
78
136
191
178
125
87
104
139
136
113
111
121
126
124
121
120
125
131
131
128
128
135
140
136
130
116
67
43
131
234
190
42
68
229
244
82
5
84
196
177
89
43
80
179
240
160
41
42
140
194
162
114
104
114
123
128
128
120
104
111
142
152
129
121
137
136
103
73
105
181
204
120
49
106
163
145
112
116
118
122
129
126
116
130
153
141
108
102
127
145
134
114
111
119
126
128
127
126
125
125
129
134
130
124
120
119
123
129
134
131
124
119
118
118
97
125
125
125
125
125
125
125
125
125
125
125
125
125
125
125
125
125
125
125
125
125
125
125
125
125
126
125
125
125
125
125
125
125
125
125
125
125
125
125
125
125
125
125
125
125
125
125
125
125
125
125
125
125
125
125
125
125
125
125
125
125
125
125
125
125
125
125
125
125
125
125
125
125
125
125
125
125
125
125
125
125
125
126
125
126
125
125
125
125
125
125
125
125
125
125
126
125
125
125
126
125
125
125
125
126
125
125
125
125
125
125
125
125
124
125
126
126
126
126
126
126
126
126
126
126
125
126
126
126
125
126
126
126
126
125
126
126
126
126
126
126
126
126
125
125
125
125
126
126
126
125
126
126
125
126
126
126
126
126
126
125
125
125
125
125
125
125
126
125
125
126
126
126
126
126
126
126
126
125
125
125
126
126
126
125
126
125
126
125
125
126
125
125
125
126
126
125
126
125
125
126
126
125
125
125
126
126
126
125
125
126
125
125
125
126
126
125
125
125
126
125
126
125
125
125
125
126
126
125
125
126
125
125
126
126
125
125
126
125
125
125
126
126
125
125
125
126
125
125
126
126
126
125
126
126
125
126
125
125
126
125
125
126
125
125
126
126
125
126
125
125
126
126
125
125
126
125
125
126
126
126
125
125
125
125
126
126
126
126
126
126
126
126
126
126
125
125
125
125
125
125
125
125
125
125
125
125
125
125
125
125
125
126
125
125
125
125
125
125
125
125
126
126
126
126
125
125
125
125
125
125
126
125
125
125
125
126
126
125
125
125
125
125
125
125
125
125
125
125
125
125
125
125
134
