128
126
122
121
128
131
84
126
126
126
126
126
126
126
126
126
126
126
126
126
126
126
126
126
126
126
126
126
126
126
126
126
125
126
126
126
125
125
125
126
125
126
126
126
126
126
125
125
125
125
126
126
126
126
125
125
125
125
125
125
125
125
125
126
126
125
126
125
125
125
125
125
126
125
125
126
125
125
125
125
125
125
125
126
125
125
126
126
126
126
126
126
125
125
126
125
125
125
125
126
125
125
125
125
125
125
125
125
125
125
125
126
125
125
125
125
125
125
126
125
125
125
125
125
126
125
125
125
125
125
125
125
125
125
125
125
125
125
125
125
125
125
125
125
125
125
125
125
125
125
126
125
125
125
126
125
125
126
125
126
125
125
125
125
125
125
126
126
125
125
125
125
125
125
125
125
125
125
125
125
125
125
125
125
125
126
126
125
125
125
125
125
125
125
125
125
125
125
125
125
125
125
125
125
125
125
125
125
125
125
125
125
125
125
125
125
125
125
125
125
125
125
126
125
125
125
125
125
125
125
125
125
125
125
125
125
125
125
125
125
125
125
125
125
125
125
125
125
125
125
125
125
125
125
125
125
125
125
125
125
125
125
125
125
125
125
125
125
125
125
125
125
125
125
125
125
125
125
125
125
125
125
125
125
125
125
125
125
125
125
125
125
125
125
125
125
125
125
125
125
125
125
125
125
125
125
125
125
125
125
125
125
125
125
125
125
125
125
125
125
125
125
125
125
125
125
125
125
125
125
126
125
125
125
125
125
125
125
126
126
126
126
126
125
126
125
126
126
126
125
126
126
126
126
126
126
126
126
126
126
125
126
126
126
125
126
126
126
125
126
126
126
126
125
126
126
126
126
126
126
126
126
125
125
126
125
125
126
126
126
126
126
126
126
125
125
126
126
126
125
125
125
125
126
126
125
125
126
126
126
125
125
125
125
125
125
125
125
125
125
125
125
126
125
125
126
126
125
125
125
125
125
125
125
125
125
125
125
126
125
126
125
125
125
125
125
125
125
125
125
125
125
125
125
125
125
125
126
125
125
125
125
125
125
125
125
125
125
125
125
125
125
125
125
125
125
125
125
125
125
125
125
125
125
125
125
125
125
125
125
125
125
125
125
125
125
125
125
125
125
125
125
125
125
125
125
125
125
125
125
125
126
125
125
125
125
125
125
125
125
125
126
125
125
125
125
125
125
125
125
126
126
125
126
125
126
125
125
126
126
126
126
125
125
125
125
125
126
125
125
125
126
126
125
125
125
125
125
125
125
125
125
125
125
125
125
125
125
125
125
125
125
125
125
125
125
125
125
125
125
125
125
125
125
125
125
125
125
125
125
125
125
125
125
125
125
125
125
125
125
125
125
125
126
125
125
125
125
125
125
125
126
125
124
125
126
126
125
125
125
126
126
125
124
125
126
126
124
125
126
126
125
125
126
126
126
125
125
126
125
125
125
125
125
124
125
126
126
125
124
125
126
125
125
125
125
126
126
125
124
124
126
126
125
124
125
126
126
126
125
125
125
125
126
125
125
125
125
125
125
126
125
125
126
125
124
125
126
126
125
125
125
125
126
126
125
125
126
125
127
124
125
126
126
125
125
126
126
126
126
125
126
126
126
125
126
126
126
126
126
125
125
126
126
125
126
126
126
126
126
125
125
126
126
125
126
126
125
126
127
126
125
126
127
125
125
126
126
125
126
126
125
125
126
126
125
126
126
125
125
126
126
125
126
126
125
125
124
125
125
125
126
126
125
126
126
125
126
126
125
125
126
126
125
125
126
126
125
126
126
126
125
126
125
125
126
126
125
126
126
125
125
125
126
125
125
126
126
125
125
126
125
125
126
126
126
125
125
125
125
126
126
125
125
125
126
125
125
126
126
125
126
126
126
125
125
126
126
125
125
125
125
125
126
126
125
125
125
126
126
125
125
126
126
125
126
126
126
126
125
125
125
125
126
125
125
125
126
126
126
126
125
125
125
125
125
126
126
125
125
126
126
125
125
126
126
126
125
125
125
125
125
125
125
125
125
126
125
125
126
126
126
126
126
126
126
126
126
125
125
126
126
126
125
125
126
126
127
126
125
125
124
124
125
125
125
125
125
125
125
125
125
125
125
126
126
125
126
125
125
125
125
125
125
125
125
125
126
126
125
125
125
125
125
125
125
125
126
126
125
125
125
125
125
125
126
125
125
125
125
125
125
125
125
125
125
125
125
126
125
125
126
125
125
125
125
125
125
125
125
125
125
125
126
125
125
125
125
125
125
125
125
125
125
125
125
125
125
125
125
125
125
125
125
125
125
125
125
125
125
125
125
125
125
125
125
125
125
126
125
125
125
125
125
125
125
125
125
125
125
125
125
125
125
125
125
125
125
125
125
125
125
125
125
125
125
125
125
125
125
125
125
125
125
128
121
121
126
125
126
126
127
127
126
126
126
125
125
125
125
126
125
125
126
126
126
125
125
126
126
126
126
126
126
126
126
126
126
125
125
126
126
126
126
125
126
126
126
126
126
125
125
126
126
126
125
125
126
126
125
125
126
126
126
127
126
125
124
125
126
126
125
122
122
125
128
127
127
127
126
125
126
127
126
125
125
125
126
126
127
126
126
124
123
126
128
127
124
124
127
128
126
124
124
127
127
124
122
123
125
126
127
126
124
125
128
128
124
122
123
125
125
125
124
126
127
129
126
125
125
123
124
126
126
123
125
130
129
123
123
128
126
118
118
128
129
121
123
130
133
133
134
131
127
124
118
111
110
113
115
118
125
134
143
147
144
143
143
136
122
111
108
106
104
103
106
114
124
133
140
143
146
147
144
137
130
123
117
115
112
110
110
114
118
121
125
133
137
136
135
138
138
132
126
121
118
115
119
123
123
119
119
125
129
128
128
131
129
124
122
127
131
131
122
123
130
133
128
122
117
115
119
123
123
120
118
126
140
147
140
126
118
119
121
119
119
120
121
123
129
135
135
132
131
129
122
118
122
125
123
119
119
122
123
123
126
131
131
128
128
127
125
127
132
127
122
123
122
119
124
129
124
120
125
124
120
129
137
128
123
129
125
116
125
134
121
117
135
130
112
124
139
122
117
137
125
100
127
157
120
102
146
143
86
107
171
140
86
127
169
105
69
144
174
104
92
155
147
80
97
174
158
92
117
161
112
71
138
181
126
92
140
151
93
75
127
151
124
125
164
168
116
86
107
129
123
131
142
113
76
99
154
173
136
93
102
144
162
140
109
125
85
118
114
129
143
137
110
117
155
150
106
101
129
134
128
137
139
120
109
116
123
132
145
143
113
93
108
136
144
135
128
125
121
123
133
137
130
124
124
118
109
116
131
135
132
130
130
125
119
121
128
128
123
124
124
122
124
130
133
128
122
124
129
126
121
121
126
124
128
125
124
128
129
126
125
127
128
126
125
128
128
127
123
124
127
130
129
123
118
119
124
129
129
125
123
125
130
131
127
124
121
119
123
128
127
125
123
122
122
125
129
130
127
124
123
121
122
125
125
126
126
128
123
127
130
131
125
123
124
126
126
125
127
128
125
123
123
123
122
124
127
128
126
127
129
126
121
120
124
128
128
126
124
125
128
126
124
127
128
124
121
122
124
127
129
126
121
121
126
129
129
129
129
124
121
122
124
127
127
123
120
124
130
128
122
121
127
134
135
127
121
120
123
129
128
123
121
123
127
131
132
133
129
119
115
120
129
128
119
115
124
134
135
125
120
124
134
138
129
116
112
118
132
141
133
116
105
110
126
138
133
124
121
124
128
127
124
124
124
123
125
130
133
129
119
115
123
132
133
126
122
124
128
129
124
118
121
129
129
126
120
125
132
133
126
83
126
125
125
125
125
125
125
125
126
125
125
125
126
126
126
126
126
126
126
126
126
126
126
126
126
126
126
126
125
126
126
126
126
125
125
126
126
126
125
126
126
126
126
126
125
125
125
126
126
126
126
126
126
126
126
126
126
126
126
126
126
126
126
126
126
126
126
126
126
126
126
126
126
126
126
126
125
126
126
125
126
125
126
126
126
126
126
126
126
126
126
125
126
126
125
125
126
125
126
126
126
125
125
126
126
126
126
126
126
125
126
126
126
126
126
125
126
126
125
126
125
126
125
125
126
126
126
125
126
126
125
125
126
126
126
126
125
126
125
126
126
126
126
126
126
126
125
126
125
126
126
126
125
126
125
125
125
126
125
126
125
125
126
126
125
125
125
125
125
126
126
126
125
125
126
126
126
126
125
125
126
126
126
126
125
125
125
125
125
126
126
125
126
126
126
126
126
126
126
126
125
125
125
125
126
125
125
126
125
126
126
126
126
126
126
125
126
126
126
126
126
125
126
126
126
126
126
126
125
125
125
125
125
125
125
125
125
125
125
125
125
125
125
125
125
125
125
125
125
125
125
125
126
125
126
126
125
125
126
126
126
126
126
126
126
126
126
126
126
126
126
126
126
126
125
126
125
126
125
126
126
126
126
126
126
126
126
126
126
126
126
126
126
126
126
126
126
126
125
126
126
126
126
126
126
126
126
126
126
126
126
126
126
126
126
126
126
125
125
126
125
125
125
126
126
125
126
126
126
126
126
125
125
126
125
125
126
125
125
125
125
125
126
125
125
125
126
125
126
126
125
125
125
125
