124
131
133
129
121
122
86
125
125
125
125
125
126
125
125
126
126
126
125
125
125
126
125
125
125
125
126
125
125
125
125
125
125
125
125
125
125
125
125
125
125
126
125
125
125
125
125
125
125
125
125
125
125
125
125
125
125
125
125
125
125
125
125
125
126
126
125
125
125
125
125
125
125
125
125
125
126
125
125
125
126
125
125
125
125
125
125
125
125
125
125
125
125
125
125
125
125
125
125
125
125
125
125
125
125
125
125
125
125
125
125
125
125
125
125
125
125
125
125
125
125
125
125
125
125
126
125
125
125
126
125
126
125
125
125
125
125
125
125
125
125
125
125
125
125
125
125
125
125
125
125
125
125
125
125
125
125
125
125
125
125
126
125
125
125
125
125
125
125
125
125
125
125
125
125
125
125
126
125
125
125
125
125
125
125
125
125
125
125
125
125
125
125
125
125
125
125
125
125
125
125
125
125
125
125
125
125
125
125
125
125
125
125
125
125
125
125
125
125
125
126
125
125
125
125
125
125
125
125
125
125
125
125
125
125
125
125
125
125
125
125
125
125
125
125
125
125
125
125
125
125
125
125
125
125
125
125
125
125
125
125
125
125
125
125
125
125
125
125
125
125
125
125
125
125
125
125
125
125
125
125
126
125
125
125
125
125
126
125
125
125
125
125
125
126
126
126
125
125
125
125
125
125
125
125
125
125
125
125
125
125
125
125
125
125
125
125
125
125
125
125
125
125
125
125
125
125
125
125
125
125
125
125
125
125
125
125
125
125
125
125
125
125
125
125
125
125
125
125
125
125
125
124
125
125
125
125
125
125
125
125
126
125
125
125
125
125
125
125
125
125
125
125
125
125
125
125
125
125
125
125
125
125
125
125
125
125
125
125
125
125
125
125
125
125
125
126
124
126
126
126
126
126
126
126
126
125
125
125
126
126
126
126
126
126
126
126
126
126
126
126
126
126
126
126
126
126
126
126
126
126
126
126
126
126
126
125
126
125
126
126
125
126
126
125
126
126
126
126
126
126
126
126
126
126
126
126
126
126
126
126
126
126
126
126
126
125
125
126
125
125
126
126
126
126
126
126
126
126
126
126
125
126
125
126
125
125
126
125
125
125
125
125
125
126
125
125
126
126
125
126
126
126
125
125
125
125
125
125
125
125
125
126
125
125
126
125
126
125
125
126
125
125
125
125
125
125
125
125
125
125
126
125
126
126
125
126
125
126
126
125
125
126
125
125
125
125
125
125
125
125
126
126
125
125
125
125
125
125
125
125
125
126
125
125
125
125
126
125
125
125
126
126
126
125
126
125
125
125
125
125
125
125
125
125
125
126
125
125
125
125
125
126
125
125
125
125
125
125
125
125
125
125
125
126
126
125
126
126
126
126
126
125
125
125
126
126
125
126
127
126
125
125
126
125
124
125
126
126
124
124
125
126
126
125
125
125
126
127
126
125
125
125
126
125
125
125
126
125
125
125
126
126
125
125
125
125
125
125
126
126
125
125
125
126
126
126
125
125
125
126
126
126
125
125
125
126
126
125
125
125
125
125
125
126
125
125
125
126
125
126
126
125
125
125
126
125
125
125
125
125
126
125
125
126
126
125
125
125
126
126
126
126
125
125
126
126
125
125
126
126
126
125
125
125
126
126
125
125
125
126
125
125
126
126
125
125
125
126
125
126
125
125
126
126
126
125
126
126
125
125
126
125
125
126
126
125
126
127
125
125
126
126
125
125
126
125
125
126
126
125
125
126
125
125
126
125
125
125
126
125
125
126
126
125
125
126
126
125
125
126
125
125
126
126
125
125
126
126
125
126
126
125
125
126
126
125
125
125
125
125
125
125
125
126
125
125
126
126
125
125
126
126
127
125
126
126
125
125
125
125
124
125
126
125
124
126
126
125
125
126
126
125
125
126
125
125
125
126
126
125
125
125
125
125
126
126
125
125
126
125
125
125
125
125
125
125
125
125
125
125
126
125
126
126
126
126
126
126
125
125
125
125
125
125
125
123
125
125
125
126
126
126
126
126
126
126
125
125
125
125
125
125
126
126
125
125
126
126
126
125
125
125
125
125
125
125
125
125
125
125
125
125
126
125
125
125
125
125
125
126
126
126
125
125
126
125
125
125
125
125
125
125
125
125
125
125
125
126
125
125
125
125
125
125
125
125
125
125
126
125
125
125
125
125
125
126
126
125
125
125
126
125
125
125
126
125
125
126
125
125
125
126
126
125
125
125
125
125
126
125
125
125
125
125
125
125
126
125
126
125
125
125
125
125
125
125
125
125
125
125
125
125
126
125
125
125
125
125
125
125
125
125
126
125
125
125
125
125
126
125
125
125
125
125
125
125
125
125
126
125
125
125
125
125
125
125
125
125
125
125
125
126
126
125
125
125
126
125
125
125
125
125
125
126
125
125
125
125
126
125
125
125
125
126
125
125
126
126
126
126
125
125
125
125
125
125
126
125
125
125
126
126
126
125
125
125
125
126
125
125
124
125
125
125
125
127
127
125
125
126
125
125
125
125
125
126
126
124
125
125
125
125
125
125
126
126
126
126
125
125
125
126
126
125
126
126
126
126
125
125
124
125
126
127
125
125
125
125
125
125
126
125
124
125
125
125
126
123
123
124
125
126
127
127
127
126
125
126
126
125
125
125
126
126
123
124
127
127
125
124
126
127
125
124
124
126
125
124
123
125
126
126
127
128
125
125
128
129
125
121
124
127
122
120
125
128
124
121
126
131
131
129
127
123
121
120
118
118
117
118
119
122
129
136
141
142
139
138
135
127
117
112
110
108
103
105
113
122
129
134
141
144
142
141
138
130
125
120
114
111
110
112
115
119
126
131
133
133
134
133
132
131
130
126
121
116
119
121
122
124
126
127
127
127
126
124
123
122
122
124
128
130
132
132
128
123
123
121
117
120
126
125
123
126
124
124
136
137
123
122
127
120
121
132
127
119
129
127
113
125
144
127
120
140
124
93
124
160
124
102
138
121
77
130
187
123
88
152
136
64
120
196
126
75
159
170
66
75
177
157
86
125
168
97
66
154
186
105
89
154
145
82
107
165
134
98
143
161
102
80
134
158
123
111
138
133
101
112
146
141
123
127
133
112
94
118
151
153
122
103
114
126
123
127
136
129
120
124
121
113
122
146
147
127
118
120
117
122
132
125
115
128
140
127
104
102
125
147
153
154
139
103
84
113
136
133
130
125
108
109
132
148
143
121
100
108
140
157
135
110
111
124
127
118
110
123
143
142
122
114
123
135
135
127
117
112
118
133
139
129
115
115
129
139
128
112
115
132
135
123
118
122
135
133
129
121
121
126
127
127
129
125
109
105
123
137
133
131
131
127
122
124
129
124
116
117
123
129
133
131
127
125
127
128
125
119
117
124
129
129
125
122
125
128
130
128
125
124
121
119
120
125
129
133
131
124
120
120
125
128
129
128
124
120
120
127
133
132
124
122
123
123
123
125
125
125
124
126
124
122
125
128
129
128
125
120
117
122
130
135
130
123
121
120
125
130
132
127
121
124
132
130
122
117
119
120
123
131
134
125
116
117
124
129
130
129
122
118
124
133
130
121
118
123
130
134
133
126
114
107
114
129
140
135
123
117
122
129
132
128
126
125
122
120
123
127
128
114
86
129
127
129
129
128
129
130
131
133
129
121
118
123
129
133
132
128
124
119
120
124
129
131
128
123
124
128
128
126
124
123
124
125
127
126
125
127
128
125
124
125
129
128
121
118
122
127
132
128
122
122
127
131
130
125
122
122
126
130
126
120
119
125
132
135
128
118
113
121
129
127
126
127
123
122
127
129
124
121
122
126
129
131
131
126
125
85
125
125
125
125
125
125
125
125
125
125
125
125
125
125
125
125
125
125
125
125
125
125
125
125
125
125
125
125
125
125
125
125
125
125
125
125
125
125
125
125
125
126
126
125
125
125
125
125
125
125
125
125
125
125
125
125
125
125
125
125
125
125
125
125
125
125
125
125
125
125
125
125
125
125
125
125
125
125
125
125
125
125
125
125
126
125
125
125
125
125
125
125
125
125
125
125
125
125
125
125
125
125
125
125
125
125
125
125
125
125
125
125
125
125
125
125
125
125
125
125
125
125
125
125
125
125
125
125
125
125
125
125
125
125
125
125
125
125
125
125
125
125
125
125
125
125
125
125
125
125
125
125
125
125
125
125
125
125
125
125
125
125
125
125
125
125
125
125
125
125
125
125
125
125
125
125
125
125
125
125
125
125
125
125
125
125
125
125
125
125
125
125
125
125
125
125
125
125
125
125
125
125
125
125
125
125
125
125
125
125
125
125
125
125
125
125
125
125
125
125
125
125
125
125
125
125
125
125
125
125
125
125
125
125
125
125
125
125
125
125
125
125
125
125
125
125
125
125
125
125
125
125
125
125
125
125
125
125
125
125
125
125
125
125
125
125
125
125
125
125
125
125
125
125
125
125
125
125
125
125
125
125
125
125
125
125
125
125
125
125
125
125
125
126
124
125
126
126
126
126
126
126
126
126
126
126
126
126
126
126
126
126
126
126
126
126
126
126
126
125
126
126
126
126
126
126
126
126
126
126
125
126
126
126
127
126
126
126
125
125
126
125
125
126
126
126
126
126
126
126
126
125
126
120
