128
127
123
123
124
126
65
126
126
126
125
125
125
126
125
125
125
126
125
125
125
125
125
125
125
125
125
125
125
125
125
125
125
125
125
125
125
125
126
125
125
125
125
126
125
125
125
126
125
125
125
125
126
125
125
125
125
126
126
125
125
125
125
125
125
125
125
125
125
125
125
126
126
125
126
125
125
125
125
126
126
125
125
125
125
125
125
125
126
125
125
125
125
126
125
125
126
125
125
125
125
125
125
125
125
125
125
125
125
126
125
125
125
125
125
125
125
125
125
125
125
125
125
125
125
125
125
125
125
125
125
125
126
125
126
125
125
125
125
125
125
125
125
125
125
125
126
126
125
125
125
125
125
125
125
125
125
126
126
125
125
125
125
125
125
125
125
125
125
125
125
125
125
125
125
125
125
125
125
125
125
125
125
125
125
125
125
125
125
125
125
125
125
125
125
125
125
125
125
125
125
125
125
125
125
125
125
125
125
125
125
125
125
125
125
125
125
125
125
125
125
125
125
125
125
125
125
125
125
125
125
125
125
125
125
125
125
125
125
125
125
125
125
125
125
125
125
125
125
125
125
125
125
125
125
125
125
125
125
125
125
125
125
125
125
125
125
125
125
125
125
125
125
125
125
125
125
125
125
125
125
125
125
125
125
125
125
125
125
125
125
125
125
125
125
125
125
125
125
125
125
125
125
125
125
125
125
125
125
125
125
125
125
125
125
125
125
125
125
125
125
125
125
125
125
125
125
125
125
125
125
125
125
125
125
125
125
125
125
125
125
126
124
125
125
126
125
126
125
125
126
126
126
126
126
126
125
125
125
126
125
126
125
126
126
126
125
125
126
126
126
126
125
126
126
126
125
126
126
126
126
125
125
125
125
126
126
126
126
125
126
126
125
126
125
125
125
126
126
125
125
126
125
125
125
125
125
125
125
124
125
125
125
125
125
126
126
125
126
125
126
125
125
125
125
125
125
125
125
126
125
125
125
125
125
125
125
125
125
125
125
125
125
125
126
126
125
125
125
125
125
126
125
125
125
125
125
125
126
125
125
125
125
125
125
125
125
125
126
126
126
125
125
125
126
126
125
125
125
125
125
125
125
125
125
125
125
125
126
125
125
126
125
125
125
125
125
125
125
125
125
125
125
125
125
125
125
125
125
125
125
125
125
125
125
125
125
125
125
126
125
125
125
125
126
125
125
125
126
125
125
125
125
126
125
125
125
125
125
126
125
125
125
126
125
125
125
125
126
126
125
125
125
125
125
125
126
125
125
126
125
125
125
125
125
125
125
126
125
125
124
125
125
125
125
126
125
125
125
124
124
125
126
126
125
124
125
125
126
125
125
125
125
126
126
126
126
125
125
125
126
125
125
124
124
125
126
125
125
126
127
127
126
125
124
125
125
125
124
124
125
126
126
125
125
125
125
124
123
124
126
127
127
128
126
124
123
124
126
126
126
126
125
123
123
126
128
127
125
124
123
125
127
127
126
125
125
125
126
126
126
125
123
124
126
127
134
154
131
29
35
195
255
128
26
156
144
10
82
245
209
87
67
86
88
148
219
177
53
16
113
223
224
128
34
86
194
178
43
5
126
221
215
134
46
52
155
215
141
45
74
176
183
107
74
118
168
168
110
60
97
159
157
123
119
125
117
123
137
138
126
114
110
121
136
136
121
112
122
139
138
121
114
120
125
126
130
132
127
121
120
124
130
132
130
120
109
111
124
136
138
135
127
123
125
125
122
121
123
128
130
126
119
116
120
126
129
129
128
127
129
125
124
125
127
127
124
122
124
126
126
125
125
125
127
128
127
125
124
124
124
126
127
127
125
125
126
127
127
126
126
126
126
125
125
125
125
125
125
125
125
125
126
127
126
126
126
126
125
125
126
126
126
126
125
126
127
126
125
124
125
125
125
125
126
126
127
126
123
125
126
126
126
126
124
123
125
128
129
127
124
125
127
127
126
125
124
121
120
126
132
131
125
121
121
125
129
128
123
121
123
126
127
126
126
126
125
125
127
128
125
123
124
126
126
126
125
124
124
124
126
127
125
125
126
126
125
124
125
125
125
126
125
125
124
125
126
127
126
125
125
127
128
126
124
124
126
128
126
124
121
122
125
126
126
125
125
127
126
126
126
126
125
125
126
126
125
126
127
127
126
124
122
123
126
126
125
125
128
127
126
126
127
125
124
124
122
122
124
128
128
125
123
125
126
126
127
128
127
126
124
124
125
128
126
123
123
126
127
126
125
125
125
126
126
126
124
125
126
126
127
125
123
124
126
127
125
123
124
125
125
125
125
126
126
125
126
127
126
124
123
125
128
125
122
124
128
129
124
121
126
128
124
121
124
127
128
126
124
124
124
124
124
124
127
130
127
122
123
128
127
124
123
126
127
125
124
123
127
127
124
123
127
128
122
121
127
129
124
123
128
130
126
121
121
125
128
130
128
121
120
125
126
125
126
128
124
120
123
129
129
125
121
123
127
127
126
126
126
126
126
125
122
122
128
132
127
120
123
126
126
126
126
124
125
125
125
124
126
127
127
125
124
125
125
124
124
124
124
126
127
126
126
125
124
125
125
126
126
125
124
125
124
121
122
128
130
127
123
124
125
125
126
127
126
125
125
126
126
127
126
122
124
126
126
123
122
123
127
129
128
125
124
125
125
126
125
125
125
125
126
128
132
121
124
125
125
125
126
126
125
123
125
126
126
127
126
125
126
126
125
124
125
126
126
125
124
126
127
127
125
123
124
128
130
126
125
125
125
124
126
128
125
121
123
129
129
125
124
125
128
128
125
122
123
127
129
128
124
123
123
127
131
128
125
125
124
125
126
123
123
124
124
124
126
128
127
126
127
127
127
127
125
124
125
124
125
127
126
126
125
125
126
126
125
126
125
125
126
126
125
125
125
126
127
125
125
124
125
126
125
125
124
124
125
124
126
128
127
126
124
126
124
123
125
127
127
125
125
125
127
128
126
123
123
125
126
127
125
125
126
127
126
124
124
125
125
126
126
125
124
125
126
126
126
127
124
125
126
125
125
125
125
126
126
126
126
126
126
128
125
124
126
124
125
126
126
125
125
125
126
126
126
125
125
125
126
124
125
125
127
127
125
125
125
125
125
124
125
125
125
126
125
125
126
126
127
127
125
125
125
125
126
125
124
125
126
125
126
130
127
125
124
124
124
125
125
125
125
125
125
126
125
124
124
125
125
127
125
125
126
127
126
126
125
125
125
127
125
124
124
123
125
126
125
125
125
126
126
127
127
125
125
124
125
126
125
123
126
126
124
125
127
125
124
126
127
126
127
126
127
125
126
126
125
124
124
124
126
126
124
124
125
126
125
126
126
126
127
125
124
125
127
126
125
124
124
124
125
125
127
126
125
125
126
124
124
123
125
125
124
124
124
126
126
125
125
125
125
125
125
125
124
126
126
125
125
127
127
124
125
125
126
126
125
125
126
125
127
124
125
128
127
126
123
124
127
126
125
125
124
125
124
124
125
126
126
145
119
112
126
126
126
126
125
125
127
125
123
123
126
125
124
125
126
124
123
126
128
128
127
124
126
125
127
125
125
127
129
126
124
125
126
129
129
124
122
125
124
124
124
125
125
125
125
124
125
127
126
125
124
126
127
127
125
124
125
125
126
126
126
126
125
124
125
125
125
126
126
127
125
123
124
123
126
127
126
125
124
125
126
125
125
125
124
124
126
126
127
125
124
125
124
125
127
126
125
123
124
128
128
126
125
124
124
124
123
126
127
127
125
124
124
125
126
127
126
123
124
124
125
127
125
124
124
125
127
127
126
125
124
124
127
127
126
124
123
125
127
126
126
125
126
125
125
125
66
125
126
126
125
126
126
125
126
126
126
125
125
125
125
125
125
125
125
125
125
125
125
125
125
125
125
125
125
125
125
125
125
125
125
125
125
125
125
125
125
125
125
125
125
125
125
125
125
125
125
125
125
125
125
125
125
125
125
125
125
125
125
125
125
125
125
125
125
125
125
125
125
125
125
125
125
125
125
125
125
125
125
125
125
125
125
125
125
125
125
126
126
125
125
125
125
125
125
125
125
125
125
125
125
125
125
125
125
125
125
125
125
125
125
125
125
125
125
125
125
125
125
125
125
125
125
125
125
125
125
125
125
125
125
125
125
125
125
125
125
125
125
125
125
125
125
125
125
125
125
125
125
125
125
125
125
125
125
125
125
125
125
125
125
125
125
125
125
125
125
125
125
125
125
125
125
125
125
125
125
125
125
125
125
125
125
125
125
125
125
125
125
125
125
125
125
125
125
125
125
125
125
125
126
126
126
125
125
125
125
125
126
126
126
126
125
126
126
126
126
126
126
125
126
125
125
126
126
126
126
126
126
126
126
126
126
126
126
126
126
126
126
126
126
126
126
126
126
126
126
126
126
126
125
126
125
126
126
125
126
126
126
126
126
126
125
126
126
126
125
126
126
126
126
126
126
126
125
125
125
125
125
126
126
126
126
125
125
125
126
125
126
126
125
126
125
126
126
126
126
125
126
125
126
126
126
125
126
126
126
125
126
126
125
125
125
125
125
125
125
125
126
126
125
126
125
125
126
125
125
125
125
126
126
126
126
125
125
125
125
125
126
126
126
126
126
126
126
126
126
126
125
126
125
