126
125
125
126
125
126
57
125
125
125
125
125
125
125
125
125
125
125
125
125
125
125
125
125
125
125
125
125
125
125
125
125
125
125
125
125
125
125
125
125
125
125
125
125
125
125
125
125
125
125
125
125
125
125
125
125
125
125
125
125
125
125
125
125
125
125
125
125
125
125
125
125
125
125
125
125
125
125
125
125
125
125
125
125
125
125
125
125
125
125
125
125
125
125
125
125
125
125
125
125
125
125
125
125
125
125
125
125
125
125
125
125
125
125
125
125
125
125
125
125
125
125
125
125
125
125
125
125
125
125
125
125
125
125
125
125
125
125
125
125
125
125
125
125
125
125
125
125
125
125
125
125
125
125
125
125
125
125
125
125
125
125
125
125
125
125
125
125
125
125
125
125
125
125
125
125
125
125
125
125
125
125
125
125
125
125
125
125
125
125
125
125
125
125
125
125
125
125
125
125
125
125
125
125
125
125
125
125
125
125
125
125
125
125
125
125
125
125
125
125
125
125
125
125
125
125
125
125
125
125
125
125
125
125
125
125
125
125
125
125
125
125
125
125
125
125
125
125
125
125
125
125
125
125
125
125
125
125
125
125
125
125
125
125
125
125
125
125
125
125
125
125
125
125
125
125
125
125
125
125
125
125
125
125
125
125
125
125
125
125
125
125
125
125
125
125
125
125
125
125
125
125
125
125
125
125
125
125
125
125
125
125
125
125
125
125
125
125
125
125
125
125
125
125
125
125
125
125
125
125
125
125
125
125
125
125
125
125
125
125
125
125
125
125
125
125
125
125
125
125
125
125
125
125
125
125
125
125
125
125
125
125
125
125
125
125
125
125
125
125
125
125
125
125
125
125
125
125
125
125
125
125
125
125
125
125
125
125
125
125
125
125
125
125
125
125
125
125
125
125
125
125
125
125
125
125
125
125
125
125
125
125
125
125
125
125
125
125
125
125
125
125
125
125
125
125
125
125
125
125
125
125
125
125
125
125
125
125
125
125
125
125
125
125
125
125
125
125
125
125
125
125
125
125
125
125
125
125
125
125
125
125
125
125
125
125
125
125
125
125
125
125
125
125
125
125
125
125
125
125
125
125
125
125
125
125
125
125
125
125
125
125
125
125
125
125
125
125
125
125
125
125
125
125
125
125
125
125
125
125
125
125
125
125
125
125
125
125
125
125
125
125
125
125
126
126
125
124
123
125
125
125
125
123
123
125
126
126
125
125
127
128
126
125
130
136
134
125
118
116
109
97
100
131
173
176
132
96
118
145
106
72
110
166
134
115
110
143
194
197
69
22
110
255
184
19
74
197
161
62
92
157
143
121
126
140
138
102
77
109
160
157
120
106
118
132
136
127
114
115
133
144
127
105
107
125
134
131
133
141
140
123
105
106
118
126
126
125
126
128
132
131
125
123
129
131
127
124
122
120
116
116
123
134
140
133
122
117
119
123
125
127
128
125
122
123
127
128
126
126
127
127
128
127
125
123
123
123
123
125
127
128
125
122
123
126
127
127
128
129
129
125
121
120
124
127
126
125
126
128
126
123
122
122
125
127
128
127
125
124
124
126
127
127
127
126
125
124
123
123
124
125
126
127
128
127
126
126
125
125
125
125
124
124
124
124
124
125
125
125
126
126
126
126
126
127
127
126
125
125
125
126
126
126
126
125
125
124
124
125
125
125
125
125
125
126
125
125
126
126
126
126
125
125
124
124
125
125
126
126
125
125
124
125
125
126
126
127
126
126
125
125
124
124
124
124
125
125
126
125
125
125
125
125
126
126
126
125
125
125
125
124
124
125
125
125
125
125
125
125
125
125
125
125
126
125
125
126
125
126
126
126
125
125
125
125
125
125
125
125
125
125
125
125
125
126
126
125
125
125
125
125
125
125
125
125
125
125
125
125
125
126
125
125
125
125
125
125
125
125
125
125
126
126
125
125
125
125
125
126
126
125
125
125
124
124
125
125
125
125
125
125
125
126
125
125
125
125
125
126
126
125
125
125
124
125
125
125
125
125
126
125
125
125
126
125
125
126
126
125
125
125
124
125
125
125
125
125
125
125
125
125
125
126
126
125
125
125
125
125
125
125
125
125
125
125
126
126
125
125
125
125
125
125
125
125
125
125
125
125
125
125
125
126
126
125
125
125
125
125
125
125
125
126
125
125
125
125
125
125
125
125
125
126
125
125
125
125
125
125
125
125
125
125
125
125
125
125
126
126
125
125
125
125
125
126
126
126
126
125
125
125
124
125
125
125
125
125
125
125
125
125
125
125
125
125
125
125
125
125
125
125
125
125
125
125
125
126
126
126
126
125
125
125
125
125
125
125
126
126
125
125
125
125
125
125
125
125
125
125
125
125
125
125
125
125
125
125
125
125
125
125
125
125
125
125
125
125
125
125
125
125
125
125
125
125
126
125
125
125
126
126
126
125
125
125
125
126
126
125
125
125
125
125
125
125
125
124
125
125
125
125
125
125
125
125
126
125
125
125
125
125
125
125
125
125
125
125
125
125
125
125
125
125
125
125
125
125
125
125
125
125
125
125
125
125
125
125
125
125
125
125
125
125
125
125
125
125
125
125
125
125
125
125
125
125
125
125
125
125
125
125
125
125
125
125
125
125
125
125
125
125
125
125
125
125
125
125
125
125
125
125
125
125
125
125
125
125
125
125
125
125
125
125
125
125
125
125
125
125
125
125
125
125
125
125
125
125
125
125
125
125
125
125
125
125
125
125
125
125
125
125
125
125
125
125
125
125
125
125
125
125
125
125
125
125
125
125
125
125
125
125
132
120
123
126
126
125
126
126
126
125
125
125
125
125
125
125
125
126
126
126
125
125
125
125
125
125
125
126
125
126
126
126
125
125
125
125
125
125
126
126
126
126
125
126
126
125
126
125
125
125
126
125
125
126
124
126
126
125
126
125
126
126
126
126
125
125
126
121
125
125
124
126
127
127
126
126
126
126
126
126
126
125
126
125
125
126
125
125
126
125
126
126
125
125
125
125
125
125
125
125
125
125
125
126
126
125
125
125
126
125
125
125
125
125
125
125
125
125
126
125
125
125
125
126
125
125
125
125
125
125
125
125
125
126
125
125
125
125
125
125
125
125
125
125
125
125
126
125
125
125
125
125
125
125
126
125
126
125
125
126
125
126
125
125
125
126
125
126
126
125
125
125
125
125
125
125
126
126
125
125
125
126
126
125
125
125
125
126
125
126
124
125
125
125
125
125
126
125
126
126
126
125
125
125
124
126
126
125
126
126
125
125
125
125
125
129
128
126
124
124
123
124
126
127
127
126
126
126
126
126
126
118
90
132
125
130
130
132
131
130
128
127
127
126
127
128
128
128
129
127
126
125
125
125
125
126
127
127
127
128
128
128
127
127
127
125
125
125
125
126
126
117
125
125
127
127
128
127
126
127
127
127
126
125
125
125
125
125
126
127
127
127
127
126
126
125
125
125
125
125
126
125
125
126
125
125
125
125
126
125
126
126
122
126
124
126
126
126
127
127
125
126
127
127
125
124
124
125
126
125
126
125
126
126
125
125
126
126
126
126
126
127
125
124
126
125
124
124
124
127
126
125
126
126
126
126
125
125
124
126
126
126
126
126
126
125
125
125
126
127
126
126
125
125
125
125
126
126
125
125
126
127
127
126
126
126
125
125
125
125
125
126
126
127
125
125
125
126
126
126
125
124
126
126
126
125
124
124
125
126
125
125
125
126
126
127
127
126
127
132
129
126
124
124
122
121
123
124
124
126
127
126
126
126
126
126
124
126
127
125
126
126
127
126
125
125
125
126
125
124
124
126
126
126
133
130
126
124
125
122
122
124
123
124
58
125
125
125
125
125
125
125
125
126
126
125
125
125
125
125
125
125
125
125
125
125
125
125
125
125
125
125
125
125
125
125
125
125
125
125
125
125
125
125
125
125
125
125
125
125
125
125
125
125
125
125
125
125
125
125
125
125
125
125
125
125
125
125
125
125
125
125
125
125
125
125
125
125
125
125
125
126
125
125
125
126
126
126
126
126
126
126
126
126
126
126
126
126
126
126
126
126
126
126
125
126
126
126
126
126
126
126
126
126
126
126
126
126
126
126
126
126
126
126
126
126
126
126
126
126
126
126
126
126
126
126
126
126
126
125
126
126
126
126
126
126
126
126
126
125
125
126
126
125
126
126
126
126
126
125
125
126
125
126
125
126
126
125
125
125
125
126
126
126
126
125
125
126
126
126
126
125
126
125
126
126
126
126
126
126
125
126
126
125
125
126
126
125
125
126
126
126
126
126
126
125
125
125
126
126
126
125
126
125
125
126
126
126
125
125
126
126
125
125
125
126
125
126
126
126
125
126
126
125
125
125
125
125
126
126
126
125
126
125
126
126
126
126
126
125
125
126
126
126
126
126
126
126
126
126
126
126
126
126
126
126
126
126
126
125
126
125
126
126
126
126
126
126
125
126
126
125
126
126
125
125
125
126
126
126
125
126
126
126
126
126
126
126
125
126
126
125
126
125
125
125
125
125
125
125
126
125
125
126
125
125
126
125
125
125
125
125
126
125
126
126
125
125
125
125
125
125
125
125
125
125
125
125
125
125
125
125
125
125
125
125
125
125
125
125
125
125
125
125
125
125
125
125
125
