124
121
122
126
129
128
88
126
126
125
126
126
125
126
125
125
126
126
126
126
126
125
126
126
126
126
125
126
126
125
125
126
126
126
125
126
125
126
125
125
125
125
125
126
126
125
126
125
126
125
126
126
125
125
126
125
126
125
125
126
126
125
126
126
125
125
126
126
125
125
125
125
125
125
126
126
125
126
126
126
126
126
125
125
126
126
125
125
125
125
126
126
126
125
126
126
126
126
126
126
125
126
126
125
125
125
125
125
126
125
125
126
126
125
125
126
126
126
126
125
125
125
125
125
125
125
125
125
125
125
125
125
125
125
125
125
126
125
125
125
125
125
125
126
125
125
125
125
125
125
125
125
126
125
126
125
125
125
126
125
125
125
125
126
125
125
125
126
126
126
126
125
125
125
125
125
125
125
125
125
125
125
125
125
125
125
125
125
125
125
125
125
126
126
125
125
125
125
125
125
125
125
125
125
125
125
125
125
125
125
125
125
125
125
125
125
125
125
125
125
125
125
125
125
125
125
125
125
125
125
125
125
125
125
125
125
125
125
125
125
125
125
125
125
125
125
125
125
125
125
125
125
125
125
125
125
125
125
125
125
125
125
125
125
125
125
125
125
125
125
125
125
125
125
125
125
125
125
125
125
125
125
125
125
125
125
125
125
125
125
125
125
125
125
125
125
125
125
125
125
125
125
125
125
125
125
125
125
125
125
125
126
124
125
125
125
125
126
126
125
125
125
125
125
125
125
125
125
125
125
125
125
125
125
125
125
125
125
125
125
125
125
125
125
125
125
125
125
125
125
125
125
125
125
125
125
125
125
125
125
125
125
125
125
125
125
125
125
125
125
125
125
125
125
125
125
125
125
125
125
125
125
125
126
126
125
126
125
125
125
125
125
125
125
125
125
125
125
125
125
125
125
125
125
125
125
125
125
125
125
125
125
125
125
125
125
125
125
125
125
125
125
125
125
125
125
125
125
125
125
125
125
125
125
125
125
125
125
125
125
125
125
125
125
125
125
125
125
125
125
125
125
125
125
125
125
125
125
125
125
125
125
125
125
125
125
125
125
125
125
125
125
125
125
125
125
125
125
125
125
125
125
125
125
125
125
125
125
125
125
125
125
125
125
125
125
125
125
125
125
125
125
125
125
125
125
125
125
125
125
125
125
125
125
125
125
125
125
124
127
127
124
124
124
124
125
126
127
126
126
126
125
125
125
125
125
125
125
125
125
125
125
125
125
125
125
125
126
125
125
125
125
125
125
125
125
125
125
125
125
125
125
125
125
125
125
125
125
125
125
125
125
125
125
125
125
125
125
125
125
125
125
125
125
125
125
125
125
125
125
125
125
125
125
125
125
125
125
125
125
125
125
125
125
125
125
125
125
125
125
125
125
125
125
125
125
125
125
125
125
125
125
125
125
125
125
125
126
126
125
125
125
126
126
125
125
125
125
126
126
125
125
125
125
125
125
125
125
125
125
125
125
125
125
125
125
125
125
126
125
125
125
125
125
125
125
125
125
125
125
125
125
125
125
125
125
125
126
125
125
125
125
125
125
125
125
125
125
125
125
125
125
125
125
125
125
125
125
125
125
125
125
125
125
125
125
125
125
125
126
126
125
125
125
125
125
125
125
125
125
125
126
125
125
125
125
125
126
125
125
125
125
126
125
125
125
125
126
125
125
125
125
125
125
125
125
127
123
125
125
125
125
126
126
125
125
125
126
126
126
125
125
126
126
125
125
125
125
125
125
125
125
126
126
125
125
124
125
126
126
126
126
126
126
126
126
126
126
126
125
126
126
125
126
126
125
125
126
126
126
126
126
125
125
126
126
126
126
125
125
126
126
126
124
125
126
126
126
126
126
126
126
126
126
126
126
126
126
126
125
125
126
126
125
126
126
125
125
126
125
125
125
126
126
125
125
126
126
125
125
126
126
126
126
126
125
125
126
126
125
125
125
125
125
126
126
126
125
125
126
126
125
126
126
125
125
126
126
125
125
126
126
125
125
126
126
125
125
126
126
125
125
126
126
125
126
126
125
125
126
126
125
125
125
125
125
125
126
126
125
126
125
125
125
126
126
125
125
126
126
126
125
125
126
126
125
125
125
125
125
125
126
126
126
125
126
126
125
126
126
126
125
125
126
126
126
126
126
125
125
126
126
126
126
126
126
126
126
125
126
126
127
126
126
125
125
125
125
125
125
125
126
126
125
125
125
126
125
125
126
126
125
125
126
126
126
125
126
125
125
125
125
126
125
125
126
126
126
126
127
126
125
125
125
125
125
125
125
125
125
125
125
126
125
125
125
125
125
126
125
125
125
125
125
125
125
125
125
125
126
125
125
125
125
125
125
125
125
125
125
125
125
125
125
125
125
125
125
125
125
125
125
125
125
126
125
125
125
125
125
125
125
125
125
125
125
125
125
125
127
123
124
125
125
125
126
126
126
126
125
125
125
125
125
125
126
126
125
125
125
126
125
125
125
125
126
125
126
125
125
126
125
125
125
125
126
125
126
125
125
125
125
125
126
125
125
125
125
125
125
125
126
126
125
125
125
125
125
125
125
125
126
126
126
125
124
123
123
126
126
125
126
126
126
126
126
125
125
125
125
125
125
125
126
126
126
126
126
125
125
126
125
125
126
126
125
125
126
126
125
124
124
125
125
125
126
126
125
125
125
125
126
126
125
125
125
126
125
125
126
125
124
124
126
126
126
126
125
125
125
126
125
124
124
124
126
127
127
126
126
126
126
126
125
124
124
123
124
124
123
123
123
124
125
127
129
130
133
135
135
130
124
118
112
110
112
117
123
126
128
129
130
131
131
131
133
134
130
124
120
119
120
120
121
123
125
124
123
124
125
120
117
126
138
138
133
136
136
118
108
123
134
125
115
119
124
123
122
123
119
121
128
132
134
137
132
122
126
133
127
112
106
117
138
145
127
103
108
133
137
108
91
131
180
154
93
100
155
156
107
96
144
163
115
76
118
147
126
122
142
117
95
122
140
124
123
136
134
120
115
122
131
131
125
129
132
111
98
135
173
153
98
79
114
150
145
123
126
118
98
120
165
140
80
104
177
169
90
70
123
164
146
112
110
125
126
126
131
134
128
119
121
124
125
129
133
120
107
118
139
139
123
116
124
128
127
127
124
118
118
130
136
126
116
119
127
130
129
127
122
122
131
132
119
118
131
131
113
108
127
141
132
122
128
143
158
142
91
78
123
151
130
94
89
126
158
152
125
113
124
134
123
108
115
137
148
133
118
123
129
119
114
127
130
113
112
126
161
129
104
110
133
136
122
118
126
127
120
123
134
134
122
116
122
129
134
137
131
127
129
123
107
110
129
134
112
77
132
129
132
132
131
131
134
134
127
120
124
129
126
124
131
136
129
118
117
128
133
128
126
130
129
125
127
129
123
117
121
131
134
123
113
112
132
132
127
131
137
129
119
119
128
135
132
123
116
117
124
133
135
123
113
118
130
132
124
125
131
129
122
122
123
123
125
128
129
126
126
129
128
126
124
125
126
126
126
125
123
122
123
123
125
128
127
124
122
124
127
130
129
126
124
123
123
124
126
128
130
123
116
122
134
130
119
118
130
138
131
124
124
125
122
121
123
128
124
124
130
136
127
113
111
130
141
128
115
120
129
127
125
127
123
123
137
133
122
116
119
124
133
131
122
118
122
125
125
127
130
126
118
124
133
131
122
121
126
128
126
125
123
128
130
124
118
126
135
131
120
118
128
132
126
119
121
126
127
127
131
130
124
127
121
126
128
127
122
124
124
121
124
129
128
122
121
125
126
128
127
124
123
125
127
130
130
123
119
122
128
129
124
124
127
127
125
127
128
89
126
126
126
125
126
126
126
126
126
126
125
126
126
126
126
125
126
125
126
126
126
126
126
126
126
126
126
126
126
126
125
126
125
126
125
125
125
126
126
126
126
125
126
126
125
125
126
126
126
126
126
126
126
126
125
126
125
125
126
126
126
126
125
126
126
126
126
125
126
126
126
126
125
125
125
125
125
126
125
125
125
125
125
126
126
126
126
126
126
125
125
125
125
125
125
126
126
125
125
125
125
125
125
125
125
125
125
125
125
125
125
125
125
125
125
125
125
125
125
125
125
125
125
125
125
125
125
125
125
125
125
125
125
125
125
125
125
125
125
125
126
125
125
125
125
125
125
126
125
125
125
125
125
125
125
125
125
125
125
125
125
125
125
125
125
125
125
125
125
125
125
125
125
125
125
125
125
125
125
125
125
125
125
125
126
125
125
125
125
125
125
125
125
125
125
125
125
125
125
125
125
125
125
125
125
125
125
125
125
125
125
125
125
125
125
125
125
126
125
125
125
125
125
125
125
125
125
125
125
125
125
125
125
126
125
126
126
125
125
126
125
125
126
125
126
125
125
125
125
125
125
125
125
125
126
126
125
125
126
126
126
126
126
126
125
125
126
126
125
125
126
125
126
126
125
125
125
125
125
126
125
125
125
126
126
125
125
125
125
125
126
126
125
125
125
125
125
125
125
125
125
125
125
126
126
126
126
125
125
125
125
125
125
125
125
125
125
125
125
125
125
125
125
125
125
125
125
125
125
125
125
125
125
125
125
125
125
125
125
125
126
125
125
125
125
125
125
125
125
125
125
125
125
125
