125
125
125
126
126
123
60
125
126
126
125
126
125
126
126
126
126
126
126
126
126
126
126
125
126
125
126
126
125
125
125
126
125
125
126
126
125
126
125
125
125
126
126
126
126
126
126
125
126
125
125
125
125
126
126
126
126
125
126
125
125
125
125
125
125
125
125
125
126
125
125
125
125
125
126
126
125
125
125
125
125
125
125
125
125
125
125
125
125
125
125
125
125
125
125
125
125
125
125
125
125
125
125
125
125
126
125
125
125
125
125
125
126
125
125
125
125
125
125
125
125
125
125
125
125
125
125
125
126
125
125
125
125
125
125
125
125
125
125
125
125
125
125
125
125
125
125
125
125
125
125
125
125
125
125
125
125
126
125
125
125
125
125
125
125
125
125
125
125
125
125
125
125
125
125
125
125
125
125
125
125
125
125
125
125
125
125
125
125
125
125
125
126
125
125
125
125
125
125
125
125
125
125
125
125
125
125
125
125
125
125
125
125
125
125
125
125
126
126
125
125
125
125
125
125
125
125
125
125
125
125
125
125
125
125
125
125
125
125
125
125
125
125
125
125
125
125
125
125
125
125
125
125
125
125
125
125
125
125
125
125
125
125
125
125
125
125
125
125
125
125
125
125
125
125
125
125
125
125
125
125
125
125
125
125
125
125
125
125
125
125
125
125
125
125
125
125
125
125
125
125
125
125
125
125
125
125
125
125
125
125
125
125
125
125
125
125
125
125
125
125
125
125
125
125
125
125
125
125
125
125
125
125
125
125
125
125
125
125
125
125
125
125
125
125
125
125
125
125
125
125
125
125
125
125
125
125
125
125
125
125
125
125
125
125
125
125
125
125
125
125
125
125
125
125
125
125
125
125
125
125
125
125
125
125
125
125
125
125
125
125
125
125
125
125
125
125
125
125
125
125
125
125
125
125
125
125
125
125
125
125
125
125
125
125
125
125
125
125
125
125
125
125
125
125
125
125
125
125
125
125
125
125
125
125
125
125
125
125
125
125
125
125
125
125
125
125
125
125
125
125
125
125
125
125
125
125
125
125
125
125
125
125
125
125
125
125
126
124
125
125
125
125
126
126
126
126
126
125
125
125
125
125
125
126
125
124
124
126
127
129
130
131
128
119
114
117
125
127
122
122
133
146
140
116
101
106
134
167
139
60
83
213
208
44
21
152
246
179
76
42
104
161
74
147
242
170
53
58
71
69
186
255
191
17
6
178
255
140
59
71
104
153
200
182
81
23
83
178
195
142
101
101
113
126
134
131
121
114
110
120
143
150
140
125
106
91
105
139
151
134
120
122
126
127
127
121
109
112
129
141
139
133
128
120
118
121
124
122
120
124
128
128
127
127
125
126
129
128
124
126
131
129
119
114
119
128
130
125
121
123
131
134
131
126
125
125
124
123
122
124
126
127
125
123
122
123
125
127
129
129
128
127
127
126
124
122
122
124
125
127
127
126
126
126
126
126
125
124
124
126
126
126
125
125
126
127
126
124
123
124
125
127
127
127
127
126
125
124
123
124
126
127
126
126
126
126
126
124
122
123
125
127
129
127
127
127
126
124
122
122
124
126
126
124
124
125
126
127
127
127
127
127
126
125
125
126
126
125
123
123
124
125
126
125
125
125
126
126
125
124
125
126
126
126
126
126
126
125
125
125
125
125
125
125
125
125
125
126
125
125
125
125
125
126
126
126
126
125
125
125
124
125
126
127
126
126
126
125
125
125
124
124
124
124
124
124
125
125
126
126
126
126
126
126
125
125
124
125
125
125
126
126
125
125
125
125
125
125
125
125
125
125
125
125
125
125
125
126
126
126
126
125
125
125
125
125
125
125
125
125
125
125
125
125
124
125
125
125
125
126
126
125
125
125
125
125
125
125
125
125
125
125
125
125
125
126
125
126
126
125
125
125
125
125
124
125
126
125
125
126
126
126
124
125
125
125
125
125
125
125
125
125
125
125
124
125
125
125
125
125
125
126
126
126
126
125
125
126
127
124
125
125
126
125
126
126
125
125
125
125
125
125
125
126
126
126
125
125
126
126
125
125
126
126
126
126
126
126
125
126
126
126
126
125
125
124
125
125
125
125
125
126
126
126
125
126
126
126
126
127
127
125
125
126
126
125
125
125
125
125
125
125
125
126
125
123
125
125
126
126
126
126
126
126
126
125
126
126
125
125
126
126
125
126
126
125
125
126
125
125
125
125
125
125
125
125
125
126
126
125
125
126
125
125
125
125
125
125
125
125
125
125
125
126
125
125
125
126
126
125
125
125
125
125
125
125
125
125
125
125
126
126
125
126
126
125
125
125
126
125
125
125
125
125
125
125
125
125
125
125
126
125
125
126
126
126
125
125
125
125
125
125
125
125
125
126
126
125
125
125
125
126
126
125
125
126
126
125
124
125
127
126
125
125
125
126
126
126
125
125
125
125
126
125
125
125
125
126
125
125
125
126
125
125
124
125
126
126
125
125
125
126
126
128
125
125
125
125
125
124
124
125
125
126
126
125
125
125
124
124
124
124
125
125
125
125
126
126
126
126
126
125
124
125
125
124
124
125
126
126
126
126
126
126
125
124
125
126
125
125
125
124
125
125
125
125
124
125
125
125
125
125
125
126
126
125
125
126
125
125
125
126
125
124
125
125
126
126
126
125
125
125
124
125
125
125
125
125
126
126
125
125
125
125
125
125
125
125
125
125
125
125
125
125
126
125
125
126
126
125
125
125
125
125
125
126
125
125
125
125
125
125
125
126
125
125
125
125
124
125
126
125
125
125
125
125
125
125
126
125
125
125
125
125
125
125
125
125
126
126
125
125
125
125
125
125
125
125
125
125
125
125
125
125
125
125
125
125
125
125
125
125
125
125
125
125
125
125
125
125
125
125
125
125
125
125
125
125
125
125
125
125
125
125
125
125
126
125
125
125
125
125
125
125
125
124
125
126
126
126
125
125
125
126
125
125
125
126
125
125
125
125
125
125
126
125
125
125
126
126
125
125
125
125
125
125
125
125
125
125
126
125
125
125
125
125
125
125
125
125
126
126
125
125
125
125
125
125
125
137
115
121
126
125
126
128
127
126
126
125
125
124
124
125
126
125
126
125
125
125
125
126
125
126
125
125
126
126
125
126
126
126
125
125
126
126
126
126
126
125
126
126
126
126
125
125
126
125
125
125
125
126
127
127
127
125
124
126
126
125
124
126
126
124
125
126
117
123
127
127
125
127
128
126
126
128
129
126
125
126
125
124
124
125
125
127
128
126
123
121
126
133
130
122
120
123
125
129
132
126
114
113
123
116
88
99
144
158
128
101
107
139
173
166
107
78
121
162
139
94
82
107
135
139
124
122
135
134
109
139
125
124
128
127
118
112
118
125
130
133
135
135
136
135
132
126
122
119
117
117
121
124
125
126
130
132
134
132
130
127
124
123
123
123
123
126
128
124
121
125
127
129
131
128
124
122
125
126
126
126
126
127
128
128
127
127
127
125
124
124
125
127
127
125
125
125
126
125
124
126
127
126
125
125
125
125
126
124
124
124
125
125
126
127
127
126
126
125
126
125
124
125
127
125
126
125
126
126
126
124
123
123
124
125
124
126
127
128
129
128
127
126
125
125
125
127
127
124
122
124
126
128
127
126
126
124
125
126
125
124
122
123
123
125
125
124
125
126
127
127
127
129
128
127
127
125
125
124
124
125
125
125
126
127
126
127
126
127
126
124
124
124
126
125
125
125
124
125
126
128
126
125
125
125
126
125
125
126
125
124
125
125
126
126
125
127
136
128
126
125
123
122
122
125
124
124
125
126
126
125
125
127
128
125
125
125
124
124
124
127
127
125
126
125
125
59
126
125
125
126
125
125
125
125
125
125
125
125
125
125
125
125
125
125
125
125
125
125
125
125
125
125
125
125
125
126
125
125
125
125
125
125
125
125
125
125
125
125
125
125
125
125
126
125
125
125
125
125
125
125
125
125
125
125
125
125
125
125
125
125
125
125
125
125
125
125
125
125
125
126
125
125
125
125
125
125
125
125
125
125
125
125
125
125
125
125
125
125
125
125
125
125
125
125
125
125
125
125
125
125
125
125
125
125
125
125
125
125
125
125
125
125
125
125
126
124
125
126
125
126
126
126
126
126
126
126
125
126
126
126
125
125
125
126
126
125
126
125
125
126
125
125
126
126
125
126
126
126
125
125
125
125
126
126
126
125
125
126
125
125
125
125
125
126
125
126
126
125
126
125
126
125
126
126
125
126
126
125
125
125
126
125
125
125
125
125
126
126
126
126
126
126
125
125
125
125
126
125
125
126
126
125
126
126
125
125
125
125
125
125
125
125
125
126
125
126
125
125
125
125
126
126
125
125
125
126
126
125
126
125
125
125
125
125
125
126
126
125
126
126
125
126
125
125
125
126
125
125
126
125
126
126
126
125
126
125
125
126
126
126
126
125
126
126
125
125
126
125
125
126
126
126
126
126
125
126
126
126
125
126
126
125
125
125
125
126
125
126
126
126
126
126
126
125
125
126
126
126
126
125
126
126
126
126
125
125
126
125
126
126
125
125
126
125
125
126
126
125
125
125
126
126
126
126
126
126
126
125
125
125
125
126
126
126
126
125
125
125
125
125
125
125
125
125
125
125
125
125
125
124
