126
124
122
123
125
126
96
126
125
125
125
125
125
125
125
125
125
125
125
125
125
125
125
125
125
125
125
125
125
125
125
125
125
125
125
125
125
125
125
125
125
125
125
125
125
125
125
125
125
125
125
125
125
125
125
125
125
125
126
125
125
126
125
125
125
125
125
125
125
125
125
125
125
125
125
125
125
125
125
125
125
125
125
125
125
125
125
125
125
125
125
125
125
125
125
125
125
125
125
125
125
125
125
125
125
125
125
125
125
125
125
125
125
125
125
126
125
125
125
125
125
126
126
125
125
125
125
125
125
125
125
125
125
125
125
125
125
125
125
126
126
126
125
126
126
126
126
125
126
126
125
125
126
126
126
125
126
126
125
125
126
126
126
126
125
126
126
125
126
126
126
125
126
125
126
125
126
126
125
125
126
126
125
125
126
125
126
126
126
126
126
125
126
126
125
126
125
126
126
125
125
125
125
125
125
125
126
126
125
125
125
125
125
125
125
125
125
125
125
125
126
125
125
126
125
125
126
125
125
125
125
125
126
126
126
126
126
126
125
126
126
125
125
126
125
126
126
125
126
125
126
125
125
125
126
126
126
125
125
125
126
126
126
125
126
126
125
126
126
126
125
125
126
125
125
126
125
125
126
126
126
126
125
126
125
125
125
125
125
125
125
126
125
125
125
125
126
125
125
126
125
125
126
126
126
126
126
125
125
125
125
126
125
126
126
125
125
125
125
125
125
125
125
125
126
126
125
126
126
126
125
125
126
126
126
125
125
125
125
125
125
125
125
125
125
125
126
125
125
125
125
126
125
125
126
126
126
126
125
125
125
125
125
125
125
125
125
125
125
125
125
125
125
125
125
125
125
125
125
125
125
125
125
125
125
125
125
125
125
125
125
125
125
125
125
125
125
125
125
125
125
125
125
125
125
125
125
125
125
125
125
125
125
125
125
125
125
125
125
125
125
125
125
125
125
125
125
125
125
125
125
125
125
125
125
125
125
125
125
125
125
125
125
125
125
125
125
125
125
125
125
125
125
125
125
125
125
125
125
125
125
125
125
125
125
125
125
125
125
125
125
125
125
125
125
125
125
125
125
125
125
125
125
125
125
125
125
125
125
125
125
125
125
125
125
125
125
125
125
125
125
125
125
125
125
125
125
125
125
125
125
125
125
125
125
125
126
124
125
125
125
125
125
125
125
125
125
125
125
125
125
125
125
125
125
125
125
125
125
124
125
125
126
126
126
126
126
126
125
125
125
126
126
126
126
126
126
125
126
125
125
126
126
125
125
125
126
126
125
125
125
125
126
125
125
126
125
125
126
125
126
125
126
126
125
125
125
126
126
126
126
126
126
126
126
126
126
126
126
125
125
125
126
126
125
125
125
126
126
125
125
126
125
125
125
125
125
125
125
125
126
125
125
125
126
125
125
126
126
125
126
125
125
126
126
126
125
126
126
126
126
126
126
125
125
126
126
125
125
126
125
125
126
126
125
126
125
125
125
125
126
126
126
126
125
125
126
125
126
125
126
126
125
126
126
126
126
126
126
126
125
125
125
126
125
126
126
126
126
126
125
126
125
126
125
126
126
126
125
126
125
126
126
126
126
126
125
126
126
126
126
126
126
126
126
126
126
125
126
126
126
126
126
126
126
126
126
125
126
126
126
126
125
126
127
126
125
126
125
125
125
125
125
125
125
125
125
125
125
125
125
125
125
125
125
126
126
125
126
127
126
126
125
125
125
125
125
125
125
125
125
125
125
125
125
125
125
125
125
125
125
126
125
125
125
125
125
125
125
125
125
125
126
125
125
125
125
125
126
125
125
125
125
125
125
126
125
125
125
125
125
125
125
125
125
125
125
125
125
125
125
125
125
125
125
126
126
125
125
125
125
125
125
125
125
125
125
125
125
125
125
125
125
125
125
125
125
125
125
126
126
125
125
125
125
125
125
125
125
125
125
126
125
125
125
126
125
125
125
126
125
125
125
125
125
125
125
126
125
125
125
125
127
124
125
125
125
125
126
126
126
126
125
125
125
126
125
125
126
126
125
125
125
125
125
125
126
125
125
125
125
125
125
125
125
126
126
126
125
125
125
125
125
125
125
125
126
125
125
125
125
125
125
125
126
125
125
125
125
125
126
126
125
125
125
125
125
125
126
126
123
125
125
126
125
126
126
126
126
126
125
126
126
126
126
125
125
125
125
125
126
126
125
125
126
125
125
125
126
125
125
126
126
125
125
126
126
125
125
125
126
125
125
126
125
125
125
126
126
125
125
126
125
125
126
126
125
125
126
126
125
125
125
126
125
125
126
126
125
125
125
126
125
125
125
125
125
125
126
126
125
125
125
126
126
126
126
125
125
125
125
126
125
125
125
125
126
126
125
125
125
126
126
125
125
126
126
125
125
126
126
126
125
125
125
125
125
126
126
125
125
125
125
125
125
125
125
125
125
126
126
125
124
125
125
126
126
126
125
125
124
126
126
125
125
125
126
126
125
125
129
126
125
126
125
124
124
124
125
125
125
125
125
125
125
125
126
126
125
125
125
126
125
124
125
126
126
125
125
127
126
125
124
125
126
124
123
124
125
123
122
125
128
131
133
133
129
123
120
124
129
127
122
117
117
120
120
117
118
121
124
128
135
136
129
131
142
139
121
115
122
126
128
132
128
117
115
121
124
123
120
119
121
126
130
128
124
124
124
126
130
133
130
125
125
126
127
126
126
125
123
122
123
126
127
126
124
123
122
123
124
125
124
124
125
126
127
127
126
125
125
126
127
128
127
125
125
125
126
126
126
126
125
125
125
125
125
125
124
124
124
125
125
125
125
125
126
126
125
125
125
125
124
125
126
126
125
126
126
126
125
125
125
126
127
126
125
125
125
125
125
124
125
126
125
125
125
126
126
126
125
125
126
126
125
125
125
125
126
125
125
125
125
124
124
125
124
125
125
125
125
125
125
124
124
126
129
129
126
123
124
129
128
126
124
125
126
126
126
125
126
125
123
124
124
123
123
124
123
123
124
125
125
126
126
125
127
128
128
126
125
126
128
128
126
125
125
126
125
102
122
125
126
128
129
127
128
128
127
126
125
125
126
126
126
126
126
126
126
127
126
126
127
126
126
126
128
127
126
125
126
126
126
125
125
125
125
125
122
122
125
125
125
128
129
128
127
127
128
128
127
127
127
126
123
116
117
129
138
132
118
114
127
141
138
131
135
130
104
97
125
142
125
111
113
116
121
136
148
134
111
118
141
140
118
104
118
138
133
121
125
129
128
144
167
158
109
60
63
118
164
152
113
104
124
141
140
130
119
114
120
129
131
125
124
130
134
130
123
122
128
129
122
117
116
121
130
135
132
127
126
127
126
123
121
122
124
127
128
127
125
123
123
125
127
127
126
124
126
128
129
127
125
124
124
124
127
130
127
119
115
122
135
136
126
121
129
140
130
102
97
127
149
135
112
113
126
143
149
120
91
124
156
136
112
119
131
126
127
124
124
123
120
113
114
119
123
129
135
142
142
131
121
123
126
128
129
127
118
105
108
118
124
137
150
147
138
123
106
108
119
122
126
134
137
127
111
112
125
135
134
126
126
131
127
119
118
119
124
128
121
121
129
132
128
129
130
128
127
123
117
116
130
149
141
98
81
132
163
116
82
129
160
141
125
132
126
127
148
127
65
47
98
174
226
193
88
48
91
140
169
164
122
74
95
168
170
104
79
107
133
144
141
121
107
121
148
150
137
128
115
86
86
135
172
145
104
107
124
131
129
129
127
126
124
118
124
141
138
121
113
117
121
119
121
125
131
133
134
130
122
116
118
121
124
129
142
103
107
127
121
125
131
130
125
125
97
125
125
125
125
125
125
125
125
125
125
125
125
125
125
125
125
125
125
125
125
125
126
125
126
125
126
125
125
125
125
125
125
126
125
125
125
125
125
125
125
125
125
125
125
126
126
126
126
126
126
126
126
125
126
126
126
126
126
126
126
126
126
126
126
126
126
126
126
126
126
126
126
126
125
126
126
126
126
126
126
125
126
125
125
126
125
125
126
126
125
126
125
126
125
125
126
125
125
125
125
125
125
125
125
125
125
125
125
125
125
125
125
126
125
125
125
126
126
125
125
125
125
126
125
125
125
126
125
126
125
125
126
125
125
126
125
126
125
125
125
125
125
126
125
126
126
126
125
125
126
125
125
126
125
125
125
125
125
126
126
126
126
125
126
126
125
125
125
125
126
125
125
126
126
125
126
125
125
125
125
126
125
126
125
126
126
126
126
125
125
125
125
125
125
126
126
125
125
125
126
126
125
125
125
125
125
125
125
126
125
126
125
126
126
125
125
125
125
125
126
126
125
125
126
125
126
125
125
126
126
126
126
126
125
125
125
125
125
125
125
125
125
125
125
125
125
125
125
126
125
125
125
125
125
125
126
126
126
125
125
125
125
126
125
125
125
126
126
125
125
125
125
125
125
125
125
125
125
125
125
125
125
125
125
125
125
125
125
125
125
125
125
125
125
125
125
125
125
125
125
125
125
125
125
125
125
125
125
125
125
125
125
125
125
125
125
125
125
125
125
125
125
125
125
125
125
125
125
125
125
125
125
125
125
125
125
125
125
125
125
125
125
125
125
125
125
125
125
125
125
125
125
125
134
