126
127
124
125
126
125
50
126
126
126
126
125
126
126
126
126
126
126
126
126
125
125
125
125
126
125
125
126
126
126
126
126
126
125
126
126
125
125
125
125
126
125
126
126
126
125
126
126
125
125
125
125
126
126
125
126
125
125
126
126
126
125
126
126
126
126
126
126
125
126
126
126
126
126
125
126
126
126
125
126
125
125
126
126
125
126
126
125
126
125
126
126
126
126
126
125
125
126
125
126
125
126
126
126
125
125
125
126
126
126
125
126
126
125
126
126
126
125
126
126
125
126
126
126
125
126
126
126
125
126
126
126
126
125
126
125
126
126
125
126
126
125
126
126
125
126
125
126
126
125
126
126
126
125
126
126
125
126
126
125
126
126
126
125
125
125
125
125
125
125
125
125
125
125
125
125
125
125
126
125
125
126
125
125
125
125
125
126
125
125
125
125
126
126
125
125
125
125
125
125
125
125
125
125
125
125
125
125
125
125
125
125
125
125
125
125
125
125
125
125
125
125
125
125
125
125
125
125
125
125
125
125
125
125
125
125
125
125
125
125
125
125
125
125
125
125
125
125
125
125
125
125
125
125
125
125
125
125
125
125
125
125
126
125
125
125
125
125
125
125
125
125
125
125
125
125
125
125
125
125
125
125
125
125
125
125
125
125
125
125
125
125
125
125
125
125
125
125
125
125
125
125
125
125
125
125
125
125
126
124
125
125
126
125
126
126
126
126
126
126
125
125
125
126
126
126
126
126
126
126
125
126
125
126
126
125
126
126
125
126
126
125
126
126
125
125
125
126
126
126
125
125
125
125
125
125
126
126
126
126
125
126
126
126
125
125
125
126
126
125
126
125
125
125
126
125
125
125
125
125
125
126
126
125
125
126
125
125
125
125
126
125
126
125
125
125
125
125
125
125
125
125
125
125
125
125
125
125
125
125
125
125
125
125
126
125
125
125
125
126
125
125
125
126
125
125
125
125
125
125
125
125
125
125
125
125
125
125
125
125
126
125
126
125
125
125
125
125
125
125
125
125
125
125
125
125
125
125
125
125
125
125
125
125
125
125
125
125
125
126
125
125
125
125
125
125
125
125
125
125
125
125
125
125
125
125
125
125
125
125
125
125
125
125
125
125
125
125
126
125
126
125
125
125
125
125
126
126
126
125
124
125
124
124
123
125
129
130
127
124
124
125
125
124
123
124
127
128
126
126
129
130
126
120
116
113
110
118
148
173
148
99
101
133
125
93
108
158
179
131
60
76
136
142
151
171
106
99
139
105
112
164
135
83
107
173
160
99
100
138
134
110
119
131
123
136
140
102
98
140
159
128
96
105
138
155
132
96
103
137
152
134
106
112
149
158
116
87
111
142
134
116
123
133
130
126
126
128
131
122
107
113
135
141
129
120
118
118
123
131
133
123
115
123
137
137
121
113
124
135
129
117
117
127
132
127
122
123
128
130
129
125
122
121
125
127
123
120
124
129
128
125
123
126
128
125
123
125
126
125
124
124
127
128
127
124
122
124
127
130
129
124
120
122
124
124
125
128
128
125
125
127
125
120
119
126
130
127
123
126
130
129
125
124
125
123
122
126
128
125
123
125
126
127
125
119
119
129
140
136
120
105
117
136
138
124
116
121
133
141
139
120
100
104
131
147
134
116
121
137
130
113
118
135
133
120
115
124
131
132
125
121
128
133
126
120
126
132
129
122
121
124
126
127
126
127
128
125
122
123
127
129
127
126
126
125
126
129
129
123
119
123
127
128
125
124
125
128
125
125
125
128
128
127
125
123
124
126
127
126
125
126
127
127
125
123
124
126
128
127
124
123
125
127
128
126
124
124
125
126
127
126
125
126
127
127
126
125
125
124
124
125
125
125
125
125
127
127
126
125
125
127
127
126
125
125
125
125
126
126
126
125
125
126
126
126
125
125
124
125
126
126
126
126
126
126
126
126
126
126
125
125
126
126
125
125
126
126
125
126
126
126
126
128
129
125
118
118
129
138
133
120
115
122
131
131
126
125
127
124
121
127
134
128
117
118
129
134
128
123
123
122
123
127
130
127
123
124
126
126
126
125
125
126
126
126
125
124
124
127
128
126
124
125
127
127
125
125
127
127
127
126
124
123
125
126
126
125
125
126
126
125
125
125
126
127
126
126
126
125
125
125
125
127
125
125
125
125
125
125
125
126
126
126
126
124
124
126
127
126
126
125
125
126
126
126
125
125
126
126
126
125
124
125
125
125
126
126
125
125
125
125
125
125
125
125
126
126
125
125
125
125
125
126
126
126
126
126
126
125
125
125
125
125
126
126
126
126
126
126
125
125
125
125
125
124
124
125
126
124
125
125
126
126
125
125
125
125
125
126
126
125
125
126
126
125
126
125
124
124
125
125
125
125
125
125
125
125
125
126
126
124
124
126
126
125
126
126
125
125
125
125
126
126
125
125
127
123
125
125
125
127
126
125
125
126
126
125
125
125
126
125
125
124
126
127
127
125
121
118
127
128
128
127
124
124
128
129
126
125
126
126
126
125
124
125
127
127
126
125
124
124
126
128
128
125
123
124
126
128
127
126
124
124
126
127
126
125
125
125
126
128
125
123
122
125
125
126
126
127
126
126
127
126
126
126
126
126
126
126
126
125
125
125
126
125
125
125
126
126
126
125
125
125
126
126
126
125
125
126
126
126
126
125
125
125
126
126
126
125
125
125
126
125
125
126
125
125
125
126
126
125
125
125
126
126
126
126
126
126
125
125
126
126
126
125
125
125
125
126
126
125
125
126
126
126
126
125
125
126
126
126
126
125
126
126
126
126
125
125
125
126
126
126
125
125
125
125
126
125
126
126
125
126
127
126
126
125
125
125
125
125
125
125
125
126
126
126
126
126
126
125
124
125
125
126
125
126
126
126
126
126
126
126
126
126
126
126
125
126
125
125
125
130
126
125
125
125
124
124
125
125
125
126
125
126
125
125
125
125
126
126
125
126
126
126
126
125
126
130
126
125
126
124
124
124
125
125
125
125
126
125
125
125
125
125
125
125
125
126
125
125
125
125
126
125
125
126
126
126
125
125
126
125
125
125
125
125
126
125
125
125
125
126
125
125
125
125
125
125
125
125
125
125
125
125
125
126
125
125
125
125
125
125
125
125
125
125
125
126
125
125
125
126
126
125
125
124
125
126
126
126
125
125
125
125
125
126
125
125
125
126
125
125
125
126
126
125
125
124
124
125
126
126
125
125
125
125
125
126
125
125
125
125
125
126
125
126
126
125
126
143
134
119
124
123
123
125
125
126
125
125
123
124
125
124
124
125
125
125
126
125
125
124
125
125
115
85
132
126
129
130
131
131
130
127
127
127
127
126
126
128
127
125
126
126
127
127
126
125
126
127
127
127
126
125
125
127
127
126
126
127
126
126
127
126
125
125
126
118
125
125
125
126
129
130
130
129
126
125
125
126
127
126
125
125
125
127
127
125
125
126
126
125
126
126
126
125
125
126
125
125
125
125
126
124
125
126
126
125
125
124
125
127
126
125
125
124
125
126
126
126
126
126
125
123
125
128
128
125
123
125
127
126
125
125
127
126
125
125
126
126
126
126
125
124
126
127
126
125
126
127
126
125
124
125
125
126
125
126
125
125
127
127
125
124
125
127
127
126
125
124
124
125
126
127
127
126
125
124
125
126
126
126
127
125
122
124
131
132
122
117
126
137
130
117
118
129
131
124
124
128
126
124
124
124
125
126
125
125
124
125
126
125
125
126
127
127
129
132
128
124
124
123
122
122
124
124
125
126
126
127
127
125
125
125
126
127
125
125
125
126
125
125
126
126
125
134
128
125
125
124
121
122
123
124
51
125
125
125
125
125
126
125
125
125
125
125
125
125
125
125
125
125
125
125
125
125
125
125
125
125
125
125
125
125
125
126
125
125
125
126
125
126
125
125
125
125
125
126
126
125
125
125
126
125
125
125
125
126
125
125
125
125
125
126
125
126
125
125
126
125
125
125
125
125
125
125
125
125
125
125
125
125
125
126
126
125
125
125
125
125
126
125
125
125
125
125
125
125
125
125
125
125
125
125
125
125
125
125
125
125
125
126
126
125
125
125
125
125
125
126
126
125
125
125
125
125
125
125
125
125
125
125
125
125
125
125
125
125
125
125
125
125
125
125
125
125
125
125
125
125
125
125
125
125
125
125
125
125
125
125
125
125
125
125
125
125
125
125
125
125
125
125
125
125
125
125
125
125
125
125
125
125
125
125
125
125
125
125
125
125
125
125
125
125
125
125
125
125
125
125
125
125
125
125
125
125
125
125
125
125
125
125
125
125
125
125
125
125
125
125
125
125
125
125
125
125
125
125
125
125
125
125
125
125
125
125
125
125
125
125
125
125
125
125
125
125
125
125
125
125
125
125
125
125
125
125
125
125
125
125
125
125
125
125
125
125
125
125
125
125
125
125
125
125
125
125
125
125
125
125
125
125
125
125
125
125
125
125
125
125
125
125
125
125
125
125
125
125
125
125
125
125
125
125
125
125
126
125
125
125
125
125
126
126
126
126
126
125
125
126
126
126
126
126
126
125
126
125
126
125
126
126
126
125
125
126
126
126
126
126
126
126
126
126
126
126
125
126
126
126
126
125
126
126
126
126
126
125
126
