121
130
133
126
119
124
84
126
126
126
125
126
126
126
126
125
126
125
126
126
126
126
126
125
126
126
126
126
125
126
126
126
125
126
126
125
126
125
126
125
125
126
126
125
125
125
126
126
126
125
126
126
126
126
126
125
125
125
125
125
125
126
126
126
125
125
125
125
125
126
125
125
125
125
125
126
125
126
125
125
125
126
125
126
125
125
125
125
125
125
125
125
125
125
125
125
125
125
125
125
125
125
126
125
125
125
125
125
125
125
126
125
125
126
125
125
125
125
125
125
125
125
125
125
125
125
125
125
125
125
125
125
125
125
125
125
125
125
125
125
125
125
125
125
125
125
125
125
125
125
125
125
125
125
125
125
125
125
126
126
125
125
125
126
125
125
125
125
125
125
125
125
125
125
125
125
125
126
125
125
125
125
125
125
125
125
125
125
125
125
125
125
125
125
125
125
125
126
125
125
125
125
125
125
125
125
125
126
125
125
125
125
125
125
126
126
125
125
125
125
125
125
125
125
125
125
125
125
125
125
125
125
125
125
125
125
125
125
125
125
125
125
125
125
125
125
125
125
125
125
125
125
125
125
125
125
125
125
125
125
125
125
125
125
125
125
125
125
125
125
125
125
125
125
125
125
125
125
125
125
125
125
125
125
125
125
125
125
125
125
125
125
125
125
125
125
125
125
125
125
125
125
125
125
125
125
125
125
125
125
125
125
125
125
125
125
125
125
125
125
125
125
125
125
125
125
125
125
125
125
125
125
125
125
125
125
125
125
125
125
125
125
125
125
125
125
125
125
125
125
125
125
125
125
125
125
125
125
125
125
125
125
125
125
125
125
125
125
125
125
125
125
125
125
125
125
125
125
125
125
125
125
125
125
125
125
125
125
125
125
125
125
125
125
125
125
125
125
125
125
125
125
125
125
125
125
125
125
125
125
125
125
125
125
125
125
125
125
125
125
125
125
125
125
125
125
125
125
125
125
125
125
125
125
125
125
125
125
125
125
125
125
125
125
125
125
125
125
125
125
125
125
125
125
125
125
125
125
125
125
125
125
125
125
125
125
125
125
125
125
125
125
125
125
125
125
125
125
125
125
125
125
125
125
125
125
125
125
125
125
125
125
125
125
125
125
125
125
125
125
125
125
125
125
125
125
125
125
126
124
125
125
126
125
125
126
125
125
125
125
125
125
126
125
125
125
125
125
125
125
126
126
125
126
126
125
126
126
125
126
125
126
125
125
126
126
125
125
125
126
125
125
126
125
125
126
125
125
126
125
125
125
125
126
125
125
125
125
125
126
125
125
125
125
125
126
124
125
125
125
126
126
126
126
126
125
125
125
125
125
125
125
125
125
125
125
125
125
125
125
125
125
125
125
126
126
125
126
126
126
125
125
126
126
126
125
124
125
126
125
125
125
125
126
126
124
124
126
127
125
124
125
126
125
125
125
125
126
125
126
127
126
125
125
126
126
125
125
125
126
125
124
125
127
126
125
124
125
126
126
126
124
124
126
127
126
125
125
126
126
126
126
125
125
125
126
126
125
125
125
125
125
125
125
125
126
125
125
125
126
126
125
125
125
125
126
126
125
125
126
126
125
125
125
125
125
126
125
125
126
126
126
126
125
126
126
125
125
125
125
126
126
126
125
125
126
127
126
126
125
125
125
125
124
125
126
125
125
125
125
125
126
126
125
125
126
125
125
125
125
125
125
126
125
125
126
126
125
125
126
125
125
126
126
125
125
126
125
125
125
125
125
125
125
125
125
126
126
125
125
125
126
125
125
125
125
125
125
125
126
125
125
125
125
126
125
125
125
126
125
125
125
125
125
125
126
125
125
125
126
125
125
125
125
125
125
125
125
125
125
125
125
125
125
126
125
125
125
126
125
125
125
125
125
126
126
125
125
125
125
125
125
125
125
125
125
125
125
125
125
125
125
125
125
125
125
125
125
125
125
126
126
125
125
125
125
125
125
125
125
125
126
126
125
125
124
126
126
125
125
126
126
126
125
125
125
126
126
126
125
125
125
126
126
126
125
125
125
126
126
126
125
125
126
127
126
125
125
126
126
126
126
126
126
126
126
125
126
126
125
126
125
125
126
126
125
125
125
125
126
126
126
126
125
125
126
126
126
126
125
125
124
124
125
126
125
126
126
126
126
126
126
126
126
126
125
125
125
126
126
126
125
125
125
125
125
125
125
125
125
125
125
125
126
126
125
125
125
125
125
126
125
125
125
125
125
125
125
125
125
125
125
125
126
126
126
125
125
126
125
125
125
125
125
125
125
125
125
125
125
125
125
125
125
125
125
125
125
125
125
125
125
125
125
125
125
126
125
125
125
125
126
125
125
125
125
125
125
126
126
125
125
125
125
126
126
125
125
125
125
126
126
126
126
125
125
125
125
125
125
125
126
126
126
125
125
125
125
125
125
125
126
125
126
126
126
125
125
125
125
125
125
125
125
125
125
125
125
125
126
125
127
127
126
125
125
124
125
125
125
125
124
125
125
126
125
125
125
125
125
125
126
126
125
125
125
125
126
126
126
125
124
124
126
126
126
125
125
124
124
126
127
126
125
122
123
126
127
126
126
126
125
123
124
126
127
125
122
123
125
126
126
126
127
126
125
126
128
125
122
122
124
127
127
124
125
128
129
126
122
122
125
125
125
123
121
123
129
130
125
122
124
126
128
128
127
126
125
125
125
125
125
122
124
127
125
122
124
129
128
123
124
128
127
120
118
125
129
122
121
127
132
133
133
131
126
122
118
114
113
116
119
119
122
129
137
142
142
141
142
138
128
117
112
109
106
104
104
109
117
128
135
140
145
148
146
140
133
126
121
116
111
109
111
114
117
121
123
126
131
136
137
134
131
128
125
123
124
124
123
122
122
124
125
125
124
122
119
123
128
129
126
127
129
130
128
125
125
126
125
122
126
129
123
117
116
121
123
122
121
126
133
135
129
124
124
124
126
132
130
122
122
128
129
127
127
126
123
121
122
125
127
128
125
122
118
119
130
138
129
117
119
123
122
125
128
123
122
130
127
121
130
135
127
125
126
115
113
135
151
113
120
135
119
107
136
143
110
116
154
129
90
119
148
113
108
156
139
84
123
180
127
88
148
158
71
79
173
157
82
116
179
120
63
134
188
123
84
139
151
87
84
159
170
111
111
152
124
80
122
169
137
96
122
145
117
91
115
147
146
137
153
156
112
68
91
135
149
139
122
101
93
115
160
177
134
85
95
144
163
141
115
111
118
120
121
126
136
133
113
107
141
155
124
98
114
133
133
133
140
129
111
107
117
132
145
141
119
102
111
129
137
132
126
122
119
122
130
135
132
129
128
122
114
115
124
131
129
126
124
123
126
128
129
126
120
118
124
130
130
126
125
126
126
124
124
127
128
126
125
126
128
127
125
124
124
125
126
125
126
125
123
122
125
126
127
127
126
124
122
125
127
128
126
124
124
126
126
126
128
127
126
127
125
121
120
127
130
127
123
119
117
121
129
133
130
128
128
126
124
123
123
125
128
127
125
123
124
130
131
128
125
124
123
125
125
131
126
122
123
126
125
127
128
123
120
121
124
125
124
123
123
126
129
128
126
126
127
127
126
125
123
121
123
126
126
124
127
128
125
123
124
125
124
124
127
129
126
125
127
128
128
125
124
120
119
125
130
127
121
121
129
132
125
120
122
126
129
128
126
127
125
124
126
125
125
122
120
120
128
131
127
120
119
128
138
137
121
108
115
132
140
134
120
115
120
130
135
125
109
110
130
145
139
120
112
120
129
128
121
122
129
132
129
122
120
125
130
129
124
123
123
120
123
127
131
130
126
121
119
125
132
132
122
118
122
83
126
126
126
126
126
126
126
126
126
126
126
126
126
125
126
126
126
126
126
126
125
126
126
126
126
125
125
125
126
125
125
126
126
125
125
126
125
125
126
126
126
125
125
125
125
126
125
126
126
126
125
126
125
125
126
125
125
125
125
126
125
125
125
125
125
125
125
125
125
125
125
125
125
125
125
126
125
125
125
125
125
125
125
125
125
126
125
125
125
125
125
125
125
125
125
126
125
125
125
125
126
125
125
125
125
125
125
125
125
126
125
125
125
125
125
125
125
125
125
125
125
125
125
126
125
125
125
125
125
125
125
126
125
125
125
125
125
125
125
125
125
125
125
125
125
125
125
125
125
125
125
125
125
125
125
125
125
125
125
125
125
125
125
125
125
125
125
125
125
125
125
125
125
125
125
125
125
125
125
125
125
125
126
125
125
125
125
125
126
126
125
125
125
125
126
126
125
125
125
125
126
126
125
125
125
125
125
125
125
125
125
125
125
126
125
125
125
125
125
125
125
125
125
125
125
125
125
125
125
125
125
125
125
125
125
125
125
125
125
125
125
125
125
125
125
125
125
125
125
125
125
125
125
125
125
125
125
125
125
125
125
125
125
125
125
125
125
125
125
125
125
125
125
125
125
125
125
125
125
125
125
125
125
125
125
125
125
125
125
125
125
125
125
125
126
124
125
125
125
125
126
126
125
125
126
126
126
125
126
126
126
125
126
126
126
125
126
125
125
125
125
125
126
126
126
126
126
125
125
126
126
126
126
126
125
126
126
125
125
125
126
125
126
126
126
126
125
125
126
125
125
125
125
117
