126
126
125
126
126
125
63
126
125
126
126
126
125
125
126
125
125
125
125
125
125
125
125
125
125
125
125
125
125
125
125
125
125
125
125
125
126
125
125
126
125
125
125
125
125
125
125
125
125
125
125
125
125
126
125
125
125
125
125
125
125
125
125
125
125
125
125
125
125
126
125
125
125
125
125
125
125
125
125
125
125
125
125
125
125
125
125
125
125
125
125
125
125
125
125
125
125
125
125
125
125
125
125
125
125
125
125
125
125
125
125
125
126
126
126
126
126
126
126
126
126
126
126
126
126
126
126
126
126
126
126
126
126
126
126
126
126
126
126
126
126
126
126
125
126
126
126
126
126
126
126
126
126
126
126
126
126
125
126
126
126
126
126
126
126
126
126
126
126
126
126
126
126
126
125
126
126
126
126
126
126
126
126
126
125
126
126
125
126
126
126
126
125
125
125
126
126
126
126
126
126
126
125
125
125
125
125
125
125
126
126
126
126
126
126
126
125
125
126
126
126
125
125
125
126
126
125
125
126
126
126
125
126
125
126
126
125
125
125
126
126
126
126
125
126
126
126
126
126
126
126
125
126
126
126
125
125
125
126
126
126
126
126
126
125
125
125
126
126
126
125
126
126
126
125
126
126
126
126
126
126
126
126
126
125
125
126
125
125
125
125
125
125
126
126
126
126
126
126
126
126
126
125
125
125
125
126
126
125
125
125
126
126
126
126
125
125
126
126
125
126
125
125
125
125
126
125
125
126
126
126
126
126
126
127
126
126
125
125
125
125
125
125
125
125
125
126
126
125
125
125
125
125
125
125
125
126
125
125
125
126
125
126
125
125
126
125
125
125
125
125
125
125
125
125
125
125
125
125
125
125
125
125
125
125
125
125
125
125
126
125
125
125
125
125
125
125
125
125
125
125
125
125
125
125
125
125
125
125
125
125
125
125
125
125
125
125
125
126
125
125
125
125
125
125
125
125
125
125
126
125
125
125
125
125
125
125
125
125
125
125
125
125
125
125
125
125
125
125
125
125
125
125
125
126
125
125
125
125
125
125
125
125
125
125
125
125
125
125
126
125
125
125
125
125
125
125
125
125
125
125
125
126
126
125
125
125
125
125
126
126
125
125
125
125
125
125
125
125
125
125
125
125
125
125
125
126
125
125
125
125
125
126
125
125
125
126
126
125
125
125
126
125
125
125
125
125
125
125
126
126
126
125
125
125
126
125
125
124
124
125
125
125
125
126
127
127
126
124
123
125
126
125
124
125
127
127
127
125
124
124
125
125
123
123
126
127
127
126
126
126
126
125
123
124
125
125
125
126
126
126
127
128
126
124
124
126
126
124
123
123
125
126
126
126
125
125
126
128
129
126
121
119
124
128
124
122
128
137
132
118
112
118
127
136
141
133
110
98
118
152
154
122
96
105
134
156
143
96
80
135
184
146
80
83
133
155
150
127
101
108
142
144
117
109
136
137
99
102
154
176
121
74
106
153
149
105
97
154
168
92
69
156
188
109
69
119
167
139
104
111
131
145
128
99
92
145
182
129
78
124
170
118
71
135
185
130
74
84
123
176
165
68
99
235
187
33
55
243
206
72
63
147
139
95
108
169
157
111
114
149
124
78
96
169
173
97
64
127
170
130
117
145
115
80
128
168
132
103
121
129
123
129
131
119
116
125
132
135
133
124
116
121
127
126
120
118
123
128
125
122
127
135
133
124
121
124
129
131
128
122
119
120
122
122
123
125
129
131
131
129
127
125
124
122
121
120
122
125
127
128
128
128
128
127
126
124
125
125
124
123
124
125
124
124
125
126
126
126
125
125
125
126
127
127
127
126
125
124
124
125
125
125
125
126
125
125
125
125
125
125
125
125
126
127
127
126
122
124
125
126
126
126
125
125
125
126
126
126
125
125
126
126
125
125
126
125
124
125
125
126
126
126
126
126
126
125
124
125
126
127
124
123
124
126
126
125
124
125
126
127
126
125
126
128
127
126
125
125
123
126
126
123
123
125
126
126
125
124
125
125
126
126
126
126
126
126
127
127
127
126
125
125
126
127
126
126
126
126
126
126
126
125
124
124
126
126
126
126
126
126
125
126
129
128
124
125
126
125
126
127
126
123
124
126
127
127
125
124
125
127
127
126
126
128
127
122
122
127
129
125
121
124
127
127
126
125
125
127
128
126
125
125
127
129
128
126
124
124
125
127
126
124
122
122
125
129
131
128
122
122
127
126
123
125
128
123
121
127
129
128
128
126
120
120
126
131
131
126
120
124
130
127
122
127
129
123
120
123
127
132
132
120
113
128
136
125
120
126
128
126
125
125
125
124
125
126
125
126
130
127
117
116
133
141
123
110
126
140
128
115
122
134
132
117
113
127
137
134
134
122
102
114
152
149
107
93
133
165
131
82
93
153
177
133
87
97
137
149
134
118
117
122
124
132
140
122
99
112
143
150
131
116
116
119
126
136
136
124
112
115
133
141
129
115
115
127
133
126
119
122
132
139
131
117
115
121
130
132
127
119
116
122
134
139
127
110
108
126
142
140
128
117
113
120
132
135
126
120
122
127
129
127
125
125
126
126
125
123
122
121
123
126
128
127
124
125
126
125
125
127
130
129
125
122
122
125
129
128
124
124
126
126
123
124
126
129
128
124
122
124
127
127
125
125
125
125
125
126
126
125
126
127
127
126
124
124
126
127
125
125
126
126
124
124
125
127
126
126
125
128
126
125
124
126
126
125
123
124
125
126
126
128
126
124
124
126
126
125
124
125
125
125
125
126
126
124
124
128
128
124
122
124
127
129
128
125
122
123
126
128
126
124
124
126
127
127
126
124
124
125
125
125
126
126
125
123
125
127
127
126
124
125
126
127
126
124
123
124
125
126
126
124
124
125
126
126
127
127
126
126
127
127
125
125
124
124
124
125
124
125
126
127
125
125
128
129
124
123
125
125
124
124
124
124
125
126
125
124
126
126
126
125
124
126
127
126
124
125
126
125
124
124
126
127
126
124
123
126
128
126
124
124
125
126
126
126
125
125
126
126
126
125
121
122
126
127
125
127
127
126
126
126
125
125
126
126
125
124
125
126
126
126
125
125
125
126
126
125
125
125
125
126
126
125
125
124
125
126
126
125
125
125
126
125
125
126
125
125
126
125
125
124
125
126
126
126
125
125
126
127
127
126
125
125
126
127
126
124
124
125
126
126
126
125
125
126
126
126
125
125
125
125
125
125
125
124
126
126
126
125
125
125
125
126
127
126
125
124
125
126
126
124
124
125
124
125
125
125
127
127
125
125
126
127
125
124
126
126
125
125
124
124
128
128
125
123
125
126
126
125
126
125
125
125
124
124
126
125
125
127
126
125
124
126
128
125
124
126
126
125
125
126
125
124
125
125
124
124
126
126
125
124
125
126
126
125
125
124
125
126
126
126
126
126
125
125
126
127
126
125
124
126
128
126
124
123
125
127
128
126
124
125
125
126
125
125
126
125
123
123
126
127
125
125
125
125
125
127
127
126
126
123
123
126
126
126
125
126
125
125
125
127
129
131
124
123
125
124
124
125
123
122
125
125
125
124
125
125
125
126
127
126
126
125
124
125
124
124
126
125
125
126
127
128
128
126
125
124
124
125
124
123
118
123
125
127
131
132
127
125
125
125
125
127
123
124
124
122
124
125
126
126
125
125
127
128
127
127
128
127
126
125
125
125
123
123
124
125
126
127
128
126
125
127
126
125
123
122
123
124
126
125
124
124
126
126
126
126
125
127
127
126
123
122
124
125
126
125
125
125
126
127
126
128
127
127
126
125
125
124
122
123
126
124
125
125
125
125
125
127
127
126
124
125
126
64
125
126
125
125
125
125
125
125
125
125
126
125
125
125
125
125
125
125
125
125
125
125
125
125
125
125
125
125
125
126
126
125
125
125
125
125
125
125
125
125
125
125
125
125
125
125
125
125
125
125
125
125
125
125
125
125
125
125
125
125
125
125
125
125
125
125
125
126
125
125
125
125
125
125
125
125
125
125
125
125
125
125
125
125
125
125
125
125
125
125
125
125
125
125
125
125
125
125
125
125
125
125
125
125
125
126
125
126
125
125
125
125
125
125
125
125
125
125
125
125
125
125
125
125
125
125
125
125
125
125
125
125
125
125
125
125
125
125
125
125
125
125
125
125
125
125
125
125
125
125
125
125
125
125
125
125
125
125
125
125
125
125
125
125
125
125
125
125
125
125
125
125
125
125
125
125
125
125
125
125
125
125
125
125
125
125
125
125
125
125
125
125
125
125
125
125
125
125
125
125
125
125
125
125
125
125
125
125
125
125
125
125
125
125
125
125
125
125
125
125
125
125
125
125
125
125
125
125
125
125
125
125
125
125
125
125
125
125
125
125
125
125
125
125
125
125
125
125
125
125
125
125
125
125
125
125
125
125
125
125
125
125
125
125
125
125
125
125
125
125
125
125
125
125
125
125
125
125
125
125
125
125
125
125
125
125
125
125
125
125
125
125
125
125
125
125
125
125
125
125
125
125
125
125
125
125
125
125
125
125
125
125
125
125
125
125
125
125
125
125
125
125
126
126
125
125
125
125
125
125
125
125
125
125
125
125
125
125
125
125
125
125
125
125
125
125
125
125
125
125
125
125
125
125
