125
124
124
124
124
124
78
125
125
125
125
125
125
125
125
125
125
125
125
126
125
125
125
125
125
125
125
125
125
125
125
125
125
125
125
125
125
125
125
125
125
125
125
125
125
125
125
126
125
125
126
125
125
125
125
125
125
125
125
125
125
125
125
125
125
125
125
125
125
125
125
125
125
125
125
125
125
125
125
125
125
125
125
125
125
125
126
126
125
126
125
125
125
125
125
125
125
126
125
125
125
125
125
125
125
126
125
125
125
125
125
125
125
125
125
125
125
125
125
125
125
125
126
125
125
125
125
125
125
125
125
125
125
125
125
125
125
125
125
125
125
125
125
125
125
125
125
125
125
125
125
125
125
125
125
125
125
125
125
125
125
125
125
125
125
125
125
125
125
125
125
125
125
125
125
125
125
125
125
125
125
125
125
125
125
125
125
125
125
125
125
125
125
125
125
125
125
125
125
125
125
125
125
125
125
125
125
125
125
125
125
125
125
125
125
125
125
125
125
125
125
125
125
125
125
125
125
125
125
125
125
125
125
125
125
125
125
125
125
125
125
125
125
125
125
125
125
125
125
125
125
125
125
125
125
125
125
125
125
125
125
125
125
125
125
125
125
125
125
125
125
125
125
125
125
125
125
125
125
125
125
125
125
125
125
125
125
125
125
125
125
125
125
125
125
125
125
125
125
125
125
125
125
125
126
126
125
125
125
125
125
125
125
125
125
125
125
125
125
125
125
125
125
125
126
126
125
125
125
125
125
125
125
125
125
125
125
126
125
125
125
125
125
126
126
125
125
125
125
125
125
125
125
125
125
125
125
125
125
125
125
125
125
125
125
125
125
125
125
125
126
125
125
125
126
125
125
125
125
125
125
125
125
125
125
125
125
125
125
125
125
125
125
125
125
125
125
125
125
125
125
125
125
125
125
125
125
125
125
125
125
125
125
125
125
125
125
125
125
125
125
125
125
125
125
125
125
125
125
125
125
125
125
125
125
125
125
125
125
125
125
125
125
125
125
125
125
125
125
125
125
125
125
125
125
125
125
125
125
125
125
125
125
125
125
125
125
125
125
125
125
125
125
125
125
125
125
125
125
125
125
125
125
125
125
125
125
125
125
125
125
125
125
125
125
125
125
125
125
125
125
125
125
125
125
125
125
125
125
125
125
125
125
125
125
125
125
125
125
125
125
125
125
125
125
125
125
125
125
125
125
125
125
125
125
125
125
125
125
125
125
125
125
125
125
125
125
125
125
125
125
125
125
125
125
125
125
125
125
125
125
126
126
125
125
125
125
125
125
125
125
125
125
125
125
125
125
126
125
125
125
125
125
125
125
125
125
125
125
125
125
126
126
126
124
125
125
125
125
126
126
123
120
121
127
131
130
126
127
130
129
116
106
119
151
157
120
90
113
146
136
107
112
135
137
125
122
123
125
135
128
111
114
147
153
114
94
98
124
159
164
119
87
122
143
114
122
154
137
96
85
113
154
195
193
83
36
50
255
255
93
69
62
239
227
81
46
121
157
130
134
142
108
94
123
136
129
131
126
111
114
126
123
121
136
142
125
106
109
123
131
133
136
133
116
106
122
142
134
112
111
129
137
128
124
134
138
117
84
82
140
207
190
77
7
103
255
230
5
55
159
255
250
50
56
150
249
172
130
121
63
59
163
210
121
52
86
140
144
130
130
129
123
126
134
125
104
106
134
146
126
105
115
137
138
118
108
122
142
142
125
114
118
126
130
127
122
120
123
129
132
128
121
119
123
129
127
121
121
126
131
131
127
125
125
127
126
122
120
121
123
125
128
131
128
123
123
129
132
131
127
124
118
113
122
139
137
119
120
133
125
110
118
136
133
121
121
129
131
130
126
123
125
128
124
119
122
128
129
126
124
122
123
125
127
128
127
125
125
126
127
126
124
123
122
123
124
126
128
127
126
127
127
126
123
123
124
125
125
124
127
128
126
123
124
128
129
126
125
126
127
127
126
127
128
125
119
119
126
131
128
121
120
125
128
126
123
126
128
124
124
129
129
123
122
126
126
124
124
123
123
126
128
127
125
124
125
126
126
126
126
126
126
125
123
120
121
125
129
129
126
122
122
126
128
127
126
127
126
124
125
129
129
126
122
121
122
124
125
125
125
126
127
123
123
127
128
122
120
125
129
127
127
127
125
125
127
127
125
125
127
127
124
123
124
125
126
128
127
123
122
125
125
124
125
125
124
124
125
126
126
126
128
130
126
121
122
126
129
128
126
125
122
122
124
126
125
125
125
126
127
126
122
123
130
128
122
124
127
125
123
127
129
123
122
125
125
122
124
130
131
127
124
122
123
126
128
124
121
123
129
130
125
121
123
125
126
127
128
126
124
126
127
125
125
127
124
121
122
125
126
125
125
126
126
126
127
127
125
124
125
127
127
125
123
123
124
125
126
127
125
123
122
127
128
130
129
125
123
124
125
125
125
125
125
125
124
123
124
125
126
126
127
126
126
125
125
125
126
125
124
125
125
125
125
125
122
125
125
124
125
126
127
126
126
126
127
125
125
125
125
124
125
126
126
124
125
126
125
124
124
125
126
126
126
126
125
125
126
125
124
124
125
125
124
124
125
126
126
126
126
126
125
124
124
125
126
126
125
125
126
127
126
124
124
125
125
125
124
125
126
126
126
126
125
125
125
126
126
125
125
126
125
125
125
125
125
125
126
125
125
124
125
125
125
126
126
125
125
126
126
126
125
124
125
125
125
126
126
126
125
125
126
126
125
125
125
125
125
125
125
125
126
125
125
125
125
126
126
126
125
125
126
125
124
124
125
125
124
125
125
126
126
125
125
125
126
126
125
124
124
125
126
126
125
124
125
126
126
127
126
126
124
125
126
127
125
124
125
126
125
124
124
125
126
125
125
125
126
126
126
127
126
126
125
125
125
125
124
126
126
124
124
125
126
126
125
126
126
125
125
125
126
126
125
124
124
125
127
126
126
125
126
127
126
125
126
127
127
126
124
124
125
124
122
123
125
126
125
130
127
127
127
126
124
124
124
122
121
123
126
126
125
123
123
125
127
127
126
126
126
126
126
126
125
125
125
126
126
126
125
125
125
126
125
125
125
126
126
126
125
126
126
126
126
126
125
124
125
125
125
124
124
125
125
126
125
125
125
125
125
126
125
125
126
125
125
124
119
126
126
125
125
126
128
129
127
125
125
127
126
125
125
125
124
122
123
126
127
125
124
126
126
124
124
125
126
124
125
126
127
125
124
124
126
127
127
126
124
123
126
127
126
126
126
125
125
125
126
125
125
125
124
124
126
127
127
125
125
126
127
127
125
124
146
83
111
125
127
126
128
128
131
129
127
125
127
128
128
127
126
127
127
126
126
125
124
126
107
119
127
128
128
131
130
130
129
128
127
126
126
128
127
126
125
126
127
127
126
126
126
127
126
126
126
127
127
127
128
127
127
126
125
126
127
127
126
124
125
126
126
117
123
124
127
127
128
127
127
129
129
127
127
126
127
127
127
125
126
124
124
125
125
126
126
127
127
125
125
125
125
125
124
125
127
127
127
126
125
123
122
122
124
126
128
129
127
125
125
126
126
124
124
126
127
125
125
124
124
126
127
127
125
125
126
127
126
124
123
124
125
127
126
125
124
125
126
126
125
125
127
128
127
126
125
125
125
124
123
126
126
126
127
125
126
126
126
126
125
125
126
126
125
125
125
126
128
126
126
125
125
125
125
124
125
126
127
125
125
125
127
127
126
126
125
127
126
126
124
123
125
125
125
126
126
126
126
126
128
127
126
125
125
125
126
125
125
127
127
132
129
125
124
125
123
122
124
124
126
126
125
125
125
125
124
125
77
125
125
125
125
125
125
125
125
125
125
125
125
125
125
125
125
125
125
125
125
125
125
125
125
125
125
125
125
125
125
125
125
125
125
125
125
125
125
125
125
125
125
125
125
125
125
125
125
125
125
125
125
125
125
125
125
125
125
125
125
125
125
125
125
125
125
125
125
125
125
125
125
125
125
125
125
125
125
125
125
125
125
125
125
125
125
125
125
125
125
125
125
125
125
125
125
125
125
125
125
125
125
125
125
125
125
125
125
125
125
125
125
125
125
125
125
125
125
125
125
125
125
125
125
125
125
125
125
125
125
125
125
125
125
125
125
125
125
125
125
125
125
125
125
125
125
125
125
125
125
125
125
125
125
125
125
125
125
125
125
125
125
125
125
125
125
125
125
125
125
125
125
125
125
125
125
125
125
125
125
125
125
125
125
125
125
125
125
125
125
125
125
125
125
125
125
125
125
125
125
125
125
125
125
125
125
125
125
125
125
125
125
125
125
125
125
125
125
125
125
125
125
125
125
125
125
125
125
125
125
125
125
125
125
125
126
125
126
126
126
126
126
125
125
126
126
126
125
125
126
126
126
126
126
125
126
126
125
125
125
126
126
125
125
126
125
125
125
126
126
126
126
126
126
126
126
126
126
126
126
126
126
126
126
126
126
126
126
125
126
126
126
126
125
126
126
126
125
126
126
126
126
126
126
126
125
125
125
126
126
126
126
125
125
126
125
125
125
125
125
125
125
125
125
125
125
125
126
126
126
125
125
125
125
125
125
125
125
125
125
125
125
125
125
125
126
125
126
125
125
125
125
125
126
