125
126
126
125
124
126
81
125
125
125
125
125
125
125
125
125
125
125
125
125
125
125
125
125
125
125
125
125
125
125
125
125
125
125
125
125
125
125
125
125
125
125
125
125
125
125
125
125
125
125
125
125
125
125
125
125
125
125
125
125
125
125
125
125
125
125
125
125
125
125
125
125
125
125
125
125
125
125
125
125
125
125
125
125
125
125
125
125
125
125
125
125
125
125
125
125
125
125
125
125
125
125
125
125
125
125
125
125
125
125
125
125
125
125
125
125
125
125
125
125
125
125
125
125
125
125
125
125
125
125
125
125
125
125
125
125
125
125
125
125
125
125
125
125
125
125
125
125
125
125
124
125
125
125
125
126
126
126
126
125
126
126
125
126
126
126
126
126
126
126
126
126
125
126
126
125
126
126
126
126
126
126
126
126
126
126
126
126
125
125
125
125
125
126
126
126
125
125
126
126
125
126
125
126
126
126
126
126
125
125
126
126
126
126
125
125
126
125
126
125
126
125
125
126
126
125
125
126
125
126
125
125
125
125
125
125
125
125
125
125
125
125
125
125
125
125
125
126
125
125
125
125
125
126
125
125
125
125
125
125
125
125
125
125
125
125
125
126
125
125
126
125
126
125
125
126
125
125
125
125
125
126
125
125
125
125
125
125
125
125
125
125
125
125
125
125
125
125
125
126
125
125
125
125
125
125
126
125
125
125
125
125
125
125
125
125
125
125
125
125
125
125
125
125
125
126
126
125
125
125
125
125
125
125
125
125
125
125
125
125
125
125
125
125
125
125
125
125
125
125
125
125
125
125
125
125
126
125
125
125
125
125
125
125
125
126
126
126
126
125
125
125
125
125
125
125
125
125
125
125
125
125
125
125
125
125
125
125
125
125
125
125
125
125
125
125
125
125
125
125
125
125
125
125
125
125
125
125
125
125
125
125
125
125
125
125
125
125
125
125
125
125
125
125
125
125
125
125
125
125
125
125
125
125
125
125
125
125
125
125
125
125
125
125
125
125
125
125
125
125
125
125
125
125
125
125
125
125
125
125
125
125
125
125
125
125
125
125
125
125
125
125
125
125
125
125
125
125
125
125
125
125
125
125
125
125
125
125
125
125
125
125
125
125
125
125
125
125
125
125
125
125
125
125
125
125
125
125
125
125
125
125
125
125
125
125
125
125
125
125
125
125
125
125
125
125
125
125
125
125
125
125
125
125
125
125
125
125
125
125
125
125
125
125
125
125
125
125
125
125
125
125
125
125
125
125
125
125
125
125
125
125
125
125
125
125
125
125
125
125
125
125
125
125
125
125
125
125
125
125
126
126
125
125
125
125
125
125
125
125
125
125
125
125
125
125
125
125
124
125
125
124
125
126
127
126
125
125
126
126
126
125
125
125
125
124
125
125
125
125
125
126
126
124
122
125
128
128
124
123
125
127
126
124
123
122
124
127
128
128
125
125
125
125
126
125
124
124
125
125
125
126
126
125
125
126
126
125
125
126
126
124
124
124
125
125
125
126
126
127
126
126
125
125
125
126
126
125
125
124
124
125
126
125
125
125
125
126
126
125
125
125
126
126
125
125
125
125
126
126
125
125
125
125
126
125
125
125
125
126
126
125
125
125
125
125
125
125
125
125
125
125
125
125
126
126
126
125
125
125
126
125
125
125
125
125
124
125
125
125
125
125
125
126
125
125
125
125
125
125
125
125
125
125
125
125
125
125
126
126
125
125
125
125
125
125
125
125
125
125
125
125
125
125
125
125
125
125
125
126
126
125
125
125
125
125
125
125
125
125
125
125
125
125
126
125
125
125
125
125
125
125
124
125
125
124
124
125
126
125
126
126
126
126
125
125
125
125
125
125
125
125
125
125
125
125
125
125
125
125
125
125
126
126
125
125
125
125
125
125
125
125
125
125
125
125
125
126
126
125
125
126
125
125
125
126
126
125
125
126
125
125
125
125
125
125
125
125
125
126
126
125
125
125
126
125
125
125
125
125
125
125
125
125
125
125
125
126
126
125
125
125
125
125
125
125
125
125
125
125
126
126
125
125
125
125
126
126
125
125
125
126
125
125
125
125
125
125
126
125
125
125
125
125
125
125
125
125
126
125
125
126
126
125
124
125
125
126
126
125
125
125
125
126
125
125
125
125
125
126
126
125
124
125
126
126
125
125
125
126
126
126
125
125
125
125
125
125
125
125
125
125
125
125
125
125
126
125
125
125
125
125
126
126
126
125
125
125
125
126
125
125
125
125
125
125
125
125
125
125
125
125
125
125
125
125
126
125
125
126
125
125
125
125
125
125
125
125
126
125
125
125
126
125
125
126
127
125
125
125
124
125
125
125
125
125
125
125
125
125
125
125
125
125
125
125
125
125
126
125
125
125
125
125
125
125
125
125
125
125
125
125
125
125
125
125
125
125
125
125
126
125
125
125
125
124
125
126
126
124
124
126
126
125
125
126
125
124
125
127
126
124
123
125
126
127
125
124
123
126
126
122
123
126
126
126
125
126
126
125
127
128
125
122
122
125
128
127
124
123
127
128
124
122
126
126
123
124
128
127
125
126
123
120
126
129
124
123
127
126
124
125
124
124
128
130
122
119
123
128
126
126
127
128
127
123
125
127
123
119
124
129
127
125
127
129
129
126
122
119
120
123
125
127
127
128
128
127
124
123
125
127
125
122
126
130
124
119
126
131
124
120
124
125
124
124
127
128
127
125
124
126
127
124
120
120
124
126
128
131
133
132
129
125
120
118
118
117
118
119
121
123
127
133
138
140
137
133
132
130
122
115
113
114
114
111
113
119
127
131
132
135
139
140
136
133
130
126
122
118
114
112
113
114
115
119
124
129
132
134
137
137
136
133
129
124
121
120
119
118
121
123
124
123
123
125
126
125
125
126
129
131
127
127
126
123
123
124
122
119
125
131
126
124
125
120
123
134
130
118
122
126
119
126
138
128
122
131
122
110
130
142
123
126
145
115
93
139
161
113
106
144
108
75
144
176
99
96
166
123
64
144
198
109
82
170
151
53
90
183
143
86
136
161
87
79
169
180
99
99
156
132
78
113
158
124
103
148
152
95
88
144
157
123
115
139
130
101
118
149
140
122
126
129
107
94
120
152
147
115
106
122
133
125
129
134
127
120
125
119
110
120
142
140
122
116
119
120
129
137
126
118
133
144
121
93
98
129
151
153
150
137
104
89
116
137
133
128
121
101
105
135
153
143
118
96
108
146
163
135
90
107
127
132
123
112
114
137
153
138
109
104
126
141
135
126
120
118
125
136
134
119
112
121
129
123
115
123
137
138
124
116
121
131
134
124
116
121
131
131
127
128
126
120
119
123
126
126
129
129
123
123
127
128
122
118
121
127
131
131
128
124
123
126
126
123
120
120
128
130
127
122
123
127
127
124
125
129
129
125
122
122
125
128
128
124
121
121
123
129
133
133
129
122
118
119
124
130
132
129
125
120
117
122
129
128
123
118
118
123
131
133
126
118
121
130
133
127
122
123
128
126
123
127
130
126
120
124
133
133
125
120
123
125
125
124
120
119
122
128
129
128
127
125
123
126
129
126
122
123
127
125
122
124
126
127
128
129
127
120
117
121
127
133
132
126
121
123
127
128
126
123
122
120
120
127
132
129
123
123
128
128
123
121
123
124
124
125
129
130
127
123
120
121
126
129
126
123
121
123
128
131
129
127
125
127
129
126
120
114
118
127
131
132
130
124
119
121
128
133
140
127
118
117
122
124
126
124
121
125
131
128
122
121
123
124
126
124
120
122
130
133
130
133
132
122
112
112
123
133
134
128
122
121
126
130
125
118
119
127
133
129
125
125
127
127
80
126
125
125
125
126
126
126
126
126
126
125
125
125
125
126
126
126
126
125
125
125
126
125
125
126
125
125
125
126
126
125
125
125
125
125
125
125
126
126
125
125
126
126
125
126
126
125
125
125
126
126
126
126
126
125
125
126
125
126
126
125
125
125
125
125
125
125
125
125
126
125
125
125
125
125
125
125
125
125
125
125
125
125
125
125
125
125
125
125
125
125
125
125
125
125
125
125
125
125
125
125
125
125
125
125
125
125
125
125
125
125
125
125
125
125
125
125
125
125
125
125
125
125
125
125
125
125
125
125
125
125
125
125
125
125
125
125
125
125
125
125
125
125
125
125
125
125
125
125
125
125
125
125
125
125
125
125
125
125
125
125
125
125
125
125
125
125
125
125
125
125
125
125
125
125
125
125
125
125
125
125
125
125
125
125
125
125
125
125
125
125
125
125
125
125
125
125
125
125
125
125
125
125
125
125
125
125
125
125
125
125
125
125
125
125
125
125
125
125
125
125
125
125
125
125
125
125
125
125
125
125
125
125
125
125
125
125
125
125
125
125
125
125
125
125
125
125
125
125
125
125
125
125
125
125
125
125
125
125
125
125
125
125
125
125
125
125
125
125
125
125
125
125
125
125
125
125
125
125
125
125
125
125
125
125
125
125
125
125
125
125
125
125
125
125
125
125
125
125
125
125
125
125
125
125
125
125
125
125
125
125
125
125
125
125
125
125
125
125
125
125
125
125
125
125
125
125
125
125
125
125
125
125
125
125
125
125
125
125
125
125
125
125
125
125
125
125
126
125
125
125
125
125
122
