128
127
126
124
122
122
96
125
125
125
125
125
125
126
125
125
125
125
125
125
126
125
125
125
125
125
126
125
125
126
125
125
125
125
125
125
125
125
125
125
125
125
125
125
125
125
125
125
125
125
125
125
125
125
125
125
125
125
125
125
125
125
125
125
125
125
125
125
125
125
125
125
125
125
125
125
125
125
125
125
125
125
125
125
125
125
125
125
125
125
125
125
125
125
125
125
125
125
125
125
125
125
125
125
125
125
125
125
125
125
125
125
125
125
125
125
125
125
125
125
125
125
125
125
125
125
125
125
125
125
125
125
125
125
125
125
125
125
125
125
125
125
125
125
125
125
125
125
125
125
125
125
125
125
125
125
125
125
125
125
125
125
125
125
125
125
125
125
125
125
125
125
125
125
125
125
125
125
125
125
125
125
125
126
126
125
125
125
125
125
125
125
125
125
125
125
125
125
125
125
125
125
125
125
125
125
125
125
125
125
125
125
125
125
125
125
125
125
125
125
125
125
125
125
125
125
125
125
125
125
125
125
125
125
125
125
125
125
125
125
125
125
125
125
125
125
125
125
125
125
125
125
125
125
125
125
125
125
125
125
125
125
125
125
125
125
125
125
125
125
125
125
125
125
125
125
125
125
125
125
125
125
125
125
125
125
125
125
125
125
125
125
125
125
126
125
125
125
125
125
125
125
125
125
125
125
125
125
125
125
125
125
125
125
124
125
125
125
126
125
126
126
126
126
125
125
126
126
125
125
126
125
125
126
126
125
125
125
126
125
125
126
125
125
126
126
126
125
125
125
125
125
125
125
125
125
125
126
126
126
126
125
125
125
125
125
125
125
126
126
125
125
125
125
126
126
125
125
125
125
125
125
125
125
125
125
125
125
126
125
125
125
125
125
125
125
125
125
125
126
125
125
125
125
125
125
125
125
125
125
125
125
125
125
125
125
125
125
125
125
125
125
125
125
125
125
125
125
125
125
125
125
125
125
125
125
125
125
125
125
125
125
125
126
125
125
125
125
125
125
125
125
125
125
125
125
125
125
125
125
125
125
125
125
125
126
125
125
125
125
125
125
125
126
125
126
126
125
125
125
125
125
125
125
125
125
125
126
125
125
125
126
125
125
125
125
125
125
125
125
125
125
125
125
125
126
126
125
125
125
125
125
127
126
126
125
125
125
125
125
125
125
125
125
125
125
125
125
125
125
125
125
125
125
126
126
125
125
125
125
125
125
125
125
125
125
125
125
125
125
125
125
125
125
125
125
125
125
125
125
125
125
125
125
125
125
125
125
125
125
125
125
125
125
125
125
126
125
125
125
125
125
125
125
125
125
125
125
125
125
125
125
125
125
125
125
125
125
125
125
125
125
125
125
125
125
125
125
125
125
125
125
125
125
125
125
125
125
125
125
125
125
125
125
126
124
125
125
125
125
126
126
125
125
125
125
125
125
125
125
126
126
125
125
125
125
126
125
126
125
125
125
125
125
125
125
125
125
125
125
125
125
125
125
125
125
125
125
125
125
125
125
126
125
126
125
125
125
125
126
125
125
125
125
125
125
125
126
125
126
125
124
125
125
125
125
126
126
126
125
126
125
125
125
125
125
125
125
125
125
125
125
125
125
125
125
125
125
125
125
125
125
125
125
125
125
125
125
125
125
125
125
125
125
125
125
126
125
125
125
125
125
125
125
125
125
125
125
125
125
125
125
125
125
125
125
125
125
125
125
125
125
125
125
125
125
125
125
125
125
125
125
125
125
125
125
126
125
125
125
125
125
125
125
125
125
125
125
125
125
125
125
125
125
125
125
125
126
126
125
125
125
125
125
125
125
126
125
125
125
126
126
125
125
125
125
126
125
125
125
125
125
125
125
125
125
125
125
125
125
126
126
125
126
126
125
125
125
125
125
125
127
126
125
125
125
125
125
125
125
125
125
125
125
125
125
125
125
125
125
125
125
125
125
125
125
125
125
125
125
125
125
125
125
125
125
125
125
125
125
125
125
125
125
125
125
125
125
125
125
125
125
125
125
125
125
125
125
125
125
125
125
125
125
125
125
126
126
125
125
125
125
125
125
125
125
125
125
125
125
125
125
125
125
125
125
125
125
125
125
125
125
125
125
125
125
125
125
125
125
125
125
125
125
125
125
125
125
125
125
125
125
127
124
124
125
126
125
126
126
125
125
125
125
125
125
125
125
125
125
126
126
125
125
125
126
125
125
126
126
125
125
126
126
125
125
126
126
125
125
123
124
125
125
126
127
126
126
127
126
125
126
126
125
125
126
126
125
125
126
126
125
125
126
126
125
126
126
126
125
123
124
125
126
126
127
126
125
126
126
126
125
125
126
126
126
126
125
125
125
125
126
126
125
125
125
126
126
126
125
125
125
126
126
125
125
125
125
125
125
126
126
125
125
126
126
126
126
126
126
126
125
125
125
125
124
125
125
126
126
126
126
125
125
125
126
126
126
126
125
124
125
126
126
125
125
125
126
126
125
125
126
126
125
125
126
125
124
124
126
126
125
125
126
125
125
125
126
126
125
125
126
126
125
125
126
127
126
125
126
127
126
125
124
126
126
124
124
125
125
123
123
125
129
132
133
132
127
122
121
126
129
126
121
117
118
121
121
118
119
121
124
130
137
135
128
131
143
139
121
119
123
126
129
132
125
115
114
121
125
123
120
119
122
127
130
127
125
124
125
127
131
133
130
125
125
127
127
126
126
125
123
122
123
126
127
125
124
125
120
124
127
125
124
125
124
125
126
127
126
125
125
126
127
128
127
126
125
126
127
127
126
126
125
125
125
125
125
125
125
124
125
126
125
124
125
125
126
126
125
126
126
125
125
126
126
126
126
125
126
126
126
125
126
126
127
126
125
125
126
126
125
124
125
125
124
120
124
126
126
125
126
127
128
127
126
125
126
126
126
125
124
124
124
125
125
124
124
124
125
125
125
125
127
128
128
126
125
126
126
126
125
125
126
127
127
126
126
125
125
126
125
125
123
124
124
124
122
122
123
124
125
125
125
124
126
126
125
126
127
127
126
127
126
126
126
126
126
126
126
125
124
125
126
125
125
124
125
126
125
125
125
124
125
125
126
126
126
125
126
126
125
125
126
126
126
126
126
126
126
126
126
124
124
126
125
125
124
124
124
124
125
125
125
125
126
126
126
125
125
127
128
127
127
127
122
114
116
130
140
133
117
114
128
142
139
131
129
120
97
99
130
144
122
103
114
142
150
141
118
111
123
137
136
120
103
107
130
142
138
127
116
116
132
152
151
113
72
86
146
171
135
102
112
142
148
126
104
107
124
128
122
122
126
128
132
134
133
129
126
125
123
120
117
118
121
127
129
127
125
127
129
128
125
125
125
125
126
123
122
126
128
125
124
128
130
127
119
121
127
130
128
124
123
125
126
127
126
125
125
124
123
125
127
125
123
121
121
126
130
133
129
119
116
122
129
128
125
124
132
129
118
110
121
127
130
138
137
127
129
135
122
105
105
120
129
128
123
124
129
136
133
124
124
129
132
135
136
122
110
124
140
112
75
99
166
172
114
98
135
146
113
94
109
130
128
151
114
115
114
108
123
145
147
133
121
130
140
120
105
115
123
115
125
155
165
138
100
88
117
162
169
117
64
82
144
163
141
139
131
98
104
161
188
122
75
96
111
123
164
166
101
70
120
158
142
122
114
114
134
165
154
113
86
96
121
136
140
132
120
115
108
112
131
138
137
144
150
135
111
98
102
118
136
145
134
120
120
126
124
128
130
127
117
111
113
129
153
154
121
94
114
147
143
116
105
119
130
129
124
123
124
128
129
126
124
125
129
131
129
130
125
117
119
125
123
97
125
125
125
125
125
125
125
125
125
125
125
125
125
125
125
125
125
125
125
125
125
125
125
125
125
125
125
125
125
125
125
125
125
125
125
125
125
125
125
125
125
125
125
125
125
125
126
125
125
125
125
125
125
125
125
125
125
125
125
125
125
125
125
125
125
125
125
125
125
125
125
125
125
125
125
125
125
125
125
125
125
125
125
125
125
125
125
125
125
125
125
125
125
125
125
125
125
125
125
125
125
125
125
125
125
125
125
125
125
125
125
125
125
125
125
125
125
125
125
125
125
125
125
125
125
125
125
125
125
125
125
125
125
125
125
125
125
125
125
125
125
125
125
125
125
125
125
125
125
125
125
125
125
125
125
125
125
125
125
125
125
125
125
125
125
125
125
125
125
125
125
125
125
125
125
125
125
125
125
125
125
125
125
125
125
125
125
125
125
125
125
126
125
125
125
125
125
125
125
125
125
125
125
125
125
126
125
126
125
125
125
125
126
126
126
126
126
126
126
126
125
126
125
126
126
125
125
125
126
126
126
126
125
125
125
125
126
126
126
126
125
126
126
125
126
125
126
125
125
126
125
125
126
126
125
125
125
126
126
125
125
125
126
125
125
126
126
126
126
125
125
125
125
125
125
126
126
125
125
126
126
126
126
125
126
126
126
126
125
125
125
125
125
125
125
125
125
125
126
126
126
126
126
126
126
126
125
125
125
125
126
125
126
126
126
126
126
126
125
125
125
126
125
126
125
125
126
125
126
126
126
126
126
126
126
125
125
126
126
125
125
125
125
126
126
125
126
126
126
125
126
126
125
134
