125
125
124
125
124
124
21
125
125
125
125
125
125
125
125
125
125
125
125
125
125
125
125
125
125
125
125
125
125
125
125
125
125
125
125
125
125
125
125
125
125
125
125
125
125
125
125
125
125
125
125
125
125
125
125
125
125
125
125
125
125
125
125
125
126
126
125
125
125
125
125
126
125
125
126
125
124
124
125
126
125
124
127
129
124
121
127
132
124
115
122
129
122
123
137
136
121
116
117
122
135
140
125
112
118
128
130
129
127
123
121
124
129
129
123
120
125
132
128
120
119
127
131
126
121
124
128
127
124
124
124
125
127
128
125
123
126
127
125
123
125
128
127
125
125
125
124
124
125
126
126
126
126
126
126
126
125
123
124
125
125
125
126
127
126
125
124
125
126
126
126
125
124
125
126
126
126
125
125
125
126
125
125
125
126
126
126
126
125
126
126
125
125
126
126
124
124
125
126
125
125
125
125
125
125
126
126
125
125
126
126
125
125
125
126
126
125
125
125
125
125
125
125
125
125
125
125
125
125
125
125
125
125
125
125
125
125
125
125
126
125
125
125
125
125
126
126
125
125
125
125
125
125
125
125
125
125
125
125
126
125
125
126
125
125
125
125
125
125
126
125
125
126
126
125
125
125
125
125
126
125
124
126
127
123
118
124
138
135
112
104
137
158
121
85
121
151
119
120
190
151
14
43
222
255
89
16
79
216
254
151
21
27
149
211
157
113
94
85
112
154
143
103
102
139
153
128
99
101
129
144
135
116
115
129
132
119
112
125
139
131
114
114
126
132
129
127
124
120
125
134
133
119
114
122
130
128
123
124
127
127
125
124
122
124
128
129
127
125
124
124
125
125
125
125
126
128
126
124
123
124
125
126
126
125
125
126
126
126
125
125
126
126
125
123
123
126
127
128
127
126
125
124
124
124
125
126
127
126
125
125
125
126
126
125
125
126
126
126
125
124
124
125
126
127
127
126
125
124
125
125
125
125
125
125
125
125
125
125
125
126
126
126
126
125
125
125
125
125
125
125
126
125
125
126
126
126
126
125
125
124
124
124
125
125
126
126
125
125
125
126
126
126
125
125
125
125
124
125
125
125
125
125
125
125
125
125
125
125
125
125
125
125
126
124
125
125
125
125
125
125
125
125
126
126
125
125
125
125
125
125
125
125
125
125
124
125
125
126
126
126
126
126
126
125
125
125
126
126
125
126
126
126
126
125
125
125
125
125
125
125
125
125
126
126
126
126
126
126
125
125
125
125
125
125
125
125
125
125
125
126
124
125
125
125
125
126
126
126
126
126
125
125
125
125
125
125
125
125
126
126
126
125
125
126
126
125
125
125
125
125
125
126
126
125
125
125
125
125
125
126
126
126
125
125
126
125
125
125
125
125
126
125
125
125
126
126
125
126
126
126
125
126
125
125
126
126
125
125
126
126
125
125
126
126
125
126
126
125
125
126
126
126
125
125
125
125
125
125
126
126
125
125
126
126
125
125
125
126
126
125
125
126
126
126
125
125
126
126
125
125
125
126
125
125
126
126
125
125
125
125
125
126
126
125
125
126
127
126
125
125
126
126
125
125
125
126
126
126
125
125
126
126
126
125
125
126
126
125
125
126
127
126
125
125
125
125
125
125
125
125
126
126
126
125
125
126
126
125
125
126
126
125
126
126
126
127
125
125
126
126
125
125
125
125
125
125
125
125
125
126
125
125
126
125
125
126
125
125
125
125
125
126
126
125
125
125
125
125
126
125
125
125
125
125
125
125
125
125
125
125
125
125
125
125
125
125
125
125
125
125
125
126
126
125
125
125
125
125
126
126
125
125
125
125
125
125
125
125
125
125
125
125
125
126
125
125
125
125
125
125
125
125
125
126
125
125
125
125
125
125
125
125
125
125
126
125
125
125
125
125
125
125
125
125
125
125
126
125
126
126
126
125
125
125
125
125
125
126
125
124
125
126
126
126
126
126
126
125
126
125
125
125
125
125
125
125
125
125
125
126
125
126
125
126
126
126
125
125
125
126
125
125
126
126
125
126
125
125
125
125
125
125
125
125
125
125
125
125
125
126
125
125
126
125
125
125
125
125
125
125
127
125
125
125
125
124
123
125
126
126
126
126
126
126
126
126
125
125
125
125
125
125
125
125
125
125
125
125
125
125
125
125
125
126
125
125
125
125
125
125
125
125
125
125
125
125
125
125
125
125
125
125
125
125
125
126
125
125
125
125
125
125
125
125
125
125
125
125
125
125
125
125
125
126
125
125
125
125
125
125
125
125
125
125
125
125
125
125
125
125
125
126
125
125
125
125
125
125
125
125
125
125
126
125
125
125
125
125
125
125
125
125
125
126
125
126
125
125
125
125
125
125
125
125
126
125
126
126
125
125
125
125
125
125
125
126
125
125
125
125
125
126
125
125
125
126
126
125
125
125
125
125
125
125
125
127
126
126
126
125
125
125
125
124
125
126
125
125
125
125
125
125
125
125
126
126
125
126
126
125
125
125
125
125
125
125
125
125
125
125
125
125
125
125
126
125
125
125
125
125
125
125
125
125
125
125
126
125
125
125
125
125
125
125
125
125
126
127
126
124
124
125
126
126
126
126
125
125
123
124
127
127
125
124
124
125
126
126
126
126
125
125
124
125
126
126
125
125
125
124
125
125
126
126
125
125
125
125
125
126
126
126
125
124
125
126
126
126
122
125
125
124
126
126
126
125
125
125
125
125
126
126
126
123
124
126
126
126
125
119
122
127
125
126
127
127
127
127
127
126
125
125
125
126
126
126
126
125
125
125
126
126
126
126
126
126
126
126
126
126
126
126
126
125
126
125
126
126
125
125
126
126
126
126
123
123
125
126
126
127
127
126
126
126
126
126
126
125
126
125
126
125
124
125
126
126
125
125
126
126
126
125
125
125
125
125
125
125
125
125
125
126
126
126
126
125
126
126
126
126
125
125
125
124
125
125
125
125
125
126
126
126
127
126
126
126
126
125
125
125
125
126
125
126
126
125
126
126
126
126
126
125
125
125
125
125
125
125
125
125
126
126
125
125
126
125
126
126
126
125
125
125
126
125
126
125
125
126
126
126
125
125
126
126
125
126
125
125
126
125
126
126
125
126
126
126
126
125
125
125
125
126
126
125
126
126
125
126
126
125
126
125
125
125
125
125
125
125
126
126
126
126
125
126
131
126
125
125
123
122
123
124
124
125
126
126
126
126
126
126
126
125
125
125
125
126
126
126
125
129
129
126
124
125
124
124
125
125
124
125
126
125
126
125
125
125
126
125
125
126
126
126
125
125
125
125
125
125
125
125
125
125
125
126
126
125
125
125
125
125
125
125
125
125
126
126
125
125
126
126
126
126
126
125
125
124
125
124
125
125
125
126
126
125
126
126
125
126
126
126
126
125
125
125
124
125
126
125
126
126
125
126
126
125
125
124
122
100
129
125
126
125
128
127
129
128
127
126
125
125
126
126
125
125
125
125
126
126
125
125
125
126
127
127
128
127
127
127
127
126
125
125
125
125
126
125
125
126
127
127
127
127
126
126
125
125
125
125
125
125
125
125
126
125
125
125
126
126
126
126
125
128
122
122
117
123
125
124
127
128
128
128
128
127
126
126
126
125
125
125
126
127
126
126
126
126
125
125
125
125
125
125
126
125
125
125
125
125
125
125
125
126
125
125
125
126
125
125
124
125
125
125
126
125
125
125
125
126
126
126
125
124
125
125
125
125
126
125
125
125
125
126
125
125
125
125
125
125
125
126
125
124
125
125
125
126
124
126
126
125
126
126
126
126
125
126
126
125
126
125
126
126
125
125
126
125
125
126
125
125
125
125
125
126
125
20
125
125
125
125
125
125
125
125
126
125
126
125
125
125
125
125
125
125
125
125
125
125
125
125
125
125
125
125
125
125
125
125
125
125
125
125
125
125
125
125
125
125
125
125
125
125
125
125
125
125
125
125
125
125
125
125
126
125
125
125
125
125
125
125
125
126
126
125
125
125
126
126
125
125
126
127
125
124
125
127
128
127
123
114
117
131
141
132
122
121
122
120
123
132
136
126
118
120
125
125
126
129
129
125
122
123
125
127
131
128
121
120
123
127
130
129
122
122
129
127
121
123
126
125
127
131
128
122
123
126
123
120
128
134
126
117
123
134
130
118
119
126
128
127
129
125
120
124
130
128
122
121
124
126
126
127
129
126
122
123
128
128
124
124
127
126
123
124
127
126
125
125
126
125
125
126
126
125
125
126
126
125
125
126
125
124
127
127
124
123
125
126
125
125
125
125
126
126
126
125
125
125
125
126
125
124
124
125
126
126
125
125
126
126
126
125
125
126
125
125
125
125
126
126
125
125
125
125
125
125
125
126
126
126
125
126
126
125
125
125
125
125
125
126
125
125
125
125
125
125
125
125
125
126
126
126
126
126
125
125
125
125
125
125
125
126
126
125
125
125
125
125
126
125
125
125
126
126
126
125
125
126
126
125
125
126
125
122
125
130
130
124
121
121
123
126
127
124
122
125
131
130
127
127
125
119
119
128
133
128
122
119
119
123
129
132
126
122
125
128
126
123
123
124
124
128
129
125
123
125
126
125
124
124
125
127
127
125
124
125
126
126
126
126
125
125
125
125
124
124
125
126
125
126
