127
127
126
126
126
127
57
125
125
125
125
125
125
125
125
125
125
125
125
125
125
125
125
125
125
125
125
125
125
125
125
125
125
125
125
125
125
125
125
125
125
125
125
125
125
125
125
125
125
125
126
125
125
125
125
125
125
125
125
125
125
125
125
125
125
125
125
125
125
125
125
125
125
125
125
125
125
125
125
125
125
125
125
125
125
125
125
125
125
125
125
125
125
125
125
125
125
125
125
125
125
125
125
125
125
125
125
125
125
125
125
125
125
125
125
125
125
125
125
125
125
125
125
125
125
125
125
125
125
125
125
125
125
125
125
125
125
125
125
125
125
125
125
125
125
125
125
125
125
125
125
125
125
125
125
125
125
125
125
125
125
125
125
125
125
125
125
125
125
125
125
125
125
125
125
125
125
125
125
125
125
125
125
125
125
125
125
125
125
125
125
125
125
125
125
125
125
125
125
125
125
125
125
125
125
125
125
125
125
125
125
125
125
125
125
125
125
125
125
125
125
125
125
125
125
125
125
125
125
125
125
125
125
125
125
125
125
125
125
125
125
125
125
125
125
125
125
125
125
125
125
125
125
125
125
125
125
125
125
125
125
125
125
125
125
125
125
125
125
125
125
125
125
125
125
125
125
125
125
125
125
125
125
125
125
125
125
125
125
125
125
125
125
125
125
125
125
125
125
125
125
125
125
125
125
125
125
125
125
125
125
125
125
125
125
125
125
125
125
125
125
125
125
125
125
125
125
125
125
125
125
125
125
125
125
125
125
125
125
125
125
125
125
125
125
125
125
125
125
125
125
125
125
125
125
125
125
125
125
125
125
125
125
125
125
125
125
125
125
125
125
125
125
125
125
125
125
125
125
125
125
125
125
125
125
125
125
125
125
125
125
125
125
125
125
125
125
125
125
125
125
125
125
125
125
125
125
125
125
125
125
125
125
125
125
125
125
125
125
125
125
125
125
125
125
125
125
125
125
125
125
125
125
125
125
125
125
125
125
125
125
125
125
125
125
125
125
125
125
125
125
125
125
125
125
125
125
125
125
125
125
125
125
125
125
125
125
125
125
125
125
125
125
125
125
125
125
125
125
125
125
125
125
125
125
125
125
125
125
125
125
125
125
125
125
125
123
120
117
125
143
160
161
129
80
53
56
68
145
255
255
123
6
38
112
173
171
93
66
156
172
101
75
113
146
187
168
85
59
114
173
156
96
79
129
162
122
94
146
173
109
52
95
172
176
123
92
102
137
166
146
102
96
127
134
112
107
132
149
140
122
112
115
125
130
129
125
121
120
128
135
130
120
117
120
122
123
126
129
131
129
126
127
131
125
116
115
124
129
125
121
124
130
129
124
124
127
128
127
127
125
120
120
126
130
127
121
118
122
128
131
130
125
124
125
129
128
123
118
119
125
130
130
126
122
121
124
127
128
127
124
123
123
124
125
125
126
127
127
125
125
125
126
126
126
126
125
124
124
124
125
125
125
124
125
125
125
125
125
126
126
126
125
125
125
125
125
125
124
123
125
127
128
127
126
126
125
124
124
123
123
124
125
125
126
126
126
125
125
125
125
124
124
125
125
126
126
126
126
126
125
125
125
125
125
125
125
125
125
125
125
126
124
123
124
125
125
126
126
126
126
126
126
125
125
125
125
125
126
126
126
125
125
125
125
125
125
125
126
126
126
126
126
126
126
126
125
125
125
125
125
125
126
126
125
125
126
126
126
126
125
125
125
125
126
126
126
126
126
125
125
125
125
124
125
125
125
126
125
124
126
126
126
126
126
125
125
125
125
125
125
125
125
125
126
125
125
125
125
126
126
126
126
126
125
125
125
125
125
125
125
125
126
125
125
125
125
125
125
125
125
125
125
126
126
125
125
126
125
126
126
125
125
125
125
125
126
125
125
126
126
125
125
126
125
125
125
125
125
125
125
125
125
125
125
126
126
125
126
126
125
125
126
126
125
125
125
125
125
125
125
125
125
125
125
126
126
126
125
125
126
126
126
125
124
124
125
125
126
125
125
125
125
126
126
126
125
125
125
125
125
125
125
126
126
125
125
126
126
125
125
125
126
126
125
125
124
124
125
126
125
125
125
125
126
125
126
129
126
126
125
125
125
124
125
125
125
125
125
125
126
124
125
125
125
125
125
125
125
125
125
126
125
125
125
126
125
125
125
125
125
125
125
124
124
125
126
125
125
124
125
125
126
126
126
125
125
124
125
126
126
125
125
125
125
125
125
125
125
125
125
125
124
124
124
125
125
125
125
125
125
125
125
125
125
125
125
125
126
126
125
125
125
125
125
125
125
125
125
125
125
125
125
125
125
125
125
125
125
125
125
125
125
125
125
125
125
125
125
125
125
125
125
125
125
125
125
125
125
125
125
125
125
125
125
125
125
125
125
125
125
125
125
125
125
125
125
125
125
125
125
125
125
125
125
125
125
125
125
125
125
125
125
125
125
125
125
125
125
125
125
125
125
125
125
125
125
125
125
125
125
125
125
125
125
125
125
125
125
125
125
125
125
125
125
125
125
125
125
125
125
125
126
126
126
126
126
125
124
124
125
125
125
124
124
125
126
126
125
125
125
125
125
125
125
125
124
124
124
125
125
125
124
125
126
126
126
126
126
126
126
125
124
124
124
125
125
125
125
125
126
126
125
126
126
125
125
125
125
125
125
125
125
125
125
125
125
125
125
125
125
125
125
125
125
125
124
125
125
125
125
125
125
125
125
125
125
125
125
125
125
125
125
125
125
125
125
125
125
125
124
125
125
125
124
125
125
125
125
125
125
126
125
125
125
125
125
126
125
125
125
125
125
125
125
125
125
125
125
125
125
125
125
125
125
125
125
125
125
125
125
125
125
125
125
125
124
125
125
125
125
125
125
125
125
125
125
126
126
125
125
125
125
125
125
125
125
125
125
125
125
125
125
125
125
125
130
125
119
126
125
125
126
126
125
126
123
125
125
125
125
125
125
125
126
125
125
125
125
125
125
126
126
125
126
126
126
125
126
125
126
125
125
126
125
126
126
125
125
125
126
125
125
126
126
125
124
126
127
126
126
126
126
127
127
126
125
125
125
125
126
127
126
121
121
125
127
126
127
126
126
127
127
126
126
125
124
124
125
125
125
125
125
125
127
128
127
126
126
126
126
125
124
124
124
124
124
125
125
126
126
126
127
126
126
125
124
125
125
125
125
125
125
125
125
126
125
125
125
125
126
125
125
125
126
125
126
125
124
124
124
125
125
125
126
127
126
126
126
125
125
125
124
125
124
124
126
129
128
124
121
124
128
128
126
124
122
124
130
132
123
115
124
140
133
113
114
129
132
123
120
121
123
129
137
138
124
109
117
140
141
121
111
117
122
121
123
126
127
130
131
127
123
131
133
119
115
132
133
116
114
126
130
125
123
126
127
126
124
125
128
132
131
126
127
126
121
121
124
123
122
126
127
123
121
123
126
127
127
125
125
125
125
126
126
126
125
126
126
126
125
124
123
123
124
123
124
125
126
127
128
126
125
125
126
126
126
126
126
126
125
123
124
125
126
125
124
124
125
126
126
125
125
125
126
124
122
125
125
124
125
126
127
127
128
127
124
122
123
124
126
127
125
122
126
128
128
125
124
124
126
126
126
125
123
122
122
122
123
124
124
125
124
127
129
129
128
127
126
127
126
125
123
121
123
123
125
125
125
126
126
127
127
126
125
125
124
124
125
125
124
124
123
125
125
125
125
125
125
126
126
126
125
125
126
126
124
124
124
125
124
125
126
125
124
125
127
126
126
125
125
127
126
126
127
126
125
125
124
124
123
123
124
125
126
127
126
126
126
127
127
125
125
126
126
126
56
125
125
125
125
125
125
125
125
125
125
125
125
125
125
125
125
125
125
125
125
125
125
125
125
125
126
125
125
125
125
125
125
125
125
125
125
125
125
125
125
125
125
125
125
125
125
125
125
125
125
125
125
125
125
125
125
125
125
125
125
125
125
125
125
125
125
125
125
125
125
125
125
125
125
125
125
125
125
125
125
125
125
125
125
125
125
125
125
125
125
125
125
125
125
125
125
125
125
125
125
125
125
125
125
125
125
125
125
125
125
125
125
125
125
125
125
125
125
125
125
125
125
125
125
125
125
125
125
125
125
125
125
125
125
125
125
125
125
125
125
125
125
125
125
125
125
125
125
125
125
125
125
125
125
125
125
125
125
125
125
125
125
125
125
125
125
125
125
125
125
125
125
125
125
125
125
125
125
125
125
125
125
125
125
125
125
125
125
125
125
125
125
125
125
125
125
125
125
125
125
125
125
125
125
125
125
125
125
125
125
125
125
125
125
125
125
125
125
125
125
125
125
125
125
125
125
125
125
125
125
125
125
125
125
125
125
125
125
125
125
125
125
125
125
125
125
125
125
125
125
125
125
125
125
125
125
125
125
125
125
125
125
125
125
125
125
125
125
125
125
125
125
125
125
125
125
125
125
125
125
125
125
125
125
125
125
125
125
125
125
125
125
125
125
125
125
125
125
125
125
125
125
125
125
125
125
125
125
125
126
126
125
125
125
125
125
125
125
125
125
125
125
125
125
125
125
125
125
125
125
125
125
125
125
125
125
125
125
125
125
125
125
125
125
125
125
125
125
125
125
125
125
125
126
