127
123
124
127
128
124
89
125
125
125
125
125
125
125
125
125
125
125
125
125
125
125
125
125
125
125
125
125
125
125
125
125
125
125
125
125
125
125
125
125
125
125
125
125
125
125
125
125
125
125
125
126
125
125
125
125
125
125
125
125
125
125
125
125
125
125
125
125
125
125
125
125
125
125
125
125
125
125
125
125
125
125
125
125
125
125
125
125
125
125
125
125
125
125
125
125
125
125
125
125
125
125
125
125
125
125
125
125
125
125
125
125
125
125
125
125
125
125
125
125
125
125
125
125
125
125
125
125
125
125
125
125
125
125
125
125
125
125
125
125
125
125
125
125
125
125
125
125
125
125
125
125
125
125
125
125
125
125
125
125
125
125
125
125
125
125
125
126
125
125
125
125
125
125
125
125
125
125
125
125
125
125
125
125
125
125
125
125
125
125
125
125
125
125
125
125
125
125
125
125
125
125
125
125
125
125
125
125
125
125
125
125
125
125
125
125
125
125
125
125
125
125
125
125
125
125
125
125
125
125
125
125
125
125
125
125
125
125
125
125
125
125
125
125
125
125
125
125
125
125
125
125
125
125
125
125
125
125
125
125
125
125
125
125
125
125
125
125
125
125
125
125
125
125
125
125
125
125
125
125
125
125
125
125
125
125
125
125
125
125
125
125
125
125
125
125
125
125
125
125
125
125
125
125
125
125
125
125
125
124
125
125
125
125
126
125
125
125
125
125
125
125
125
125
125
125
125
125
125
125
125
125
125
125
125
125
125
125
125
125
125
125
125
125
125
125
125
124
125
126
126
126
125
126
126
126
126
125
125
125
126
125
126
126
126
126
126
125
126
125
125
126
125
126
126
126
126
126
126
126
125
125
126
126
125
125
126
126
126
126
126
126
125
126
126
125
125
125
126
125
126
126
125
125
125
126
126
126
125
126
125
125
126
125
125
125
125
125
126
126
125
126
125
125
125
125
125
125
125
125
125
125
125
126
125
125
125
125
125
125
125
125
125
125
125
125
125
125
125
125
125
125
125
125
125
125
125
126
125
125
125
125
125
125
125
125
125
125
125
125
125
125
125
126
125
125
125
125
125
125
125
125
125
125
125
125
125
125
125
125
125
125
125
125
125
125
125
125
125
125
125
125
125
125
125
125
125
125
125
125
125
125
125
125
125
125
125
125
125
125
125
125
125
125
125
125
125
125
126
125
125
125
126
126
125
125
125
125
125
125
125
125
125
125
125
125
125
125
125
125
125
125
125
125
125
125
125
125
125
125
125
126
126
125
125
125
125
125
125
125
125
125
125
125
125
125
125
125
125
125
125
125
125
125
125
125
125
125
125
125
125
125
125
125
125
125
125
125
125
125
125
125
125
125
125
125
125
125
125
125
125
125
125
125
125
125
125
125
125
125
125
125
125
125
125
125
125
125
125
125
125
125
125
125
125
125
125
125
125
125
125
125
125
125
125
125
125
125
125
125
125
125
125
125
125
125
125
125
125
125
126
125
125
125
125
125
125
125
125
125
125
125
125
126
125
125
125
125
125
125
125
125
125
125
125
125
125
125
125
125
125
125
125
125
125
125
125
125
125
125
125
125
125
125
125
125
125
125
126
125
125
125
125
125
125
126
125
125
125
125
125
125
125
125
125
125
125
125
125
125
125
125
125
125
125
125
125
125
125
125
125
125
125
125
125
125
125
125
123
125
125
125
126
126
126
126
126
125
125
125
125
125
125
125
125
125
125
125
125
125
125
125
125
125
125
126
125
125
125
125
125
125
125
125
125
125
125
125
125
125
125
125
125
125
125
125
125
125
125
125
125
125
125
125
125
125
125
125
126
125
125
125
125
125
125
126
126
125
126
126
125
125
125
125
125
126
125
125
125
125
125
125
125
125
125
125
126
125
125
125
125
125
125
125
125
125
125
125
125
125
125
126
126
125
125
125
125
125
125
126
125
125
126
125
125
125
126
125
125
125
126
125
125
126
125
125
125
125
125
126
125
125
125
125
125
125
125
126
125
125
125
126
125
125
126
126
125
125
126
126
125
125
126
125
124
125
126
125
125
126
126
124
125
126
125
125
126
126
125
125
125
125
125
125
126
126
125
125
125
126
125
125
126
126
125
125
125
125
125
125
126
126
125
125
125
125
125
125
126
126
125
125
125
125
125
125
125
125
125
126
126
125
125
125
125
126
125
125
125
125
125
128
126
125
125
125
125
124
124
125
125
125
124
125
126
125
125
125
126
126
125
125
126
125
125
125
125
125
125
125
125
125
125
125
125
125
126
126
126
124
123
125
126
126
125
125
125
126
126
125
125
125
125
126
125
125
125
125
125
125
125
125
125
125
126
125
125
125
125
125
125
125
125
125
125
125
125
126
125
125
125
125
125
125
125
126
126
125
125
125
125
125
125
125
125
125
125
125
125
125
125
125
125
125
125
125
125
125
125
125
125
125
125
125
125
125
125
125
125
125
125
125
125
125
125
125
125
125
125
125
126
126
125
125
125
125
125
125
125
125
125
125
125
121
123
125
125
126
127
126
126
126
126
125
125
125
125
125
125
126
125
124
124
125
125
125
125
126
127
128
126
124
123
125
128
127
125
123
123
124
125
125
123
123
124
126
127
125
124
126
128
126
125
125
126
127
127
126
124
124
126
126
125
123
123
124
126
128
127
126
126
127
125
122
123
126
126
125
124
124
125
126
126
125
125
124
125
126
127
127
126
126
126
125
125
125
125
124
124
125
126
125
123
126
126
127
128
127
128
127
126
126
126
126
126
127
128
126
125
125
126
126
125
125
125
124
125
126
125
124
124
124
125
127
128
128
125
125
125
126
127
127
126
125
125
125
125
124
124
124
124
126
127
127
127
126
126
128
128
127
126
126
124
123
123
124
120
123
124
125
126
128
129
128
128
127
127
127
126
124
123
124
125
124
123
124
125
125
124
121
121
125
130
132
127
124
128
133
133
130
128
125
121
120
122
123
122
122
125
124
120
122
129
130
125
123
124
127
129
129
125
122
121
126
126
120
117
128
139
133
122
127
137
131
108
104
133
144
124
113
122
131
132
128
120
119
125
130
127
124
123
122
123
125
128
131
131
123
115
121
135
133
124
122
127
127
119
117
128
136
128
121
124
127
125
124
125
125
126
125
122
124
128
128
125
128
131
124
116
122
131
131
126
123
125
127
125
120
120
126
131
129
126
125
127
126
127
132
130
119
111
121
138
139
121
101
98
118
144
149
126
106
110
122
137
152
144
119
117
139
150
140
129
110
72
83
152
170
116
91
124
141
128
123
125
115
118
138
140
123
124
140
144
127
111
110
118
126
126
121
117
121
131
134
126
117
120
130
130
123
120
121
124
127
129
129
126
126
128
128
126
123
124
126
126
125
126
126
127
126
125
127
140
71
133
117
125
128
130
130
128
128
126
124
126
129
129
127
125
122
124
127
128
122
119
126
133
130
125
125
124
125
88
114
129
131
130
126
125
133
136
131
128
130
130
125
123
128
134
133
126
122
122
126
127
126
124
125
125
128
129
128
126
126
126
125
127
128
126
116
126
127
126
125
127
129
129
127
125
123
125
128
129
128
127
125
126
126
126
126
124
124
127
126
124
125
125
124
123
125
126
126
126
125
124
125
127
128
126
122
122
127
129
127
125
126
128
127
122
121
123
127
129
123
119
122
128
130
126
121
123
128
128
126
125
127
128
127
126
125
123
124
126
129
128
124
121
123
127
129
126
122
122
126
127
127
125
125
124
125
127
126
125
126
125
124
125
126
127
125
124
124
126
128
130
126
122
124
126
126
124
122
121
126
128
129
126
123
125
130
130
125
123
125
126
126
90
125
125
125
125
125
125
125
125
125
125
125
125
125
125
125
125
125
125
125
125
125
125
125
125
125
125
125
125
125
125
125
125
125
125
125
125
125
125
125
125
125
125
125
125
125
125
125
125
125
125
125
125
125
125
125
125
125
125
125
125
125
125
125
125
125
125
125
125
125
125
125
125
125
125
125
125
125
125
125
125
125
125
125
125
125
125
125
125
125
125
125
125
125
125
125
125
125
125
125
125
125
125
125
125
125
125
125
125
125
125
125
125
125
125
125
125
125
125
125
125
125
125
125
125
125
125
125
125
125
124
125
125
125
125
126
126
126
126
125
125
125
125
125
125
125
125
125
126
125
125
125
125
125
125
125
125
125
125
125
126
126
125
125
125
125
125
125
126
125
125
125
125
125
125
125
126
125
126
125
125
125
125
125
125
126
125
125
126
125
125
125
125
125
125
125
125
125
125
125
125
125
126
125
125
125
125
125
126
125
125
125
125
125
125
125
125
125
125
125
125
125
125
125
125
125
125
125
125
125
125
125
125
125
125
125
125
125
125
125
125
125
125
125
125
125
125
125
125
125
125
125
125
125
125
125
125
125
125
125
125
125
125
125
125
125
125
125
125
125
125
125
125
125
125
125
125
125
125
125
125
125
125
125
125
125
125
125
125
125
125
125
125
125
125
125
125
125
125
125
125
125
125
125
125
125
125
125
126
125
125
125
125
125
125
125
125
125
125
125
125
125
125
125
125
125
126
125
125
125
125
125
125
125
125
125
125
125
125
125
125
125
125
125
125
125
126
126
125
125
125
125
125
125
129
