125
126
125
126
126
125
54
125
126
125
125
125
125
125
125
125
126
125
125
125
126
125
125
125
125
125
125
125
125
125
125
125
125
125
125
125
125
125
125
125
125
125
125
125
125
125
125
125
125
125
125
125
125
125
125
125
125
126
125
125
125
125
125
125
125
125
125
125
125
125
125
125
125
125
125
125
125
125
125
125
125
125
125
125
125
125
125
125
125
125
125
125
125
125
125
125
125
125
125
125
125
125
126
125
125
125
125
125
125
125
125
125
125
125
125
125
125
125
125
125
125
125
125
125
125
125
125
125
125
125
125
125
125
125
125
125
125
125
125
125
125
125
125
125
125
125
125
125
125
125
125
125
125
125
125
125
125
125
125
125
125
125
125
125
125
125
125
125
126
125
125
125
125
125
125
125
125
125
125
125
125
125
125
125
125
125
125
125
125
125
125
125
125
125
125
125
125
125
125
125
125
125
125
125
125
125
125
125
125
125
125
125
125
125
125
125
125
125
125
125
125
125
125
125
125
125
125
125
125
125
125
125
126
125
125
125
125
125
125
125
125
125
125
125
125
125
125
125
125
125
125
125
125
126
125
125
125
125
125
125
125
125
125
126
125
125
125
125
126
125
125
125
125
125
126
126
125
125
125
125
125
125
125
125
126
126
125
125
125
125
125
126
125
125
125
125
125
125
125
125
126
126
125
125
124
125
126
127
126
124
125
126
126
125
124
125
126
126
126
126
125
126
126
126
125
125
124
124
125
125
125
125
125
125
126
126
126
126
126
125
125
125
125
126
125
125
125
125
125
125
125
125
126
126
126
123
124
124
125
126
126
126
127
127
127
126
126
125
125
125
125
125
126
126
127
127
126
126
126
126
125
124
126
128
128
125
123
123
124
126
128
127
126
124
124
125
127
130
126
124
126
126
124
123
125
127
126
126
127
124
124
128
130
128
121
123
127
128
129
124
124
125
124
127
125
124
126
127
127
126
125
125
126
127
126
124
125
125
123
126
129
127
123
122
123
125
129
129
128
127
123
121
123
125
126
128
127
125
124
125
125
125
125
126
127
127
126
125
125
125
125
124
124
125
126
126
126
125
124
126
126
125
125
130
132
126
119
118
124
128
124
122
133
139
128
117
116
114
120
144
150
125
108
113
122
131
132
122
118
130
137
129
127
133
126
109
108
126
139
132
121
122
130
129
121
118
126
133
130
121
116
119
129
135
131
124
119
120
127
134
132
126
123
125
126
124
124
125
123
123
127
131
127
122
122
127
130
127
120
118
123
128
129
126
125
124
124
127
129
128
125
123
124
127
128
127
125
123
125
127
128
124
122
124
126
126
125
124
125
127
127
126
124
124
124
125
125
125
125
125
126
125
124
125
126
126
126
125
124
125
127
127
126
125
125
125
125
124
125
126
126
126
125
125
125
125
125
125
125
126
127
127
126
125
126
126
126
125
124
124
125
126
126
125
125
124
125
126
126
126
126
126
125
126
127
127
125
124
124
125
126
126
125
125
125
125
125
125
126
126
126
126
126
126
125
126
126
126
125
125
125
124
124
125
125
125
126
126
126
126
125
125
125
126
126
126
126
126
126
126
126
125
125
125
125
126
125
125
125
125
125
125
125
125
125
126
125
126
126
126
126
126
126
126
126
125
125
125
126
125
125
125
125
125
125
125
125
125
126
126
126
126
125
125
125
125
125
125
125
126
126
125
125
125
125
125
125
125
125
125
125
125
126
125
126
125
125
125
125
125
125
125
125
125
125
125
126
126
126
126
126
126
125
125
125
125
125
125
125
125
125
125
126
125
125
126
126
125
125
125
123
125
125
125
126
126
126
126
126
125
125
126
125
125
125
125
126
125
125
125
125
125
125
125
126
126
126
126
126
125
125
125
125
125
125
125
125
125
125
125
125
126
126
126
125
125
125
126
125
125
126
125
126
126
125
125
125
125
125
125
125
125
125
125
125
125
125
125
125
126
125
125
125
125
125
125
125
125
125
125
125
125
125
125
125
126
125
125
125
125
125
126
126
126
126
125
125
126
125
125
125
125
125
125
125
125
125
125
125
125
125
125
125
125
125
125
126
125
125
125
126
126
125
125
126
126
125
125
126
126
125
125
125
125
125
125
125
125
125
125
125
125
125
125
125
125
125
125
125
125
125
125
126
126
126
125
125
126
125
125
125
126
125
125
125
125
125
125
125
125
125
125
125
125
126
125
126
125
125
126
126
125
125
126
126
125
125
125
126
125
125
125
126
125
125
125
125
126
125
125
125
126
125
125
125
125
126
125
125
126
126
125
125
125
125
125
125
126
126
125
127
126
126
125
124
124
126
125
124
125
125
125
125
126
125
125
125
126
126
126
126
126
125
125
125
126
125
125
125
124
124
125
125
125
126
126
126
125
126
126
125
125
125
126
126
125
125
125
125
126
126
125
125
125
126
125
125
125
125
125
126
125
125
125
126
125
125
125
125
125
125
125
125
125
125
125
125
126
125
125
126
125
125
125
125
125
125
125
126
125
125
125
125
126
126
125
125
125
125
126
126
125
125
125
125
126
125
126
126
125
126
125
125
126
126
126
124
124
126
126
126
125
125
125
125
125
125
125
125
124
125
126
127
125
123
125
126
127
126
125
125
125
125
126
126
126
125
124
126
126
124
125
125
125
125
126
127
126
123
124
126
127
125
123
124
127
126
125
124
125
127
127
124
121
121
127
132
128
121
121
128
133
128
118
114
121
131
136
131
124
119
120
124
129
131
126
121
122
127
125
123
129
131
122
117
126
137
132
115
109
122
140
141
123
112
121
130
125
123
132
129
114
114
132
139
131
121
118
121
126
127
127
130
125
117
121
134
132
120
120
129
129
120
117
125
135
134
124
115
119
134
131
127
127
123
115
119
125
130
134
126
116
119
124
126
134
134
117
114
129
129
122
132
133
119
117
122
129
138
132
113
113
127
136
135
123
111
117
137
143
123
104
120
143
136
116
114
126
134
131
124
118
123
130
121
114
131
140
121
109
123
136
133
125
121
123
131
128
118
122
132
129
121
124
129
127
121
119
122
131
133
125
118
123
129
127
122
124
128
129
126
124
123
125
126
126
125
125
127
126
123
122
125
128
128
126
124
142
99
129
122
127
125
127
127
127
126
125
125
126
126
125
125
126
126
126
125
126
126
125
125
126
126
126
125
126
126
126
126
126
126
126
125
126
126
126
126
126
126
126
126
126
126
125
126
125
125
126
126
126
126
126
126
125
125
126
126
126
126
126
126
125
125
126
125
126
126
126
126
126
121
121
124
125
126
126
125
124
124
126
126
125
125
125
124
124
124
126
127
125
124
126
127
125
123
125
127
125
123
125
128
127
125
124
126
126
124
125
126
126
125
125
126
126
125
124
125
124
125
126
126
125
125
125
126
125
125
126
126
124
123
123
125
125
126
125
124
129
133
130
125
123
121
124
124
125
126
125
122
122
125
129
127
124
124
124
125
125
127
126
123
121
122
126
127
124
120
123
128
129
127
128
129
127
122
123
128
128
121
119
123
128
127
123
125
129
127
124
124
129
128
123
122
125
126
125
123
124
127
126
124
124
125
126
126
124
125
126
126
126
126
125
123
123
124
125
125
125
123
125
126
125
126
127
127
126
126
125
125
125
125
125
125
126
125
123
124
125
124
125
125
126
126
125
126
125
125
125
125
125
126
126
124
125
125
126
126
125
126
126
126
125
126
124
124
123
123
124
125
126
126
126
128
125
125
125
123
124
123
124
124
126
125
124
125
124
126
126
126
125
126
126
125
125
126
125
125
126
126
126
126
126
125
126
125
125
124
125
125
125
125
126
125
125
125
124
53
125
125
125
125
125
125
125
125
125
125
125
125
125
125
125
125
125
125
125
125
125
125
125
125
125
125
125
125
125
125
125
125
125
125
125
125
125
125
125
125
125
125
125
125
125
125
125
125
125
125
125
125
125
125
125
125
125
125
125
125
125
125
125
125
125
125
125
125
125
125
125
125
125
125
125
125
125
125
125
125
125
125
125
125
125
125
125
125
125
125
125
125
125
125
125
126
125
125
125
125
125
125
125
125
125
125
125
125
125
125
125
125
125
125
125
125
125
125
125
125
125
125
125
125
125
125
125
125
125
125
125
125
125
125
125
125
125
125
125
125
125
125
125
125
125
125
125
125
125
125
125
125
125
125
125
125
125
125
125
125
125
125
125
125
125
125
125
125
125
125
125
125
125
125
125
125
125
125
125
125
125
125
125
125
125
125
125
125
125
125
125
125
125
125
125
125
125
125
125
125
125
125
125
125
125
125
125
125
125
125
125
125
125
125
125
125
125
125
125
125
125
125
125
125
125
125
125
125
125
125
125
125
125
125
125
125
125
125
125
125
125
125
125
125
125
125
125
125
125
125
125
125
125
125
125
125
125
126
125
125
125
125
125
125
125
125
125
125
125
125
125
125
126
125
125
125
125
125
125
125
126
125
125
126
126
126
125
125
125
125
126
125
124
125
125
125
126
126
126
127
127
126
125
125
124
123
123
124
125
125
126
128
128
127
126
126
126
126
124
123
122
121
122
125
126
125
125
129
131
126
119
116
124
133
130
121
122
133
135
122
117
119
123
129
134
137
120
104
114
138
140
120
116
125
