120
127
130
126
117
119
84
125
125
126
126
126
125
126
125
125
126
126
126
125
125
126
126
126
125
126
125
125
125
126
126
126
126
126
126
126
126
126
125
126
125
126
126
126
125
125
125
125
125
126
125
125
125
125
125
125
126
125
125
126
125
125
126
125
125
125
126
126
125
125
126
126
125
125
125
125
125
125
125
125
125
125
125
125
125
125
125
125
125
125
125
125
125
125
125
125
125
125
125
125
125
125
125
125
125
125
126
125
125
125
125
125
125
125
125
125
125
125
125
125
125
125
125
125
125
125
125
125
125
125
125
125
125
125
125
125
125
125
125
125
125
125
125
125
125
125
125
125
125
125
126
125
126
125
125
125
125
125
125
125
125
125
125
125
125
125
125
125
125
125
125
125
125
125
125
125
125
125
125
125
125
125
125
125
125
125
125
125
125
125
125
125
125
125
125
125
125
125
125
125
125
125
125
125
125
125
125
125
125
125
125
125
125
125
125
125
125
125
125
125
125
125
125
125
125
125
125
125
125
125
125
125
125
125
125
125
125
125
125
125
125
125
125
125
125
125
125
125
125
125
125
125
125
125
126
125
125
125
126
125
126
126
126
126
126
126
126
126
126
126
126
126
126
126
126
126
125
126
126
125
126
126
126
126
126
126
126
126
126
126
126
126
126
126
126
126
126
126
126
126
126
125
125
126
125
125
125
125
126
126
126
126
125
126
126
126
126
126
126
126
125
126
125
125
126
126
125
126
126
125
126
125
125
125
125
125
125
125
125
125
126
126
126
125
126
126
126
125
126
125
125
126
126
125
126
125
125
125
126
125
125
125
125
125
125
125
125
125
125
125
125
125
125
125
125
125
125
125
125
125
125
125
125
125
125
125
125
126
126
126
125
125
126
126
126
125
125
125
125
125
125
125
125
125
125
126
125
126
125
125
125
125
126
126
125
125
125
125
125
125
125
125
125
125
126
125
125
125
125
125
125
125
125
125
125
125
126
125
125
126
126
125
125
126
125
125
125
125
125
125
125
125
125
126
125
126
125
125
125
125
126
125
126
125
125
125
126
125
125
125
126
125
126
126
125
125
125
125
125
125
125
125
125
125
125
125
125
125
125
125
125
125
125
125
125
125
125
125
125
125
125
125
125
125
125
125
125
125
125
125
125
125
125
125
125
125
125
125
125
125
125
125
125
125
125
125
125
125
125
125
125
125
125
125
125
125
125
125
125
125
125
125
125
125
125
125
125
125
125
125
125
125
125
125
125
125
125
125
125
125
125
125
125
125
125
125
125
125
125
125
125
125
125
125
125
125
125
125
125
125
125
125
125
125
125
125
125
125
125
125
125
125
125
125
125
125
125
125
125
125
125
125
125
125
125
126
125
125
125
126
126
125
125
125
125
125
125
125
125
125
125
124
125
126
125
125
126
127
126
125
125
126
126
126
126
125
126
126
126
126
126
126
124
125
126
126
126
126
126
126
125
126
126
126
125
125
125
126
126
126
125
125
125
126
127
126
125
126
126
127
126
126
125
125
126
126
126
125
125
125
126
126
126
125
126
126
125
125
125
125
126
126
126
126
126
126
125
125
126
126
126
125
125
125
126
126
125
125
126
126
126
126
126
125
125
126
126
125
125
126
126
126
125
126
126
125
125
126
125
126
126
125
125
126
126
125
125
126
125
125
126
126
125
125
126
125
125
126
126
125
126
126
125
125
126
126
125
126
126
126
125
126
126
125
126
126
126
125
126
126
125
125
126
125
125
126
126
125
126
127
126
125
126
126
125
125
126
126
125
126
126
126
126
126
126
125
126
126
126
126
126
125
125
126
126
126
125
126
126
125
125
126
126
125
126
126
126
125
126
126
125
126
126
125
125
126
126
126
125
126
126
125
125
126
126
125
125
127
126
125
125
125
125
125
125
126
125
125
125
126
125
125
126
126
125
126
125
126
126
125
126
125
126
127
126
125
125
125
125
125
125
125
126
126
126
125
125
125
125
125
125
125
125
125
125
125
126
126
126
125
125
125
126
126
125
125
125
125
125
125
125
125
125
126
126
125
125
126
126
126
125
125
125
125
124
125
126
125
125
125
126
126
125
126
126
126
125
125
125
125
126
125
125
125
125
125
125
126
125
126
126
125
125
125
125
125
126
125
125
125
125
126
125
125
125
125
126
125
125
125
125
125
125
125
125
125
126
126
125
125
125
125
125
125
125
125
125
126
126
126
125
125
126
125
125
128
123
125
125
126
125
125
125
126
126
126
126
126
126
126
125
126
126
126
126
125
125
126
126
126
123
124
126
126
126
127
126
127
126
126
126
126
126
126
126
126
126
126
126
126
126
126
126
126
126
126
126
125
125
126
126
126
125
126
126
126
126
126
126
126
126
126
126
122
124
125
126
126
127
126
126
127
126
126
126
126
126
126
126
126
125
125
125
125
126
126
126
125
126
126
126
125
125
126
125
125
126
126
125
125
125
126
126
126
125
125
126
126
126
126
125
125
126
126
125
125
125
126
126
126
126
126
126
126
126
126
125
125
125
126
126
125
125
126
127
126
127
126
125
125
126
126
126
125
124
125
126
126
126
125
125
124
126
127
127
125
126
126
126
126
126
126
125
125
124
126
128
127
124
124
125
127
127
125
125
127
128
126
125
125
125
125
125
126
123
123
127
129
126
125
125
128
128
126
124
123
124
125
124
124
126
126
126
129
129
125
124
127
129
123
121
126
131
124
120
127
131
121
119
128
131
130
131
130
126
125
122
115
113
115
118
119
125
132
138
141
140
138
139
137
127
121
112
110
108
106
108
113
121
130
137
141
144
145
142
134
125
119
115
114
111
110
114
121
127
130
133
133
132
130
129
129
125
122
122
122
122
126
131
130
126
124
126
128
127
121
118
120
122
121
124
127
128
129
131
129
128
128
125
122
120
118
118
122
126
126
128
129
130
128
129
128
127
124
123
125
126
124
125
126
125
124
124
125
127
127
126
125
124
125
125
125
124
124
124
124
123
126
127
126
126
126
126
126
130
130
123
121
125
124
118
122
126
125
127
131
124
120
128
130
120
122
134
130
122
127
128
119
122
132
124
118
129
132
121
124
133
118
116
140
135
109
125
144
110
96
145
155
105
107
154
130
80
118
168
124
90
153
143
86
84
158
173
107
109
166
134
66
110
183
145
88
130
164
108
71
122
153
115
113
168
176
114
78
108
138
124
129
148
122
78
102
167
176
118
81
104
147
161
142
108
103
117
129
130
131
133
126
108
124
160
149
101
96
128
133
122
137
147
121
95
107
134
146
142
121
109
106
124
142
138
130
138
137
113
94
112
141
149
143
133
107
94
116
142
138
122
120
129
128
124
130
133
122
114
122
132
129
122
121
124
123
122
129
135
132
122
119
124
128
126
127
126
125
121
121
125
129
128
126
124
125
125
127
128
127
124
125
126
125
122
122
125
125
124
126
131
133
130
125
122
123
123
119
119
126
131
128
123
121
122
124
130
133
131
126
123
122
124
125
127
126
127
128
125
125
125
126
126
125
124
125
125
127
130
128
124
122
123
126
126
128
129
126
121
121
124
126
126
126
125
126
127
127
124
123
127
129
126
125
127
128
124
120
121
125
126
128
128
126
126
127
128
124
124
128
124
124
131
131
126
122
122
125
125
120
120
122
124
123
123
126
129
127
126
127
128
126
124
127
130
129
125
121
118
122
132
134
127
118
115
120
126
130
136
140
129
115
115
128
130
119
118
127
131
123
118
127
128
118
120
134
137
126
114
119
129
131
125
119
120
127
129
127
126
128
126
124
119
121
125
128
127
126
125
128
129
125
122
126
131
129
122
121
124
129
85
125
125
125
125
125
125
125
125
125
125
125
125
125
125
125
125
125
125
125
125
125
125
125
125
125
125
125
125
125
125
125
125
125
125
125
125
125
125
125
125
125
125
125
125
125
125
125
125
125
125
125
125
126
125
125
125
125
125
125
125
125
125
125
125
125
125
125
125
125
125
125
125
125
125
125
125
125
125
125
125
125
125
125
125
125
125
125
125
125
125
125
125
125
125
125
125
125
125
125
125
125
125
125
125
125
125
125
125
125
125
125
125
125
125
125
125
125
125
125
125
125
125
125
125
125
125
125
125
125
125
125
125
125
125
125
125
125
125
125
125
125
125
125
125
125
125
125
125
125
125
125
125
125
125
125
125
125
125
125
125
125
125
125
125
125
125
125
125
125
125
125
125
125
125
125
125
125
125
125
125
125
125
125
125
125
125
125
125
125
125
125
125
125
125
125
125
125
125
125
125
125
125
125
125
125
125
125
125
126
125
125
125
125
125
125
125
125
125
125
125
125
125
125
125
125
125
125
125
125
125
125
125
125
125
125
125
125
125
125
125
125
125
125
125
125
125
125
125
125
125
125
125
125
125
125
125
125
125
125
125
125
125
125
125
125
125
125
125
125
125
125
125
125
125
125
125
125
125
125
125
125
125
125
125
125
125
125
125
125
125
125
125
125
125
125
125
125
125
125
125
125
125
125
125
125
125
125
125
125
125
125
125
125
125
125
125
125
125
125
125
125
125
125
125
125
125
125
125
125
125
125
125
125
125
125
125
125
125
125
125
125
125
125
125
125
125
125
125
125
125
125
125
125
79
