129
129
127
126
127
127
96
126
126
126
126
126
126
126
126
126
126
126
125
126
126
125
126
126
126
126
126
126
126
125
126
125
126
125
126
126
125
125
125
125
126
125
126
126
126
126
126
126
125
126
126
125
125
126
126
126
126
126
125
125
125
126
126
126
126
126
125
126
125
126
126
126
126
126
125
126
125
125
125
125
126
125
125
126
125
125
125
126
126
125
125
125
126
125
126
125
125
125
125
125
125
125
125
125
125
125
125
125
126
125
125
125
125
126
126
125
125
125
125
125
126
126
125
125
125
126
126
126
125
125
125
125
126
125
125
125
125
125
126
125
126
126
125
125
125
125
125
125
125
125
125
125
125
125
125
125
125
125
125
125
125
125
125
125
125
125
125
125
125
125
125
125
125
125
125
125
125
125
125
126
125
125
125
125
125
125
125
125
125
125
125
125
125
125
125
125
125
125
125
125
125
125
125
125
125
125
125
125
125
125
125
125
125
125
125
125
125
125
125
125
125
125
125
125
125
125
125
125
125
125
125
125
125
125
125
125
125
125
125
125
125
125
125
125
125
125
125
125
125
125
125
125
125
125
125
125
126
125
125
125
125
125
126
126
125
126
126
125
125
125
125
125
125
125
126
125
125
125
125
125
125
125
125
125
126
126
125
125
125
125
125
125
125
125
125
125
125
125
126
125
125
126
125
125
125
125
125
125
126
125
125
125
125
125
125
125
125
126
125
125
126
125
125
125
125
125
125
125
125
125
125
125
125
125
125
125
125
125
125
125
125
125
125
125
125
125
125
125
125
125
125
126
125
125
125
125
126
126
126
125
125
125
125
125
125
125
125
125
125
125
125
125
125
125
125
126
125
125
125
125
125
125
125
125
125
125
125
125
125
125
125
125
125
125
125
125
125
125
125
125
125
125
125
125
125
125
125
125
125
125
125
125
125
125
125
125
125
125
125
125
125
125
125
125
125
125
125
125
125
125
125
125
125
125
126
125
125
125
125
125
125
125
125
125
125
125
125
125
125
125
125
125
125
125
125
125
125
125
125
125
125
125
125
125
125
125
125
125
125
125
125
125
125
125
126
125
125
125
125
125
125
125
125
125
125
125
125
125
125
125
125
125
125
125
125
125
125
125
125
125
125
125
125
125
125
125
125
125
125
125
125
125
125
125
125
125
125
125
125
125
125
125
125
125
125
125
125
125
125
125
125
125
125
125
125
125
125
125
125
125
125
125
125
125
125
125
125
125
125
125
125
125
125
125
125
125
125
125
125
125
125
125
125
125
125
125
125
125
125
125
125
125
125
125
125
126
125
125
125
125
125
125
125
125
125
125
126
125
125
125
125
125
125
125
125
125
125
125
125
125
125
125
125
125
125
125
125
125
125
125
125
125
125
125
125
125
125
125
125
125
125
125
127
124
126
126
125
125
126
126
125
125
125
125
126
126
125
125
125
126
125
126
125
125
125
125
125
125
125
125
125
125
126
125
125
125
125
125
125
125
125
125
125
125
125
126
126
125
125
125
125
125
125
125
125
125
125
125
126
126
125
126
125
125
126
126
125
125
125
125
124
125
125
125
126
126
126
125
126
126
126
125
125
125
125
125
125
125
125
125
125
125
125
125
125
125
125
125
125
125
125
125
125
125
126
125
125
125
125
125
125
125
125
125
125
126
125
125
125
125
126
125
125
125
125
125
125
125
125
125
125
125
125
125
125
125
125
125
125
125
125
125
125
125
125
125
125
125
125
125
125
125
125
125
125
125
125
125
125
125
125
125
125
125
125
125
125
125
125
125
125
126
125
125
125
125
125
125
125
125
125
126
125
125
126
126
126
125
125
125
125
125
126
126
125
125
126
126
126
126
125
125
125
125
125
125
125
125
125
125
125
125
125
125
125
125
126
126
125
126
127
126
125
125
125
125
125
125
125
125
125
125
125
125
126
126
125
125
125
125
125
125
125
125
125
125
125
125
125
125
125
125
126
125
125
125
125
125
125
125
125
125
125
125
125
125
125
125
125
125
125
125
125
125
126
125
125
125
126
125
125
125
125
125
125
125
125
125
125
125
125
125
125
125
125
125
125
125
125
125
125
125
125
125
125
125
125
125
125
125
126
125
125
125
125
125
125
125
125
125
125
125
125
125
125
126
125
125
125
125
125
125
125
125
125
125
125
125
126
125
125
125
126
125
125
125
125
125
125
126
126
125
125
126
126
125
125
126
126
125
125
126
126
125
124
126
126
125
125
125
125
124
125
126
125
125
125
125
125
125
125
125
125
125
126
126
125
125
125
126
125
125
125
125
125
125
126
126
125
125
126
125
125
125
128
122
124
125
125
124
125
125
125
125
126
127
126
125
125
125
125
125
125
125
121
124
126
126
127
126
126
127
127
126
125
126
126
124
124
125
126
126
125
125
125
125
125
126
127
126
126
126
126
126
126
125
125
125
126
126
126
126
125
125
126
126
127
126
126
125
125
125
123
125
125
125
127
127
126
125
126
126
126
126
126
126
125
124
125
126
126
125
125
126
125
124
125
126
126
125
125
126
126
125
125
126
127
125
125
126
127
126
124
125
126
126
123
123
124
123
124
125
127
132
135
133
126
120
120
126
130
128
122
117
118
123
123
120
119
118
121
128
136
137
129
122
131
146
141
119
112
121
128
130
131
124
115
116
124
126
122
119
120
124
129
130
127
124
123
125
128
132
131
127
125
126
128
127
126
126
125
122
123
125
127
124
125
124
123
122
123
125
126
125
125
125
127
127
127
126
125
126
126
127
128
127
125
124
125
127
127
126
125
125
126
125
125
125
125
124
124
126
128
125
125
125
125
125
125
124
124
125
124
124
125
126
126
125
125
125
126
127
126
125
129
128
126
126
124
123
123
124
124
126
126
125
123
124
127
127
126
125
126
126
126
125
125
125
124
123
123
124
125
125
125
126
126
125
125
126
126
126
126
126
126
125
125
126
126
125
126
127
126
126
127
127
127
125
123
123
125
126
126
125
125
125
124
124
123
123
124
126
125
125
125
124
125
125
127
126
126
126
125
126
127
126
126
127
126
125
124
125
126
125
124
125
125
126
126
125
125
125
124
124
125
125
125
125
125
126
126
125
125
125
126
127
126
126
125
125
126
126
124
124
125
125
126
125
125
128
118
112
126
127
127
127
127
127
127
127
127
127
126
126
124
118
117
126
137
133
121
116
126
138
138
127
117
125
133
112
93
112
134
135
142
140
114
109
133
140
127
123
134
136
121
117
137
149
132
115
119
122
100
81
108
159
162
123
107
123
134
135
132
126
133
131
127
122
114
114
121
126
127
127
127
128
119
125
126
126
126
126
125
124
124
124
122
120
122
125
126
126
126
128
130
131
128
128
131
132
127
120
121
123
122
123
124
125
122
118
119
129
133
127
122
125
134
132
119
114
122
131
130
123
116
114
126
139
135
119
117
126
132
127
126
136
137
124
116
115
113
113
126
140
137
126
123
120
117
118
124
127
123
124
131
133
121
109
112
130
144
139
130
129
126
126
134
137
125
114
118
126
127
122
115
111
111
118
122
124
130
143
145
135
129
144
113
118
114
111
114
118
123
126
128
132
134
133
129
127
124
126
128
125
119
118
124
128
126
122
120
121
127
133
134
128
123
122
128
128
124
120
120
124
127
130
129
119
115
122
130
131
129
125
120
116
121
131
133
127
122
126
135
135
124
112
113
126
135
134
127
123
121
123
126
126
126
121
119
122
128
130
129
125
123
127
129
127
124
126
128
126
123
122
122
124
127
124
123
123
127
131
126
122
123
124
122
121
124
128
130
127
123
123
125
128
127
126
130
130
125
123
126
125
122
120
95
125
125
125
125
125
125
125
125
125
125
125
125
125
125
125
125
125
125
125
125
125
125
125
125
125
125
125
125
125
125
125
125
125
125
125
125
125
125
125
125
125
125
125
125
125
125
125
125
125
125
125
125
125
125
125
125
125
125
125
125
125
125
125
125
125
125
125
125
125
125
125
125
125
125
125
125
125
125
125
125
125
125
125
125
125
125
125
125
125
125
125
125
125
125
125
125
125
125
125
125
125
125
125
125
125
125
125
125
125
125
125
125
125
125
125
125
125
125
125
125
125
125
125
125
125
125
125
125
125
125
125
125
125
125
125
125
125
125
125
125
125
125
125
125
125
125
125
125
125
125
125
125
125
125
125
125
125
125
125
125
125
126
125
125
125
125
125
125
125
125
125
125
125
126
125
125
125
125
125
125
125
125
125
125
125
125
125
125
125
125
125
125
125
125
125
125
125
125
125
125
125
125
125
125
125
124
125
125
125
125
126
125
126
126
126
126
125
125
125
126
125
126
126
125
125
125
125
125
125
125
125
125
125
125
126
125
126
125
125
125
125
126
125
125
125
125
125
125
125
125
126
125
125
125
125
125
126
125
125
126
126
125
125
126
125
125
125
125
125
125
126
125
126
125
126
125
126
126
126
125
125
126
125
125
126
125
125
126
126
125
125
125
125
125
125
125
126
125
126
125
125
126
125
126
125
125
125
126
125
125
125
125
126
125
125
126
125
125
126
125
125
125
125
125
126
126
125
125
125
126
125
125
126
125
125
125
126
125
125
125
125
125
125
126
126
125
126
126
125
126
126
126
126
132
