126
125
128
125
120
120
93
126
125
126
125
125
126
125
126
125
125
125
125
125
125
125
125
125
125
125
125
125
125
125
125
125
125
125
125
125
125
125
125
125
125
125
125
125
125
125
125
125
125
125
125
125
125
125
125
125
125
125
125
125
125
125
125
125
125
125
125
125
125
125
125
125
125
125
125
125
125
125
125
125
125
125
125
125
125
125
125
125
125
125
125
125
125
125
125
125
125
125
125
125
125
125
125
125
125
125
125
125
125
125
125
125
125
125
126
125
125
125
125
125
125
125
125
125
125
125
125
125
125
125
125
125
125
125
125
125
125
125
125
125
125
125
125
125
125
125
125
125
125
125
125
125
125
125
125
125
125
125
125
125
125
125
125
125
125
125
125
125
125
125
125
125
125
125
125
126
126
125
125
125
125
125
125
125
125
125
125
125
125
125
125
125
125
125
125
125
125
125
125
125
125
125
125
125
125
125
125
125
125
125
125
125
125
125
125
125
125
125
125
125
125
125
125
125
125
125
125
125
125
125
125
125
125
125
125
125
125
125
125
125
125
125
125
125
125
125
125
125
125
125
125
125
125
125
125
125
125
125
125
125
125
125
125
125
125
125
125
125
125
125
125
125
125
125
125
125
125
125
125
125
125
125
125
125
125
125
125
125
125
125
125
125
125
125
125
125
125
125
125
125
125
125
125
125
125
125
125
125
125
125
125
125
125
125
125
125
125
125
125
125
125
125
125
125
125
125
125
125
125
125
125
125
125
125
125
125
125
125
125
125
125
125
125
125
125
125
125
125
125
125
125
125
125
125
125
125
125
125
125
125
125
125
125
125
125
125
125
125
125
125
125
125
125
125
125
125
125
125
125
125
125
125
125
125
125
125
125
125
125
125
125
125
125
125
125
125
125
126
125
124
125
125
125
125
126
126
126
126
126
126
125
126
126
126
125
125
125
125
126
125
125
126
125
125
125
125
126
126
125
125
125
125
125
125
126
126
126
125
125
125
125
125
125
125
125
125
125
126
126
125
126
125
126
125
125
125
125
125
125
125
126
126
125
125
125
125
125
125
125
125
125
125
126
125
125
125
126
126
125
125
125
125
125
125
125
125
125
125
125
125
125
125
125
125
125
126
125
126
125
125
126
126
125
125
125
126
125
126
125
125
125
125
125
125
125
125
125
125
125
125
125
125
126
125
125
125
125
125
125
125
126
125
126
125
125
125
126
125
126
125
125
125
125
126
125
125
126
125
125
125
125
125
125
125
125
125
125
125
126
125
126
125
125
125
125
125
125
125
125
125
125
125
125
125
125
125
125
127
125
125
125
125
125
125
125
125
125
125
125
125
125
125
125
125
125
125
125
125
125
125
125
126
125
126
125
125
126
126
125
125
125
125
125
125
125
126
125
126
126
125
126
126
126
127
126
126
125
125
125
125
125
125
125
125
125
125
126
125
126
125
125
125
126
126
125
125
126
125
125
126
125
125
125
125
126
125
125
125
126
126
126
125
125
125
125
125
125
126
125
125
125
126
125
126
126
125
126
126
126
125
125
125
125
126
126
124
125
125
126
126
126
125
125
126
125
126
125
125
125
125
125
126
126
126
125
125
125
125
125
125
125
125
125
125
125
125
125
125
125
125
125
125
125
125
125
125
125
125
125
126
125
125
125
125
125
125
125
125
125
126
125
125
125
125
125
125
125
125
126
126
125
125
126
125
125
125
125
125
126
125
125
125
125
125
126
125
125
125
125
125
126
125
125
125
125
125
125
125
125
125
125
125
125
125
125
126
125
125
125
125
125
125
125
125
125
125
125
125
125
125
125
125
125
125
125
125
125
125
125
125
126
126
125
125
125
125
125
126
126
125
125
125
125
125
125
126
125
125
125
125
126
125
125
127
126
125
125
125
125
125
125
125
125
125
125
125
125
126
125
125
125
125
125
125
125
125
125
125
126
125
125
125
125
125
125
126
125
125
125
125
125
125
125
125
126
125
125
125
126
125
125
126
125
125
125
125
125
125
126
126
125
125
125
125
125
125
126
125
125
125
126
125
125
125
125
125
125
126
125
125
125
126
126
125
125
125
125
125
125
125
125
125
125
126
126
125
125
126
125
125
125
126
124
125
126
126
125
125
126
126
125
125
126
125
125
125
126
125
125
126
126
125
124
126
126
125
125
125
126
125
125
125
125
125
125
126
125
125
125
125
125
125
126
126
127
122
125
125
125
125
126
126
125
126
126
125
125
126
126
125
125
126
126
125
125
126
125
125
125
126
126
125
125
125
126
125
125
126
126
125
124
126
126
125
125
126
126
126
125
126
126
125
125
126
126
125
125
125
126
125
125
125
126
125
125
126
127
126
125
125
125
122
124
125
126
126
126
126
126
126
125
125
126
126
125
126
126
125
125
125
126
126
125
126
125
125
125
125
125
125
125
126
126
125
124
124
125
125
125
125
126
126
125
125
125
125
126
125
126
126
125
125
125
125
126
126
125
125
125
125
125
124
125
125
125
125
125
126
125
125
125
125
126
125
125
125
125
125
125
125
125
125
125
125
126
125
125
125
126
126
125
125
125
125
126
125
123
122
123
126
127
125
127
133
135
127
116
115
126
133
131
124
118
119
126
129
123
118
119
123
127
129
129
125
125
128
131
129
127
126
129
134
133
122
112
115
125
132
131
125
119
119
123
126
126
125
124
125
126
128
127
125
124
127
127
127
128
127
126
125
124
125
125
125
125
125
124
124
124
124
123
124
124
125
125
125
125
126
126
126
126
126
126
127
126
126
126
126
126
125
125
125
125
125
125
126
126
126
125
124
124
124
125
125
125
125
125
125
125
125
125
125
126
126
125
125
125
126
126
126
125
125
125
125
125
126
126
126
125
125
125
125
125
125
125
125
125
125
125
124
125
125
125
126
126
126
125
125
125
125
125
125
125
124
124
125
125
125
124
124
125
125
125
127
127
125
126
127
127
126
126
128
120
124
126
126
126
127
127
127
126
124
122
122
123
124
125
126
125
124
125
126
125
125
124
125
125
126
128
127
126
127
127
127
126
125
126
126
126
116
106
128
125
128
129
128
127
127
127
126
126
126
126
126
125
126
127
126
127
126
126
126
127
127
126
126
126
127
124
123
126
125
125
127
129
127
125
125
126
126
126
125
125
125
125
125
126
127
126
125
126
127
128
127
127
125
119
118
126
134
132
122
121
125
129
134
134
123
118
125
131
130
126
121
111
103
111
124
140
151
130
93
91
135
172
153
112
106
131
158
164
138
87
62
120
191
152
59
55
135
180
150
110
110
127
135
132
125
122
123
126
126
126
127
126
125
127
127
123
123
128
129
122
120
124
128
128
125
123
125
126
124
122
124
129
130
129
126
124
124
125
128
129
127
125
124
125
126
126
124
123
125
126
128
127
126
125
125
126
123
118
118
130
139
133
125
128
130
119
111
118
126
126
132
138
125
113
124
132
137
134
119
108
119
148
154
115
74
89
129
147
142
135
126
126
135
138
128
115
112
115
123
132
139
143
132
113
111
119
118
121
135
138
125
113
118
131
141
138
123
113
121
92
137
129
126
119
121
125
134
135
129
124
125
128
128
128
128
126
118
115
126
134
130
122
121
127
133
131
123
122
127
128
124
122
124
126
125
125
131
135
129
122
122
124
129
130
118
107
119
137
141
131
120
114
117
124
129
131
135
132
121
115
121
128
133
129
123
106
119
129
137
132
125
121
124
123
122
134
142
127
114
121
134
132
123
117
117
121
127
133
132
130
126
121
117
117
120
126
132
132
127
122
124
126
125
126
126
124
122
123
127
128
125
124
124
127
129
129
126
128
130
128
122
122
126
94
125
125
125
125
125
125
125
126
125
125
125
125
125
125
125
125
125
125
125
125
125
125
125
125
125
125
125
125
125
125
125
125
125
125
125
125
125
125
125
125
125
125
125
126
125
125
125
125
125
125
125
125
125
125
125
126
125
125
125
125
125
125
125
125
125
125
125
125
125
125
125
126
126
126
126
125
126
126
126
125
126
126
126
126
126
126
125
125
125
126
126
125
125
125
126
126
125
125
125
125
126
126
126
125
125
125
125
125
125
125
125
125
125
126
126
125
126
125
126
126
125
125
125
125
125
125
125
125
126
125
126
126
125
126
125
125
126
125
126
125
125
126
126
125
125
126
125
125
125
126
126
125
125
125
125
125
125
126
125
125
125
126
125
125
125
126
126
125
125
125
125
126
126
126
126
126
125
125
125
125
125
125
125
125
125
125
126
126
126
125
125
125
125
125
125
125
125
125
125
125
126
125
125
126
125
125
126
126
126
125
125
125
125
126
125
126
126
125
125
125
125
125
125
125
126
125
126
125
125
125
125
125
125
126
126
126
125
125
126
125
125
125
125
126
126
125
126
125
125
126
125
125
125
125
125
125
125
125
125
125
125
125
125
125
126
125
125
125
126
126
125
125
126
125
126
126
126
125
125
125
126
125
125
125
125
126
126
126
125
125
125
125
125
125
125
125
125
125
125
125
125
125
125
125
125
125
125
125
125
125
125
125
125
125
125
125
125
125
125
125
126
126
125
125
125
125
125
125
125
125
125
125
126
125
125
125
125
125
125
125
125
125
125
125
125
125
125
125
125
125
125
126
126
128
