126
126
126
125
124
125
73
125
125
125
125
125
125
125
125
125
125
125
125
125
125
125
125
125
125
125
125
125
125
125
125
125
125
125
125
125
125
125
125
125
125
125
125
126
125
125
125
125
125
125
125
125
125
125
125
125
125
125
125
125
125
125
125
125
125
125
125
125
125
126
125
125
125
125
125
126
125
125
125
125
125
125
125
125
125
125
125
125
125
125
125
125
125
125
125
125
125
125
125
125
125
125
125
125
125
125
125
125
125
125
125
125
125
125
125
125
125
125
125
125
125
125
125
125
125
125
125
125
125
125
125
125
125
125
125
125
125
125
125
125
125
125
125
125
125
125
125
125
125
125
125
125
125
125
125
125
125
125
125
125
125
125
125
125
125
125
125
125
125
125
125
125
125
125
125
125
125
125
125
125
125
125
125
125
125
125
125
125
125
125
125
125
125
125
125
125
125
125
125
125
125
125
125
125
125
125
125
125
125
125
125
125
125
125
125
125
125
125
125
125
125
125
125
125
125
125
125
125
125
125
125
125
125
125
125
125
125
125
125
125
125
125
125
125
125
125
125
125
125
125
125
125
125
125
125
125
125
125
125
125
125
125
125
125
125
125
125
125
125
125
125
125
125
125
125
125
125
125
125
125
125
125
125
125
125
125
125
125
125
125
125
125
125
125
125
126
125
125
125
125
125
125
125
125
125
125
125
125
125
125
125
125
125
125
125
125
125
125
125
125
125
125
125
125
125
125
125
125
125
125
125
125
125
125
125
125
125
125
125
125
125
125
125
125
125
125
125
125
125
125
125
125
125
125
125
125
125
125
125
125
125
125
125
125
125
125
125
125
125
125
125
125
125
125
125
125
125
125
125
125
125
125
125
125
125
125
125
125
125
125
125
125
125
125
125
125
125
125
125
125
125
125
125
125
125
125
125
125
125
125
125
125
125
125
125
125
125
125
125
125
125
125
125
125
125
125
125
126
125
125
125
125
125
125
125
125
125
125
125
125
125
125
125
125
125
125
125
125
125
125
125
125
125
125
125
125
125
125
125
125
125
125
125
125
125
125
125
125
125
125
125
125
125
125
125
125
125
125
125
125
125
125
125
125
125
125
125
125
125
125
125
125
125
125
125
125
125
125
125
125
125
125
125
125
125
125
125
125
125
125
125
125
125
126
126
125
125
125
125
125
125
125
125
125
125
125
125
125
125
125
125
125
125
125
125
125
125
125
125
125
125
125
125
125
125
125
125
125
125
125
125
125
125
125
125
125
125
125
125
125
125
125
125
125
125
125
125
125
125
125
125
125
125
125
125
125
125
125
125
125
125
125
125
125
125
125
125
125
125
125
125
125
125
125
125
125
125
124
125
125
125
124
124
125
125
126
126
126
125
125
126
126
125
125
125
126
126
125
124
123
123
124
125
124
124
125
126
126
126
127
127
125
124
125
126
126
124
123
124
126
127
126
125
124
126
127
126
124
123
123
126
128
126
125
127
127
124
121
122
126
126
124
123
125
127
127
123
121
124
130
131
126
121
121
125
127
128
127
124
122
123
125
126
126
125
125
125
125
125
125
124
124
125
127
128
126
125
124
125
126
126
125
123
121
125
136
142
129
100
92
121
154
155
128
108
108
123
141
142
113
86
111
162
175
133
79
84
131
151
140
129
124
123
122
121
122
129
125
109
117
147
145
110
100
133
154
136
110
99
115
150
154
116
94
111
136
143
131
116
116
130
136
130
123
122
122
123
124
124
122
126
131
129
125
124
125
125
123
120
121
129
135
117
111
156
162
93
55
109
223
233
78
98
48
255
255
69
36
208
255
113
15
136
255
110
254
129
255
242
177
10
255
204
42
81
160
145
97
82
125
184
156
66
85
151
136
92
105
139
146
128
117
129
131
104
97
129
150
133
110
113
130
138
128
111
111
125
136
139
132
121
117
120
122
120
121
126
127
123
120
122
125
137
158
148
89
69
128
170
148
109
99
130
164
136
85
99
147
157
130
106
100
110
129
146
138
117
124
133
116
105
135
160
125
91
114
143
137
127
137
136
111
92
108
145
164
146
113
102
120
134
128
116
115
123
127
128
129
132
136
135
118
98
109
151
162
116
79
103
150
162
138
117
112
115
121
126
130
137
141
120
90
97
143
163
133
102
108
131
143
140
123
108
113
130
137
130
124
120
118
124
137
139
122
108
114
127
134
135
129
121
117
118
123
129
133
129
120
116
119
122
128
137
139
131
120
112
116
130
138
131
123
117
114
121
131
130
122
118
123
128
131
133
133
125
118
121
124
122
123
125
123
118
122
131
136
132
125
121
121
124
128
131
126
116
114
125
134
128
119
118
124
133
138
131
120
120
126
126
123
121
123
127
124
121
124
127
126
125
125
125
124
124
128
130
124
119
124
128
126
126
128
124
120
121
126
128
127
125
124
125
125
123
121
122
125
126
125
125
126
127
128
128
125
125
128
128
122
120
123
124
122
121
124
127
127
127
128
126
125
126
127
125
125
126
126
122
121
122
125
127
127
125
124
124
124
125
126
125
124
126
128
125
122
123
125
125
125
125
124
123
119
125
127
125
126
128
127
125
125
127
128
125
121
122
125
126
125
126
126
125
125
126
127
126
126
127
128
126
123
121
122
125
125
125
126
126
124
125
126
125
125
125
125
125
126
125
125
124
125
125
126
127
125
124
124
125
125
127
127
127
125
124
122
123
125
127
126
126
127
126
125
124
124
125
125
125
125
124
125
128
127
124
125
128
126
122
121
123
123
124
126
128
126
125
127
130
128
123
122
125
126
125
123
123
124
125
127
127
125
124
125
125
125
125
125
125
124
125
126
127
126
125
124
124
125
125
123
124
127
129
127
125
125
126
127
127
126
124
124
124
123
124
125
125
125
126
126
126
125
124
126
126
127
126
124
124
124
125
126
126
123
123
125
126
126
125
125
126
125
125
125
126
126
125
125
126
127
127
125
124
125
126
126
125
125
125
126
126
126
125
124
124
126
125
123
123
126
127
125
124
124
125
125
125
126
127
128
126
124
123
125
126
125
125
125
125
124
125
127
127
125
125
126
131
125
124
124
124
122
122
121
123
125
126
125
125
126
128
128
126
125
126
127
126
124
123
124
124
125
125
126
126
126
126
127
128
127
125
122
122
124
125
125
124
126
125
127
123
124
124
126
128
127
126
125
125
125
124
123
125
126
125
124
125
126
126
124
122
123
126
128
126
123
124
126
126
126
125
125
126
126
127
125
125
126
125
124
124
124
125
127
126
123
123
126
128
126
125
125
124
123
124
125
126
126
125
124
126
128
127
124
123
124
125
126
125
124
124
125
125
126
125
125
124
124
124
124
126
126
126
125
123
122
123
126
127
127
126
124
125
126
124
124
123
123
125
126
127
126
125
125
126
126
125
124
125
125
125
126
125
125
125
126
125
125
124
124
124
125
125
124
125
128
127
125
124
124
125
126
125
124
123
122
125
126
126
126
127
128
127
125
124
124
125
125
126
125
127
126
125
124
124
126
126
125
125
125
125
125
124
124
123
124
125
126
125
125
126
127
127
125
125
125
127
128
125
124
123
124
127
127
125
122
123
125
128
126
124
125
124
125
125
125
124
123
123
124
125
126
125
123
123
124
126
128
128
126
126
127
127
126
123
123
124
125
126
126
125
124
125
126
125
125
126
127
123
123
124
125
124
123
124
126
127
126
125
124
126
126
126
125
123
73
117
127
128
131
131
133
133
131
129
127
127
127
126
126
126
125
125
125
126
127
127
126
126
126
126
125
125
125
125
125
126
127
126
125
126
128
128
125
124
125
125
125
124
126
126
125
125
126
125
126
126
125
72
125
126
126
126
126
126
126
126
126
125
126
126
126
126
126
125
126
126
125
126
125
126
125
126
125
126
125
126
126
125
126
125
125
126
126
126
126
126
125
126
126
126
126
126
126
126
126
126
126
125
125
125
126
126
126
126
126
126
126
126
126
126
126
126
125
126
125
125
125
125
125
125
125
125
125
125
125
125
125
125
126
125
125
125
125
125
125
125
125
125
125
126
125
125
125
125
125
125
125
125
126
125
125
125
125
125
125
125
125
126
125
125
125
125
125
125
125
125
125
125
125
125
125
125
125
125
125
125
125
125
125
125
125
125
125
125
125
125
125
125
125
125
125
125
125
125
125
125
125
125
125
125
125
125
125
125
125
125
125
125
125
125
125
125
125
125
125
125
125
125
125
125
126
125
126
125
125
125
125
125
125
125
125
125
125
125
125
125
125
125
125
125
125
125
125
125
125
125
125
125
125
125
125
125
125
125
125
125
125
125
125
125
125
125
125
125
125
125
125
125
125
125
125
125
125
125
125
125
125
125
125
125
126
125
125
125
125
125
125
125
125
125
125
125
125
125
125
125
125
125
125
125
125
125
125
125
125
125
125
125
125
125
125
125
125
125
125
125
125
125
125
125
125
125
125
125
125
125
125
125
125
125
125
125
125
125
125
125
125
125
125
125
125
125
125
125
125
125
125
125
125
125
125
125
125
125
125
125
125
125
125
125
125
125
125
125
125
125
125
125
125
125
125
125
125
125
125
125
125
125
125
125
125
125
125
125
125
125
125
125
125
125
125
126
125
126
125
125
125
125
125
125
125
128
