125
125
125
126
126
125
65
125
125
125
125
125
125
125
125
126
125
125
125
125
125
125
125
125
125
125
125
125
125
126
125
125
125
125
125
125
125
125
125
125
125
125
125
125
125
125
125
125
125
125
125
125
125
125
125
125
125
125
125
125
125
125
125
125
125
125
125
125
125
125
125
125
125
125
125
125
125
125
125
125
125
125
125
125
125
125
125
125
125
125
125
126
125
125
125
125
125
125
125
125
125
125
125
125
125
125
125
125
125
125
125
125
125
125
125
125
125
125
125
125
125
125
125
125
125
125
125
125
125
125
125
125
125
125
125
125
126
125
125
125
125
125
125
125
125
126
126
125
125
125
125
125
125
125
125
125
125
125
125
125
125
125
125
125
125
125
125
125
125
125
125
125
125
125
126
125
125
125
125
125
125
125
125
125
125
125
125
125
125
125
125
125
125
125
125
125
125
125
125
125
125
125
125
125
125
125
125
125
125
125
125
125
125
125
125
125
125
125
125
125
125
125
125
125
125
125
125
125
125
125
125
125
125
125
125
125
125
125
125
125
125
125
125
125
125
125
125
125
125
125
125
125
125
125
125
125
125
125
125
125
125
125
125
125
125
125
125
125
125
125
125
125
125
125
125
125
125
125
125
125
125
125
125
125
125
125
125
125
125
125
125
125
125
125
125
125
125
125
125
125
125
125
125
125
125
125
125
125
125
125
125
125
125
125
125
125
125
125
125
125
125
125
125
125
125
125
125
125
125
125
125
125
125
125
125
125
125
125
125
125
125
125
125
125
125
125
125
125
125
125
125
125
125
125
125
125
125
125
125
125
125
125
125
125
125
125
125
125
125
125
125
125
125
125
125
125
125
125
125
125
125
125
125
125
125
125
125
125
125
125
125
125
125
125
125
125
125
125
125
125
125
125
125
125
125
125
125
125
125
125
125
125
125
125
125
125
125
125
125
125
125
125
125
125
125
125
125
125
125
125
125
125
125
125
125
125
125
125
125
125
125
125
125
125
125
125
125
125
125
125
125
125
125
125
125
125
125
125
125
125
125
125
125
125
125
125
125
125
125
125
125
125
125
125
125
125
125
125
125
125
125
125
125
125
125
125
125
125
125
125
125
125
125
125
125
125
125
125
125
125
125
125
125
125
125
125
125
125
125
125
125
125
125
125
125
125
125
125
125
125
125
125
125
125
125
125
125
125
125
125
125
125
125
125
125
125
125
125
125
125
124
125
125
125
125
125
125
125
126
125
125
125
125
125
125
125
125
125
125
125
125
125
125
125
125
125
125
125
125
125
125
125
125
124
125
125
125
125
125
125
125
125
125
125
125
125
125
125
125
125
125
125
125
125
125
125
125
125
125
125
125
125
126
125
125
125
125
125
125
125
125
125
125
125
125
125
125
125
125
125
125
125
125
125
125
125
125
125
125
125
125
125
125
125
125
125
125
125
125
125
125
125
125
125
125
125
125
125
125
125
125
125
125
125
125
125
125
125
125
125
125
125
125
125
125
125
125
125
126
125
125
125
125
126
126
126
126
127
125
122
123
125
126
126
126
124
123
125
127
126
124
124
126
132
132
120
103
107
136
155
141
107
94
123
154
145
116
102
114
134
142
129
117
119
127
128
125
124
125
127
123
121
122
126
131
134
125
112
115
127
131
131
132
127
121
122
127
127
124
121
119
123
128
132
134
127
107
106
137
157
133
108
115
129
133
131
119
105
115
136
140
132
125
118
117
122
124
121
122
128
134
136
130
120
117
121
125
127
131
131
124
116
115
121
129
134
132
122
117
121
129
131
129
124
121
122
125
127
126
125
125
124
122
122
124
128
124
126
126
125
126
127
127
127
126
124
124
124
125
125
125
125
125
126
126
127
127
125
123
124
126
128
127
126
126
126
126
124
124
124
125
127
126
125
125
126
128
128
126
124
122
124
128
129
125
122
121
122
125
130
130
124
122
125
128
128
126
126
127
125
122
123
126
125
125
124
126
126
126
128
129
125
123
124
126
126
126
125
123
124
126
127
126
126
126
125
126
127
126
123
122
125
126
127
127
124
122
123
126
126
127
126
125
125
125
125
124
124
127
127
125
126
126
125
125
126
127
127
126
124
123
124
125
125
125
125
125
125
126
127
125
123
123
125
125
126
127
126
128
128
128
125
122
121
122
124
126
126
125
126
126
128
128
126
123
122
124
126
126
124
124
125
126
127
126
125
125
125
126
126
126
125
124
125
125
125
125
125
126
126
127
126
125
124
125
126
126
125
125
125
125
125
125
125
125
125
125
126
126
126
125
126
126
125
124
124
125
126
126
126
126
126
126
127
125
125
125
125
125
124
124
124
125
125
125
125
126
126
125
125
124
123
123
123
124
125
126
127
128
127
127
126
124
124
124
124
124
124
125
126
126
125
124
125
126
125
125
126
127
127
125
124
124
123
124
127
126
125
125
125
125
125
125
125
124
124
124
125
126
127
126
126
125
125
124
125
125
125
125
126
125
124
125
125
126
125
125
125
125
124
124
125
126
126
125
124
125
126
126
124
124
124
125
125
125
124
125
128
129
126
123
122
124
126
126
125
124
125
125
124
124
125
126
125
125
126
126
125
124
124
126
126
126
125
123
123
125
128
127
124
121
123
128
128
125
122
123
126
128
127
124
122
123
125
127
126
125
124
125
126
126
126
125
124
125
126
127
125
124
124
125
125
124
125
126
126
124
125
127
128
126
124
124
126
125
124
126
126
125
123
124
125
124
125
128
128
123
120
124
131
130
120
118
126
129
125
122
124
127
128
126
122
121
125
129
129
126
122
120
124
129
129
126
124
122
122
124
127
127
126
125
126
126
125
124
124
125
125
125
124
125
127
126
124
124
124
125
126
126
125
125
124
124
126
126
126
126
125
125
126
126
125
125
126
126
125
124
124
124
125
126
124
123
125
125
126
124
128
126
125
124
125
125
125
127
126
124
124
125
125
125
126
124
123
125
125
125
126
126
125
126
127
125
123
124
126
125
124
125
125
124
124
126
126
125
125
125
125
126
125
125
125
124
124
126
127
127
126
124
124
124
123
124
125
125
126
125
125
125
126
127
127
125
125
125
125
125
124
124
124
125
126
125
125
125
126
125
126
125
125
125
125
125
125
125
125
125
124
124
124
125
125
124
124
125
126
126
126
125
125
125
125
125
125
125
125
125
125
125
125
125
125
126
126
125
125
125
125
125
125
124
125
126
126
125
124
125
126
126
125
125
125
125
124
125
126
124
124
125
126
125
125
124
125
126
125
126
126
125
126
126
125
125
125
125
125
125
125
125
126
126
126
126
126
125
126
125
126
125
125
125
125
125
126
126
125
125
125
125
126
126
127
127
126
127
133
127
126
124
124
122
124
125
125
125
125
124
124
126
126
126
125
125
126
126
126
126
126
126
126
131
128
125
124
125
122
122
124
125
125
126
126
125
125
125
127
126
126
125
125
125
126
125
125
125
125
125
125
124
126
126
126
126
126
125
125
126
127
127
126
124
124
125
126
124
122
123
125
126
126
125
125
127
127
126
124
124
124
125
127
126
124
123
124
126
127
125
125
125
125
125
125
124
124
125
124
125
124
125
125
124
125
125
127
127
127
126
126
126
126
126
125
124
124
124
125
125
125
126
127
126
127
126
125
124
124
125
124
125
125
125
124
125
125
126
125
125
126
126
125
125
124
124
125
124
125
125
125
125
125
126
126
125
125
125
125
125
125
125
125
125
125
127
126
126
125
125
125
126
126
125
124
125
125
126
126
126
125
125
127
172
114
120
121
123
125
126
126
124
124
124
123
124
124
123
122
124
124
125
124
125
123
125
75
109
124
66
126
126
126
126
125
125
126
126
126
125
126
126
126
126
126
126
126
125
126
125
126
126
125
125
126
126
126
126
126
126
126
126
126
126
126
126
126
126
126
126
126
126
126
126
126
126
126
126
125
126
126
126
126
126
126
126
126
126
126
126
126
126
126
126
126
126
126
126
126
125
126
126
126
126
126
126
126
126
126
126
126
126
125
126
126
126
126
126
126
126
126
125
126
126
126
126
126
125
126
125
125
126
126
126
126
126
126
126
126
125
126
125
125
126
125
125
125
125
125
125
126
125
126
126
126
125
125
125
126
125
125
126
125
125
125
125
126
126
125
125
125
126
126
125
125
126
125
125
125
125
125
125
125
125
125
125
125
125
125
125
125
125
125
126
125
125
125
125
125
125
125
125
125
126
125
125
125
125
125
125
125
125
125
126
125
125
125
126
125
126
126
126
126
125
126
125
126
126
126
126
126
126
126
126
126
126
126
126
126
126
126
125
126
125
125
125
126
126
126
126
126
126
126
126
126
126
126
126
126
126
126
126
126
126
126
126
126
126
126
126
126
126
126
126
126
126
126
126
126
126
125
125
126
126
126
126
126
126
125
126
126
126
126
126
125
126
126
126
125
125
125
125
125
126
126
125
126
126
126
126
126
125
126
125
126
126
126
126
126
126
126
126
126
126
126
126
126
125
126
126
126
126
126
126
125
126
125
126
126
126
126
126
126
126
125
126
126
126
126
126
126
126
126
126
126
126
126
126
125
126
126
126
125
125
126
125
125
126
125
126
126
126
126
126
126
125
126
126
126
126
125
126
125
125
