126
124
125
127
126
124
76
125
125
125
125
125
125
125
125
125
125
125
125
125
125
125
125
125
125
125
125
125
125
125
125
125
125
125
125
125
125
125
125
125
125
125
125
125
125
125
125
125
125
125
125
125
125
125
125
125
125
125
125
125
125
125
125
125
125
125
125
125
125
125
125
125
125
125
125
125
125
125
125
125
125
125
125
125
125
125
125
125
125
125
125
125
125
125
125
125
125
125
125
125
125
125
125
125
125
125
125
125
125
125
125
125
125
125
125
125
125
125
125
125
125
125
125
125
125
125
125
125
125
125
125
125
125
125
125
125
125
125
125
125
125
125
125
125
125
125
125
125
125
125
125
125
125
125
125
125
125
125
125
125
125
125
125
125
125
125
125
125
125
125
125
125
125
125
125
125
125
125
125
125
125
125
125
125
125
125
125
125
125
125
125
125
125
125
125
125
125
125
125
125
125
125
125
125
125
125
125
125
125
125
125
125
125
125
125
125
125
125
125
125
125
125
125
125
125
125
125
125
125
125
125
125
125
125
125
125
125
125
125
125
125
125
125
125
125
125
125
125
125
125
125
125
125
125
125
125
125
125
125
125
125
125
125
125
125
125
125
125
125
125
125
125
125
125
125
125
125
125
125
125
125
125
125
125
125
126
124
125
125
125
125
126
126
126
126
125
125
125
125
125
125
125
125
126
125
126
125
125
125
126
125
125
125
125
125
126
126
126
126
126
126
126
125
125
126
125
126
125
125
126
126
125
125
126
126
126
125
126
125
125
125
126
126
125
126
125
126
125
126
125
126
125
125
125
125
125
125
126
126
126
125
125
125
126
125
125
125
125
125
125
125
125
125
125
125
125
125
125
125
125
125
125
125
125
125
125
125
125
125
125
126
125
125
125
125
125
125
125
125
125
125
125
125
125
125
125
125
125
125
125
125
125
125
125
125
125
125
125
125
125
125
126
125
125
125
125
125
125
125
125
125
125
125
125
125
125
125
125
125
125
125
125
125
125
125
125
125
125
125
125
125
125
125
125
125
125
126
125
125
125
125
125
125
125
125
125
125
125
125
125
125
125
125
125
125
125
125
125
125
125
125
125
125
125
125
125
125
125
125
125
125
125
125
125
125
125
125
125
125
125
125
126
125
125
125
125
125
125
125
125
125
125
125
125
125
125
125
125
125
125
125
125
125
125
125
125
125
125
125
125
125
125
125
125
125
126
125
125
125
125
125
125
125
125
125
125
125
125
125
125
125
125
125
125
125
125
125
125
125
125
125
125
125
125
125
125
125
125
125
125
125
125
125
125
125
125
125
125
125
125
125
125
125
125
125
125
125
125
125
125
125
125
126
125
125
125
124
125
125
125
124
124
125
126
127
127
125
124
125
127
127
124
124
127
128
125
122
123
125
125
122
121
125
129
129
124
121
125
132
131
123
118
122
129
128
122
122
124
123
125
130
132
126
120
122
126
126
125
122
121
127
135
134
126
118
115
117
122
133
141
133
116
107
115
131
138
132
124
122
123
126
126
127
126
125
125
125
123
124
125
123
123
126
130
131
126
120
117
121
126
130
132
129
123
118
121
128
131
127
121
119
120
122
135
168
153
64
36
118
206
195
154
63
1
118
255
255
34
150
127
255
255
231
23
255
183
93
212
145
2
65
212
189
89
73
97
110
135
175
152
69
72
169
190
107
67
90
140
181
152
77
65
138
178
133
85
102
148
155
127
110
116
125
126
125
125
120
118
127
136
130
121
119
125
129
123
116
121
133
134
121
120
137
139
110
96
131
178
157
60
17
127
255
211
29
12
165
215
110
83
189
180
9
15
216
255
116
37
79
204
163
90
103
131
130
126
128
124
122
134
138
123
108
110
122
129
130
132
131
126
121
118
115
120
134
139
124
110
118
136
140
124
110
115
127
132
131
128
125
123
124
126
126
123
118
115
122
133
134
127
122
124
128
131
127
115
113
126
135
137
133
122
115
119
127
133
129
117
114
124
126
123
128
132
125
118
125
136
132
118
117
130
134
123
116
123
132
131
123
118
120
126
132
133
128
123
121
119
119
123
130
133
128
124
121
119
120
126
132
131
126
125
125
116
112
128
143
137
121
120
130
130
121
116
123
128
124
120
123
125
126
127
125
122
120
125
130
129
125
127
129
125
120
120
123
128
135
136
125
111
111
127
138
135
123
117
121
125
124
124
129
133
130
118
108
112
129
140
136
128
123
115
113
127
140
132
120
123
128
121
119
125
127
127
131
129
117
117
126
130
129
128
125
122
122
125
127
130
129
122
118
119
123
128
128
125
125
128
129
125
123
124
124
124
127
126
123
122
124
129
130
126
123
123
127
127
124
122
124
125
125
126
127
124
123
123
123
124
127
127
125
124
124
125
125
125
127
128
126
122
123
127
128
127
126
125
123
122
123
126
127
126
125
125
124
123
125
128
129
127
125
125
124
122
123
126
127
125
125
124
123
124
124
126
126
126
125
125
125
125
126
125
124
124
124
124
124
125
126
127
126
125
125
126
126
126
125
123
123
124
125
126
126
126
125
124
125
125
126
126
125
123
124
126
126
124
124
125
126
125
123
123
125
127
127
126
126
125
125
125
125
125
125
124
124
125
125
126
126
126
125
125
130
124
124
124
124
125
127
126
123
123
125
127
126
124
124
126
128
126
124
125
126
125
124
125
126
126
125
125
125
125
126
127
126
124
124
125
125
125
125
127
127
125
125
126
126
126
125
124
124
127
128
126
123
124
126
126
124
124
127
129
126
123
125
128
128
126
126
126
124
123
123
125
126
126
126
125
124
126
126
127
127
126
125
125
125
126
127
124
122
124
126
126
125
125
126
127
128
126
124
125
126
126
127
127
124
123
124
126
127
126
125
124
125
126
125
125
125
126
127
128
127
129
124
125
126
125
123
122
121
123
126
127
126
125
126
127
127
126
125
125
126
127
127
126
125
125
124
124
125
126
125
125
125
127
129
127
127
126
124
123
124
124
126
126
125
125
124
124
124
125
126
125
125
126
125
125
126
127
126
125
125
125
125
125
125
125
125
124
124
125
126
126
126
126
126
125
125
125
126
126
125
125
125
126
125
125
125
125
125
125
126
126
126
124
125
125
125
125
125
125
125
125
125
125
125
125
125
125
125
125
124
126
127
126
124
124
125
127
127
126
126
126
125
125
126
126
124
124
125
124
124
125
127
126
124
123
126
128
127
125
125
126
125
125
126
126
125
125
124
125
126
126
124
124
124
125
124
126
127
125
124
126
126
126
126
125
125
125
125
125
125
126
125
123
126
127
126
125
125
125
124
126
128
127
124
124
125
125
125
125
125
125
125
125
125
126
126
126
125
125
126
127
128
127
126
125
125
126
125
124
124
124
125
126
125
125
126
126
125
126
125
125
124
124
125
138
78
129
120
129
129
131
132
130
127
126
125
126
125
126
126
127
126
127
126
126
125
125
125
90
103
132
128
129
132
131
131
132
130
128
128
128
128
128
127
126
126
127
128
127
126
125
126
127
128
127
126
125
125
126
126
127
127
127
128
128
127
125
124
125
127
126
115
124
125
128
130
130
128
126
127
127
127
127
126
125
125
125
126
127
125
124
125
127
126
126
125
124
124
126
126
126
124
124
125
126
126
125
126
125
125
125
125
124
125
125
125
124
123
126
127
127
127
126
126
126
125
125
124
125
126
125
123
124
125
126
126
125
125
125
126
127
126
125
126
126
125
125
125
125
125
125
126
126
127
126
125
123
126
127
126
124
122
124
125
126
127
127
125
125
126
125
125
124
125
125
125
130
127
125
124
123
125
126
124
123
125
125
126
126
126
126
125
125
75
125
125
125
125
125
125
125
125
125
125
125
125
125
125
125
125
125
125
126
126
126
126
126
126
126
126
126
126
126
126
126
125
126
126
126
126
126
125
126
126
126
126
125
126
125
126
125
126
126
126
125
126
126
126
126
126
126
125
126
126
126
126
126
125
125
126
126
126
126
126
126
126
125
126
126
125
126
125
126
126
126
126
126
125
125
125
126
125
126
126
126
125
126
125
126
125
125
125
125
126
125
125
125
125
125
125
125
125
125
125
125
125
125
125
125
125
125
125
125
125
125
125
125
126
126
125
126
125
125
125
125
125
125
125
125
125
125
125
125
125
125
125
125
125
125
125
126
126
125
125
126
125
125
125
125
125
125
125
125
125
125
125
125
125
125
125
125
125
125
125
126
125
125
125
125
125
125
125
125
125
125
125
125
125
125
125
125
125
125
125
125
125
125
126
125
126
125
125
125
125
125
125
125
125
125
125
125
125
125
125
125
125
125
125
125
125
125
125
125
125
125
125
125
125
125
125
125
125
126
125
125
125
125
126
126
125
125
125
125
125
125
125
125
125
125
125
125
125
125
125
125
125
125
125
125
125
125
125
125
125
125
125
125
125
125
125
125
125
125
125
125
125
125
125
125
125
125
125
125
125
125
125
125
125
125
125
125
125
125
125
125
125
125
125
125
125
125
125
125
125
125
125
125
125
125
125
125
125
125
125
125
125
125
125
125
125
125
125
125
125
125
125
125
125
125
125
125
125
125
125
125
125
125
125
125
125
125
125
125
125
125
125
125
125
125
125
125
125
126
126
126
126
126
126
