124
124
126
129
130
126
90
126
126
125
126
126
126
125
126
126
126
126
126
126
126
125
126
126
126
126
125
126
125
126
126
126
125
126
126
126
126
126
126
126
126
125
126
125
126
125
126
126
126
126
126
126
126
125
126
126
126
126
125
126
126
126
126
126
126
126
126
126
126
126
126
126
126
125
126
126
125
125
125
126
125
126
126
126
126
126
126
126
126
126
126
125
126
126
126
126
126
126
126
126
126
126
126
126
126
125
125
125
126
126
126
126
126
126
126
125
126
126
126
126
126
126
126
126
126
126
126
126
125
126
126
126
125
126
126
126
126
125
126
126
126
125
126
126
125
125
125
125
125
125
125
126
126
126
125
125
126
126
125
126
126
126
125
126
125
125
125
125
125
125
125
125
125
126
126
125
125
125
125
125
125
125
125
125
125
125
125
125
125
125
125
125
125
125
125
125
125
125
125
125
125
125
125
125
125
125
125
125
125
125
125
125
125
125
125
125
125
125
125
125
125
125
125
125
125
125
125
125
125
125
125
125
125
125
125
125
125
125
125
125
125
125
125
125
125
125
125
125
125
125
125
125
125
125
125
125
125
125
125
125
125
125
125
125
125
125
125
125
125
125
125
125
125
125
125
125
125
125
125
126
125
125
125
125
125
125
125
125
125
125
125
125
125
125
125
125
125
125
125
125
125
125
125
125
125
125
125
125
125
125
125
125
125
125
125
125
125
125
125
125
125
125
125
125
125
125
125
125
125
125
125
125
125
125
125
125
125
125
125
125
125
125
125
125
125
125
125
125
125
125
125
125
125
125
125
125
125
125
125
125
125
126
125
124
125
125
126
126
125
126
125
125
125
125
125
125
125
125
125
126
126
126
125
125
125
125
125
125
126
124
125
126
126
126
126
126
126
126
126
126
126
126
126
126
126
126
125
126
126
126
126
126
126
125
126
126
125
126
126
125
126
126
126
125
126
126
126
126
126
125
126
126
126
126
126
126
126
126
126
125
125
126
125
125
126
125
125
125
126
126
125
126
126
125
126
126
125
125
125
125
125
126
126
126
125
125
126
125
125
125
125
125
125
126
125
125
126
126
125
125
125
125
125
125
125
125
125
125
125
125
125
125
125
126
125
126
126
126
125
125
125
126
126
126
125
125
125
125
126
125
125
125
125
125
126
125
125
125
125
126
125
126
125
126
126
126
126
125
125
126
125
126
126
125
126
126
126
126
126
125
126
125
125
125
126
126
125
125
126
126
126
125
125
126
125
126
126
126
125
126
126
126
126
126
125
125
126
125
126
126
125
125
126
125
125
126
125
127
126
125
125
125
125
125
125
125
125
125
125
125
126
125
125
125
125
125
126
126
126
125
125
125
125
125
125
126
125
125
125
126
126
126
127
126
125
125
125
125
125
125
125
126
125
125
125
125
125
125
125
126
125
125
125
126
126
125
125
125
125
125
125
125
125
125
125
126
125
125
125
126
125
125
125
125
125
125
125
125
125
125
126
125
125
125
125
125
125
125
125
125
125
125
125
125
125
125
125
125
125
125
125
125
125
125
125
125
125
125
125
125
125
126
124
125
126
125
126
126
126
125
125
125
125
125
126
126
125
126
126
126
125
126
126
126
126
126
125
126
126
126
126
124
125
126
125
126
126
126
126
126
126
126
126
125
126
125
126
127
125
125
125
125
126
126
126
126
126
126
126
126
126
126
126
126
125
126
126
126
124
126
126
125
126
126
126
126
126
126
126
126
126
126
126
125
125
125
126
126
126
125
126
126
126
126
125
125
126
126
125
126
126
126
126
126
126
125
126
126
125
125
126
126
125
126
126
126
125
126
126
126
125
126
125
126
126
126
125
126
126
126
125
126
126
125
125
126
126
125
126
126
126
125
126
126
125
125
126
126
125
125
126
125
125
126
126
125
125
126
126
125
125
126
126
126
126
126
125
125
126
126
125
125
126
126
125
126
126
125
125
126
126
126
125
126
126
125
125
126
126
126
126
126
125
125
126
126
126
126
126
125
125
126
126
126
126
126
125
125
126
126
125
126
126
125
125
126
128
126
126
126
125
124
125
126
125
125
125
126
126
125
125
126
126
126
126
126
125
125
126
126
125
125
127
126
125
125
126
128
120
124
127
126
125
127
128
126
125
126
126
125
125
125
126
125
125
126
126
126
125
126
126
125
125
126
126
126
125
126
126
125
125
126
126
125
125
126
126
125
125
126
126
125
125
126
126
125
125
126
127
126
126
126
126
125
125
126
126
125
125
126
126
126
125
125
123
126
126
126
125
126
126
126
126
126
125
126
126
126
125
125
126
126
126
126
125
125
125
125
126
126
125
125
125
126
125
125
125
125
126
126
125
125
125
125
125
125
126
126
125
125
125
125
125
125
126
126
126
125
125
125
126
126
125
125
126
125
125
126
126
125
125
125
126
125
125
126
125
126
125
125
126
125
126
125
125
125
125
126
126
126
125
126
125
125
125
125
125
125
125
125
126
126
126
125
125
125
125
125
126
126
126
125
125
125
126
126
126
125
125
125
125
125
125
125
125
125
125
126
126
126
125
125
125
125
126
126
125
126
127
129
128
124
122
123
127
129
127
123
123
125
126
125
126
125
124
126
126
124
124
126
127
126
125
125
126
127
126
126
125
126
126
126
123
122
124
126
127
127
126
127
126
124
122
124
126
126
124
124
124
125
127
127
126
125
125
126
126
126
127
127
126
126
126
126
125
125
125
125
124
125
126
125
124
124
124
125
125
125
125
125
126
127
127
127
126
126
126
126
126
125
125
124
124
124
125
124
125
125
125
125
124
124
125
127
128
128
126
125
124
125
125
126
124
124
124
124
125
125
125
126
125
126
127
127
126
125
126
126
126
125
126
126
125
124
124
125
125
126
126
125
124
125
125
125
126
126
126
127
127
126
124
124
124
124
123
124
124
124
125
125
125
124
121
119
123
134
139
131
122
123
132
137
131
123
118
117
119
124
126
119
115
126
136
132
124
122
124
128
129
125
122
123
124
122
120
119
127
134
127
121
129
137
131
116
104
120
145
138
122
123
118
133
125
122
127
128
122
120
125
129
131
132
125
117
119
128
125
120
130
133
123
119
122
105
130
133
124
121
129
134
130
127
129
127
121
123
125
125
130
133
128
121
119
125
132
130
123
122
127
128
127
126
128
128
129
126
121
118
123
131
134
127
121
124
130
126
118
123
132
131
119
117
133
144
125
102
104
117
122
133
148
139
111
110
131
138
136
140
136
127
135
147
141
121
93
78
114
158
138
96
96
127
140
136
129
122
127
140
134
119
121
130
132
130
128
127
122
116
111
111
123
132
131
125
124
128
131
131
128
122
118
124
130
130
126
122
122
124
127
130
128
122
123
131
131
125
123
127
127
124
125
128
125
123
125
128
126
124
122
123
127
129
125
120
123
127
127
128
128
127
126
124
121
123
130
132
126
118
120
127
131
129
125
126
131
127
116
115
129
138
130
118
115
123
132
133
129
126
125
125
127
130
131
126
120
119
125
125
121
123
128
128
124
125
134
128
125
126
126
126
124
121
123
124
123
124
124
127
128
127
123
123
126
129
129
126
122
120
125
128
125
124
125
125
126
129
133
124
123
126
126
124
125
125
123
125
128
127
123
122
126
128
127
126
125
125
127
129
126
123
121
124
126
127
126
123
121
125
128
126
124
124
126
126
125
125
125
126
128
127
124
124
125
129
128
125
123
123
127
128
125
122
122
124
126
125
123
123
126
126
127
126
125
126
126
125
125
123
124
127
128
126
123
123
128
128
124
123
125
126
126
125
125
124
126
125
124
124
124
122
125
128
128
125
125
126
91
126
126
126
126
125
125
126
125
125
126
126
125
125
126
126
126
125
125
125
125
125
126
125
126
125
125
125
125
125
125
125
125
125
125
125
125
125
125
125
125
126
126
126
125
125
126
125
125
125
125
125
125
125
125
125
125
126
125
125
126
125
125
125
125
125
125
125
126
125
125
126
126
125
126
125
126
126
125
125
126
125
126
125
125
125
125
126
125
126
125
126
125
125
125
125
125
125
125
125
125
125
125
125
126
125
125
125
125
125
125
125
126
125
126
125
125
125
125
125
125
125
125
125
126
125
125
125
125
125
125
125
125
125
125
125
125
126
126
125
125
125
125
126
125
125
125
125
125
126
125
125
125
125
126
126
126
125
125
125
125
125
125
125
125
125
125
125
125
125
125
125
125
125
125
125
125
125
125
125
125
125
125
125
125
125
125
125
125
125
125
125
125
125
125
125
125
125
125
125
125
125
125
125
125
125
125
125
125
125
125
125
125
125
125
125
125
125
125
125
125
125
125
125
125
125
125
125
125
125
126
124
125
125
126
125
126
126
126
126
126
126
126
126
126
126
126
126
126
126
126
126
126
126
125
126
125
126
126
126
126
126
126
126
126
126
126
126
126
126
126
126
126
126
126
126
126
126
126
126
126
125
126
126
126
126
125
126
126
125
126
126
125
125
126
125
125
126
125
125
125
125
125
125
126
125
125
125
125
125
125
125
125
125
125
125
125
125
125
125
125
125
125
125
125
125
125
125
126
125
126
125
125
125
126
125
125
126
125
125
125
125
125
125
125
125
125
125
126
125
125
125
125
125
130
