121
124
129
130
128
124
88
126
125
126
125
126
126
125
125
126
125
126
125
126
126
125
125
126
126
125
126
125
125
126
125
125
125
125
125
126
125
126
125
126
126
126
126
125
126
126
125
126
126
125
125
125
126
126
125
126
125
126
126
126
125
126
126
125
125
125
126
126
125
125
126
126
126
126
125
126
126
126
126
126
126
126
126
125
125
125
125
125
125
126
126
126
125
125
125
125
126
126
126
125
125
126
126
125
125
125
125
125
126
125
126
126
125
125
125
125
125
125
125
125
125
125
125
125
125
125
125
125
125
125
125
125
125
125
125
125
125
125
125
125
125
125
125
125
125
125
125
125
125
125
125
125
125
125
125
125
125
125
125
125
125
125
125
125
125
125
125
125
125
125
126
125
125
125
125
125
126
126
125
125
126
126
125
125
125
125
125
125
125
125
125
125
125
125
125
125
125
125
125
125
125
125
125
125
125
125
126
125
125
125
125
125
125
125
125
125
125
125
125
125
125
126
125
125
125
125
125
125
125
125
125
125
125
125
125
125
125
125
125
125
125
125
126
125
125
125
125
125
125
125
125
125
125
125
125
125
125
125
125
125
125
125
125
125
125
125
125
125
125
125
125
125
125
125
125
125
125
125
126
125
125
125
125
125
125
125
125
125
125
125
125
125
125
125
125
125
125
125
125
125
125
125
125
125
125
125
125
125
125
125
125
125
125
125
125
125
125
125
125
125
125
125
125
125
125
125
125
125
125
125
125
125
125
125
125
125
125
125
125
125
125
125
125
125
125
125
125
125
125
125
125
125
125
125
125
125
125
125
125
125
125
125
125
125
125
125
125
125
125
125
125
125
125
125
125
125
125
125
125
125
125
125
125
125
125
126
126
125
125
125
125
125
125
125
125
125
125
125
125
125
125
125
125
125
125
125
125
125
125
125
125
125
125
125
125
125
125
125
125
125
125
125
125
125
125
125
125
125
125
125
125
125
125
125
125
125
125
125
125
125
125
125
125
125
125
125
125
125
125
125
125
125
125
125
125
125
125
125
125
125
125
125
125
125
125
125
125
125
126
124
125
125
125
125
125
125
125
125
125
125
125
125
125
125
125
125
125
125
125
125
125
125
125
125
125
125
125
125
125
125
125
125
125
125
125
125
125
125
125
125
125
125
125
125
125
125
125
125
125
125
125
125
125
125
125
125
125
125
125
125
125
125
125
125
125
125
125
125
125
125
126
126
125
125
125
125
125
125
125
125
125
125
125
125
125
125
125
125
125
125
125
125
125
125
125
125
125
125
125
125
125
125
125
125
125
125
125
125
125
125
125
125
125
125
125
125
125
125
125
125
125
125
125
125
125
125
125
125
125
125
125
125
125
125
126
125
125
125
125
125
125
125
125
125
125
125
125
125
125
125
125
125
125
125
125
125
125
126
125
125
125
125
126
126
125
125
125
126
126
125
126
125
125
125
125
126
125
126
125
125
125
125
125
125
125
125
125
125
124
131
124
123
123
124
125
125
126
127
126
126
126
125
125
125
125
125
125
125
125
125
125
125
125
126
126
125
125
125
125
125
125
125
125
125
125
125
125
125
125
125
125
125
125
125
125
125
125
125
126
126
125
125
125
125
125
125
125
125
125
125
125
125
125
125
125
125
126
125
125
125
125
125
125
125
125
125
125
125
125
125
125
126
125
125
125
125
125
125
125
125
125
125
125
125
125
125
125
125
125
125
125
126
124
125
125
125
125
126
126
125
125
125
126
125
125
125
126
125
125
125
125
125
125
126
125
125
126
126
125
125
126
125
125
126
126
125
125
126
123
124
126
126
126
126
126
126
126
126
125
125
126
126
126
125
125
125
126
126
125
126
125
125
125
126
126
125
126
126
123
125
126
126
126
126
126
126
126
126
126
126
125
126
126
125
125
126
126
126
125
126
126
125
126
126
125
125
125
126
125
125
125
125
126
125
126
126
125
125
125
126
125
125
126
126
125
125
126
126
125
126
126
125
125
126
126
125
125
126
126
125
125
126
126
125
125
126
126
125
125
126
126
125
125
126
125
125
126
126
126
125
125
125
125
126
126
126
125
125
126
126
125
125
125
126
126
125
126
126
125
125
126
126
125
125
126
126
126
125
125
126
126
125
126
126
125
125
125
126
126
125
126
126
126
125
126
126
125
125
125
126
126
125
125
125
125
125
126
126
125
125
126
126
126
126
125
125
128
126
126
125
125
124
125
125
126
125
125
125
125
125
125
125
125
125
125
126
126
126
126
125
126
126
125
126
125
125
126
126
125
125
125
126
126
126
127
124
124
124
125
126
126
127
128
126
125
125
124
125
125
125
125
125
125
125
125
125
125
125
125
126
126
126
126
125
126
125
125
125
125
125
125
125
125
126
126
125
125
125
125
125
125
125
125
125
125
125
125
126
125
125
126
126
126
125
125
125
125
126
125
125
125
124
123
125
125
126
126
126
126
126
126
126
125
126
126
125
126
126
126
125
125
125
125
125
125
125
125
125
125
125
125
125
125
125
125
125
126
126
125
125
125
125
125
125
125
125
125
126
125
125
125
126
127
125
125
124
124
126
127
127
126
125
125
126
125
125
125
124
124
125
125
125
125
126
126
126
126
126
126
126
126
125
125
125
126
126
126
126
126
124
124
125
125
125
126
126
126
125
125
125
126
126
125
125
125
126
125
126
127
126
124
124
125
125
126
126
125
125
125
125
125
124
124
124
125
126
126
126
126
126
126
126
125
124
125
124
124
123
124
123
124
124
125
126
127
128
130
132
134
134
132
124
117
113
110
112
118
124
128
130
129
130
129
130
131
133
132
128
124
120
118
119
121
124
126
126
122
121
126
124
117
122
134
140
134
128
129
124
118
126
133
121
114
124
128
117
118
128
128
119
123
135
139
129
120
124
128
121
112
118
138
147
126
104
114
132
128
126
138
131
103
104
133
134
106
102
133
164
166
139
107
117
140
117
92
121
162
139
90
83
120
150
152
132
112
111
123
129
122
119
131
141
128
109
115
138
149
136
111
100
120
149
144
122
103
89
98
161
186
122
66
111
184
173
95
66
114
155
141
112
118
134
137
131
120
112
126
140
132
112
113
136
139
118
112
126
134
125
121
129
134
127
121
119
120
123
129
133
130
121
118
121
127
131
128
124
128
131
124
119
125
132
127
119
123
131
126
110
109
129
141
132
118
118
135
160
150
99
83
127
153
125
90
97
131
153
146
124
113
126
141
127
105
112
139
147
131
120
124
128
122
114
116
119
122
140
162
148
103
81
112
152
146
112
123
116
101
109
138
138
120
128
138
125
105
118
143
143
135
133
116
100
116
137
126
116
120
131
138
131
118
115
126
135
132
121
117
124
126
124
123
128
132
131
125
119
125
128
133
129
124
127
126
119
116
122
131
134
124
115
114
124
130
128
124
124
132
137
131
117
110
121
136
137
122
112
119
133
136
127
114
119
121
124
129
131
128
125
125
125
124
123
124
127
130
127
125
124
124
123
127
130
128
125
125
127
126
127
129
125
121
122
125
126
126
126
125
150
130
109
127
123
124
126
124
125
127
125
121
122
128
128
125
123
121
124
129
131
128
124
123
122
121
124
126
124
121
123
129
132
130
127
127
123
117
122
124
128
130
128
127
131
131
125
122
125
128
125
125
125
124
124
129
130
126
125
124
124
123
126
128
127
125
123
122
126
130
130
125
120
114
117
128
131
131
129
124
123
129
132
126
121
124
131
136
131
125
123
119
118
124
131
132
126
121
121
124
125
126
125
126
126
122
123
128
130
126
123
123
126
131
130
123
119
122
128
129
124
123
127
132
127
122
124
129
127
87
126
125
125
125
125
125
125
125
126
126
125
125
125
125
125
126
126
125
125
125
125
125
126
126
125
125
126
126
126
126
125
125
125
125
126
125
125
125
125
125
125
125
125
125
125
125
126
125
126
125
125
125
125
125
125
125
125
125
125
125
125
125
125
125
125
125
125
125
125
125
125
125
125
125
125
125
125
125
125
125
125
126
126
125
125
125
125
125
125
125
125
125
125
125
125
125
125
125
125
125
125
125
125
125
125
125
125
125
125
125
125
125
125
125
125
125
125
125
125
125
125
125
125
125
125
125
125
125
125
125
125
125
125
125
125
125
125
125
125
125
125
125
125
125
125
125
125
125
125
125
125
125
125
125
125
125
125
125
125
126
125
125
125
125
125
125
125
125
125
125
125
125
125
125
125
125
125
125
125
125
125
125
125
125
125
125
125
125
125
125
125
125
125
125
125
125
125
125
125
125
125
125
125
125
125
125
125
125
125
125
125
125
125
125
125
125
125
125
125
125
125
125
125
125
125
125
125
125
125
126
125
125
125
125
125
126
125
125
125
125
125
126
125
125
126
125
126
126
126
125
125
125
125
125
126
126
125
125
125
126
126
125
126
125
125
126
126
125
125
125
125
125
125
125
125
125
125
125
126
126
126
125
126
126
125
125
125
125
125
125
125
125
125
125
125
125
125
125
125
125
125
126
125
125
125
125
125
125
125
125
125
125
126
125
125
125
125
125
125
125
125
125
125
125
125
125
125
125
125
125
125
125
125
125
125
125
125
125
125
125
125
125
125
125
125
125
125
125
125
125
125
125
125
123
