125
126
125
126
126
137
36
125
125
125
126
125
125
125
125
125
125
125
125
125
125
125
125
125
125
125
125
125
125
125
125
125
125
125
125
126
125
125
126
125
125
125
125
125
125
125
125
125
125
125
125
125
125
125
125
125
125
125
125
125
125
125
125
126
125
125
125
125
125
126
126
125
125
125
125
125
124
126
127
125
125
125
125
125
126
126
126
126
125
125
125
125
125
125
125
125
125
125
125
125
125
125
125
125
125
125
125
125
125
125
125
125
125
125
125
125
125
125
125
125
125
125
125
125
125
125
125
125
125
125
125
125
125
125
125
125
125
125
125
125
125
125
125
125
125
125
125
125
125
125
125
125
125
125
125
125
125
125
125
125
125
125
125
125
125
125
125
125
125
125
125
125
125
125
125
125
125
125
125
125
125
125
125
125
125
125
125
125
125
125
125
125
125
125
125
125
125
125
125
125
125
125
125
125
125
125
125
125
125
125
125
125
125
125
125
125
125
125
125
125
125
125
125
125
125
125
125
125
125
125
125
125
125
125
125
125
125
125
125
125
125
125
125
125
125
125
125
125
125
125
125
125
125
125
125
125
125
125
125
125
125
125
125
125
125
125
125
125
125
125
125
125
125
125
125
125
125
125
125
125
125
125
125
125
125
125
125
125
125
125
125
125
125
125
125
125
125
125
125
125
125
125
125
125
125
125
125
125
125
125
125
125
125
125
125
125
125
125
125
125
125
125
125
125
125
125
125
125
125
125
125
125
125
125
125
125
125
125
125
125
125
125
125
125
125
125
125
125
125
125
125
125
125
125
125
125
125
125
125
125
125
125
125
125
125
125
125
125
125
125
125
125
125
125
125
125
125
125
125
125
125
125
125
125
125
125
125
125
125
125
125
125
125
125
125
125
125
125
125
125
125
125
125
125
125
125
125
125
125
125
125
125
125
125
125
125
125
125
126
125
125
125
125
126
126
125
124
124
125
126
125
125
125
125
125
125
125
125
124
125
125
124
125
125
125
126
127
126
125
125
126
126
126
125
124
124
125
125
126
126
125
124
124
125
126
126
126
125
125
126
126
126
126
125
125
125
125
125
125
125
126
126
126
126
126
126
126
126
126
125
124
124
123
122
123
125
126
127
127
129
132
132
126
121
120
120
121
124
126
123
124
132
136
128
119
118
124
129
131
130
129
127
119
113
117
128
132
129
127
125
118
113
125
138
130
115
125
149
140
111
114
134
119
97
126
155
125
98
120
135
125
145
169
127
79
95
141
148
140
124
80
87
145
172
136
103
112
117
125
158
167
112
78
115
149
131
105
107
132
150
136
110
108
132
157
135
89
98
146
159
127
96
100
130
150
145
131
119
118
125
131
123
105
99
120
146
149
131
119
125
131
124
115
115
126
139
134
118
113
125
131
125
123
129
132
130
124
119
119
125
130
128
123
122
126
130
128
123
121
121
125
130
131
127
122
121
123
126
126
125
126
128
129
127
125
125
125
125
124
124
125
126
125
123
124
125
127
127
126
126
125
126
125
123
123
125
126
126
125
125
126
128
127
124
123
124
126
126
124
122
123
125
126
127
126
125
125
126
126
125
124
124
125
125
126
125
126
126
126
126
125
125
125
125
125
124
125
124
125
126
126
126
125
124
125
126
126
126
126
126
126
125
124
124
125
126
126
126
126
126
126
125
125
125
125
125
125
125
125
126
126
125
125
125
125
125
125
125
125
125
126
127
126
126
126
125
125
125
124
124
125
125
125
125
125
125
125
125
126
126
126
125
125
125
125
125
125
125
125
125
125
125
125
125
125
125
125
126
125
126
126
125
125
125
125
125
125
125
125
125
125
125
125
125
125
125
125
125
126
126
125
125
125
125
125
125
125
125
125
125
125
125
125
125
125
125
125
125
125
125
125
125
125
125
125
125
125
125
125
125
125
125
125
125
125
125
125
125
125
125
125
125
125
125
125
125
125
125
125
125
125
125
125
126
125
125
125
125
125
125
125
125
125
125
125
125
125
125
125
125
125
125
125
126
125
125
125
125
125
125
125
125
125
125
126
125
125
126
126
125
125
125
125
125
125
125
125
125
125
125
125
126
126
124
125
127
126
124
125
126
124
124
126
126
124
125
126
127
126
126
125
124
125
125
125
125
125
124
125
124
124
124
125
125
125
126
126
126
125
126
127
126
125
125
125
125
125
124
125
126
126
125
125
126
126
126
124
124
126
127
125
122
123
126
126
124
125
126
126
125
125
126
127
126
124
124
126
126
125
125
125
125
128
123
126
126
125
126
127
126
125
126
125
125
125
125
125
125
125
126
126
125
125
125
126
126
126
125
125
125
126
126
126
126
126
126
126
126
125
125
125
126
126
126
125
125
125
126
125
125
125
125
125
125
125
125
125
126
126
126
126
125
125
126
126
125
126
126
126
126
122
125
125
125
126
126
126
126
126
126
126
126
125
125
125
125
125
126
125
125
125
125
125
125
125
125
125
125
125
126
126
125
125
125
125
125
125
125
125
125
125
125
125
125
125
125
125
125
126
125
125
125
126
126
126
125
125
125
125
125
125
125
125
125
125
125
125
125
125
125
125
125
125
125
125
125
125
125
125
125
125
125
125
125
126
126
126
125
125
125
125
125
126
126
125
125
125
126
126
125
125
125
125
126
126
126
125
125
125
125
125
125
125
125
125
126
126
126
126
126
126
126
126
125
125
125
125
125
125
126
126
126
126
126
126
126
125
125
125
125
125
125
125
125
125
125
125
125
126
127
128
126
125
125
124
124
124
124
125
124
125
125
125
125
125
126
125
125
126
126
125
125
125
125
125
125
125
125
125
125
125
125
125
125
125
125
125
125
125
125
125
125
125
125
125
125
125
125
126
125
126
125
125
125
125
126
126
125
125
125
125
125
125
125
125
125
126
125
125
124
125
125
125
125
125
125
125
125
125
125
125
125
126
124
126
125
125
125
126
125
125
125
125
125
126
125
125
125
125
125
125
125
125
125
125
126
126
125
125
125
125
125
125
125
125
125
125
125
125
125
125
125
125
125
125
125
125
125
125
125
125
125
125
125
125
126
125
125
126
125
125
126
125
125
125
125
125
125
125
125
125
125
126
125
125
125
125
125
124
124
125
125
126
125
125
126
126
126
125
125
125
125
125
127
126
124
124
125
127
126
125
125
125
125
126
126
125
124
123
124
124
125
124
124
124
125
126
125
126
125
127
127
127
127
126
125
125
125
125
125
125
125
126
126
126
126
126
125
125
124
129
156
110
125
122
124
125
126
125
125
125
125
124
124
124
124
124
125
124
125
124
124
124
125
125
126
125
125
126
125
125
125
125
125
125
125
126
126
126
126
125
125
126
125
126
125
125
125
125
125
126
126
126
126
126
126
126
125
125
124
125
125
125
126
126
126
126
126
121
119
124
125
126
128
128
127
127
127
126
125
126
125
125
125
125
126
126
126
126
126
126
126
125
124
125
125
125
125
124
125
125
126
126
125
125
126
125
126
126
125
125
125
125
126
125
125
126
125
125
124
125
125
125
126
126
125
125
125
125
126
126
126
126
126
125
126
125
126
125
125
126
125
125
126
126
126
126
126
125
125
126
126
126
124
125
125
126
125
126
126
126
125
126
125
125
126
125
125
124
123
124
126
125
126
126
127
127
126
125
125
125
125
125
126
127
124
122
125
127
127
127
126
125
126
125
126
125
124
124
123
124
125
125
124
124
125
127
128
128
128
127
126
126
126
126
125
123
125
133
127
126
125
125
123
124
125
125
123
124
124
124
124
125
124
124
125
125
126
125
126
126
126
126
126
125
126
125
125
125
124
125
124
124
125
126
126
37
125
125
125
125
125
125
125
126
125
125
125
125
125
125
125
126
126
126
125
125
125
125
125
126
126
125
125
125
125
125
125
125
125
125
126
126
125
125
126
125
125
125
125
125
125
125
125
125
125
125
125
125
125
125
125
125
125
125
125
125
125
125
125
125
125
125
125
125
125
125
125
125
125
126
125
125
125
125
125
125
125
125
125
125
125
125
125
125
125
125
125
125
125
125
125
125
125
125
125
125
125
125
125
125
125
125
125
125
125
125
125
125
125
125
125
125
125
125
125
125
125
125
125
125
125
125
125
125
125
125
125
125
125
125
125
125
125
125
125
125
125
125
125
125
125
125
125
125
125
125
125
125
125
125
125
125
125
125
125
125
125
125
125
125
125
125
125
125
125
125
125
125
125
125
125
125
125
125
125
125
125
125
125
125
125
125
125
125
125
125
125
125
125
125
125
125
125
125
125
125
125
125
125
125
125
125
125
125
125
125
125
125
125
125
125
125
125
125
125
125
125
125
125
125
125
125
125
125
125
125
125
125
126
126
125
125
125
125
125
125
125
125
125
125
125
125
125
125
125
125
125
125
125
125
125
125
125
125
125
125
125
125
125
125
125
125
125
125
125
125
125
125
125
125
125
125
125
125
125
125
125
125
125
125
125
125
125
125
125
125
125
125
125
125
125
125
125
125
125
126
126
126
125
125
125
125
125
125
125
125
125
125
125
125
125
125
125
125
125
125
125
125
125
125
125
125
125
125
125
125
125
125
125
125
125
125
125
125
125
125
125
125
125
125
125
125
125
125
125
125
125
125
125
124
