123
118
129
143
141
130
77
125
126
125
126
126
126
126
126
126
126
126
126
126
126
126
126
126
126
125
125
125
126
125
126
126
126
125
125
126
126
126
125
126
126
126
126
125
125
125
125
125
125
125
126
126
125
126
126
125
126
125
125
126
125
126
126
126
126
125
126
126
125
125
125
125
126
126
125
126
125
125
126
126
126
126
126
126
125
126
126
126
125
125
126
125
125
126
125
125
126
126
126
125
125
125
125
125
125
125
125
126
126
126
126
125
126
126
126
125
125
125
126
125
125
125
126
126
126
125
125
126
126
126
125
126
126
125
126
125
126
125
125
125
125
126
125
126
126
126
125
125
125
126
126
126
126
126
125
125
126
126
125
126
126
126
126
126
125
126
125
125
126
126
126
126
126
126
126
126
125
125
125
125
125
126
125
125
126
125
125
125
125
125
126
125
125
126
125
125
126
125
126
125
125
125
125
126
125
125
125
125
126
126
125
126
125
126
125
125
125
126
125
125
126
126
126
126
126
126
126
126
127
126
126
126
125
125
125
125
125
125
125
125
125
125
125
125
125
125
125
125
125
125
125
126
125
125
125
126
125
125
126
125
125
125
125
125
126
126
125
125
125
125
125
125
125
126
126
125
125
125
125
125
125
125
125
126
125
125
125
125
125
126
125
125
125
125
125
125
125
125
125
125
125
125
125
125
125
125
125
125
125
125
125
125
125
125
125
125
125
126
125
125
125
125
125
125
125
125
125
125
125
125
125
125
125
125
125
126
125
125
125
125
125
125
125
125
125
125
125
125
125
125
125
125
125
125
125
125
125
125
125
125
125
125
125
126
125
125
125
125
125
125
125
125
125
125
125
125
125
125
125
125
125
125
125
125
125
125
125
125
125
125
125
125
125
125
125
125
125
126
125
125
125
125
125
125
125
125
125
125
125
125
125
125
125
125
125
125
125
125
125
125
125
125
125
125
125
125
125
125
125
125
125
125
125
126
126
125
125
125
125
125
125
125
125
125
125
125
125
125
125
125
125
126
125
125
125
125
125
125
125
125
125
125
125
125
125
125
125
125
126
125
125
125
125
125
125
125
125
125
125
125
125
125
125
125
125
125
125
125
125
125
125
125
125
125
125
125
125
125
125
125
125
125
125
125
125
125
125
125
125
125
125
125
125
125
125
125
125
125
125
125
125
125
125
125
125
125
125
125
125
125
125
125
125
125
125
125
125
125
125
125
125
125
125
125
125
125
125
125
125
125
125
125
125
125
125
125
125
125
125
125
125
125
125
125
125
125
125
125
125
125
125
125
125
125
125
125
125
125
125
125
125
125
125
125
125
125
125
125
125
126
125
127
126
127
126
124
120
124
131
131
120
110
112
130
147
137
111
121
150
142
106
67
91
201
233
90
5
125
225
145
62
103
143
145
140
114
111
130
138
110
103
141
166
138
103
73
83
151
201
159
76
64
143
177
121
96
133
146
111
85
112
164
203
180
41
42
99
255
255
14
72
112
255
205
44
46
143
157
118
145
157
99
77
123
143
133
139
127
100
106
134
134
119
128
141
128
108
109
123
132
138
137
124
111
114
130
136
124
112
120
135
134
123
125
132
126
110
108
122
140
148
137
114
107
127
142
120
92
111
164
179
131
77
72
116
167
171
132
103
108
121
129
142
136
108
98
122
139
132
130
136
132
121
120
126
125
120
122
127
126
123
125
128
125
120
123
130
133
130
126
122
122
125
128
127
123
122
125
128
129
126
122
122
125
126
126
124
124
127
128
129
129
127
124
122
123
125
125
123
123
125
127
127
126
126
128
130
129
125
124
126
124
120
124
131
129
122
124
129
124
119
122
125
126
128
127
123
123
128
130
126
124
125
126
125
123
124
125
125
126
127
125
124
126
127
127
125
124
125
126
126
125
124
124
123
124
126
127
127
127
127
127
126
124
122
122
125
126
127
125
124
124
126
128
128
126
124
124
127
128
127
124
124
125
127
126
123
122
125
127
125
123
125
125
123
124
127
129
127
124
124
126
127
125
123
125
127
126
124
124
126
128
127
124
124
126
127
126
124
124
125
126
125
124
125
124
122
123
126
130
125
124
123
125
129
127
125
125
128
127
124
125
126
126
125
122
122
126
127
126
125
125
124
124
125
126
124
125
127
127
124
123
124
127
129
127
125
126
126
127
126
125
126
126
125
124
125
125
125
125
126
126
125
125
125
126
125
125
124
125
126
128
128
127
126
125
122
124
124
125
127
127
126
126
127
125
123
123
125
127
128
128
126
124
124
128
129
123
119
122
126
128
127
127
127
127
125
123
123
126
128
126
125
125
126
125
125
123
124
126
129
127
123
124
127
128
126
123
122
126
128
126
125
126
126
123
124
126
126
125
126
127
126
126
126
126
125
123
125
127
126
126
125
125
126
126
126
125
126
125
124
123
125
127
127
125
125
126
126
127
126
125
125
125
126
126
125
124
125
125
125
125
126
126
126
125
126
126
126
126
126
125
125
126
126
125
125
125
125
125
126
127
126
125
125
125
125
125
126
127
127
126
125
124
126
126
127
126
125
124
124
126
127
127
129
125
124
125
127
125
124
124
125
125
125
125
126
125
125
125
126
126
126
126
126
126
125
125
125
124
127
126
126
126
125
125
125
125
124
124
125
127
130
127
125
125
127
126
124
123
125
126
126
125
124
125
126
126
126
125
125
125
126
126
125
125
125
125
125
126
127
126
124
124
125
126
126
125
125
125
125
125
126
126
124
124
124
125
126
125
125
125
126
126
125
126
126
126
126
126
126
127
126
125
125
125
124
125
125
125
124
125
126
125
125
125
126
125
124
124
125
127
126
124
124
126
128
127
126
124
124
126
127
126
124
125
127
127
125
123
124
125
125
124
122
125
126
126
125
125
125
126
125
126
126
126
125
125
125
126
126
126
126
125
124
125
125
126
125
126
125
125
126
126
126
125
125
125
126
126
126
126
124
124
125
126
126
126
125
126
126
125
124
129
116
124
125
125
125
126
127
126
124
124
124
126
127
127
127
126
126
125
124
123
125
126
127
125
124
126
128
127
126
126
126
127
126
125
124
124
127
127
126
125
125
125
126
125
124
125
126
126
126
124
125
127
127
126
124
123
125
125
125
125
125
126
126
126
126
124
117
124
127
127
126
126
126
126
126
127
126
125
126
126
127
127
126
125
125
127
127
126
125
123
120
122
127
129
124
123
126
127
123
123
127
127
125
125
127
127
124
122
124
126
126
127
125
123
123
127
127
125
126
128
125
124
126
125
121
121
124
126
126
128
127
125
125
127
126
126
124
125
126
125
125
126
125
124
124
125
125
124
123
125
127
128
127
125
125
126
125
124
123
124
125
126
125
124
125
126
127
126
127
126
125
126
125
125
125
125
125
126
125
124
124
124
125
125
126
127
125
124
124
125
127
127
126
125
124
125
126
127
126
125
124
124
125
126
125
124
124
126
125
125
126
126
125
124
129
128
126
125
126
123
122
123
124
125
126
126
126
125
125
125
125
124
125
126
128
127
126
124
121
123
124
127
128
128
125
123
122
122
122
122
125
128
129
130
128
127
126
124
121
121
121
126
127
131
129
128
125
123
122
122
124
125
126
126
126
126
124
125
126
125
124
125
125
126
126
126
127
126
125
124
124
124
125
124
125
127
125
125
125
125
127
126
124
124
125
125
126
125
125
127
128
127
126
125
124
124
124
124
125
126
126
125
126
125
126
126
125
125
127
127
125
124
122
124
124
125
128
80
117
126
131
128
131
130
130
129
129
128
125
125
127
128
126
126
125
127
127
126
125
125
125
126
101
79
131
129
134
134
133
132
133
132
76
126
125
125
125
125
125
125
125
126
126
125
125
125
125
125
125
125
125
125
125
125
125
125
125
125
125
125
125
125
125
125
125
125
125
125
125
125
125
125
125
125
125
125
125
125
125
125
125
125
125
125
125
125
125
125
125
125
125
125
125
125
125
125
125
125
125
125
125
125
125
125
125
125
125
125
125
125
125
125
125
125
125
125
125
125
125
125
125
125
125
125
125
125
125
125
125
125
125
125
125
125
125
125
125
125
125
125
125
125
125
125
125
125
125
125
125
125
125
125
125
125
125
125
125
125
125
125
125
125
125
125
125
125
125
125
125
125
125
125
125
125
125
125
125
125
125
125
125
125
125
125
125
125
125
125
125
125
125
125
125
125
125
126
126
126
126
125
125
125
125
125
126
125
125
125
125
125
125
126
125
125
125
126
126
126
126
126
126
126
126
126
125
125
125
125
126
126
126
126
126
125
125
125
126
125
125
126
126
126
126
126
126
126
125
126
126
126
125
125
126
125
126
126
126
125
125
126
126
125
125
126
126
126
126
125
125
125
125
125
125
125
125
125
126
125
126
125
126
125
125
125
125
125
125
126
125
126
125
125
125
126
125
125
125
126
125
125
125
126
125
125
126
126
125
125
126
126
125
126
126
126
125
126
125
125
125
126
125
126
126
125
126
125
125
125
125
126
126
125
126
125
126
126
125
126
126
126
126
125
125
126
125
125
126
126
125
126
126
125
126
126
126
126
126
125
125
125
125
125
126
125
126
126
125
126
125
126
125
125
126
126
126
126
125
125
126
126
126
126
125
125
126
125
125
