127
125
118
121
128
127
97
125
125
125
125
125
125
125
125
125
125
125
125
125
125
125
125
125
125
125
125
125
125
125
125
125
125
125
125
125
125
125
125
125
125
125
125
125
125
125
125
125
125
125
125
125
125
125
125
125
125
125
125
125
125
125
125
125
125
125
125
125
125
125
125
125
126
124
125
125
125
125
126
126
126
125
126
126
126
126
126
126
125
125
126
125
125
126
126
126
125
126
125
125
126
126
125
125
126
126
126
125
125
125
126
125
125
125
126
125
125
125
126
126
125
126
126
126
125
125
125
126
125
126
126
126
126
125
125
125
125
125
125
125
125
126
126
126
126
126
126
126
126
126
126
125
125
126
125
126
125
125
125
125
125
125
125
125
126
125
126
125
125
125
125
125
126
125
125
125
125
125
126
125
125
125
126
125
125
125
125
126
126
125
126
126
125
125
125
126
125
125
125
126
126
125
125
125
126
125
125
125
125
125
125
125
125
125
126
126
125
126
125
125
125
125
125
125
125
125
125
125
125
126
125
125
125
125
126
125
125
125
125
126
125
126
126
125
126
126
125
125
126
126
126
126
125
125
126
125
125
126
126
125
125
125
125
125
125
125
125
126
125
125
126
126
125
126
125
125
125
125
126
125
125
126
125
126
125
126
126
125
126
126
126
125
125
125
125
125
125
125
125
125
125
125
125
125
125
125
125
125
125
125
126
125
125
126
125
125
125
125
125
125
125
125
125
125
125
125
125
125
125
125
125
125
125
125
125
125
125
125
125
125
125
125
125
125
125
125
126
125
125
125
125
125
125
125
125
125
125
125
126
125
125
125
125
125
125
125
125
125
125
125
125
125
125
125
126
125
125
125
125
125
125
125
125
125
125
125
125
125
125
125
126
125
125
125
125
125
125
125
125
125
125
125
125
125
125
125
125
125
125
125
125
125
125
125
125
125
125
125
126
125
125
125
125
125
125
125
125
125
125
125
125
125
125
125
125
125
125
125
125
125
125
125
125
125
125
125
125
125
125
125
125
125
125
125
125
125
125
125
125
125
125
125
125
125
125
125
125
125
126
125
125
125
125
125
125
125
125
125
125
125
125
125
125
125
125
125
125
125
125
125
125
125
125
125
125
125
125
125
125
125
125
125
125
125
125
125
125
125
125
125
125
125
125
126
125
125
125
125
125
125
125
125
125
125
125
125
125
125
125
125
125
125
125
125
125
125
125
125
125
125
125
125
125
125
125
125
125
125
125
125
125
125
125
125
125
125
125
125
125
125
125
125
125
125
125
125
125
125
125
125
125
125
125
125
125
125
125
125
125
125
125
126
125
126
124
124
125
125
125
126
126
126
126
125
126
125
125
126
126
125
125
125
126
126
126
125
126
126
125
125
125
126
126
126
126
126
126
126
126
126
125
126
125
126
125
125
126
126
126
126
126
126
126
125
126
126
125
125
125
126
126
126
126
126
125
125
125
126
125
125
125
126
125
125
125
125
126
126
125
125
125
125
125
125
125
126
125
125
125
126
125
126
126
125
125
125
125
125
126
126
126
126
126
125
125
126
125
125
125
125
126
126
125
126
125
125
125
125
126
125
126
126
127
126
126
125
125
125
125
125
125
125
125
125
125
125
125
125
125
125
125
125
125
125
125
125
126
127
126
125
125
125
125
125
125
125
125
125
125
125
125
125
125
125
125
126
126
125
125
125
125
125
125
125
125
125
125
125
125
125
126
125
126
125
125
125
125
125
125
125
125
125
125
125
125
125
125
125
126
125
126
126
125
125
125
125
125
125
125
125
125
125
125
125
125
125
125
125
125
125
125
125
126
126
125
126
125
125
125
126
125
125
125
125
125
125
125
125
125
126
125
125
125
125
126
125
126
125
124
124
125
125
125
125
125
126
126
126
126
125
125
125
125
125
125
125
125
125
125
125
125
125
125
125
125
125
125
125
125
125
125
125
125
125
125
125
125
126
126
125
125
126
126
125
125
125
125
125
125
126
125
125
125
125
125
125
125
125
125
125
126
126
126
126
126
126
126
125
125
125
124
125
125
125
125
125
125
126
126
126
126
126
125
125
125
125
124
125
125
125
125
125
125
125
125
125
125
125
125
125
125
125
126
126
124
125
125
125
125
125
125
125
125
125
125
125
125
125
126
125
125
125
125
126
125
124
125
125
125
125
125
126
125
125
125
125
125
125
125
125
125
125
125
125
125
125
125
125
125
125
125
125
125
125
125
125
125
125
125
125
125
125
125
125
125
125
125
125
125
125
125
125
125
125
125
125
125
125
125
125
125
125
125
125
125
125
125
125
125
125
125
125
125
125
125
125
125
125
125
125
125
125
125
127
123
125
125
125
126
126
126
126
126
125
125
125
125
125
125
125
126
126
125
125
125
124
121
125
126
125
127
127
126
126
126
126
126
126
125
126
125
126
126
126
126
126
126
126
126
126
126
125
125
126
126
126
126
125
125
125
126
126
125
125
126
126
126
125
126
126
123
123
125
126
125
126
127
127
126
126
126
126
126
126
125
126
126
126
125
125
125
126
126
125
125
125
126
125
125
125
125
125
125
126
126
124
124
125
125
123
123
123
125
130
135
136
133
130
129
125
112
103
117
138
133
111
104
119
131
131
128
123
124
139
150
137
120
123
131
126
121
121
122
125
129
126
121
118
123
126
121
119
124
128
126
125
126
126
125
128
130
129
128
128
127
127
129
128
124
122
123
125
123
122
124
125
124
124
126
127
126
124
124
125
125
124
125
126
125
125
130
131
127
125
126
128
126
122
122
126
129
125
123
125
127
126
124
125
126
125
124
126
129
126
122
122
126
130
126
120
125
129
128
125
123
125
128
126
123
125
127
126
124
125
127
126
122
123
127
128
124
122
125
128
126
126
127
126
126
125
122
123
127
126
123
124
128
126
123
123
127
128
125
123
125
127
125
124
124
125
125
125
124
125
125
125
123
124
126
128
125
125
127
128
128
127
126
125
125
125
124
124
125
125
125
124
124
126
124
121
124
127
127
125
123
125
127
127
125
125
126
126
126
126
127
127
125
125
126
128
127
124
122
124
128
126
123
123
125
126
124
122
123
125
125
124
125
127
127
126
125
126
128
127
125
124
125
126
125
124
124
125
126
126
125
127
127
125
123
124
124
125
125
125
125
126
127
127
126
125
125
122
116
117
128
132
125
121
136
165
154
90
64
113
161
155
110
89
116
149
150
122
97
115
154
143
108
111
131
133
132
134
123
106
110
123
135
146
143
116
94
118
157
144
107
105
127
132
124
123
127
125
122
127
129
122
121
127
131
128
121
118
122
125
126
126
126
126
124
127
132
132
126
121
123
126
126
122
120
122
126
127
126
125
125
126
127
127
125
123
124
126
125
122
123
126
127
126
125
125
127
128
127
123
123
123
126
125
126
126
126
127
126
124
125
126
126
125
124
124
125
125
125
125
125
125
126
126
126
126
127
125
124
124
125
124
125
125
122
122
125
126
118
112
126
148
142
119
115
127
133
129
126
125
125
127
130
126
116
109
116
131
133
125
121
124
129
130
127
124
125
125
123
121
123
124
124
125
126
127
127
158
121
121
124
127
129
127
126
126
124
121
120
122
121
120
120
124
126
127
128
128
128
125
123
123
125
124
121
121
124
125
127
137
141
124
106
117
137
133
118
116
114
109
133
160
134
100
114
140
141
127
119
119
123
130
130
123
119
120
126
129
124
122
128
131
127
124
126
119
126
116
118
128
133
129
127
129
127
125
125
129
126
124
124
125
127
128
125
123
125
128
124
122
125
125
125
126
125
124
125
125
125
126
128
129
127
124
125
126
126
126
126
124
121
122
98
125
125
125
125
125
125
125
125
125
125
125
125
125
125
125
125
125
125
125
125
125
125
125
125
125
125
125
125
125
125
125
125
125
125
125
125
125
125
125
125
125
125
125
125
125
125
125
125
125
125
125
125
125
125
125
125
125
125
125
125
125
125
125
125
125
125
125
125
125
125
125
125
125
125
125
125
125
125
125
125
125
125
125
125
125
125
125
126
126
126
125
126
125
125
126
126
125
125
126
125
126
126
125
125
125
125
126
126
126
125
126
126
126
126
126
125
126
126
126
125
125
125
125
126
125
125
125
125
126
126
125
125
125
125
126
126
125
126
125
126
126
125
125
126
126
125
125
125
126
125
125
125
125
126
125
126
125
125
125
125
125
125
125
125
125
125
125
125
125
125
125
125
125
125
125
125
125
125
125
125
125
125
125
125
125
125
125
125
125
125
125
125
125
125
125
125
125
125
125
125
125
125
125
125
125
126
125
125
125
125
125
125
125
125
125
125
125
125
125
125
125
125
125
125
125
125
125
125
125
125
125
125
125
125
125
125
125
125
125
125
125
125
125
125
125
125
125
126
125
125
126
125
125
125
126
126
125
125
125
125
125
125
125
125
125
125
125
125
125
125
125
125
125
125
126
125
125
125
125
126
125
125
125
125
125
125
125
125
125
125
125
125
125
125
125
125
125
126
125
125
125
125
125
125
125
125
125
125
125
125
125
125
125
125
125
125
125
125
125
125
125
125
125
125
125
125
125
125
125
126
125
125
125
125
125
125
125
125
125
125
125
125
125
125
125
125
125
125
125
125
125
125
125
122
