127
124
125
131
129
125
79
125
125
125
125
125
125
125
125
125
125
125
125
126
126
125
125
125
125
125
125
125
125
126
125
125
126
126
126
125
125
125
125
125
125
125
125
125
125
125
125
125
125
125
125
125
126
125
125
125
125
126
125
125
125
125
125
125
125
125
126
126
125
125
126
125
125
125
125
125
125
125
125
125
125
125
125
125
125
125
125
126
125
125
125
125
125
125
125
125
125
125
125
125
125
125
125
125
126
125
125
125
125
125
125
125
125
125
125
126
126
126
125
125
125
125
125
125
125
125
126
125
125
125
125
125
125
125
125
125
125
125
125
125
125
125
125
125
125
125
125
125
125
125
125
125
125
125
125
125
125
126
125
125
125
125
125
125
125
125
125
125
125
125
125
125
125
125
125
125
125
125
125
125
125
126
125
126
125
125
125
125
125
125
125
125
125
125
125
125
125
125
125
125
125
125
125
125
125
125
125
125
125
125
125
125
125
125
125
125
125
125
125
125
125
125
125
125
125
125
125
125
125
125
125
125
125
125
125
125
125
125
125
125
125
125
125
125
125
125
125
125
125
125
125
125
125
125
125
125
125
125
125
125
126
125
125
125
125
125
125
125
125
125
125
125
125
125
125
125
125
125
125
125
125
125
125
125
125
125
125
125
125
125
125
125
125
125
125
125
125
125
125
125
125
126
126
124
126
125
126
126
126
126
126
126
126
126
126
126
126
126
126
126
126
126
126
126
126
126
126
126
126
126
126
126
126
126
126
126
125
125
126
126
125
126
126
126
126
126
126
126
126
126
126
125
126
126
126
126
125
125
126
126
126
126
126
126
126
126
126
126
126
126
126
126
126
126
126
126
125
125
126
126
126
126
126
126
126
126
126
126
125
125
125
126
125
125
125
125
126
126
125
125
125
125
126
126
126
125
125
126
125
126
126
126
125
125
125
126
126
125
126
126
125
126
126
125
125
125
126
126
126
126
126
125
125
126
126
125
126
125
125
125
125
125
126
126
125
126
125
125
125
126
125
125
126
126
125
125
126
125
125
126
126
125
126
126
126
125
125
125
125
126
125
125
125
126
125
125
125
125
125
126
125
126
125
125
126
126
126
125
125
125
125
125
125
126
125
125
126
126
126
126
125
126
125
126
126
125
125
125
125
125
126
125
125
125
125
126
126
126
126
126
126
126
126
125
125
125
126
126
126
125
125
125
125
125
125
126
125
125
125
125
125
125
125
125
125
125
125
125
125
125
125
125
125
125
125
125
125
125
125
125
125
125
125
125
125
125
125
125
125
125
125
125
125
125
125
125
125
127
126
126
125
125
125
125
125
125
125
125
125
125
126
126
126
126
125
125
125
127
127
126
125
122
117
116
123
131
135
133
132
128
119
116
125
132
124
118
129
132
125
123
133
111
84
136
206
147
24
87
206
172
43
107
220
141
29
103
183
159
102
101
103
118
173
173
116
68
99
152
157
121
106
117
128
135
136
122
109
121
138
134
123
121
125
128
126
119
114
120
130
136
133
129
125
120
118
124
130
132
131
125
117
114
121
131
135
131
123
117
118
127
136
132
123
119
123
129
128
123
121
124
128
129
128
125
123
123
126
126
125
125
124
125
127
127
125
124
126
127
126
125
124
124
125
126
127
125
124
125
127
128
128
126
124
122
123
125
125
124
123
125
128
128
125
123
125
128
127
124
123
124
126
126
125
124
124
125
127
127
126
125
126
126
126
126
127
126
125
125
125
125
125
125
124
124
125
125
125
125
125
126
126
126
126
126
126
126
125
125
125
125
125
125
125
125
126
126
125
126
126
127
126
125
126
125
124
125
126
125
125
126
126
125
125
126
125
125
125
125
126
126
125
125
125
126
125
124
125
126
126
125
125
125
125
126
126
126
127
125
125
125
125
125
124
125
125
125
125
126
125
125
125
126
126
126
125
125
125
126
125
125
125
125
125
125
125
126
126
125
125
126
127
126
125
125
126
124
125
124
124
126
126
125
124
125
126
127
125
124
126
126
126
126
125
125
125
126
126
125
125
125
126
125
125
126
126
125
125
125
126
125
125
125
124
125
125
125
125
125
126
125
125
126
126
125
125
125
126
126
126
125
124
125
127
127
125
124
125
126
126
125
124
124
125
125
124
124
125
126
126
126
126
125
125
126
125
125
126
126
126
125
125
126
126
126
125
125
125
125
125
125
125
125
124
125
125
125
125
125
125
125
125
125
125
126
126
126
126
125
125
125
125
126
126
126
125
126
125
126
126
125
125
126
126
125
125
125
125
125
125
125
125
125
125
125
125
126
126
125
125
125
125
125
125
125
125
126
125
125
125
125
125
126
126
127
124
125
126
125
126
126
126
126
126
126
125
125
125
126
125
125
126
126
126
126
125
125
126
127
126
126
126
126
126
126
127
126
126
125
124
125
127
127
127
126
125
125
127
127
126
125
126
126
126
125
125
126
127
126
125
125
126
126
126
125
126
127
128
127
126
124
124
126
127
126
124
125
124
123
124
125
127
127
126
126
127
127
126
125
125
125
126
128
128
125
123
124
125
126
126
126
126
125
125
122
123
125
126
126
126
125
126
127
127
126
126
125
126
126
126
125
126
126
125
124
126
128
127
126
125
125
125
124
124
125
126
127
128
128
126
123
122
123
125
125
125
127
127
125
124
125
128
129
127
124
123
125
126
125
125
125
125
124
125
126
127
130
130
126
124
124
124
123
125
125
125
124
124
125
126
127
127
126
125
126
128
130
127
124
123
121
119
119
124
128
129
128
127
129
133
132
130
129
127
124
119
118
120
119
116
119
127
132
131
125
124
134
139
131
122
122
125
121
117
125
132
124
117
125
127
130
132
127
124
129
129
127
129
122
116
125
129
119
125
136
128
120
125
118
112
131
137
113
120
145
127
110
138
143
105
110
142
128
109
137
146
105
99
140
149
122
121
131
120
112
131
143
127
116
126
125
113
117
137
143
126
113
119
127
124
126
136
131
112
110
128
138
128
124
129
124
111
115
135
141
129
123
125
122
119
124
131
128
122
124
130
128
118
119
133
136
124
116
125
134
128
118
121
134
136
123
114
120
124
123
129
136
131
118
118
126
128
123
123
131
134
126
116
116
124
129
128
127
128
128
124
119
110
120
132
136
126
120
123
132
134
132
129
123
117
122
130
130
122
118
123
129
127
122
124
130
133
132
133
131
117
106
117
134
131
120
122
126
124
127
135
128
119
125
134
127
121
126
129
125
119
117
118
121
126
129
128
127
129
131
130
125
120
121
128
129
121
118
125
132
130
121
121
127
130
127
127
131
129
119
111
120
134
139
132
119
108
112
129
139
136
128
120
118
124
130
127
123
127
129
125
119
118
123
130
132
127
121
124
128
128
126
124
126
128
124
113
114
128
141
134
120
119
129
132
126
122
122
122
125
130
130
124
120
122
126
128
128
128
128
126
125
125
126
125
125
125
124
122
125
129
126
121
121
126
127
128
129
128
124
124
124
119
120
125
128
127
126
124
127
127
127
125
127
130
125
120
128
133
122
113
123
133
131
121
122
138
137
102
92
140
158
121
105
127
141
135
122
115
118
126
129
130
132
124
110
117
138
137
122
118
120
122
129
130
126
131
136
123
106
111
134
148
135
112
113
133
137
126
120
122
121
116
119
128
133
130
126
122
121
124
129
131
127
122
119
123
128
129
127
124
123
128
133
128
115
108
119
128
127
125
132
137
135
124
117
122
134
139
129
111
105
115
132
146
146
120
93
112
149
141
116
116
128
123
117
124
134
132
125
119
117
123
133
130
120
126
136
128
109
111
137
151
135
111
102
112
128
140
144
135
119
80
125
125
125
125
125
125
125
125
125
125
125
125
125
125
125
125
125
125
125
125
125
125
125
125
125
125
125
125
125
125
125
125
125
125
125
125
125
125
125
125
125
125
125
125
125
125
125
125
125
125
125
125
125
125
125
125
125
125
125
125
125
125
125
125
125
125
125
126
125
125
125
125
125
125
125
125
125
125
125
125
125
125
125
125
125
125
125
125
125
125
125
125
125
125
125
125
125
125
125
125
125
125
125
125
125
125
125
125
125
125
125
123
128
125
125
125
125
125
125
126
126
125
126
125
125
125
125
125
125
125
125
125
125
125
125
125
125
125
125
125
125
125
125
125
125
125
125
125
125
125
125
125
125
125
125
125
125
125
125
125
125
125
125
125
125
125
125
125
125
125
125
125
125
125
125
125
125
125
125
125
125
125
125
125
125
125
125
125
125
125
125
125
125
125
125
125
125
125
125
125
125
125
125
125
125
125
125
125
125
125
125
125
125
125
125
125
125
125
125
125
125
125
125
125
125
125
125
125
125
125
125
125
125
125
125
125
125
125
125
125
125
125
125
125
125
125
125
125
125
125
125
125
125
125
125
125
125
125
125
125
125
125
125
126
125
126
125
125
125
125
125
125
125
125
125
125
125
125
125
125
125
125
125
125
125
125
125
125
125
125
125
125
125
125
125
125
125
125
125
125
125
125
125
125
125
125
125
125
125
125
125
125
125
125
125
125
125
125
125
125
125
125
125
125
125
125
125
125
125
125
125
125
125
125
125
125
125
125
126
125
125
125
125
125
125
125
125
125
125
125
125
125
125
127
