135
130
127
126
132
136
80
125
125
125
125
125
125
125
125
125
125
125
125
125
125
125
125
126
125
125
125
125
125
125
125
125
125
125
125
125
125
125
126
125
125
125
125
125
125
125
125
125
125
125
125
125
125
125
125
125
125
125
125
125
125
125
125
125
125
125
125
125
125
125
125
125
125
125
125
125
125
125
125
125
125
125
125
125
125
125
125
125
125
125
125
125
125
125
125
125
125
125
125
125
125
125
125
125
125
125
125
125
125
125
125
125
125
125
125
125
125
125
125
125
125
125
125
125
125
125
125
125
125
125
125
125
125
125
125
125
125
125
125
125
125
125
125
125
125
125
125
125
125
125
125
125
125
125
125
125
125
125
125
125
125
125
125
125
125
125
125
125
125
125
125
125
125
125
125
125
126
125
125
125
125
125
125
125
125
125
126
126
125
125
125
125
125
125
125
125
125
125
125
125
125
125
125
125
125
125
125
125
125
125
125
125
125
125
125
125
125
125
126
125
125
125
125
125
125
125
125
125
125
126
125
125
125
125
125
125
125
125
125
125
125
125
126
125
125
125
125
125
125
125
126
125
125
125
125
125
125
125
125
125
125
125
125
125
125
125
125
125
125
125
125
125
125
125
125
125
125
125
125
125
125
125
125
125
125
125
125
125
125
125
125
125
125
125
125
125
125
125
125
125
125
125
125
125
125
125
125
125
125
125
125
125
125
125
125
125
125
125
125
125
125
125
125
125
125
125
125
125
125
125
125
125
125
125
125
125
125
125
125
125
125
125
125
125
125
125
125
125
125
125
125
125
125
125
125
125
125
125
125
125
126
125
125
125
125
125
125
125
125
125
125
125
125
125
125
125
125
125
125
125
125
125
125
125
125
125
125
125
125
125
125
125
125
125
126
125
125
125
125
125
125
125
125
125
125
125
125
125
125
125
125
125
125
125
125
125
125
125
125
125
125
125
125
125
125
125
125
125
125
125
125
125
125
125
125
125
125
125
125
125
125
125
125
125
125
125
125
125
125
125
125
125
125
125
125
125
125
125
125
125
125
125
125
125
125
125
125
125
125
125
125
125
125
125
125
125
125
125
125
125
125
125
125
125
125
125
125
125
125
125
125
125
125
125
125
125
125
125
125
125
125
125
125
125
125
126
125
125
125
125
125
125
125
125
125
125
125
125
125
125
125
125
125
125
125
125
125
125
125
125
125
125
125
125
125
125
125
125
124
125
125
126
126
126
126
126
126
125
125
125
126
125
125
125
126
126
126
125
125
125
125
125
125
125
126
125
125
125
126
125
125
125
125
125
125
125
126
126
126
126
126
126
125
125
125
125
125
125
126
126
127
127
127
125
123
125
129
129
124
122
122
115
107
130
151
136
121
139
130
97
111
138
130
134
161
82
97
146
187
96
29
137
241
174
10
70
185
187
84
92
180
161
67
78
151
157
134
116
83
90
184
194
117
61
90
149
163
122
108
127
129
120
127
131
119
122
133
126
122
131
131
121
118
121
122
121
124
134
138
134
125
119
116
121
128
133
135
128
116
110
117
131
139
136
123
114
116
127
136
135
125
118
122
129
128
122
121
125
128
128
128
127
125
124
123
123
125
127
127
125
125
127
127
126
125
125
125
125
125
125
125
126
126
126
125
126
128
128
128
126
124
123
123
124
124
123
123
128
130
127
124
126
128
126
125
125
124
124
126
125
124
124
125
126
127
127
127
126
128
127
126
125
125
125
125
125
125
125
125
125
125
124
124
124
125
126
126
126
126
126
126
126
126
125
125
124
124
124
125
126
125
125
125
125
126
126
127
127
126
125
125
124
124
125
125
124
124
127
126
124
124
126
126
124
125
126
126
125
125
127
126
125
125
126
125
125
125
125
125
125
125
126
126
126
125
125
125
125
125
125
125
125
124
124
125
126
126
125
125
125
126
126
126
124
124
124
125
126
125
124
125
125
126
126
126
125
125
126
126
126
127
124
124
125
126
124
124
125
125
125
125
125
125
125
125
126
126
126
125
125
126
126
126
126
125
125
126
126
125
125
125
126
126
125
125
126
126
126
125
125
125
126
126
125
124
125
125
126
126
126
125
125
126
126
126
126
125
125
126
126
125
126
126
125
124
125
127
126
123
123
124
125
125
125
126
126
126
126
126
126
126
125
125
127
127
125
125
125
126
125
126
125
124
125
126
126
125
124
124
125
125
125
125
125
125
126
125
125
125
126
126
125
125
125
125
126
126
125
125
126
126
125
125
125
126
126
125
125
125
125
125
125
125
126
126
125
125
125
125
125
125
126
125
125
126
126
125
125
126
126
125
125
125
125
125
125
125
124
124
127
127
125
123
125
126
126
125
125
125
125
125
125
125
125
125
125
126
126
126
125
125
126
125
125
125
125
125
125
125
125
125
126
126
126
125
125
125
125
125
125
125
124
125
126
126
126
126
125
125
125
125
125
126
126
125
125
125
125
128
126
125
125
125
124
124
125
125
125
125
125
125
125
125
125
125
125
124
125
126
126
125
125
125
125
125
125
126
126
126
126
125
124
123
125
125
126
126
126
125
125
125
125
125
125
125
125
125
125
126
126
126
125
125
125
125
125
124
124
126
126
125
125
126
126
126
126
125
124
124
125
126
127
127
127
127
126
123
121
122
124
125
125
126
127
127
126
124
125
128
128
123
122
125
128
126
126
127
127
124
121
122
124
126
126
126
125
124
126
127
127
124
121
123
125
125
126
126
127
128
127
126
124
124
126
127
126
123
122
122
114
122
131
129
128
126
126
129
131
130
128
126
125
122
121
125
126
123
120
122
127
130
128
124
127
134
137
128
119
120
126
124
119
123
129
125
118
124
132
130
123
124
129
132
133
128
121
123
129
125
120
121
126
128
125
122
122
126
129
126
123
128
129
125
125
129
126
122
123
124
124
127
130
127
118
117
124
130
130
126
125
127
127
128
130
130
125
120
120
124
124
125
129
135
134
124
120
125
128
128
126
119
112
120
135
137
123
114
122
132
132
126
123
121
119
127
143
141
112
93
115
148
151
131
113
111
123
131
130
128
127
122
124
130
126
116
120
132
133
123
119
124
128
129
129
126
119
120
127
130
126
127
134
132
122
117
122
125
125
128
129
125
123
125
125
121
123
128
129
124
122
125
129
127
124
124
125
124
123
127
130
127
124
126
128
126
125
124
125
127
133
136
129
115
109
121
136
131
127
125
126
122
123
126
123
118
124
134
132
124
123
125
126
127
126
124
119
123
125
126
130
135
133
126
124
122
120
121
124
125
124
127
127
123
120
125
131
132
126
115
114
133
150
135
106
102
120
135
140
131
117
113
123
135
137
134
126
116
117
126
130
125
125
126
121
116
121
131
134
128
124
122
124
128
130
125
122
122
122
121
122
126
129
129
128
125
124
124
123
126
128
127
125
125
126
126
124
124
125
125
126
128
129
127
124
122
122
122
126
128
126
122
123
126
128
127
124
123
124
127
124
122
125
130
128
126
127
125
124
126
124
122
118
120
125
132
139
137
125
120
121
123
123
117
112
124
149
116
141
100
89
113
147
145
125
124
130
129
139
145
112
82
115
164
147
103
113
138
131
124
130
122
115
129
140
127
117
125
128
122
131
136
121
116
129
131
121
119
127
129
128
130
129
123
120
123
127
126
123
124
128
131
127
120
117
124
130
131
127
123
121
126
130
126
113
121
125
130
134
128
120
122
127
125
126
134
134
125
119
123
126
127
131
127
117
118
127
132
130
124
119
116
123
132
132
122
118
126
131
128
123
123
123
126
127
125
124
129
131
123
117
120
125
120
118
136
150
133
104
100
124
142
138
127
121
120
123
81
125
125
125
125
125
125
125
125
125
125
126
125
125
125
125
125
126
125
125
125
125
125
125
125
125
125
125
125
125
125
125
125
125
125
125
125
125
125
125
125
125
125
125
125
125
125
125
125
126
125
125
125
125
125
125
125
125
125
125
125
125
125
125
125
125
125
125
125
125
125
125
125
125
125
125
125
125
126
125
126
125
125
125
125
125
125
125
125
125
126
126
125
125
125
125
125
125
126
125
125
125
125
125
125
125
125
125
125
125
125
125
125
125
126
125
125
125
125
125
125
125
125
125
125
125
125
125
125
125
125
125
125
125
125
125
125
126
125
125
125
125
125
125
125
125
125
125
125
125
125
125
125
125
125
125
125
125
125
125
125
125
125
125
125
125
125
125
125
125
125
125
125
125
125
125
125
125
125
125
125
125
125
125
125
125
125
125
125
125
125
125
125
125
125
125
125
125
125
125
125
125
126
125
125
125
125
125
125
125
125
125
125
125
126
125
125
125
126
125
126
125
125
125
125
125
125
125
126
125
125
126
126
125
125
125
125
125
125
125
125
125
125
126
125
126
125
125
125
125
125
125
125
126
125
126
125
125
126
125
126
125
126
125
125
125
125
126
126
125
125
125
125
125
125
125
125
125
126
125
125
125
125
125
126
125
125
126
125
126
125
125
125
125
125
125
125
125
125
125
125
125
125
125
125
125
125
125
125
125
125
125
125
125
125
125
125
125
125
126
125
126
125
125
125
125
125
125
125
125
125
125
125
125
125
125
125
125
125
125
125
125
125
125
125
125
125
125
125
125
125
125
125
125
142
