124
123
125
127
128
125
67
125
125
125
125
125
125
125
125
125
125
125
125
125
125
125
125
125
125
125
125
125
125
125
125
125
125
125
125
125
125
125
125
125
125
125
125
125
125
125
125
125
125
125
125
125
125
125
125
125
125
125
125
125
125
125
125
125
125
125
125
125
126
125
126
126
126
126
126
126
126
126
126
126
126
126
126
126
126
125
126
126
126
126
126
126
126
126
125
126
126
126
126
126
126
126
126
125
125
125
126
126
126
126
126
126
126
126
126
126
126
126
126
126
126
126
126
126
126
126
126
126
126
125
126
126
126
126
126
126
125
125
126
126
126
126
126
125
126
126
125
125
125
126
125
125
125
126
125
125
126
125
126
126
126
125
126
126
126
126
126
126
126
126
125
126
126
126
125
125
126
125
126
126
126
125
126
126
126
125
125
126
126
126
126
125
125
125
126
126
126
126
125
126
126
126
125
126
126
126
126
125
125
125
125
125
126
125
125
125
125
125
126
126
126
126
126
126
126
126
126
125
125
125
125
126
126
126
126
126
126
126
126
126
126
125
125
126
126
126
126
125
126
126
126
126
126
126
126
126
126
126
126
126
126
126
126
126
125
125
126
125
125
126
126
125
126
126
126
125
125
126
126
126
126
126
126
126
126
126
126
126
125
125
125
125
125
125
125
125
125
125
125
125
125
125
125
125
125
125
125
126
126
125
125
125
125
125
126
126
125
125
126
125
126
125
125
125
126
126
126
126
125
125
125
125
125
125
125
125
125
125
125
125
125
125
125
125
125
125
125
126
125
125
125
125
125
125
125
125
125
125
126
125
125
125
125
125
125
125
125
125
125
125
125
125
125
125
125
125
125
125
125
125
125
125
125
125
125
126
125
125
125
125
125
125
125
125
125
125
125
125
125
125
125
125
125
125
125
125
125
125
125
125
125
125
125
125
125
125
125
125
125
125
125
125
125
125
125
126
125
125
125
125
125
125
125
125
125
125
125
125
126
125
125
125
125
125
125
125
125
125
125
125
125
125
125
125
125
125
125
125
125
126
126
125
125
125
125
125
125
125
125
125
125
125
125
126
126
126
126
126
125
126
125
125
125
125
126
125
126
125
125
125
126
126
126
125
125
125
126
125
125
125
125
125
126
126
125
125
125
126
125
126
126
125
125
125
126
125
125
126
126
125
125
125
125
125
125
125
125
126
126
126
126
126
125
125
126
125
125
125
125
125
125
126
126
126
125
126
126
126
125
125
126
125
125
125
125
125
125
125
125
125
125
125
125
125
126
125
125
125
125
126
125
125
125
125
126
126
125
125
125
125
125
126
125
125
125
125
125
125
125
125
126
125
125
125
126
126
125
125
126
126
126
125
125
125
125
125
125
125
125
125
126
126
125
125
125
126
126
125
125
126
126
126
126
126
125
125
125
126
126
125
125
126
126
126
125
125
125
127
126
125
125
125
126
126
125
125
125
125
125
125
125
126
126
125
125
126
125
125
125
126
126
126
125
126
126
126
126
124
125
124
123
123
125
126
128
129
129
128
126
124
122
123
123
124
127
130
130
126
116
110
118
137
145
136
122
117
122
128
125
120
120
123
125
130
135
127
113
115
132
141
138
132
109
96
125
155
144
116
100
106
134
156
139
99
94
130
155
137
114
114
123
131
139
132
106
101
128
150
142
123
117
121
116
117
139
151
127
104
108
94
74
143
254
213
35
3
151
231
131
39
85
166
173
134
105
100
115
132
140
137
130
124
121
120
121
122
123
123
121
124
129
131
128
125
125
128
128
125
122
121
124
125
126
126
126
125
125
124
123
127
129
126
123
125
126
125
125
126
126
125
125
125
125
125
125
124
124
125
128
127
124
122
124
127
128
127
126
125
125
125
125
125
125
125
124
125
123
125
126
127
126
126
127
127
126
125
123
123
124
124
125
127
129
130
130
129
125
118
115
122
129
127
125
126
133
135
126
116
115
120
124
127
130
133
137
137
133
126
118
117
120
118
120
131
138
127
114
113
122
131
136
132
122
116
122
135
137
128
121
122
125
128
129
126
123
124
126
126
124
126
131
128
122
118
119
124
131
135
127
118
120
130
132
128
126
126
125
124
123
122
124
127
127
127
126
126
128
129
125
121
120
124
128
130
127
122
123
126
128
127
125
122
122
125
129
131
127
120
122
134
143
127
91
84
135
188
171
110
84
100
117
134
148
139
116
111
121
127
131
136
134
122
114
117
126
133
132
124
120
123
126
127
126
126
126
126
126
128
128
123
120
125
131
129
125
122
122
121
125
130
131
132
126
119
120
124
127
128
130
129
124
120
121
123
128
135
130
117
119
133
132
121
120
125
129
130
126
120
124
131
131
120
116
125
130
125
122
125
126
126
130
132
124
123
127
129
120
121
128
130
125
123
127
126
122
123
129
131
126
121
121
124
128
131
127
118
116
126
136
134
122
118
122
130
131
127
126
126
119
116
124
134
132
120
115
122
129
131
131
130
124
114
117
134
140
127
115
118
126
127
125
125
127
126
122
122
127
132
129
122
120
125
130
127
121
118
124
131
131
126
122
125
129
129
123
120
125
130
127
121
120
123
126
126
128
128
122
120
126
131
131
126
121
118
124
134
134
120
110
118
134
140
129
117
117
121
127
130
128
122
122
127
131
130
127
121
119
125
129
127
124
123
126
129
127
125
123
126
128
126
123
122
121
121
123
129
131
128
122
122
126
127
126
124
125
127
129
128
122
116
121
131
131
123
127
131
116
111
132
140
123
116
128
134
125
113
112
124
138
142
129
111
111
126
137
137
127
120
108
114
132
140
136
128
121
119
123
127
128
124
123
125
125
124
123
123
125
127
128
125
114
121
127
127
127
127
127
127
127
127
128
127
124
123
124
125
127
128
126
124
126
128
126
124
126
128
126
125
127
128
126
124
122
122
127
131
124
120
128
132
128
122
123
131
127
116
121
126
126
128
132
128
122
125
126
122
124
130
130
127
125
124
124
127
129
126
124
124
123
122
124
126
127
129
128
126
124
124
124
125
126
126
125
124
125
127
129
129
127
124
123
123
125
125
126
125
124
124
126
126
126
126
128
129
127
125
124
124
125
124
125
126
125
126
127
128
125
125
125
126
126
126
125
125
126
125
125
125
127
127
126
125
123
124
126
126
125
123
123
124
126
128
127
126
125
125
126
127
128
127
126
126
126
126
125
125
125
125
124
124
125
127
128
126
126
125
125
126
126
126
125
125
126
126
125
125
125
126
126
125
123
124
125
126
127
127
127
126
124
124
125
125
126
126
129
129
125
123
125
126
127
125
122
123
124
126
126
127
127
125
124
126
127
126
124
123
125
127
127
125
131
126
125
125
126
124
124
125
125
126
125
124
125
126
126
125
126
125
126
125
125
124
125
126
127
126
125
125
125
126
126
125
124
126
128
126
122
122
124
125
126
126
125
126
127
127
126
125
125
127
127
126
124
122
124
126
127
126
124
126
126
125
126
124
124
125
126
127
125
123
123
126
127
128
126
124
125
125
126
126
125
124
124
124
125
126
125
125
125
125
126
125
125
125
125
126
126
124
125
126
125
125
126
126
126
124
125
124
125
126
126
126
126
125
125
126
126
126
126
124
124
124
125
126
125
124
125
124
125
125
125
125
126
125
127
126
126
127
124
124
125
125
123
123
126
127
125
124
126
126
126
126
126
126
126
125
124
123
123
141
118
96
127
124
125
131
126
127
129
133
131
128
126
124
124
124
123
123
125
125
124
126
126
127
129
79
111
124
129
130
132
131
131
130
131
130
129
129
128
126
126
126
126
126
127
132
128
125
126
127
126
126
124
126
128
128
66
125
125
126
126
126
125
125
126
126
126
126
125
125
125
126
125
126
125
126
125
125
126
125
125
125
125
125
125
125
125
125
125
125
125
125
125
125
125
126
125
126
126
126
125
126
125
125
125
125
125
125
125
126
125
125
125
125
126
125
125
125
126
125
126
125
125
125
125
126
125
125
125
125
125
126
125
125
125
125
126
126
126
126
125
125
125
125
125
125
125
125
125
125
125
125
125
125
125
125
125
125
125
125
125
125
125
125
125
125
125
125
125
125
125
125
125
125
125
126
125
125
125
125
125
125
125
125
125
125
125
125
125
125
125
125
125
125
125
125
125
125
125
125
125
125
125
125
125
125
125
125
125
125
125
125
125
125
125
125
125
125
125
125
125
125
125
125
125
125
125
125
125
125
125
125
125
125
125
125
125
125
125
125
125
125
125
125
125
125
125
125
125
125
125
125
126
124
126
125
125
125
126
126
126
126
125
125
126
126
126
126
126
126
126
125
125
125
126
125
126
125
126
125
126
125
126
125
126
125
126
125
126
126
126
126
126
126
126
126
126
126
126
126
126
126
125
126
126
126
126
126
126
126
126
126
126
126
126
126
126
126
126
125
125
125
126
126
126
126
126
126
126
125
125
126
126
125
126
125
125
125
126
126
125
126
125
125
125
126
125
126
125
125
126
125
125
126
126
126
126
126
126
125
126
125
125
125
126
126
125
126
126
126
126
126
125
125
126
126
126
126
126
126
125
125
126
126
126
126
126
125
126
126
126
126
126
126
126
126
126
126
126
126
126
125
125
126
125
126
125
126
126
126
124
