126
129
126
123
122
123
88
125
125
125
125
125
125
125
125
125
125
125
125
125
125
125
125
125
125
125
125
125
125
125
125
125
125
125
125
125
125
125
125
125
125
125
125
125
125
125
125
125
125
125
125
125
125
125
125
125
125
125
125
125
125
125
125
125
125
125
125
125
125
125
125
125
125
125
125
125
125
125
125
125
125
125
125
125
125
125
125
125
125
125
125
125
125
125
125
125
125
125
125
125
126
125
125
125
125
125
126
125
125
125
125
125
125
125
126
125
126
125
125
125
125
125
125
126
125
125
125
125
125
125
125
125
125
125
125
125
125
125
125
125
125
125
125
125
125
125
125
125
125
125
125
125
126
125
125
126
126
125
125
125
125
125
125
125
125
125
126
125
125
125
125
125
126
125
125
125
125
125
125
125
125
125
125
125
125
125
125
125
125
125
125
125
125
125
125
125
125
125
125
125
125
125
126
125
125
125
125
125
125
125
125
125
125
125
125
125
125
125
125
125
125
125
125
125
125
125
125
125
125
125
125
125
125
125
125
125
125
125
125
125
125
125
125
125
125
125
125
125
125
125
125
125
125
125
125
125
125
125
125
125
125
125
125
125
125
125
125
125
125
125
125
125
125
125
125
125
125
125
125
125
125
126
125
125
125
125
125
125
125
125
125
125
125
125
125
125
125
125
125
125
125
125
125
125
125
125
125
125
125
125
125
125
125
125
125
126
126
125
125
125
125
125
125
125
125
125
125
125
125
125
125
125
125
125
125
125
125
125
125
125
125
125
125
125
125
125
125
125
125
125
125
125
125
125
125
125
125
126
125
125
125
125
125
125
125
125
125
125
125
125
125
125
125
125
125
125
125
125
125
125
125
125
125
125
125
125
125
125
125
125
125
125
125
125
125
125
125
125
125
125
125
125
125
125
125
125
125
125
125
125
125
125
125
125
125
125
125
125
125
125
125
125
125
125
125
125
125
125
125
125
125
125
125
125
125
125
125
125
125
125
125
125
125
125
125
125
125
125
125
125
125
125
125
125
125
125
125
125
125
125
125
125
125
125
125
125
125
125
125
125
125
125
125
125
125
125
125
125
125
125
125
125
125
125
125
125
125
125
125
125
125
125
125
125
125
125
125
125
125
125
125
125
125
125
125
125
125
126
126
124
125
125
125
125
126
125
125
125
125
125
125
125
125
125
125
125
125
125
125
125
125
125
125
125
125
125
125
125
125
124
125
126
125
126
126
126
126
126
126
125
126
125
125
125
125
125
126
125
125
125
125
125
125
125
125
125
125
126
125
125
125
125
125
125
125
124
125
126
125
125
126
126
125
126
125
125
126
125
125
125
125
125
125
125
125
125
126
125
125
125
125
125
125
125
125
126
125
125
125
125
126
125
125
126
126
126
126
125
125
125
125
125
126
125
125
125
125
126
126
125
125
125
126
126
126
125
125
125
126
125
125
125
125
125
125
125
126
126
125
125
125
126
125
126
125
125
125
126
126
126
125
125
125
126
126
126
125
125
125
125
126
125
125
125
125
125
125
126
126
126
125
126
126
125
125
125
126
125
126
126
126
125
125
126
125
126
126
125
125
125
125
125
126
125
126
126
125
125
125
126
126
125
125
125
126
126
126
126
125
125
126
126
126
126
126
126
125
125
125
125
125
125
125
125
125
125
125
125
126
126
125
125
125
125
125
126
126
125
125
125
125
126
126
126
125
125
125
126
126
126
125
125
127
126
125
125
125
125
125
125
125
125
125
125
125
125
125
125
125
125
125
125
125
126
126
125
126
126
125
125
125
125
125
125
126
125
125
125
125
125
125
125
125
125
125
126
125
125
125
125
125
125
125
125
125
125
125
126
125
125
125
125
125
125
125
125
125
126
125
125
125
127
123
125
125
126
125
125
126
125
125
125
126
126
125
125
126
126
125
125
125
125
125
126
126
125
125
125
126
126
125
126
126
125
125
126
125
125
125
126
125
125
125
126
125
125
125
126
126
126
126
126
125
125
126
126
125
125
125
126
125
125
125
125
125
126
126
125
122
125
126
126
125
126
126
125
126
126
126
126
125
126
126
125
125
125
125
125
125
126
125
125
125
125
125
125
125
125
125
125
125
125
125
125
125
126
125
125
125
125
126
125
125
125
125
125
125
125
126
125
125
126
125
125
126
126
125
125
125
126
125
125
125
125
125
125
125
126
125
125
125
125
126
125
125
125
125
125
125
125
126
125
125
125
126
125
125
125
125
125
125
125
125
125
125
125
125
125
125
125
125
125
125
125
125
125
125
125
125
125
125
125
126
125
125
125
125
125
125
125
125
125
125
125
125
125
125
125
125
126
125
126
125
125
125
125
125
125
125
125
125
125
125
125
125
125
127
127
125
125
125
124
124
125
125
125
125
125
125
125
125
125
125
125
125
125
125
125
125
125
125
125
126
125
125
125
125
126
126
125
125
125
125
125
125
125
125
125
125
126
126
126
125
125
125
125
126
125
125
124
125
125
125
125
125
125
125
125
126
126
126
125
125
125
125
125
125
125
125
125
125
125
126
125
126
126
125
125
125
125
125
125
126
126
125
124
124
125
126
126
125
125
125
126
125
125
127
124
122
123
126
125
126
126
126
126
126
125
125
125
126
126
125
126
126
126
126
126
126
125
124
125
125
125
126
127
126
125
125
125
126
126
126
125
125
126
126
126
126
126
125
124
124
125
125
126
125
119
120
126
127
126
127
127
126
126
127
127
126
126
126
126
126
123
122
124
125
124
125
125
124
125
126
127
127
128
130
131
135
135
131
126
120
114
111
114
121
126
126
124
124
126
132
140
134
126
128
134
130
123
119
118
120
124
128
126
115
102
107
141
162
139
105
119
143
131
110
112
125
135
136
130
130
134
135
133
124
94
64
81
155
203
169
104
94
133
136
116
115
122
115
124
146
148
121
105
113
128
134
127
116
105
117
149
157
122
100
142
160
122
90
111
136
130
130
137
119
106
129
145
128
113
134
139
105
93
119
142
140
125
116
122
134
128
115
123
140
136
120
114
122
134
136
126
119
125
133
127
118
116
116
126
144
143
123
109
114
129
136
132
125
122
125
123
126
129
127
124
127
128
124
121
120
118
122
131
134
128
124
126
128
125
123
127
129
125
122
124
129
125
119
120
126
132
125
117
120
129
133
128
123
124
129
129
131
119
116
119
118
122
135
137
128
119
125
154
170
125
71
94
150
153
108
85
107
141
154
145
124
113
120
125
118
124
140
139
118
112
130
148
135
105
97
119
139
143
145
142
128
106
97
119
145
126
91
104
145
153
136
125
116
110
124
143
131
115
127
139
132
130
128
111
109
125
123
114
124
134
129
127
133
132
126
120
116
122
132
132
124
120
120
125
133
133
124
121
126
128
130
131
126
121
122
127
121
112
117
128
131
125
123
126
129
134
132
120
117
127
131
126
123
124
124
124
126
128
126
126
126
127
126
126
125
124
121
119
123
130
129
120
116
120
125
129
134
132
121
116
124
134
135
129
128
127
119
116
128
136
129
121
119
118
118
123
129
129
125
124
124
129
132
128
121
119
126
133
130
121
118
123
126
125
125
124
125
129
131
127
126
129
131
128
120
117
121
123
124
124
126
133
136
126
115
116
125
125
121
123
129
130
128
123
121
128
132
126
118
119
131
137
135
118
119
129
130
124
121
120
117
119
129
134
127
120
120
127
129
126
126
127
122
120
126
133
131
124
122
127
128
125
119
117
126
130
127
122
124
129
131
129
124
121
124
126
124
122
123
125
128
127
126
125
124
123
125
125
126
126
123
120
124
131
131
125
121
123
124
125
128
128
125
123
125
125
126
130
89
126
125
126
126
125
126
126
126
126
125
125
125
125
125
125
125
125
125
125
125
125
125
125
125
126
125
125
125
125
125
125
125
125
125
125
125
125
125
125
125
125
125
125
125
125
125
125
125
125
126
125
125
125
125
125
125
125
125
125
125
125
125
125
125
125
125
125
125
125
125
125
125
125
125
125
125
125
125
125
125
125
125
125
125
125
125
125
125
125
125
125
125
125
126
126
125
125
125
125
125
126
126
126
125
125
126
125
126
125
125
125
125
126
126
126
125
126
126
126
125
125
125
125
125
125
125
125
125
126
126
126
126
125
125
125
125
125
125
125
125
125
126
126
126
126
125
125
126
125
125
126
125
125
126
126
125
125
125
125
125
125
126
125
125
125
125
125
126
125
126
125
126
125
125
125
125
125
125
125
125
125
125
125
125
125
125
125
125
125
125
125
125
125
125
125
125
125
125
125
125
125
125
125
125
125
125
125
125
125
125
125
125
125
125
125
125
125
125
125
125
125
125
125
125
125
125
125
125
125
125
125
125
125
125
125
125
125
125
125
126
125
125
125
125
125
125
125
125
125
125
125
125
125
125
125
125
125
125
125
125
125
125
125
125
125
125
125
125
125
125
125
125
125
125
125
125
125
125
125
125
125
125
125
125
125
125
125
125
125
125
125
125
125
126
125
125
125
125
125
125
125
125
125
125
125
125
125
125
125
125
125
125
126
125
125
125
125
125
125
125
125
125
125
125
125
125
125
125
125
125
125
126
125
125
125
125
125
125
125
125
125
125
125
125
126
126
126
125
125
125
125
125
125
123
