128
128
125
123
124
123
96
125
125
126
125
126
125
125
125
125
125
125
125
125
125
125
125
125
125
125
125
125
125
125
125
125
125
125
125
125
125
125
125
125
125
125
125
125
125
125
125
125
125
125
125
126
125
125
125
125
125
125
125
125
125
125
125
125
125
125
125
125
125
125
125
125
125
125
125
125
125
125
125
125
125
125
125
125
125
125
125
125
125
125
125
125
125
125
125
125
125
125
125
125
125
125
125
125
125
125
125
125
125
125
125
125
125
125
125
125
125
125
125
125
125
125
125
125
125
125
125
125
125
125
125
125
125
125
125
125
125
125
125
125
125
125
126
125
125
125
125
125
125
125
125
125
125
125
125
125
125
125
125
125
125
125
125
125
125
125
125
125
125
125
125
125
125
125
125
125
125
125
125
125
125
125
125
125
125
125
125
125
125
125
125
125
125
125
125
125
125
125
125
125
125
125
125
125
125
125
125
125
125
125
125
125
125
125
125
125
125
125
125
125
125
125
125
125
125
125
125
125
125
125
125
125
125
125
125
125
125
125
125
125
125
125
125
125
125
125
125
125
125
125
125
125
125
125
125
125
125
125
125
125
125
125
125
125
125
125
125
125
125
125
125
125
126
124
125
125
125
125
126
125
125
125
125
125
125
125
125
125
125
126
125
125
125
125
125
125
125
125
125
125
125
125
125
125
125
125
125
125
125
125
125
125
125
125
125
125
125
125
125
125
125
125
125
125
125
125
125
125
125
125
125
125
125
126
125
125
125
125
125
126
124
125
125
125
125
126
125
125
125
125
125
125
125
125
125
125
125
125
125
125
125
125
125
125
125
125
125
125
125
125
125
125
125
125
125
125
125
125
125
125
125
125
125
125
125
125
125
125
125
125
125
125
125
125
125
125
125
125
125
125
125
125
125
125
125
125
125
125
125
125
125
125
125
125
125
125
125
125
125
125
125
125
125
125
125
125
125
125
125
125
125
125
125
125
125
125
125
125
125
125
125
125
125
125
125
125
125
125
125
125
125
125
125
125
125
125
125
126
125
125
125
125
125
125
125
125
125
125
125
125
125
125
125
125
125
125
125
125
125
125
125
125
125
125
125
125
125
125
125
126
126
125
125
125
125
125
125
125
125
125
125
125
125
125
125
125
125
125
125
125
125
125
125
125
125
125
125
125
125
125
125
125
125
125
125
125
125
125
125
125
125
125
125
125
125
125
125
125
125
125
125
125
125
125
125
125
125
125
125
125
125
125
125
125
125
125
125
125
125
125
125
125
125
125
125
125
125
125
125
125
125
125
125
125
125
125
125
125
125
125
125
125
125
125
125
125
125
125
125
125
125
125
125
125
125
125
125
125
125
125
125
126
124
125
126
125
125
126
125
125
125
125
125
125
125
125
125
125
125
125
125
125
125
124
125
125
125
126
126
126
126
126
125
126
126
126
126
125
126
126
126
126
126
126
126
125
125
125
125
125
126
126
126
125
126
126
126
125
125
125
126
126
125
126
125
126
126
125
125
124
125
126
126
126
126
126
126
126
126
126
125
125
125
125
125
126
125
125
125
126
126
126
125
125
126
126
125
125
125
125
125
126
125
126
125
126
126
126
126
126
126
126
126
126
125
125
126
125
125
125
125
126
125
126
126
126
125
125
125
125
125
125
125
125
126
126
126
126
125
125
125
125
125
126
125
126
125
125
126
126
126
125
125
125
126
125
125
125
125
126
125
125
126
125
126
126
125
126
125
126
126
125
126
125
125
125
126
125
126
126
125
126
125
125
125
126
125
126
125
126
126
126
126
126
125
125
125
126
126
126
126
126
126
125
125
125
125
125
125
125
125
126
126
126
125
125
125
126
127
126
126
125
126
125
125
125
125
125
125
125
126
125
125
125
125
126
126
126
125
125
126
125
125
126
127
126
125
125
125
125
125
125
125
125
125
125
125
125
125
125
125
125
125
125
125
125
125
125
125
126
125
125
125
126
125
125
125
125
125
125
125
125
125
125
126
125
125
125
125
125
126
126
125
125
125
125
126
125
125
125
125
125
125
125
125
125
126
125
125
125
125
125
125
125
125
125
125
125
125
125
125
125
125
125
125
125
125
125
125
125
125
125
125
126
125
125
125
125
125
125
125
126
125
125
125
125
125
125
125
126
125
125
125
125
125
125
125
125
125
125
125
125
125
126
125
125
127
122
124
125
126
125
125
125
126
126
125
125
126
125
125
126
126
125
125
126
126
126
125
125
126
125
125
126
126
125
125
126
126
125
125
126
125
125
125
126
125
125
125
126
126
125
126
126
125
125
126
126
125
125
126
125
125
125
125
125
125
125
126
126
125
125
125
126
123
126
126
125
125
126
126
126
126
126
125
125
126
126
126
124
124
125
126
125
125
125
126
125
125
125
126
125
125
125
125
125
125
125
125
125
125
125
125
125
125
125
125
125
126
125
126
125
124
124
125
126
126
126
125
125
125
125
126
125
125
125
126
126
125
125
125
125
125
125
126
126
125
124
125
126
125
125
125
126
125
124
125
126
126
125
125
126
126
125
124
126
126
126
125
126
127
126
124
125
126
125
124
124
124
123
122
124
127
130
134
133
129
123
120
124
129
128
123
118
116
120
122
120
118
119
121
127
135
138
131
125
135
145
134
116
115
124
128
130
131
122
114
117
124
125
121
119
120
125
132
130
126
124
123
123
127
132
131
127
124
126
127
126
126
126
124
122
123
125
126
126
125
123
123
122
123
124
125
125
125
125
126
127
127
126
125
125
126
127
128
127
124
125
126
127
126
126
125
125
125
125
125
125
125
124
124
125
125
125
124
125
126
126
125
125
125
125
125
124
125
126
126
126
125
126
126
126
126
125
126
126
125
125
125
124
124
124
125
126
125
125
125
126
126
126
125
125
126
126
126
125
125
125
125
124
125
125
125
126
125
129
118
125
124
126
125
125
125
125
126
125
126
126
126
127
129
129
126
125
125
128
127
125
124
125
126
126
126
123
123
124
125
124
123
123
124
123
123
125
128
128
126
125
128
129
126
125
126
128
127
126
125
126
127
126
125
125
125
125
124
125
125
124
125
125
125
125
125
119
124
125
125
126
127
127
127
127
127
126
126
127
127
127
126
125
125
125
125
125
124
125
125
125
125
124
125
125
125
125
124
125
126
126
125
126
127
127
126
126
124
119
116
124
136
135
121
113
122
138
142
131
125
132
124
101
103
132
139
122
114
117
120
129
137
128
119
125
138
137
119
107
120
139
137
122
118
127
136
143
145
135
121
106
91
96
125
148
135
112
115
133
139
130
120
119
125
128
127
126
128
131
132
128
123
122
127
129
123
115
117
126
131
129
125
125
125
125
126
124
122
124
129
130
124
119
124
130
129
125
121
123
129
130
127
125
125
125
126
126
124
124
125
128
126
121
119
127
135
133
124
125
127
127
126
118
115
120
124
131
133
117
109
126
142
135
118
112
131
149
137
118
118
125
117
110
113
120
125
123
116
123
147
161
142
115
121
141
140
118
100
109
128
119
105
117
130
131
130
135
136
129
124
129
128
116
121
131
131
118
111
115
120
126
135
136
130
126
127
132
129
123
119
118
129
133
120
119
130
122
106
108
134
154
147
122
113
122
113
107
134
148
126
105
112
130
149
159
137
100
99
119
123
123
133
131
127
122
99
86
145
163
156
73
84
136
156
136
127
126
116
117
137
143
118
112
137
140
103
101
145
158
131
108
111
131
143
141
125
105
98
110
131
150
150
140
129
116
105
108
120
133
139
134
122
118
124
132
134
125
114
114
125
136
134
125
120
119
123
126
129
130
126
122
125
131
134
129
106
115
119
122
95
125
125
125
125
125
125
125
125
125
125
125
125
125
125
125
125
125
125
125
125
125
125
125
125
126
125
125
126
125
126
125
125
125
126
126
126
126
126
126
126
126
126
126
126
126
125
126
126
126
126
126
126
125
125
126
125
126
125
125
125
125
126
125
125
125
126
125
126
126
126
125
125
125
125
125
126
125
125
125
125
125
125
126
126
125
126
126
125
125
126
125
126
125
126
126
126
125
126
125
126
126
126
125
126
126
125
126
125
125
125
126
125
126
125
125
125
125
126
126
126
125
126
126
125
125
125
126
125
126
125
125
125
125
126
125
126
125
126
125
126
126
125
125
126
125
125
126
125
125
125
126
125
125
126
125
126
125
125
125
126
125
126
126
125
126
126
125
125
125
125
125
126
125
125
125
125
125
126
126
125
125
125
126
125
125
125
125
125
125
125
125
125
126
126
125
125
125
125
125
125
125
126
125
125
126
126
125
126
126
126
125
125
125
125
125
125
125
125
126
126
125
126
125
125
126
126
126
125
125
125
126
126
126
126
125
125
125
126
125
125
125
125
125
125
125
125
125
125
125
126
126
126
126
126
126
125
125
125
125
125
125
125
125
125
125
125
125
125
125
125
125
125
125
125
125
125
125
125
125
126
125
125
125
125
125
125
125
125
125
125
125
125
125
125
125
125
125
125
125
125
125
125
125
125
125
125
125
125
125
125
125
125
125
125
125
125
125
125
125
125
125
125
125
125
125
125
125
125
125
125
125
125
125
125
125
125
125
125
125
125
125
125
125
125
125
125
125
125
125
125
125
125
125
128
