125
128
127
125
127
124
69
125
125
125
125
125
125
125
125
125
125
125
125
125
125
125
125
125
125
125
125
125
125
125
125
125
125
125
125
125
125
125
125
125
125
125
125
125
125
125
125
125
125
125
125
125
125
125
125
125
125
125
125
125
125
125
125
125
125
125
125
125
125
125
125
125
125
125
125
125
125
125
125
125
125
125
125
126
125
125
125
125
125
125
125
125
126
125
125
125
125
125
125
125
125
125
125
125
125
126
125
125
125
125
125
125
125
125
125
125
125
125
125
125
125
125
125
125
125
125
125
125
125
125
125
125
126
125
125
125
126
126
126
125
125
125
126
125
126
125
126
126
125
126
125
126
126
125
125
126
126
126
125
125
125
125
125
125
126
126
126
125
125
125
125
126
125
125
125
125
125
125
125
125
125
125
125
125
125
125
125
125
125
125
126
125
125
125
125
125
125
125
125
125
125
125
125
125
125
125
125
125
125
125
125
125
126
126
125
125
125
125
125
125
125
126
126
125
126
125
125
125
125
125
125
125
125
125
125
125
126
126
125
125
125
125
126
125
125
125
125
125
125
126
125
125
125
126
125
125
125
126
125
125
125
125
126
126
125
126
125
125
125
125
125
125
126
126
125
126
126
126
126
126
125
125
125
126
126
125
125
125
126
126
126
126
126
125
125
125
126
125
125
125
125
125
125
125
125
125
125
126
126
126
126
126
126
126
126
125
125
125
125
125
125
125
125
126
126
126
126
126
125
125
125
125
125
125
125
125
126
126
126
126
125
126
126
126
125
126
125
125
126
125
126
126
125
125
125
125
125
125
125
125
125
125
125
125
125
125
125
125
125
125
125
125
125
125
125
125
125
125
125
125
125
125
125
125
125
125
125
125
125
125
125
125
125
125
125
125
125
125
125
125
125
125
125
125
125
125
125
125
125
125
125
125
125
125
125
125
125
125
125
125
125
125
125
125
125
125
125
125
125
125
125
125
125
125
125
125
125
125
125
125
125
125
125
125
125
125
125
125
125
125
125
125
125
125
125
125
125
125
125
124
125
125
125
125
125
125
125
126
125
125
125
125
125
125
125
125
125
125
125
125
125
125
125
125
125
125
125
125
125
125
125
125
125
125
125
125
125
125
125
125
125
125
125
125
125
125
125
125
125
125
125
125
125
125
125
125
125
125
125
126
126
125
125
125
125
125
124
125
125
125
126
126
126
126
125
125
125
125
125
125
125
125
125
125
125
125
125
125
125
125
126
126
125
125
126
126
126
125
125
125
125
125
125
125
125
125
125
126
125
125
125
125
125
125
125
125
125
125
125
125
125
125
125
125
125
125
125
125
125
125
125
125
125
125
125
125
125
125
125
125
126
125
125
125
125
125
125
125
125
125
125
125
125
126
125
125
125
125
125
125
125
125
125
125
125
125
126
126
125
125
125
126
126
125
125
125
125
125
125
125
125
125
126
125
125
125
125
125
125
125
125
125
125
126
125
125
125
125
125
125
125
125
125
125
125
125
125
125
125
126
126
126
125
126
125
126
126
126
126
126
125
125
125
125
125
125
125
125
125
125
125
125
125
126
126
126
126
125
125
125
126
126
126
125
125
124
125
125
125
125
125
124
125
126
127
126
125
125
126
126
125
125
125
126
125
125
125
126
126
125
125
125
125
126
126
125
125
126
126
125
125
125
126
126
125
124
124
125
125
124
125
129
130
127
124
125
126
125
122
121
124
128
126
124
125
126
127
126
126
125
125
125
125
124
124
125
126
126
126
126
126
126
126
126
125
125
125
125
125
125
125
124
125
126
126
126
125
126
126
126
126
125
125
125
125
125
126
125
124
124
126
126
125
124
126
127
125
124
125
127
126
124
124
127
123
122
125
130
130
126
122
122
124
128
131
126
119
121
128
128
123
123
126
128
128
127
125
124
124
121
120
118
125
143
161
147
89
41
86
206
243
111
19
54
236
255
111
1
56
167
221
191
87
18
56
142
224
228
149
64
40
59
119
181
186
147
108
84
87
135
164
147
117
111
127
122
125
132
141
133
111
101
102
138
180
176
113
60
70
126
179
184
120
57
77
142
172
157
125
100
103
141
157
122
93
107
147
157
116
81
117
170
163
112
88
107
137
143
131
123
118
112
120
141
145
122
101
105
132
154
150
130
112
100
105
133
154
138
110
107
125
134
129
126
131
136
130
119
114
122
143
140
107
93
118
143
139
128
120
115
119
132
135
132
133
129
116
116
124
121
122
134
137
124
114
114
126
137
131
120
124
129
124
124
131
133
129
122
113
117
125
128
127
131
135
132
126
121
117
118
124
131
129
121
118
124
132
135
130
119
114
122
137
143
132
120
118
117
117
121
127
133
131
123
119
128
132
123
119
126
129
127
127
130
132
126
113
109
120
133
137
133
129
127
121
120
131
135
120
107
111
123
138
147
137
115
110
123
133
129
124
122
122
122
127
132
127
119
122
129
127
122
123
128
130
130
126
123
126
128
122
113
112
126
145
143
122
113
131
130
94
81
135
197
167
82
79
136
139
129
156
136
47
79
210
191
36
53
235
187
46
84
179
149
100
102
113
131
155
135
102
114
134
131
127
123
106
103
138
177
160
99
75
99
145
159
138
110
101
120
138
137
129
125
121
121
126
128
126
122
123
128
130
124
116
118
128
136
132
122
120
126
132
129
123
119
118
121
130
133
127
146
149
64
20
169
255
141
113
50
255
233
59
13
255
205
40
28
255
255
17
107
207
255
118
41
57
222
255
128
11
56
159
204
162
81
58
121
181
161
104
104
153
153
92
71
122
162
149
133
125
101
92
132
169
155
115
99
110
129
131
117
116
128
131
127
130
132
127
122
120
119
122
131
138
136
123
115
120
127
128
121
116
120
132
142
138
113
93
115
166
167
95
62
139
178
124
101
128
132
126
120
106
119
157
139
94
100
148
179
101
76
124
166
135
103
112
138
149
135
105
97
125
142
133
124
127
126
118
119
133
140
128
118
124
129
122
116
116
120
126
132
131
130
131
126
122
123
126
122
121
123
128
127
125
124
127
131
130
124
122
124
126
124
122
122
125
125
122
122
127
129
129
127
126
124
125
127
127
126
125
124
125
124
123
124
124
123
123
126
127
124
125
129
129
126
124
123
121
122
127
130
126
125
127
129
125
122
124
127
126
126
129
126
120
121
125
128
128
127
124
121
121
124
127
130
131
127
124
122
122
123
125
126
127
126
126
125
126
126
125
127
130
130
126
122
121
122
124
125
127
127
125
122
123
126
128
126
124
123
124
126
127
125
123
119
119
124
130
130
127
125
125
126
126
125
127
128
129
127
127
123
120
122
126
126
124
125
124
121
123
128
130
128
127
126
125
122
118
119
124
128
130
129
128
126
122
120
125
129
128
125
123
123
126
125
124
122
123
126
128
125
123
125
128
127
125
130
106
109
124
126
129
132
131
127
126
127
126
122
121
122
124
126
129
128
127
92
103
132
126
128
135
137
136
129
123
124
128
131
129
127
128
131
132
129
126
122
122
122
125
127
125
124
125
125
125
128
126
126
127
127
126
126
126
126
126
129
130
128
125
125
125
125
126
119
120
123
129
129
127
127
130
132
130
127
125
126
126
125
124
124
125
124
122
124
125
126
125
125
125
127
128
127
123
120
122
125
125
125
126
128
129
125
123
122
124
126
127
126
125
126
128
127
124
124
127
126
124
122
123
125
127
124
125
123
127
127
129
128
125
123
123
123
125
127
126
125
125
126
127
125
123
125
127
127
128
125
124
123
124
126
127
126
123
122
125
128
126
125
126
123
124
125
123
123
125
128
132
130
126
125
125
123
122
123
68
125
125
125
125
125
125
125
125
125
125
125
125
125
125
125
125
125
125
125
125
125
125
125
125
125
125
125
125
125
125
125
125
125
125
125
125
125
125
125
126
125
125
125
125
126
126
126
125
125
125
125
125
126
126
126
125
126
126
126
125
125
126
126
126
125
125
125
125
126
126
126
126
126
126
126
126
125
126
126
126
126
126
126
126
126
126
126
126
126
126
126
126
126
126
126
126
126
126
126
126
126
126
126
126
126
126
125
126
126
125
125
126
125
126
125
126
126
125
125
125
125
125
125
125
125
125
125
125
125
126
125
125
125
126
126
126
126
126
126
126
125
126
126
125
126
125
126
125
125
125
126
126
125
125
126
126
126
125
126
125
126
126
125
126
126
125
126
125
125
126
126
126
125
126
126
125
125
126
126
125
125
126
126
126
126
126
125
126
126
126
126
125
126
125
126
125
125
125
126
125
125
125
125
126
126
126
125
125
125
126
125
126
125
126
126
125
125
126
125
126
125
126
125
126
125
126
125
126
126
125
125
125
126
125
126
125
125
126
126
126
126
126
126
125
125
126
126
125
125
125
126
126
126
125
126
126
126
125
125
125
125
125
125
126
125
125
126
125
125
125
125
126
126
125
126
125
125
125
125
125
125
125
125
126
126
125
125
126
125
126
125
126
125
125
125
125
125
125
125
125
125
125
125
125
125
125
125
125
125
125
125
125
125
125
125
125
125
125
125
125
125
125
125
125
125
125
125
125
125
125
125
125
125
125
125
125
125
125
125
125
125
125
125
125
125
125
125
125
125
125
125
125
125
123
