125
128
126
125
125
125
96
125
125
125
125
125
125
125
125
125
125
125
125
125
125
125
125
125
125
126
125
125
125
126
125
126
125
125
125
125
125
125
125
125
126
125
125
126
125
125
125
126
126
126
125
125
125
125
125
125
126
126
126
126
126
126
126
125
126
126
126
125
126
126
126
125
126
126
126
125
126
126
126
126
126
126
126
126
126
125
126
126
126
126
126
126
126
126
126
126
125
125
125
125
125
125
126
125
126
126
125
126
126
125
125
126
125
125
125
125
125
125
125
125
126
125
125
125
125
125
125
125
125
125
125
126
125
125
125
126
126
125
125
125
125
125
125
125
126
125
126
125
125
126
125
125
126
125
125
125
125
126
126
126
126
125
125
126
126
125
126
125
126
126
126
125
126
125
126
126
125
126
125
125
126
126
126
126
126
126
125
126
125
125
126
125
125
126
126
125
126
125
125
126
125
126
126
125
125
125
125
125
125
125
125
125
125
126
125
125
126
125
126
125
125
125
126
126
126
126
125
125
126
126
126
126
125
125
126
126
126
125
126
125
125
125
126
125
125
125
125
125
126
126
126
126
125
125
125
125
125
125
125
125
126
125
125
126
125
125
126
125
126
125
125
126
126
125
125
125
125
125
125
125
125
125
125
125
125
125
125
125
125
125
125
125
125
125
125
125
125
125
125
125
125
125
125
125
125
125
125
125
125
125
125
125
125
125
125
125
125
125
125
125
125
125
125
125
125
125
125
125
125
125
125
125
125
125
125
125
125
125
125
125
125
125
125
125
125
125
125
125
125
125
125
125
125
125
125
125
125
125
125
125
125
125
125
125
125
125
125
125
125
125
125
125
125
125
125
125
125
125
125
125
125
125
125
125
125
125
125
125
125
125
125
125
125
125
125
125
125
125
125
126
124
125
125
125
125
125
125
125
125
125
125
125
125
125
125
125
125
125
125
125
125
125
125
125
125
125
125
125
125
125
125
126
125
125
125
126
125
125
125
126
125
126
126
126
126
125
125
126
126
125
126
126
125
126
126
126
125
125
125
126
125
126
125
125
125
126
126
125
125
125
125
126
126
126
125
126
125
125
125
125
125
125
125
125
125
126
126
125
126
126
126
125
125
125
125
125
125
125
125
125
125
126
125
126
126
125
125
125
126
126
125
125
125
125
125
125
126
125
125
125
126
126
125
125
126
125
125
125
125
125
125
125
125
125
126
125
125
125
125
125
125
126
126
125
125
125
125
126
126
125
125
125
125
125
125
125
125
125
125
125
125
125
125
125
125
125
126
125
125
125
125
125
125
126
125
125
125
125
125
125
125
125
125
126
125
125
125
126
125
125
126
126
125
125
125
125
125
125
125
126
126
125
126
125
125
126
125
125
125
126
125
126
126
126
126
126
126
126
126
125
126
125
125
125
125
125
125
125
126
126
125
125
125
125
126
126
126
125
126
126
125
126
125
126
126
126
126
126
126
125
125
125
126
125
125
126
126
127
125
125
125
125
125
125
125
125
125
125
125
125
125
125
125
125
125
125
125
125
125
125
125
125
125
125
125
125
125
125
125
125
126
126
125
125
125
125
125
125
125
125
125
125
125
125
126
125
126
125
125
125
125
125
125
125
125
125
125
125
125
125
125
125
125
126
125
126
126
125
125
125
125
125
125
125
125
125
125
125
125
126
125
125
125
125
125
125
125
125
125
125
125
125
125
125
125
125
125
126
125
125
125
125
125
125
125
125
125
125
125
125
125
125
125
125
125
125
125
125
125
125
125
125
125
125
125
125
125
125
125
125
125
125
126
125
125
125
125
125
125
125
125
126
124
125
125
125
125
126
126
125
126
126
125
125
125
125
125
125
126
126
126
125
125
125
125
125
126
125
126
125
126
126
125
125
125
125
125
126
125
125
125
125
125
126
125
125
125
126
126
126
126
125
126
125
125
126
125
126
126
125
125
125
126
126
125
125
125
125
124
124
125
126
126
126
126
126
125
126
126
126
125
125
125
125
125
125
125
125
125
125
125
125
125
125
125
125
125
125
125
125
125
125
125
125
125
125
125
126
125
125
125
126
125
125
125
125
125
125
125
125
125
125
125
125
126
126
125
126
126
125
125
125
125
125
126
126
125
125
125
126
126
126
126
125
125
125
126
125
125
125
125
125
125
125
125
125
125
126
126
126
126
125
126
126
126
126
125
125
125
125
126
126
125
125
125
126
126
125
126
126
125
125
126
126
125
125
126
126
125
125
126
125
125
125
126
126
125
125
126
126
125
125
125
125
125
126
126
125
125
126
126
125
125
126
126
125
125
127
128
125
125
125
125
124
124
125
125
124
125
125
125
125
125
125
126
126
126
126
125
125
125
126
125
125
125
125
125
125
125
125
124
125
125
126
125
125
125
125
125
124
125
126
126
125
126
125
125
125
126
126
125
125
125
125
125
125
125
125
125
125
126
126
125
124
125
125
126
126
126
125
124
125
126
126
125
125
125
126
126
125
125
125
125
125
125
126
125
124
125
126
126
125
125
126
125
125
125
126
126
125
125
125
126
125
124
125
126
126
125
125
127
126
124
124
126
126
124
123
125
124
122
122
125
128
132
133
132
128
122
120
125
129
127
121
117
118
120
120
117
119
121
124
130
137
136
128
135
139
138
118
116
123
127
129
132
127
117
115
122
124
122
120
119
121
127
129
127
124
124
124
126
131
133
130
126
126
128
128
127
127
125
124
122
123
126
118
122
124
123
124
126
127
127
126
126
125
126
127
127
126
125
125
126
127
128
127
126
125
125
127
127
127
126
126
121
124
124
125
126
126
125
125
126
126
125
125
126
126
126
126
125
125
125
125
126
126
127
126
126
126
126
126
125
125
126
127
126
125
125
125
125
125
125
126
126
125
124
125
126
126
126
125
126
125
125
126
126
126
124
124
125
126
126
125
125
125
125
125
125
125
125
125
125
127
127
126
125
125
127
127
126
126
127
127
127
126
125
125
126
126
126
125
125
126
125
125
123
122
124
125
124
125
126
126
125
125
125
125
126
128
127
126
126
127
128
127
126
125
126
126
125
125
125
126
125
125
125
125
125
125
126
125
125
125
125
126
127
127
126
125
125
126
127
127
126
126
126
127
127
126
125
125
125
128
130
126
125
124
123
123
123
125
124
125
125
124
125
127
127
127
126
127
127
127
126
121
115
117
130
137
129
116
116
130
142
140
133
134
125
97
94
129
146
124
102
112
141
157
138
104
101
130
148
138
119
110
117
132
134
134
133
119
110
132
167
160
103
66
100
149
144
113
110
127
132
129
128
125
121
124
128
126
120
122
130
135
132
129
125
120
122
130
130
118
114
121
128
126
125
125
126
128
127
122
119
123
127
128
126
126
125
124
126
129
128
125
123
125
126
126
126
127
126
126
125
124
125
125
125
126
123
118
123
135
134
122
120
126
129
132
126
112
115
130
134
127
117
117
127
137
140
124
95
120
154
138
106
111
135
131
105
104
128
140
130
116
118
137
151
139
119
117
132
139
127
115
120
131
122
107
112
126
130
127
133
139
131
123
125
131
129
123
118
106
111
137
152
134
109
109
131
141
126
121
131
125
112
117
134
137
132
127
122
124
129
119
108
116
134
137
128
124
117
124
134
115
116
147
144
108
92
119
157
178
157
107
76
80
119
162
165
116
64
83
168
211
142
57
92
155
145
117
119
124
125
141
142
115
95
110
137
145
131
125
125
110
100
127
152
139
112
113
134
141
128
125
127
121
105
104
126
145
148
137
119
106
107
120
137
137
125
122
127
131
130
124
119
116
120
128
133
130
127
124
121
123
129
132
128
123
124
128
130
127
123
120
95
126
125
126
125
126
126
126
125
126
126
126
125
125
126
125
126
126
126
126
126
126
126
125
126
125
126
126
126
125
126
126
126
125
126
126
125
125
126
125
125
125
125
125
125
126
126
125
126
125
126
125
126
126
125
126
126
125
126
125
126
126
126
126
126
126
126
125
126
125
126
126
126
126
125
126
125
125
125
126
125
125
126
125
125
126
125
125
125
126
126
126
126
125
126
125
125
125
125
125
126
126
126
126
126
125
126
126
125
125
126
126
125
125
126
126
125
126
126
126
126
125
126
126
126
126
126
125
126
126
126
126
126
126
126
126
126
126
126
126
126
125
126
126
126
126
126
125
125
125
126
125
126
126
126
126
126
126
126
126
126
126
126
126
126
126
126
126
126
126
126
126
125
126
126
126
126
126
125
126
125
125
126
126
126
126
126
126
126
126
126
126
126
125
125
126
126
126
125
125
126
126
125
126
125
125
125
126
125
125
125
126
125
125
125
126
125
125
126
126
126
126
126
125
126
126
126
125
126
125
125
126
125
125
125
125
125
125
125
125
125
125
126
125
125
125
125
126
125
126
125
125
126
125
125
125
126
125
125
125
125
125
125
125
125
125
125
125
125
125
125
125
126
125
125
125
125
125
125
125
125
125
125
125
125
125
126
125
125
125
125
125
125
125
125
125
125
125
125
125
125
125
125
125
125
125
125
125
125
125
125
125
125
125
125
125
125
125
125
125
125
125
125
125
126
125
126
125
125
125
125
125
125
125
125
125
125
125
125
125
125
125
125
125
125
125
125
126
125
125
125
126
125
125
127
