129
124
119
125
129
124
98
125
125
125
125
125
125
125
125
125
125
125
125
125
125
125
125
125
125
125
125
125
125
125
125
125
125
125
125
125
125
125
125
125
125
125
125
125
125
125
125
125
125
125
125
125
125
125
125
125
125
125
125
125
125
125
125
125
125
125
125
125
125
125
125
125
125
125
125
125
125
126
125
125
125
125
125
125
125
125
125
125
126
126
125
125
125
126
126
125
126
126
125
125
125
125
126
126
125
126
126
126
126
126
126
126
126
126
126
126
126
126
125
126
126
126
126
126
126
126
126
126
126
126
126
126
125
125
126
126
126
126
126
126
126
126
126
126
126
125
125
125
125
125
126
126
126
125
126
125
125
125
125
126
125
126
125
125
125
125
125
125
125
125
125
125
125
125
126
125
125
125
125
126
125
126
125
125
125
125
125
126
126
126
126
126
126
125
125
126
125
126
125
125
126
126
125
126
126
125
126
126
126
125
126
126
125
125
125
125
125
125
125
126
125
126
126
125
125
125
125
125
126
125
125
125
126
125
125
126
126
125
126
125
126
125
126
125
125
126
125
125
126
126
125
126
125
126
125
126
126
126
126
126
125
126
125
125
125
126
126
125
126
125
126
126
126
126
126
126
126
126
125
125
125
125
126
126
126
126
126
125
126
126
126
126
126
126
126
126
126
125
125
125
125
125
125
125
125
125
125
125
125
125
125
125
125
125
125
125
126
125
125
125
126
126
125
125
125
125
125
125
125
125
125
125
125
125
125
125
125
125
125
125
125
125
125
125
125
125
125
125
125
125
125
125
125
125
125
125
125
126
125
125
125
125
125
125
125
125
125
125
125
125
125
125
125
125
125
125
125
125
125
125
125
125
125
125
125
125
125
125
125
125
125
125
125
125
125
125
125
125
125
125
125
125
125
125
125
125
125
125
125
125
125
125
125
125
125
125
125
125
125
125
125
125
125
125
125
125
125
125
125
125
125
125
125
125
125
125
125
125
125
125
125
125
125
125
125
125
125
125
125
125
125
125
125
125
125
125
125
125
125
125
125
125
125
125
125
125
125
125
125
125
125
125
125
125
125
125
125
125
125
126
124
125
125
125
125
126
126
125
125
125
125
125
125
125
125
125
125
125
125
125
125
125
125
125
125
125
125
125
125
125
126
126
125
125
125
126
125
125
125
126
126
126
126
126
126
126
126
125
126
126
126
126
125
125
126
126
126
125
126
126
126
126
125
125
125
126
126
125
125
125
125
125
126
126
126
126
126
126
126
125
125
125
125
125
125
125
125
125
125
126
126
125
125
125
125
125
126
125
125
125
125
126
126
125
125
126
125
125
126
125
126
125
125
125
125
126
125
126
126
125
125
125
125
126
125
125
126
125
125
126
126
126
126
126
126
126
126
126
126
126
125
125
126
126
126
126
125
126
125
126
125
125
126
125
125
126
125
126
126
126
125
126
126
126
126
126
126
126
126
126
126
126
125
126
126
126
126
125
126
125
126
126
126
126
126
125
126
125
125
125
126
126
126
126
126
125
126
126
126
125
126
126
126
126
125
126
125
126
126
126
125
126
126
126
125
126
126
127
126
126
125
125
125
125
125
125
125
125
125
125
125
126
126
125
125
125
125
126
125
126
126
125
125
125
126
126
126
125
125
125
126
125
126
126
126
125
126
127
126
126
125
125
125
125
125
125
125
125
125
125
125
125
125
125
125
125
125
125
126
125
125
125
125
125
125
125
125
125
125
125
125
125
126
125
125
125
125
125
125
125
125
125
125
126
126
126
126
125
125
125
126
125
125
126
125
125
125
125
125
125
125
125
125
125
125
125
125
126
125
125
125
125
125
125
125
125
126
125
125
126
125
125
125
125
125
125
125
125
125
125
125
125
125
125
125
125
125
125
126
125
125
125
125
126
125
125
125
125
125
125
125
125
125
125
125
125
125
125
125
125
125
125
125
125
125
125
125
125
125
125
125
125
125
125
125
125
125
125
125
125
125
125
125
125
125
125
125
126
125
125
125
125
125
125
126
125
125
125
125
125
125
125
125
125
125
125
125
125
125
125
125
125
125
125
125
125
125
125
125
123
125
125
125
126
126
126
125
126
126
125
125
125
125
125
125
125
126
126
125
125
126
126
126
126
125
126
126
125
126
124
124
125
126
126
126
127
126
126
126
126
126
126
125
126
126
126
126
126
125
126
126
126
126
125
125
126
126
125
127
126
125
125
125
125
125
124
125
126
126
125
125
125
125
125
125
126
125
125
126
126
125
125
125
126
125
125
126
126
125
125
126
125
125
125
126
125
125
125
126
125
124
125
125
125
125
125
125
125
125
125
126
125
125
125
125
125
126
126
125
125
125
125
125
125
125
125
125
126
126
125
125
124
125
126
126
124
125
125
125
125
125
126
126
125
125
125
125
125
125
126
126
125
125
126
125
125
125
125
125
125
126
126
126
124
125
125
126
126
126
126
124
124
125
126
125
124
125
126
126
126
126
121
125
125
125
126
126
125
125
126
126
125
125
125
125
125
125
125
126
126
125
125
121
123
124
125
127
128
127
126
127
127
126
124
125
127
126
124
125
125
124
122
123
127
131
134
134
131
126
121
124
129
129
124
119
117
120
122
119
117
119
123
128
134
137
131
128
136
141
128
115
118
125
128
133
131
121
114
118
125
125
123
121
121
125
130
130
126
124
123
124
128
132
132
127
125
126
128
127
127
126
124
122
122
125
126
126
124
122
122
121
123
125
125
125
125
126
127
128
127
126
125
125
127
128
128
126
123
125
126
127
127
126
126
125
125
125
126
125
125
124
124
125
126
125
125
125
126
126
125
125
125
125
125
125
126
126
127
125
126
126
126
126
126
126
126
126
126
125
125
125
126
125
125
125
125
125
126
126
126
125
125
126
126
126
125
125
125
125
125
124
124
125
125
125
125
125
125
125
126
126
127
126
125
124
126
127
126
126
126
126
128
128
127
126
126
126
131
126
126
126
125
123
123
124
123
123
123
124
124
125
125
124
125
125
126
126
126
126
127
127
127
129
129
127
126
126
125
124
125
125
125
125
125
124
125
125
125
125
125
125
125
125
125
126
125
126
126
126
126
125
124
125
126
126
127
126
127
128
128
126
125
124
125
124
126
126
125
123
122
124
126
126
125
124
125
127
126
126
125
125
125
126
126
127
125
117
112
120
137
143
129
114
121
138
141
131
127
128
111
92
109
138
136
117
121
141
140
125
120
123
125
127
129
127
121
119
127
136
132
121
120
121
117
128
149
131
90
97
145
160
129
109
121
136
135
128
119
104
104
126
144
134
116
115
136
118
136
128
128
126
127
124
119
118
122
129
130
124
119
122
130
135
131
124
120
125
131
130
124
121
122
126
129
130
127
124
125
127
127
125
126
127
127
125
125
125
124
125
127
123
121
124
129
130
128
123
118
123
131
131
122
123
129
125
120
126
130
121
117
126
134
130
109
111
121
139
142
139
135
128
117
114
116
118
119
124
130
138
138
126
118
127
139
141
133
125
117
112
109
121
130
119
101
110
148
166
124
92
126
166
152
108
86
91
118
142
155
154
142
116
85
81
116
148
148
138
131
126
124
136
140
119
97
108
132
130
113
117
152
169
136
78
77
141
184
145
68
53
130
194
178
135
132
115
54
60
169
232
141
30
69
156
165
145
146
114
69
99
158
148
115
127
145
127
107
119
133
125
117
120
126
129
132
126
114
117
138
152
146
128
115
114
115
117
121
123
125
124
125
128
130
133
133
125
117
116
123
131
130
121
125
134
124
108
120
143
138
113
107
124
134
136
135
127
124
126
126
120
117
122
129
131
126
124
124
97
125
125
126
126
126
126
125
126
126
125
125
126
125
125
125
126
125
126
125
125
125
125
125
125
126
126
125
125
126
125
125
125
125
125
125
125
125
125
126
126
125
126
126
126
125
126
125
125
126
125
125
126
125
125
126
125
126
125
125
126
125
125
126
125
125
125
125
126
126
125
125
125
125
125
125
125
125
125
125
125
126
125
125
125
125
125
125
125
125
125
125
125
125
125
125
125
125
125
126
125
125
125
125
125
126
125
125
125
126
125
125
125
125
125
125
125
125
125
125
125
125
125
125
125
125
125
125
125
125
125
125
125
125
125
125
125
125
125
125
125
125
125
125
125
125
125
126
125
125
125
125
125
125
125
125
125
125
125
125
125
125
125
125
125
125
125
126
125
125
125
125
125
125
125
125
125
125
125
125
125
125
125
125
125
125
125
125
125
125
125
125
125
125
125
125
125
125
125
125
125
125
125
125
125
125
125
125
125
125
125
125
126
126
125
125
125
125
125
125
125
125
125
125
125
125
125
125
125
125
125
125
125
125
125
125
125
125
125
125
125
125
125
125
125
125
125
125
125
125
125
125
125
125
125
125
125
125
125
125
125
125
125
125
125
125
125
125
125
125
125
125
125
125
125
125
125
125
125
125
125
125
125
125
125
125
125
125
125
125
125
125
125
125
125
125
125
125
125
125
126
125
125
125
125
125
126
125
126
125
125
125
125
126
125
125
125
125
125
125
125
125
125
125
125
126
125
125
126
125
125
125
125
126
125
126
125
124
125
125
126
126
126
126
126
126
126
125
126
126
125
126
126
125
124
