124
124
134
141
135
127
80
125
125
125
125
125
125
125
125
125
125
125
125
125
125
125
125
125
125
125
125
125
125
125
125
125
125
125
125
125
125
125
125
126
126
126
126
126
126
126
125
125
125
125
126
126
126
126
125
126
126
126
125
125
125
126
126
126
125
125
126
126
125
125
126
126
126
125
126
125
126
126
125
126
126
126
125
125
125
125
125
125
125
126
125
126
125
126
125
125
125
125
125
125
125
125
125
125
125
125
125
125
125
125
126
125
125
125
125
125
125
125
125
125
125
125
125
125
125
125
125
125
125
125
125
125
126
125
125
125
126
126
125
125
125
125
125
125
125
126
125
126
125
126
126
126
126
125
125
125
126
125
125
126
125
125
126
125
125
125
126
126
125
125
126
126
125
126
126
125
125
125
125
126
126
125
125
125
125
126
126
126
125
125
125
125
125
126
126
125
126
125
125
125
125
125
125
125
125
125
125
125
126
125
125
125
125
125
125
125
125
125
125
125
125
126
125
125
125
126
125
125
126
125
125
125
125
126
126
126
125
126
125
125
125
125
125
125
125
125
125
125
125
125
125
126
125
126
125
126
126
125
125
125
125
125
125
125
125
125
125
125
125
125
125
125
125
125
125
125
125
125
125
125
125
125
125
125
125
125
125
125
125
125
125
125
125
125
125
125
125
125
125
125
125
125
125
125
125
125
125
125
125
125
125
125
125
125
125
125
125
125
125
125
125
125
125
125
125
125
125
125
125
125
125
125
125
125
125
125
125
125
125
125
125
125
125
125
125
125
125
125
125
125
125
125
125
125
125
125
125
125
125
125
125
125
125
125
125
125
125
125
125
125
125
125
125
125
125
125
125
125
125
125
125
126
124
125
125
125
125
125
125
125
125
125
125
125
125
125
125
125
125
125
125
125
125
125
125
125
125
125
125
125
125
125
125
125
125
125
125
125
125
125
125
126
125
125
125
125
125
125
125
125
126
125
125
125
125
125
125
125
125
125
125
125
125
125
125
125
125
125
125
124
125
125
125
125
126
125
125
125
125
125
125
125
125
125
125
125
125
125
125
125
125
125
125
125
125
125
125
125
125
125
125
125
125
125
125
125
125
125
125
125
125
125
125
125
125
125
125
125
125
125
125
125
125
125
125
125
125
125
125
125
125
125
125
125
125
125
125
125
125
125
125
125
125
125
125
125
125
125
125
125
125
125
125
125
125
125
125
125
125
125
125
125
125
125
125
125
125
125
125
125
125
125
125
125
125
125
125
125
125
125
125
125
125
125
125
125
125
125
125
125
125
125
125
125
125
125
125
125
125
125
125
125
125
125
125
125
125
125
125
125
126
126
126
127
126
125
123
125
130
129
123
121
121
113
109
133
150
133
122
140
124
97
115
139
124
139
158
79
102
149
185
80
31
154
250
150
1
89
199
174
67
107
193
146
53
91
161
152
126
115
81
98
191
189
108
57
96
156
161
116
108
129
129
121
127
129
117
123
133
125
123
131
129
121
118
119
121
122
126
134
137
132
124
118
117
122
129
133
135
127
114
110
118
132
140
134
121
112
116
128
137
133
123
118
123
129
127
121
121
125
128
127
127
126
125
124
123
123
125
127
127
124
125
126
126
126
126
126
125
125
125
124
126
127
126
124
124
126
129
128
125
126
124
123
124
125
125
124
124
127
131
128
125
126
127
127
126
125
124
124
126
125
124
124
125
126
127
127
127
126
127
126
126
126
126
126
125
125
125
125
126
125
125
124
125
125
126
126
125
126
125
126
126
127
126
126
126
125
124
124
126
125
125
126
126
126
126
126
127
127
126
125
125
125
124
125
125
124
125
127
126
124
125
126
126
125
125
126
126
125
125
127
126
125
125
126
126
125
125
125
126
126
125
126
126
126
126
125
125
125
126
126
125
125
124
125
126
126
126
126
125
126
126
127
126
125
125
125
126
125
125
125
125
125
126
126
126
125
126
126
127
126
126
126
126
126
125
124
124
125
125
125
125
125
125
125
125
126
127
126
125
126
127
126
125
125
125
125
126
126
126
125
125
126
127
126
125
125
126
126
126
125
125
125
125
125
125
125
125
126
126
126
126
126
126
125
126
127
128
125
124
126
127
125
123
124
125
126
126
124
125
125
126
125
124
124
125
126
126
126
128
125
125
126
126
125
125
126
125
126
126
125
125
125
125
125
125
125
125
125
125
125
125
125
125
125
125
125
125
126
125
125
125
125
125
125
125
125
125
125
125
125
126
126
125
125
126
126
126
125
125
126
125
125
124
125
126
125
125
125
125
125
125
125
125
125
126
125
126
126
125
125
125
125
125
125
125
125
125
125
125
126
126
126
125
125
125
125
125
126
126
126
125
124
125
125
125
124
125
126
126
125
125
126
125
125
125
126
126
125
125
125
125
126
126
126
125
125
125
125
126
126
126
124
125
127
124
124
125
126
125
125
125
126
126
126
125
125
125
125
125
125
125
125
125
126
126
125
125
125
125
126
126
125
125
126
126
125
125
125
126
126
126
125
126
125
125
125
125
125
125
127
127
125
124
124
125
125
125
126
125
126
126
126
126
126
125
125
125
125
125
126
125
123
123
125
126
126
126
127
126
126
125
125
126
126
126
126
125
125
125
125
125
125
125
127
127
126
124
123
124
125
124
124
127
127
126
124
124
127
130
128
123
122
125
126
124
124
126
126
124
122
123
126
127
128
127
126
125
125
124
123
123
124
125
125
125
125
125
127
127
126
125
125
126
128
127
125
123
122
121
121
124
128
128
126
126
127
130
131
129
127
126
123
120
120
123
122
119
118
124
129
131
126
123
130
137
134
124
118
123
126
122
121
127
129
121
118
127
132
127
123
125
128
131
130
124
119
123
129
124
120
127
130
127
123
119
119
124
128
125
124
129
130
127
129
129
124
119
122
125
125
127
134
125
117
117
126
131
129
123
121
123
126
126
128
128
125
122
123
124
126
130
133
128
119
120
125
128
128
126
121
118
123
132
132
123
119
123
128
131
128
121
118
124
133
136
127
116
116
124
128
123
122
131
132
121
117
126
134
132
123
120
126
129
125
117
122
130
129
122
122
129
131
128
126
126
123
124
121
127
123
123
126
129
127
125
126
127
124
121
121
124
129
130
125
119
118
127
131
128
125
126
127
127
128
127
124
122
123
125
125
125
125
125
126
127
127
125
125
130
135
133
123
110
114
129
133
124
120
124
125
123
129
133
123
119
129
132
124
119
124
127
125
125
123
114
123
129
124
117
126
140
140
128
120
122
125
128
128
122
118
124
129
127
127
131
127
119
120
125
130
134
128
115
110
121
136
139
129
117
112
120
131
137
137
131
117
111
121
130
132
128
123
113
114
128
140
135
123
120
122
122
127
134
131
120
120
128
127
119
117
122
134
139
130
116
115
126
133
131
124
120
120
126
129
127
124
124
123
122
125
131
132
127
123
125
125
125
126
126
125
121
121
124
128
129
126
121
121
124
128
132
129
124
121
121
123
125
125
125
125
126
128
127
126
126
127
128
129
130
125
113
104
114
139
156
149
131
116
105
91
86
124
187
188
117
66
90
146
166
136
100
104
131
144
138
112
110
132
148
134
108
109
129
129
117
120
129
134
139
126
105
108
129
139
131
122
118
121
128
134
136
129
117
110
117
127
135
135
124
117
121
126
129
131
129
121
120
127
131
126
121
122
125
128
129
127
126
123
121
122
123
126
127
126
127
128
126
122
123
130
137
130
111
103
125
147
137
118
116
116
121
135
134
121
122
128
122
116
128
137
127
116
120
130
133
128
124
126
123
114
117
129
136
131
124
122
123
125
125
118
121
133
140
134
81
125
125
125
125
125
125
125
125
125
125
125
125
125
125
125
125
125
125
125
125
125
125
125
125
125
125
125
125
125
125
125
125
125
125
125
125
125
125
125
125
125
125
125
125
125
125
125
125
125
125
125
125
125
125
125
125
125
125
125
125
125
125
126
125
125
125
125
125
125
125
125
125
125
126
125
125
125
125
125
125
125
126
125
125
126
125
126
126
126
126
125
125
125
125
125
126
125
126
125
125
125
125
125
125
126
126
126
126
126
126
126
126
126
126
126
125
126
126
126
126
126
126
126
126
125
125
126
125
125
125
125
125
125
125
126
126
126
126
125
125
125
125
126
126
125
125
125
125
125
125
125
126
125
125
125
126
125
125
125
125
126
125
125
125
125
125
125
125
125
126
126
125
126
125
125
126
125
126
125
125
125
125
125
125
125
125
126
126
126
126
125
125
126
126
125
125
125
126
126
126
125
125
126
126
125
125
126
125
126
125
125
126
126
126
126
126
125
125
125
125
126
126
125
125
126
126
126
126
126
126
126
126
125
125
126
125
125
125
126
125
126
126
126
125
126
126
126
125
125
126
126
126
126
125
126
126
126
126
126
125
126
126
126
126
125
125
126
126
126
126
126
126
125
126
126
125
125
126
126
126
125
125
125
125
125
125
125
125
125
125
125
125
125
125
125
125
126
126
125
125
125
126
125
125
125
125
125
125
125
125
125
125
125
125
126
125
125
126
125
125
125
126
125
125
125
127
125
125
125
126
125
126
126
126
125
126
125
126
125
125
125
125
125
125
126
125
125
125
125
125
126
126
126
129
