125
127
129
128
126
124
87
126
126
126
126
126
126
125
125
125
126
126
126
125
125
126
126
125
126
126
125
125
126
125
125
125
125
126
125
125
126
125
126
126
125
126
126
126
125
126
126
125
125
125
125
125
126
125
125
125
126
125
126
126
126
126
126
126
126
125
125
125
125
125
125
125
125
125
125
125
125
125
125
125
125
125
125
126
125
125
125
126
125
125
126
126
125
125
125
125
125
126
125
125
125
125
125
125
125
126
125
125
125
125
125
125
125
125
125
126
126
125
125
125
125
125
125
125
125
125
125
125
125
125
125
125
125
125
125
125
125
125
125
125
125
125
125
125
125
125
125
125
125
125
125
125
125
125
125
126
125
125
125
125
125
125
125
125
125
125
125
125
125
126
125
125
125
126
125
125
125
125
125
125
125
125
125
125
125
125
125
125
125
126
125
125
125
125
125
125
125
125
125
125
125
125
126
125
126
125
125
125
125
126
125
125
125
125
125
125
125
125
125
125
126
125
125
125
125
125
125
125
125
125
125
125
125
125
125
125
125
125
125
125
125
125
125
125
125
125
125
125
125
125
125
125
125
125
125
125
125
125
125
125
125
125
125
125
125
125
125
125
125
125
125
125
125
125
125
125
125
125
125
125
125
125
125
125
125
125
125
125
125
125
125
125
125
125
125
125
125
125
125
125
125
125
125
125
125
125
125
125
125
125
125
125
125
125
126
125
125
125
125
125
125
125
125
125
125
125
125
125
125
125
125
125
125
126
126
125
125
125
125
125
125
125
125
125
125
125
125
125
125
125
125
125
125
125
125
125
125
125
125
125
125
125
125
125
125
125
125
125
125
125
125
125
125
125
125
125
125
125
125
125
125
125
125
125
125
125
125
125
125
125
125
125
125
125
125
125
125
125
125
125
125
125
125
124
125
125
125
125
125
125
125
125
125
125
125
125
126
126
125
125
125
125
125
125
125
125
125
125
125
125
125
125
125
125
125
125
125
125
125
125
125
125
125
125
125
125
125
125
125
125
125
125
125
125
125
125
125
125
125
125
125
125
125
125
125
125
125
125
125
125
125
125
125
125
125
126
125
125
125
125
125
125
125
125
125
125
125
125
125
125
125
125
125
125
125
125
125
125
125
125
125
125
125
125
125
125
125
125
125
125
125
125
125
125
125
125
125
125
125
125
125
125
125
125
125
125
125
125
125
125
125
125
125
125
125
125
125
125
125
125
125
125
125
125
125
125
125
125
125
125
125
125
125
125
125
125
125
125
125
125
125
125
125
125
125
125
125
125
125
125
125
125
125
125
125
125
125
125
125
125
125
125
125
125
125
125
125
125
125
125
125
125
125
125
125
125
125
125
125
125
125
125
125
125
125
125
125
125
125
125
125
125
125
125
125
125
125
125
125
125
125
125
125
125
125
126
126
126
125
125
125
125
125
125
125
125
125
126
125
125
125
125
125
125
126
126
125
125
125
126
125
125
125
125
125
125
125
125
126
125
125
125
125
126
126
125
125
125
125
125
125
125
125
125
125
125
125
125
125
125
125
125
125
125
125
125
125
124
124
125
125
125
126
126
126
125
125
125
125
125
125
125
125
126
125
125
125
125
126
125
125
125
125
125
125
125
125
125
125
125
125
125
125
125
125
125
125
125
125
125
125
125
125
125
125
125
125
125
125
125
125
125
125
125
125
125
125
125
125
125
125
125
126
125
125
125
125
125
125
125
125
126
125
125
125
125
125
125
125
125
125
126
125
125
125
125
126
125
126
125
125
125
125
125
125
126
125
125
125
125
125
125
126
126
125
125
125
125
125
126
126
125
125
125
126
125
125
125
125
125
125
126
126
125
125
126
126
125
125
125
125
125
125
126
125
125
126
126
125
125
125
125
125
126
126
126
125
125
125
125
127
124
124
124
125
126
126
126
126
126
125
125
126
126
126
126
126
126
125
125
126
126
125
125
125
125
125
126
126
126
126
126
126
126
125
126
125
125
125
126
126
125
125
126
126
126
126
126
127
126
126
126
125
125
125
126
125
125
126
126
126
125
126
126
125
125
126
125
124
125
128
126
126
126
126
125
125
126
125
125
125
125
125
126
125
125
126
126
126
125
126
125
125
125
126
126
125
125
125
125
125
126
126
126
124
124
126
126
125
126
126
126
126
126
126
126
125
125
125
126
126
125
126
126
125
126
126
126
125
125
126
126
125
125
125
126
126
125
125
126
125
125
125
126
125
125
125
126
125
125
125
125
126
125
125
126
126
125
125
126
125
126
125
125
126
126
126
126
126
126
125
126
126
125
126
125
126
126
126
126
125
125
125
126
125
126
126
126
126
126
126
126
126
125
125
126
126
125
126
125
126
125
125
126
126
126
126
126
125
125
126
126
126
126
125
126
128
125
125
125
125
124
125
125
125
125
125
125
125
126
126
125
125
125
126
126
126
126
126
125
126
125
125
125
125
125
125
125
125
126
125
126
126
126
126
125
125
125
125
125
126
125
125
125
125
126
126
126
126
125
125
125
125
125
125
125
125
125
125
125
125
125
125
126
126
126
125
126
126
126
126
125
125
126
126
125
124
124
126
127
126
126
125
125
126
126
124
124
124
125
125
125
125
125
126
126
126
125
126
126
127
125
124
125
126
126
126
129
126
124
124
125
123
124
125
126
125
125
125
126
126
125
125
124
125
126
126
127
125
124
125
126
125
126
125
124
126
126
126
126
125
125
125
126
126
125
123
124
125
126
126
127
126
125
126
126
125
124
125
125
125
125
126
127
128
128
129
130
131
131
128
126
121
114
109
111
117
124
132
138
133
126
128
133
132
125
123
126
137
139
128
109
106
120
123
116
118
132
129
131
138
137
113
101
121
145
148
129
110
110
123
137
141
131
113
107
121
136
141
124
113
125
141
133
110
101
123
132
127
135
138
127
116
118
120
121
122
133
147
134
97
98
144
164
127
80
82
127
168
166
133
111
115
133
143
141
129
118
113
113
110
109
122
141
140
122
114
117
123
132
135
122
114
128
139
131
115
110
119
133
140
135
124
117
123
133
136
128
115
113
125
135
130
121
120
130
135
123
111
116
125
128
131
132
127
119
125
130
125
128
132
124
120
123
123
121
126
132
133
127
122
123
124
121
122
127
128
126
127
125
120
115
119
131
133
130
126
125
126
126
126
126
121
120
128
136
127
111
113
128
135
129
123
125
132
144
146
123
100
112
132
127
109
106
128
146
136
114
112
138
145
129
111
112
124
134
138
133
117
112
123
127
120
120
133
144
139
121
111
120
130
133
128
118
114
112
117
132
142
138
122
112
118
132
137
132
124
122
124
122
121
122
125
129
129
125
122
121
119
115
118
128
136
135
130
125
122
123
126
129
128
124
122
126
133
131
125
123
127
124
116
114
122
129
129
126
126
127
126
124
123
124
125
126
126
125
123
125
126
125
125
128
128
128
126
122
121
124
126
126
127
125
121
121
125
123
119
122
129
130
126
124
127
126
124
126
128
131
128
122
121
124
128
129
126
123
122
124
128
130
125
120
120
123
126
127
126
123
121
123
130
134
127
120
123
127
124
121
122
124
125
127
131
129
120
120
128
134
132
124
119
120
123
128
130
125
120
122
125
126
124
122
125
130
130
127
125
123
122
123
129
129
124
122
125
127
127
125
121
120
150
87
136
120
124
123
126
128
129
129
127
124
125
125
123
123
125
127
129
129
126
125
126
126
124
123
125
127
126
125
125
127
126
123
126
127
126
128
128
125
123
123
126
127
127
126
126
125
124
123
124
126
125
125
128
127
126
126
127
127
125
127
129
125
124
125
123
109
127
122
124
126
132
131
129
126
88
125
125
125
125
125
125
125
125
125
125
125
125
125
125
125
125
125
125
125
125
125
125
125
125
125
125
125
125
125
125
125
125
125
125
125
125
125
125
125
125
125
125
125
125
125
125
125
125
125
125
125
125
125
125
125
125
125
125
125
125
125
125
125
125
125
125
125
125
125
125
125
125
125
125
125
125
125
125
125
125
125
125
125
125
125
125
125
125
125
125
125
125
125
125
125
125
125
125
125
125
125
125
125
125
125
125
125
125
125
125
125
125
125
125
125
125
125
125
125
125
125
125
125
125
125
125
125
125
125
125
125
125
125
125
125
125
125
125
125
125
125
125
125
125
125
125
125
125
125
125
125
125
125
125
125
125
125
125
125
125
126
125
125
125
125
125
125
125
125
125
125
125
125
126
125
125
125
125
125
125
125
125
125
125
125
125
125
125
126
126
125
125
125
125
125
125
125
125
125
125
125
125
125
125
125
125
125
125
125
125
125
125
125
125
125
125
125
125
125
125
125
125
125
125
125
125
125
125
125
125
125
125
125
125
125
125
125
125
125
125
125
125
125
125
125
125
125
125
125
125
125
125
125
125
125
125
125
125
125
125
125
125
125
125
125
125
126
125
125
125
125
125
125
125
125
125
125
125
125
125
125
125
125
125
125
125
125
125
125
125
125
125
125
125
125
125
125
125
125
125
125
125
125
125
125
125
125
125
125
125
125
125
125
125
125
125
125
125
125
125
125
125
125
125
125
125
125
125
125
125
125
125
125
125
125
125
125
125
125
125
125
125
125
125
125
125
125
125
125
125
125
125
125
125
