125
125
133
130
128
125
36
125
125
125
125
125
125
125
125
125
125
125
125
125
125
125
125
125
125
125
125
125
125
125
125
125
125
125
125
125
125
125
125
125
125
125
125
125
125
125
125
125
125
125
125
125
125
125
125
125
125
125
125
125
125
125
125
125
125
125
125
125
125
125
125
125
125
125
125
125
125
125
125
125
125
125
125
125
125
125
125
125
125
125
125
125
125
125
125
125
125
125
125
125
125
125
125
125
125
125
125
125
125
125
125
125
125
125
125
125
125
125
125
125
125
125
125
125
125
125
125
125
125
125
125
125
125
125
125
125
125
125
125
125
125
125
125
125
125
125
125
125
125
125
125
125
125
125
125
125
125
125
125
125
125
125
125
125
125
125
125
125
125
125
125
125
125
125
125
125
125
125
125
125
125
125
126
124
125
125
125
125
125
125
125
125
125
125
126
125
125
125
125
126
125
125
126
125
125
125
125
125
125
125
125
125
125
125
125
125
125
125
125
125
125
125
125
125
125
125
125
125
125
125
125
125
125
125
125
126
125
125
125
125
125
125
125
125
125
125
125
125
125
125
125
125
125
125
125
125
125
125
125
125
125
125
125
125
125
125
125
125
125
125
125
125
125
125
125
125
125
125
125
125
125
125
125
125
125
125
125
125
125
125
125
125
125
125
125
125
125
125
125
125
125
125
125
125
125
125
125
125
125
125
125
125
125
125
125
125
125
125
125
125
125
125
125
125
125
125
125
125
125
125
125
125
125
125
125
125
125
125
125
125
125
125
125
125
125
125
125
125
125
125
126
125
125
125
125
125
125
125
125
125
125
125
125
125
125
125
125
125
125
125
125
125
125
125
125
125
125
125
125
125
125
125
125
125
125
125
125
125
125
125
125
125
125
125
125
125
125
125
126
126
126
125
125
125
125
125
125
125
125
125
125
125
125
125
125
124
124
125
126
125
125
125
126
126
125
125
125
125
125
125
125
125
125
125
125
125
125
125
125
125
125
125
125
125
125
125
125
125
125
125
125
125
125
125
125
125
125
125
125
125
125
125
125
125
125
125
125
125
125
124
124
125
125
125
126
125
125
125
125
125
124
125
125
125
125
125
126
126
126
125
125
125
125
124
124
125
125
125
126
126
125
125
125
125
124
125
125
126
125
125
125
125
125
124
125
125
125
125
126
125
125
125
125
124
125
126
125
125
125
125
125
125
125
125
126
127
127
125
124
124
125
123
122
122
124
124
123
125
130
133
129
124
125
127
126
125
125
123
116
116
130
140
130
116
116
123
130
134
129
121
126
134
125
103
106
138
159
130
76
77
136
157
134
148
201
199
132
34
71
26
255
255
255
189
246
122
255
255
3
255
2
255
255
39
3
117
187
177
149
100
57
82
131
139
131
134
134
124
110
104
116
133
136
125
120
120
119
117
122
130
128
120
119
124
126
122
120
125
133
135
128
116
114
126
135
132
122
118
124
129
127
120
117
122
130
132
127
123
123
127
131
128
120
117
122
127
129
125
122
122
126
129
128
127
127
127
129
129
125
122
122
123
122
122
125
127
128
128
127
124
122
124
127
126
123
123
127
130
128
125
123
124
125
125
125
125
125
126
127
129
127
125
124
124
125
125
125
125
126
125
123
122
124
126
127
128
127
127
127
126
122
121
124
126
127
126
126
126
125
125
124
124
124
125
126
126
127
127
126
124
123
124
124
125
124
124
125
125
125
125
126
126
126
127
127
126
125
124
124
124
124
124
124
125
125
126
127
127
126
125
125
125
124
125
125
125
125
125
125
125
126
125
125
125
125
124
125
126
126
125
125
125
126
128
123
124
125
125
125
126
126
126
125
125
125
125
125
125
126
126
126
125
126
126
126
125
125
125
125
123
124
125
125
125
126
126
127
126
126
126
126
126
126
125
126
126
126
126
126
125
125
125
125
125
125
125
125
125
125
126
126
126
125
126
126
126
125
126
126
126
126
124
124
125
126
125
125
125
126
126
126
126
126
126
126
125
126
126
126
125
125
125
125
125
125
125
125
125
125
125
125
125
125
125
125
126
126
126
125
125
126
126
125
126
126
125
125
125
125
125
125
126
126
125
126
125
125
125
125
125
125
125
125
126
125
125
125
125
125
126
125
125
125
125
125
125
125
126
126
125
125
126
126
126
125
125
125
126
125
125
125
126
126
126
125
125
125
126
126
125
125
125
125
125
125
124
125
126
126
126
125
125
126
126
126
125
125
125
125
125
126
126
125
125
125
126
126
126
125
125
125
126
126
125
125
125
126
126
125
125
126
126
126
125
125
125
125
125
125
125
125
128
125
125
125
125
125
125
125
125
125
125
125
125
125
125
126
126
126
126
125
125
125
125
125
125
125
125
125
126
128
126
125
125
124
124
125
125
125
125
125
125
125
125
125
125
125
126
125
125
125
125
125
125
126
125
125
125
125
125
125
125
125
125
125
125
125
125
125
125
125
125
125
125
125
125
125
125
125
125
125
125
125
125
125
125
125
125
125
125
125
125
125
125
125
125
125
125
125
125
125
125
125
125
125
125
125
125
125
125
125
125
125
125
125
125
125
125
125
125
125
125
125
125
125
125
125
125
125
125
125
125
125
125
125
125
125
125
125
125
125
125
125
125
125
125
125
125
125
125
125
125
125
125
125
125
125
126
125
125
125
125
125
125
125
125
125
125
125
125
125
125
125
125
125
125
125
125
125
126
125
125
126
125
125
125
125
125
125
125
125
125
125
125
125
125
125
125
125
125
125
126
125
125
125
125
125
125
125
125
125
125
126
125
125
125
125
125
125
125
125
125
125
125
125
125
125
125
125
125
125
126
125
125
125
125
126
125
125
126
126
125
125
125
125
125
125
125
125
125
125
125
125
125
125
125
125
125
125
125
125
125
125
125
125
125
125
125
126
126
125
125
125
125
125
125
125
125
125
125
125
125
125
125
125
125
125
125
125
125
125
125
125
126
125
125
125
125
125
125
125
125
125
125
125
125
125
125
125
125
125
125
125
125
125
125
125
125
125
126
126
126
126
125
125
125
125
125
125
125
125
125
125
125
125
125
125
124
125
125
126
126
125
125
125
125
126
125
125
125
125
125
125
125
126
125
124
125
125
125
125
125
125
126
126
125
126
126
142
128
115
126
125
124
126
125
125
125
125
124
124
125
125
125
125
126
125
124
125
125
126
126
125
125
124
125
125
125
125
125
125
126
126
125
125
126
126
127
126
126
126
126
126
126
126
126
126
125
125
125
126
126
125
126
126
126
125
126
124
126
124
125
126
126
126
125
117
124
124
126
126
128
129
127
127
128
127
125
126
125
125
126
126
125
126
125
126
126
126
126
125
124
125
125
125
125
125
126
126
126
125
125
126
125
125
124
124
125
125
125
125
125
125
125
126
126
126
125
125
125
125
125
125
125
125
126
126
125
125
125
125
125
126
125
125
125
126
126
126
126
126
125
125
124
125
125
125
126
125
125
126
126
126
124
125
125
125
125
126
126
125
126
125
125
126
126
126
125
125
125
125
125
126
125
125
125
125
126
125
125
125
125
125
126
125
125
125
125
125
124
126
125
127
126
126
125
125
125
124
125
126
126
126
126
126
126
125
125
125
122
125
125
126
126
126
129
133
127
124
125
123
122
123
124
124
124
124
125
124
125
125
125
126
126
126
126
125
126
125
124
125
125
124
125
125
125
125
125
126
126
125
126
125
125
125
125
125
125
125
124
125
125
125
126
125
126
125
125
125
124
126
126
125
126
125
125
126
125
124
126
125
125
126
125
126
125
125
125
125
125
126
126
125
126
125
125
125
125
125
125
125
125
124
125
126
124
35
126
126
126
126
126
126
126
126
126
126
126
126
125
126
126
125
126
126
126
126
126
126
126
126
126
125
125
126
126
126
126
126
126
125
126
126
126
126
125
126
126
126
126
126
126
126
126
125
126
125
125
125
125
125
125
125
125
125
125
125
125
125
125
126
125
125
126
125
125
125
125
126
125
125
125
125
126
126
126
126
125
125
125
126
125
126
125
125
125
125
125
125
125
125
125
125
125
125
125
125
125
125
125
125
125
125
125
125
125
125
125
125
125
125
125
125
125
125
125
125
125
125
125
125
125
125
125
125
125
125
125
125
125
125
125
126
125
125
125
125
125
125
125
125
125
125
125
125
125
126
125
125
125
125
125
125
125
125
125
125
125
125
125
125
125
125
125
125
125
125
125
125
125
125
125
125
125
125
125
125
125
126
125
125
126
125
126
126
125
126
126
126
125
125
126
125
126
126
126
126
126
126
126
126
125
125
126
126
125
126
125
125
125
126
126
125
125
126
126
126
125
126
126
126
126
126
125
126
125
126
125
125
126
125
126
125
125
125
125
125
126
126
125
125
126
125
126
126
125
126
125
125
125
126
125
125
125
126
125
125
126
125
126
125
125
125
125
125
125
125
125
125
125
126
125
125
126
126
125
125
125
125
125
125
126
126
125
125
126
125
125
125
125
125
126
126
125
125
125
125
125
125
125
125
126
125
125
126
125
125
125
125
126
126
125
125
125
125
126
125
125
125
125
125
125
125
125
125
125
126
125
125
125
125
125
125
125
125
125
125
126
125
125
125
125
125
125
125
125
126
126
126
125
122
