125
126
126
125
122
124
51
126
126
125
125
126
125
125
126
125
125
126
125
126
126
126
125
125
125
125
126
125
125
126
126
125
126
126
126
126
125
125
125
125
125
125
125
125
125
125
125
125
125
125
125
125
125
125
125
125
125
125
125
125
125
125
125
125
125
125
125
125
125
125
125
125
125
125
125
125
125
125
125
125
125
125
125
125
125
125
125
126
125
125
125
125
125
125
125
125
125
125
125
125
125
125
125
125
125
125
125
125
125
125
125
125
125
125
125
125
125
125
125
125
125
125
125
125
125
125
125
125
125
125
125
125
125
125
125
125
125
125
125
125
125
125
125
125
125
125
125
125
125
125
125
125
125
125
125
125
125
125
125
125
126
125
125
126
125
126
126
125
125
126
125
126
125
126
126
126
125
126
125
126
125
125
125
126
125
126
126
126
126
126
126
126
126
126
126
126
126
126
126
126
126
126
126
125
126
126
126
125
125
126
126
126
126
125
125
126
126
126
126
126
126
126
126
125
125
125
126
125
126
126
126
126
126
125
125
126
126
126
126
126
125
125
125
126
125
125
125
125
125
125
125
125
125
125
125
126
125
126
125
126
126
126
125
125
126
126
125
126
125
126
125
125
126
126
125
126
126
126
125
125
126
125
126
126
126
126
125
126
125
126
125
125
126
126
125
126
126
126
126
125
125
125
126
126
125
126
126
126
126
125
126
125
126
126
125
126
125
125
125
125
125
125
125
125
126
126
126
126
126
125
126
126
126
125
126
126
126
126
126
126
125
126
126
126
126
126
126
126
126
126
126
125
126
126
126
126
126
126
125
126
125
125
126
126
125
126
125
125
126
126
126
125
126
126
126
125
125
125
125
125
125
125
125
125
125
125
125
126
125
125
125
125
125
126
125
125
126
125
125
125
125
125
126
125
125
125
125
125
125
125
125
125
125
125
125
125
125
125
125
125
125
125
125
126
125
125
125
125
125
125
125
125
125
125
125
125
125
125
125
125
125
125
125
125
125
125
125
125
125
125
125
125
125
125
125
125
125
125
125
125
125
125
125
125
125
125
125
125
125
125
125
125
125
125
125
125
125
125
125
125
125
125
125
125
125
125
125
125
125
125
125
125
125
125
125
125
125
125
125
125
126
126
125
125
125
125
125
125
125
124
125
125
124
124
125
127
127
127
125
122
120
122
127
134
142
145
134
104
77
84
117
141
152
176
194
134
35
59
181
193
49
54
212
231
48
10
154
234
158
57
75
155
163
124
97
93
148
145
104
99
157
137
129
141
118
84
105
141
146
136
130
121
103
114
138
130
128
150
119
75
119
176
135
85
120
155
126
98
116
140
148
142
114
95
118
149
138
107
109
141
151
120
93
110
153
161
123
93
109
141
144
122
111
123
134
130
118
114
127
139
132
120
126
134
125
111
116
131
135
128
123
125
126
123
121
124
131
132
128
123
122
123
125
126
127
127
125
123
124
127
128
127
126
125
125
123
124
128
128
124
121
124
128
130
127
124
122
124
128
128
125
124
125
126
127
126
124
125
127
126
125
126
128
127
126
124
121
121
126
129
127
125
125
125
126
126
130
124
120
122
127
128
127
128
129
129
127
125
124
123
120
117
117
121
127
132
132
130
130
130
128
125
122
120
121
123
126
128
130
126
121
126
135
132
116
105
114
135
141
128
119
125
134
132
124
120
119
123
131
134
127
116
115
124
133
131
123
119
122
125
127
129
130
127
122
122
126
125
123
125
130
129
123
121
126
131
129
125
122
121
123
126
126
124
123
126
129
128
124
122
124
126
127
125
123
124
126
126
125
125
125
125
125
125
124
126
128
128
125
124
124
126
126
125
123
122
124
127
127
125
124
124
125
125
126
127
128
126
123
123
125
125
125
125
126
126
126
127
128
127
124
122
122
124
125
125
126
125
125
125
126
125
124
126
127
127
126
126
126
126
126
124
123
124
126
125
124
124
125
126
126
126
125
125
125
125
125
124
125
126
126
124
123
125
127
127
126
124
125
125
126
127
126
124
122
123
126
127
128
127
125
124
124
124
124
126
127
126
125
124
124
124
126
126
126
125
124
124
124
125
125
125
125
125
125
126
126
125
124
124
125
126
126
125
125
125
126
126
126
125
125
126
126
126
125
125
125
126
126
126
124
124
125
125
125
124
125
126
126
126
124
126
126
125
124
125
125
126
126
125
125
125
125
125
125
126
125
125
125
125
125
125
122
124
125
126
127
128
128
127
126
125
126
125
125
125
125
126
126
125
125
126
126
126
125
126
126
126
126
125
126
126
126
125
126
125
126
126
126
126
126
126
126
126
127
126
126
122
125
125
126
126
126
125
126
126
126
126
126
126
125
126
127
127
126
125
124
124
126
127
124
123
125
128
128
126
124
124
126
127
127
125
124
126
126
125
125
125
125
125
126
125
125
125
125
126
126
126
125
125
126
126
127
126
125
125
124
124
126
126
126
126
125
125
125
125
126
126
126
126
125
124
125
125
126
126
126
125
125
125
125
126
126
126
126
125
124
125
127
126
125
126
125
124
126
127
126
125
125
126
127
127
124
123
125
127
127
126
125
124
125
126
126
126
125
125
125
126
127
126
125
125
126
126
126
125
126
125
125
126
126
125
125
125
127
126
126
126
125
125
125
125
125
126
126
125
126
130
127
125
125
126
125
125
125
125
124
125
125
125
125
125
126
126
125
125
125
127
126
125
125
126
129
127
125
124
125
124
125
125
125
125
126
125
125
126
125
126
126
126
126
125
126
125
125
125
125
125
125
125
125
125
125
125
125
125
125
126
125
125
126
126
125
125
125
125
126
126
125
125
126
125
125
125
125
126
125
125
125
126
125
126
126
125
125
126
125
126
126
130
126
127
125
126
123
124
124
124
124
125
124
124
124
125
124
125
126
126
126
125
126
125
126
125
126
125
125
126
125
125
126
125
124
125
125
126
126
126
125
126
124
125
125
125
126
126
125
125
125
126
126
125
125
125
124
125
124
125
126
125
126
126
126
126
127
125
125
125
125
125
124
124
125
125
127
126
126
125
125
126
125
125
125
126
126
127
125
125
124
125
123
124
124
124
126
126
124
125
126
127
128
126
127
127
125
124
123
124
123
124
125
129
109
126
126
127
127
126
126
125
125
125
126
124
126
126
124
126
125
126
118
97
131
125
129
130
129
130
129
127
127
125
127
127
127
128
126
126
126
127
128
126
128
128
126
125
126
127
126
125
124
125
125
125
124
124
125
125
126
125
125
126
125
127
127
126
126
124
123
119
125
126
125
126
129
127
128
127
126
127
127
128
129
127
122
120
124
129
129
125
120
121
124
129
134
131
118
112
131
148
136
113
107
117
130
134
126
120
124
129
125
120
127
132
128
128
132
127
118
120
125
126
125
125
125
126
128
126
125
125
126
127
128
127
126
126
123
121
123
127
127
124
124
127
127
128
126
126
126
126
124
124
124
125
125
125
125
126
126
128
128
126
125
126
127
126
124
123
122
125
128
129
126
123
123
125
128
127
125
123
123
126
128
128
125
122
123
126
129
129
127
125
124
124
125
125
125
124
124
125
127
125
124
126
128
128
127
126
124
125
126
127
126
123
122
123
125
126
130
130
126
125
127
125
124
125
125
125
126
126
125
125
124
124
124
125
126
126
127
128
129
133
128
123
123
121
122
124
124
124
124
124
124
125
125
126
125
125
127
126
126
125
125
125
126
125
124
125
126
125
125
126
126
125
124
125
126
126
126
125
125
126
125
126
125
125
126
125
126
126
125
125
126
125
124
124
125
126
125
125
125
124
125
125
125
126
126
125
124
124
125
126
126
125
125
124
52
125
125
125
125
125
125
125
125
125
125
125
125
125
125
125
125
125
125
125
125
125
125
125
125
125
125
125
125
125
125
125
125
125
125
125
125
125
125
125
125
125
125
125
125
125
125
125
125
125
125
125
125
125
125
125
125
125
125
125
125
125
125
125
125
125
125
125
125
125
125
125
125
125
125
125
125
125
125
125
125
125
125
126
125
125
125
125
125
125
125
125
125
125
125
125
125
126
124
126
125
126
125
125
126
126
125
125
125
125
125
125
125
126
126
125
126
125
125
125
126
125
125
125
125
125
126
125
125
125
125
125
125
125
125
125
125
125
125
125
125
125
125
125
125
125
125
126
125
125
125
125
125
126
125
125
125
125
125
125
125
125
125
125
125
125
125
126
125
125
125
126
126
125
125
125
125
125
125
125
125
125
125
125
125
125
125
125
125
125
125
125
125
125
125
125
125
125
125
125
125
125
125
125
125
125
125
125
125
125
125
125
125
125
125
125
125
125
125
125
125
125
125
125
125
125
125
125
125
125
125
125
125
125
125
125
125
125
125
125
125
125
126
125
125
125
125
125
125
125
125
125
125
125
125
125
126
125
125
125
125
125
125
125
125
125
125
125
125
125
125
125
125
125
126
125
125
125
125
125
125
125
125
125
125
125
125
125
125
125
126
125
125
125
125
125
125
125
125
125
125
125
125
125
125
125
125
125
125
125
125
125
126
126
125
125
125
125
125
125
125
125
125
125
125
125
125
125
125
125
125
125
125
125
125
125
125
125
125
125
125
125
125
125
125
125
125
125
125
125
125
125
125
125
124
