127
126
125
126
126
125
60
125
125
125
125
125
125
125
125
125
125
125
125
125
125
125
125
125
125
125
125
125
125
125
125
125
125
125
125
125
125
125
125
125
125
125
125
125
125
125
125
125
125
125
125
125
125
125
125
125
125
125
125
125
125
125
125
125
125
125
125
125
125
125
125
125
125
125
125
125
125
125
125
125
125
125
125
125
125
125
125
125
125
125
125
125
125
125
125
125
125
125
125
125
125
125
125
125
125
125
125
125
125
125
125
125
125
125
125
125
125
125
125
125
125
125
125
125
125
125
125
125
125
125
125
125
125
125
125
125
125
125
125
125
125
125
125
125
125
125
125
125
125
125
125
125
125
125
125
125
125
125
125
125
125
125
125
125
125
125
125
125
125
125
125
125
125
125
125
125
125
125
125
125
125
125
125
125
125
125
125
125
125
125
125
125
125
125
125
125
125
125
125
125
125
125
125
125
125
125
125
125
125
125
125
125
125
125
125
125
125
125
125
125
125
125
125
125
125
125
125
125
125
125
125
125
125
125
125
125
125
125
125
125
125
125
125
125
125
125
125
125
125
125
125
125
125
125
125
125
125
125
125
125
125
125
125
125
125
125
125
125
125
125
125
125
125
125
125
125
125
125
125
125
125
125
125
125
125
126
124
125
125
125
125
126
126
126
126
125
125
125
125
125
126
125
126
126
126
126
126
125
125
126
125
126
126
126
125
125
126
126
126
125
126
125
125
125
126
125
125
125
125
125
125
125
125
125
125
125
126
126
126
126
126
126
126
125
125
125
125
125
126
126
126
126
125
126
126
126
125
125
125
125
126
126
125
125
126
125
125
125
125
125
125
125
125
125
125
125
125
125
125
125
125
125
125
125
125
125
125
125
125
125
125
125
125
125
125
125
125
125
125
125
125
125
125
125
125
125
125
125
125
125
125
125
125
125
125
125
125
125
125
125
125
125
125
125
125
125
125
125
125
125
125
125
125
125
126
125
125
125
125
125
125
125
125
125
125
125
125
125
125
125
125
125
125
125
125
125
125
125
125
125
125
125
125
125
125
125
125
125
125
125
125
125
125
125
125
126
125
125
125
125
125
125
125
126
125
125
125
125
125
126
125
125
125
125
125
125
125
125
126
125
126
126
125
125
125
125
125
125
125
125
125
125
125
125
125
125
125
125
125
125
125
125
125
125
125
125
126
125
125
125
125
125
125
125
125
125
125
125
126
126
124
125
125
125
125
125
125
125
124
125
126
127
128
127
126
126
128
131
133
130
121
111
109
112
117
126
139
150
152
147
128
87
62
102
161
166
141
130
114
85
94
167
197
128
87
124
138
90
90
152
164
113
85
119
158
153
114
98
122
143
130
131
157
140
87
69
112
156
161
141
118
106
116
134
133
116
109
122
141
150
135
114
114
123
121
121
133
136
126
122
124
123
123
125
123
122
126
129
128
127
126
121
120
126
130
127
124
125
126
125
126
128
128
124
118
118
125
133
133
129
126
123
121
121
125
127
126
124
124
127
130
130
127
124
121
120
122
126
129
128
127
127
127
123
122
123
125
126
127
128
128
127
125
122
120
122
126
127
127
127
127
128
127
126
125
124
124
124
125
126
127
126
127
127
125
123
123
124
125
125
125
125
126
126
126
126
125
125
124
125
126
127
127
127
126
126
125
126
126
126
126
126
125
125
124
124
124
125
125
125
125
125
125
125
128
127
127
126
126
125
125
125
125
126
126
126
125
126
126
125
125
125
125
125
125
125
125
125
125
125
125
125
125
125
125
126
126
126
126
125
125
125
125
125
125
125
126
126
126
126
125
125
125
125
125
125
125
125
125
125
125
125
125
125
125
125
126
126
126
126
126
125
125
125
125
125
125
125
125
125
125
125
125
125
125
125
126
125
126
125
125
125
125
125
125
125
125
125
125
125
125
125
126
126
126
125
125
125
125
125
126
126
125
125
125
125
125
125
125
125
125
125
125
125
125
125
125
126
126
126
126
125
125
125
125
125
125
125
125
126
126
126
125
125
125
125
125
125
125
125
125
125
126
125
125
125
125
125
125
126
126
125
125
125
125
125
125
125
125
125
125
125
125
125
125
126
125
125
125
125
125
125
125
125
125
125
125
125
125
125
125
126
126
125
125
126
126
126
125
125
126
126
125
125
125
125
125
126
125
125
124
125
126
126
125
125
125
125
126
125
125
125
125
125
125
125
125
125
125
126
125
125
125
125
126
125
125
125
125
125
126
125
125
125
125
125
125
125
124
125
125
125
125
125
125
126
126
126
126
126
125
125
125
125
125
125
125
125
125
125
125
125
125
125
125
126
125
125
125
125
125
125
125
125
124
125
125
125
126
126
126
126
126
125
125
125
125
125
125
125
125
125
125
126
125
125
125
125
125
125
125
125
125
125
125
125
125
125
125
126
126
125
125
125
125
126
126
125
125
125
125
126
125
125
128
120
124
126
126
126
125
126
127
126
125
125
125
125
125
126
126
126
126
125
125
125
126
126
125
125
125
126
127
127
126
124
125
126
127
126
125
125
126
126
126
126
125
126
126
126
126
125
126
125
125
125
125
126
126
125
125
125
126
126
126
126
125
125
126
127
126
121
124
125
126
127
127
126
125
127
127
126
125
126
125
125
126
125
125
125
126
127
126
125
125
126
125
125
125
125
125
125
125
125
125
125
126
126
125
126
126
125
125
125
125
125
125
126
126
125
125
126
126
125
125
125
125
125
126
126
125
125
126
126
125
125
125
125
125
127
125
126
125
125
126
125
125
125
125
125
125
125
125
125
125
125
125
126
126
125
125
126
126
126
125
125
125
125
126
126
125
125
125
126
126
126
125
125
125
126
126
125
125
124
125
125
124
125
125
125
125
125
126
127
127
127
127
126
126
125
125
124
124
125
125
126
126
126
126
126
126
126
126
126
125
124
125
125
125
128
127
125
125
126
124
124
124
125
125
125
125
125
125
125
125
125
125
125
126
125
125
125
126
125
125
126
126
125
125
125
125
126
125
126
125
125
125
125
125
125
125
125
125
125
125
125
125
126
126
125
124
124
125
125
125
126
126
126
126
126
125
125
126
126
126
125
125
125
125
125
125
125
125
125
125
125
125
125
125
125
125
125
125
125
125
125
125
125
125
125
125
125
125
125
125
125
125
125
126
126
126
125
125
125
126
126
125
125
125
125
126
125
125
126
125
125
125
125
125
125
125
126
125
125
125
125
125
125
126
126
126
125
124
124
125
127
126
125
124
125
125
125
125
126
126
126
134
134
103
127
125
127
128
127
127
126
125
123
124
125
126
125
125
125
125
126
124
125
125
125
125
125
125
126
127
126
127
127
126
126
126
125
126
126
125
123
124
127
129
128
127
126
125
125
125
125
124
123
124
125
126
126
126
126
126
126
126
126
127
127
126
126
126
122
120
124
125
124
126
127
128
128
128
128
128
127
126
124
124
124
125
126
126
125
125
125
125
126
125
125
126
125
126
125
126
127
125
125
124
124
125
125
125
126
126
125
124
124
127
127
126
126
125
124
126
126
125
125
126
126
126
125
125
126
125
126
125
125
124
125
126
126
126
127
126
124
123
126
125
126
125
126
126
126
125
127
125
126
126
126
126
125
125
125
125
126
126
125
125
125
126
125
125
125
125
125
125
124
124
125
126
126
126
125
126
126
126
125
125
125
126
126
125
126
125
126
126
125
125
126
125
127
126
126
125
125
126
125
125
124
125
124
125
125
125
126
126
126
125
125
126
127
134
127
124
125
123
121
122
123
124
126
127
126
126
125
124
125
125
125
127
127
127
127
125
126
126
125
125
125
125
125
125
125
125
125
61
125
125
125
125
125
125
125
125
125
125
125
125
125
125
125
125
125
125
125
125
125
126
125
125
125
126
125
125
125
125
126
126
125
125
125
125
125
125
125
125
125
125
125
125
125
125
125
125
125
125
125
125
125
125
125
125
125
125
125
125
125
126
125
125
125
125
125
125
125
125
125
125
125
125
125
125
125
125
125
125
125
125
125
125
125
125
125
125
125
125
125
125
125
125
125
126
126
125
125
126
126
125
125
125
125
125
125
126
125
125
125
125
125
125
125
125
125
125
125
125
125
125
125
125
125
125
125
125
125
125
125
125
125
125
125
125
125
125
125
125
125
125
125
125
125
125
125
125
125
125
125
125
125
125
125
125
125
125
125
125
125
125
125
125
125
125
125
125
125
125
125
125
125
125
125
125
125
125
125
125
125
125
125
125
125
125
125
125
125
125
125
125
125
125
125
125
125
125
125
125
125
125
125
125
125
125
125
125
125
125
125
125
125
125
125
125
125
125
125
125
125
125
125
125
125
125
125
125
125
125
125
125
125
125
125
125
125
125
125
125
125
125
125
125
125
125
125
125
125
125
125
125
125
125
125
125
125
125
125
125
125
125
125
125
125
125
125
125
125
125
125
125
125
125
125
125
125
125
125
125
125
125
125
125
125
125
125
125
125
125
125
125
125
125
125
125
125
125
125
125
125
125
125
125
125
125
125
125
125
125
125
126
125
125
125
125
125
125
125
125
125
125
125
125
125
125
125
125
125
125
125
125
125
125
125
125
125
125
125
125
125
125
125
125
125
125
125
125
125
125
125
125
125
125
