128
126
128
129
128
127
76
125
125
125
125
125
125
125
125
125
125
125
125
125
125
125
125
125
125
125
125
125
125
125
125
125
125
125
125
125
125
125
125
125
125
125
125
125
125
125
125
125
125
125
125
125
125
125
125
125
125
125
125
125
125
125
125
125
125
125
125
125
125
125
125
125
125
125
125
125
125
125
125
125
125
125
125
125
125
125
125
125
125
125
125
125
125
125
125
125
125
125
125
125
125
125
125
125
125
125
125
125
125
125
125
125
125
126
125
125
125
126
125
126
126
126
126
126
126
125
126
126
126
126
126
126
126
126
126
126
125
126
126
126
125
126
126
126
125
125
125
125
126
126
125
126
126
126
126
126
125
125
126
125
126
125
126
126
126
126
126
126
126
126
125
126
125
126
125
126
126
126
125
126
125
125
125
125
125
125
125
126
125
125
126
125
125
125
125
125
125
125
126
125
125
125
125
125
125
125
126
125
125
125
125
125
125
125
125
125
125
125
125
125
125
125
125
125
125
125
125
125
125
125
125
125
125
125
125
125
125
125
125
125
125
125
125
125
126
125
125
125
125
125
125
125
125
125
125
125
125
125
125
126
125
126
125
125
125
125
125
126
125
126
125
125
125
125
125
125
125
125
125
125
125
125
125
125
125
126
125
125
125
125
125
125
126
125
125
125
125
125
125
125
125
125
126
125
125
125
125
126
125
125
125
125
125
125
125
125
125
125
125
125
125
125
125
125
125
125
125
125
125
126
126
125
125
125
125
125
125
125
125
125
125
125
125
125
125
125
125
125
125
125
125
125
125
125
125
125
125
125
125
125
125
125
125
125
125
125
125
125
125
125
125
125
125
125
125
125
125
125
125
125
125
125
125
125
125
125
125
125
125
125
125
125
125
125
125
125
125
125
125
125
125
125
125
125
125
125
126
125
125
125
126
126
126
126
126
126
125
125
125
125
125
126
126
126
126
126
126
125
125
125
125
126
126
125
126
126
126
126
126
125
125
126
126
125
126
126
126
126
126
126
126
126
126
125
126
126
126
126
126
125
126
125
126
126
125
125
125
126
126
126
125
125
125
125
125
125
126
125
126
126
126
126
126
126
125
125
125
125
125
125
125
126
126
125
125
125
125
125
125
125
125
125
125
125
125
125
125
125
125
125
125
125
125
125
125
125
125
125
125
125
125
125
125
125
125
125
125
125
125
125
125
125
125
125
125
125
125
125
125
125
125
126
125
125
125
125
125
125
125
125
125
125
125
126
125
125
125
126
125
125
125
125
125
125
125
125
125
125
125
125
125
125
125
125
125
125
125
125
125
125
125
125
125
125
125
125
125
125
125
125
126
126
126
126
126
125
125
125
125
125
124
124
124
124
124
127
129
129
126
126
125
123
123
126
129
129
127
125
125
123
121
122
124
126
129
130
126
121
120
128
138
131
113
111
137
140
122
110
113
125
138
141
129
119
116
115
124
143
139
114
101
110
133
159
168
131
65
49
131
213
189
86
47
112
166
152
115
107
123
137
137
125
122
123
121
123
130
131
124
122
124
123
119
122
133
140
132
117
110
119
127
130
133
136
128
113
111
129
140
129
115
116
126
130
126
138
157
129
68
60
121
194
232
159
11
16
210
255
188
144
129
255
255
137
255
21
255
213
109
184
75
23
138
255
151
30
63
130
137
135
144
128
97
114
157
148
95
77
116
162
158
108
78
112
160
149
100
91
133
159
140
112
110
123
130
128
123
120
120
125
131
132
126
118
120
128
128
121
118
125
132
131
127
125
124
125
127
128
126
121
114
110
120
142
151
132
105
103
131
152
145
126
110
98
103
134
159
150
119
105
111
119
134
136
119
114
127
133
130
128
125
125
130
130
120
113
120
130
133
131
127
122
120
122
125
130
130
126
121
122
128
131
128
121
119
122
126
128
128
127
126
127
128
126
123
120
120
124
127
128
127
126
126
126
126
125
125
126
125
125
127
128
128
128
125
122
121
122
123
127
124
123
123
124
126
127
127
127
126
125
127
128
126
124
127
128
124
121
125
128
125
122
124
128
129
128
126
127
126
124
122
122
126
130
130
125
122
120
120
125
130
131
128
126
125
124
123
124
126
127
127
126
128
130
128
121
116
119
126
132
131
128
122
116
119
133
136
127
114
116
127
134
132
126
124
125
125
125
126
126
126
127
126
123
123
124
124
124
126
128
127
124
123
123
124
127
130
127
119
116
124
135
136
129
123
119
121
127
129
127
125
126
124
123
125
127
126
126
127
125
121
123
127
124
124
131
130
122
122
127
128
123
124
130
129
123
118
119
122
128
138
135
121
114
123
129
125
123
126
129
126
123
124
125
127
128
126
124
126
128
125
122
121
124
125
127
128
126
124
124
126
126
125
125
125
126
125
124
125
127
127
127
127
127
125
122
122
127
128
125
123
125
125
125
126
126
125
125
127
126
124
124
127
128
127
125
123
122
124
125
126
127
127
126
127
126
125
124
125
126
126
124
124
126
126
125
124
125
124
125
126
125
125
126
126
126
126
125
124
125
125
125
125
125
126
125
125
126
126
126
125
124
123
124
125
127
127
124
125
125
125
125
126
126
125
125
124
123
126
127
128
125
124
124
126
127
127
125
123
124
126
127
126
125
124
124
124
124
124
125
125
126
125
125
125
126
125
125
126
126
126
126
125
125
125
125
124
125
126
126
126
125
124
124
124
125
126
126
126
125
125
125
125
125
125
125
126
127
125
125
125
125
124
125
126
125
123
124
126
126
125
125
127
127
122
127
126
125
126
127
126
126
125
125
125
125
124
125
125
126
126
126
126
126
125
124
124
125
127
126
124
125
126
126
125
125
125
125
126
127
126
127
127
126
125
125
127
127
125
123
124
126
127
126
125
125
126
126
126
125
126
126
125
125
125
124
124
125
126
123
123
126
125
125
127
128
127
127
126
126
127
127
126
125
126
125
125
125
126
126
126
126
126
126
124
124
125
125
125
125
125
125
125
125
125
125
125
126
126
126
126
125
125
125
126
126
126
126
125
124
125
126
126
125
125
125
125
126
126
126
125
126
127
126
126
125
125
126
126
124
125
125
126
126
126
125
126
125
125
126
127
127
125
124
124
125
127
127
126
124
124
125
125
126
126
126
124
124
125
125
125
125
125
126
125
125
125
125
126
127
126
125
126
126
127
126
125
125
125
126
126
126
126
126
125
125
124
123
126
127
126
125
126
127
125
124
126
126
125
124
125
127
126
124
124
126
126
129
131
125
122
124
124
123
123
124
124
124
126
127
125
123
123
125
126
126
124
124
125
126
125
125
125
124
121
124
125
126
127
129
129
126
125
126
125
124
123
124
126
127
126
126
125
126
126
127
128
127
124
123
125
126
123
123
123
124
124
125
125
125
126
126
125
126
126
125
124
124
125
125
126
125
125
125
126
126
126
126
126
126
125
124
126
127
126
125
126
126
126
124
124
125
124
124
125
125
126
126
127
126
124
125
126
126
125
126
125
126
126
126
126
125
125
126
126
125
124
123
125
126
127
126
125
125
125
125
125
125
124
125
125
124
125
125
126
126
126
126
125
124
125
125
125
125
124
124
125
126
125
124
125
126
127
126
126
125
125
126
125
125
125
124
125
126
126
126
125
126
125
125
125
126
126
126
125
125
125
125
123
123
123
125
126
125
125
125
126
127
127
126
125
124
125
125
125
125
125
124
125
125
126
126
126
126
126
125
126
126
127
127
125
125
125
125
125
124
124
124
125
127
127
147
76
128
117
130
130
131
130
127
126
125
123
126
126
126
125
124
126
128
128
126
126
125
126
86
101
130
126
129
133
131
132
131
128
127
75
125
125
125
125
126
125
126
125
126
126
126
126
126
125
125
125
125
125
126
125
126
126
125
126
126
125
125
125
125
125
125
125
125
125
125
125
125
125
125
125
125
125
125
125
125
125
125
125
125
125
125
125
125
125
125
125
125
125
125
125
125
125
125
125
125
125
125
125
125
125
125
125
125
125
125
125
125
125
125
125
125
125
125
125
126
125
125
125
125
125
125
125
125
125
125
125
125
125
125
125
125
125
125
125
125
125
125
125
125
125
125
125
125
126
126
125
125
125
125
125
125
126
125
125
125
126
126
125
125
125
125
125
125
125
125
125
125
125
125
125
126
124
125
125
126
126
126
126
126
126
126
126
126
125
125
125
126
126
126
126
126
126
126
126
126
125
125
126
126
126
125
125
126
126
126
126
126
125
125
126
126
126
126
126
126
126
126
126
126
126
126
126
126
126
126
126
126
126
126
126
126
126
126
126
126
126
126
126
125
125
126
125
125
125
125
125
125
125
125
126
126
125
126
125
125
126
125
125
125
125
125
126
126
126
126
126
126
126
126
126
126
126
125
125
126
125
125
125
125
126
125
126
125
125
126
126
126
126
126
126
126
126
126
126
125
126
126
125
125
125
126
126
126
126
126
126
125
126
126
126
126
126
125
125
125
125
126
126
126
126
126
126
126
126
126
125
126
126
126
126
126
126
125
126
126
126
125
126
126
125
126
126
126
126
126
126
125
126
126
126
126
126
125
126
125
126
125
126
126
125
126
125
126
126
126
126
126
125
126
126
125
125
126
125
125
125
126
126
126
126
126
126
126
128
