125
126
126
126
126
127
37
125
125
125
125
125
125
125
125
125
125
125
125
125
125
126
126
125
125
125
125
125
125
125
125
125
125
125
125
125
125
125
125
125
125
125
125
125
125
125
125
125
125
125
125
125
125
125
125
125
125
125
125
125
125
125
125
125
125
125
125
125
125
125
125
125
125
125
125
125
125
125
125
125
125
125
125
125
125
125
125
125
125
125
125
125
125
125
125
125
125
125
125
125
125
125
125
125
125
125
125
125
125
125
125
125
125
125
125
125
125
125
125
125
125
125
125
125
125
125
125
125
125
125
125
125
125
125
125
125
125
125
125
125
125
126
125
125
125
126
125
125
125
125
125
125
125
125
125
126
126
126
126
126
126
125
126
125
125
125
126
126
126
125
126
126
125
125
125
125
126
126
125
126
126
126
126
125
125
126
125
125
125
126
125
125
125
126
125
126
125
125
125
125
125
125
125
125
125
126
126
125
125
125
125
125
125
126
125
125
125
125
126
125
126
125
125
126
126
125
126
125
125
125
125
125
125
125
125
125
125
125
125
126
125
125
125
125
125
125
125
126
126
125
125
126
125
125
125
125
126
125
125
125
125
126
126
125
126
125
125
125
125
125
125
125
126
125
125
125
125
125
125
125
126
126
125
125
125
125
126
126
126
125
125
125
126
126
125
125
125
126
125
126
125
126
125
125
125
125
126
126
126
125
126
126
126
126
126
125
125
125
125
126
125
126
126
125
126
125
126
125
125
126
126
125
126
125
125
126
126
126
125
126
125
125
125
125
125
126
125
125
126
125
126
126
126
125
125
125
125
125
125
125
125
125
125
125
125
126
125
125
125
126
125
125
126
126
125
125
125
125
125
125
125
125
125
125
125
125
125
125
125
125
125
125
125
125
125
125
125
125
125
125
125
125
125
125
125
125
125
125
125
125
125
125
125
125
125
125
125
125
125
125
125
125
125
125
125
125
125
125
125
125
125
125
125
125
125
125
125
125
125
125
125
125
125
125
125
125
125
125
125
126
125
125
125
125
125
125
125
125
125
125
125
125
126
125
125
126
125
125
125
125
125
126
125
125
125
125
125
125
125
125
126
125
125
125
125
125
125
125
125
125
125
125
125
125
125
125
125
125
125
125
125
125
125
126
125
125
125
125
125
125
125
125
125
125
125
125
125
125
125
125
125
125
125
125
125
125
125
125
125
124
125
125
125
125
125
125
126
126
125
125
125
125
125
125
125
125
125
125
125
125
125
125
125
125
125
126
125
125
125
126
126
125
125
125
125
126
132
133
108
92
119
163
165
143
121
84
75
62
92
245
255
80
169
60
255
255
13
199
50
255
255
44
15
72
196
246
86
33
91
211
186
146
141
78
54
129
163
126
118
130
118
107
111
119
144
156
124
92
105
133
137
127
116
109
120
139
147
145
123
91
92
131
156
141
118
116
123
124
124
130
133
126
121
124
125
119
115
123
132
131
125
126
131
131
127
125
125
125
124
126
126
122
120
122
126
129
128
126
128
130
129
125
121
121
122
124
126
128
126
127
129
129
127
123
122
123
124
125
127
128
128
126
125
123
122
124
128
129
128
126
125
124
124
124
124
125
127
127
127
126
125
125
126
127
128
127
126
124
123
124
125
125
125
125
126
126
126
125
124
125
126
126
125
125
125
126
127
126
126
126
126
126
126
125
125
125
125
123
122
124
125
126
125
125
126
127
127
126
126
125
125
124
124
124
125
125
126
126
126
125
125
127
127
126
125
125
125
125
125
125
125
125
124
125
126
126
127
127
126
125
125
125
125
125
125
125
125
125
125
125
125
125
125
126
125
125
126
126
126
126
125
125
125
125
125
125
125
125
125
125
125
125
125
125
126
126
126
127
124
125
125
125
123
124
125
125
125
126
126
126
126
125
125
126
126
125
126
126
126
125
125
125
125
125
125
125
125
126
126
126
126
126
125
125
125
125
125
125
125
125
125
125
125
125
125
125
125
125
126
126
126
125
126
126
126
125
126
126
126
125
126
126
125
125
125
123
125
126
125
125
126
126
126
126
126
126
125
125
125
126
125
125
125
125
125
125
126
125
124
125
125
125
125
125
125
125
125
125
126
126
126
126
126
125
125
125
125
125
125
125
125
125
125
125
125
125
125
125
126
125
125
125
125
125
125
126
126
125
125
125
125
125
125
125
125
126
125
125
125
125
125
125
125
126
126
126
125
125
125
126
125
125
125
125
125
125
125
125
126
126
126
126
126
126
126
125
125
125
125
125
125
125
125
125
125
125
125
125
125
126
125
126
125
125
125
126
125
125
126
126
125
125
125
125
125
125
125
125
125
125
125
125
125
125
126
126
125
125
125
125
126
126
125
125
125
128
125
125
125
124
123
125
124
125
125
126
125
125
125
125
125
125
125
125
125
126
126
125
125
125
125
125
125
125
125
125
125
125
125
125
125
126
126
125
125
126
125
125
125
125
125
125
126
125
125
125
125
125
125
125
125
125
125
125
125
125
125
125
125
125
125
125
125
125
125
125
125
125
125
125
125
125
125
125
125
125
125
125
125
125
125
125
125
126
125
125
125
125
125
125
125
125
125
125
125
125
126
125
125
125
125
125
125
125
125
125
127
122
125
124
125
125
126
126
125
125
126
125
125
125
125
126
125
125
125
125
125
125
122
119
124
126
126
127
127
127
127
127
126
126
126
126
126
126
126
125
126
126
126
126
125
126
125
126
126
126
126
126
125
125
125
125
126
125
125
126
126
125
126
125
125
126
126
126
121
125
125
126
126
127
127
126
127
126
126
126
125
125
126
126
126
125
126
125
125
125
125
125
125
125
125
125
125
125
125
125
125
126
126
126
125
125
125
125
126
126
125
125
125
125
126
126
125
125
125
126
125
125
126
125
125
125
126
126
126
126
126
126
125
125
125
126
126
125
125
125
125
125
125
125
125
125
125
125
126
126
126
125
125
125
125
126
125
126
126
126
126
125
125
125
126
126
126
125
126
126
126
126
125
125
125
126
125
125
125
125
124
124
125
126
126
126
126
126
127
125
126
125
125
126
126
126
126
126
126
126
126
126
125
125
125
126
126
126
126
125
125
125
125
125
125
125
125
127
129
127
125
125
124
124
125
124
124
125
126
126
125
125
126
126
125
126
125
126
126
126
125
125
126
132
126
125
124
124
123
125
126
125
125
125
126
125
125
125
125
126
126
125
124
125
126
127
126
125
125
125
125
126
125
125
125
126
126
125
124
125
125
125
125
125
125
125
125
126
125
126
125
125
125
126
125
126
125
124
125
125
125
126
125
125
125
125
126
127
125
125
125
125
126
126
125
125
125
125
125
123
124
126
127
125
125
125
126
126
126
128
103
117
127
126
126
128
128
127
127
127
126
126
127
126
127
126
126
126
125
125
125
126
126
126
126
126
126
125
126
127
126
126
126
126
126
126
126
126
126
126
126
126
126
126
126
126
125
125
127
127
126
126
126
125
126
125
124
125
125
125
126
127
126
125
124
125
125
117
123
123
124
127
129
128
129
127
126
126
126
125
125
125
125
125
126
125
125
126
125
125
125
125
125
125
125
125
125
125
125
126
126
126
125
125
125
125
125
124
125
125
125
126
126
126
126
125
125
124
125
125
125
124
125
125
125
125
126
126
125
125
125
126
125
125
125
125
126
126
125
126
126
126
125
125
125
125
124
125
125
126
125
125
126
125
125
125
125
125
126
125
125
126
125
125
125
125
125
125
126
126
124
125
126
125
125
126
126
125
125
126
126
126
126
125
125
125
125
125
126
125
126
126
125
125
125
125
125
126
126
125
125
125
126
124
125
126
125
126
125
125
36
125
125
125
125
125
125
125
125
126
125
125
125
125
125
125
125
125
125
125
125
125
125
126
125
125
125
125
125
125
125
125
126
125
125
125
126
125
125
125
125
126
125
125
125
125
125
125
125
125
125
125
125
125
125
125
125
125
125
125
125
125
125
125
125
125
125
125
125
125
125
125
125
125
125
125
126
126
125
125
125
125
125
125
125
125
125
125
125
125
125
125
125
125
125
125
125
125
125
125
125
125
125
125
125
125
125
125
125
125
125
125
125
125
125
125
125
125
125
125
125
125
125
126
125
125
125
125
125
125
125
125
125
125
125
125
125
125
125
125
125
125
125
125
125
125
125
125
125
125
125
125
125
125
125
125
125
125
125
125
125
125
125
125
125
125
126
125
125
125
125
125
125
126
126
126
125
125
126
125
125
125
125
125
125
125
125
125
125
125
125
125
125
125
126
126
126
126
126
126
126
125
125
126
125
126
125
125
125
125
126
125
125
125
126
125
126
126
125
125
126
126
126
126
126
126
126
126
126
125
126
126
126
125
126
126
125
125
126
126
126
125
126
126
126
126
125
126
125
125
126
126
126
125
126
126
125
125
126
125
126
126
125
126
126
125
125
125
125
126
126
126
126
125
125
125
126
126
126
126
125
126
126
125
126
126
126
125
126
125
125
126
125
126
126
125
125
125
125
126
126
126
126
125
126
126
125
125
125
126
126
126
126
126
125
125
125
126
125
125
126
125
126
126
126
125
125
126
125
126
125
126
125
126
126
125
125
125
125
125
125
125
125
126
126
126
126
125
125
125
126
126
126
125
125
