123
125
127
129
126
127
66
125
125
125
125
125
125
125
125
125
125
125
125
125
125
125
125
125
125
125
125
125
125
125
125
125
125
125
125
125
125
125
125
125
125
125
125
125
125
125
125
125
125
125
125
125
125
125
125
125
125
125
125
125
125
125
125
125
125
125
125
125
125
125
125
125
126
125
125
125
126
125
126
126
126
126
125
126
126
126
126
125
126
125
125
125
126
126
125
125
125
126
126
126
126
126
126
126
126
126
126
126
126
126
126
126
125
126
126
126
126
126
126
126
126
126
126
126
126
126
126
126
125
126
125
126
126
126
126
126
126
126
126
126
125
126
125
125
126
126
126
126
126
126
126
125
126
125
126
125
125
125
125
125
125
125
125
126
125
126
126
125
126
126
126
125
125
126
125
126
126
126
126
126
126
126
126
126
126
126
126
125
125
125
126
126
125
126
126
126
125
125
126
126
125
126
125
126
126
126
126
126
126
125
125
126
126
125
125
125
125
126
126
126
125
125
126
126
126
125
125
125
126
125
125
126
125
125
126
126
125
125
125
125
125
125
126
126
126
126
125
125
126
125
126
125
125
126
126
126
126
126
125
126
125
126
125
126
126
126
125
126
125
125
126
126
126
125
126
125
126
126
126
125
125
126
125
125
126
125
126
125
126
126
126
125
125
126
125
125
125
125
125
125
125
125
125
126
125
125
125
125
125
125
125
125
125
125
125
126
126
125
125
125
125
125
125
125
125
125
125
125
125
125
125
125
125
125
125
125
125
125
125
125
125
125
125
125
125
125
125
125
125
125
125
125
125
125
125
125
125
125
125
125
125
125
125
125
125
125
125
125
125
125
125
125
125
125
125
125
125
125
125
125
125
125
125
125
125
125
125
125
125
125
125
125
125
125
125
125
125
125
125
125
125
125
125
125
125
125
125
125
125
125
125
125
125
125
125
125
125
125
125
125
125
125
125
125
125
125
125
125
125
125
125
125
125
125
125
125
125
125
125
125
125
125
125
125
126
125
126
125
126
125
125
125
126
126
126
126
125
125
125
125
125
125
125
126
126
126
126
126
126
126
126
126
126
126
126
126
126
126
126
126
125
126
125
126
126
126
126
126
126
125
126
126
126
126
125
126
126
125
126
125
126
126
125
125
125
125
125
125
126
125
126
126
126
126
126
125
125
125
126
126
126
125
125
125
125
125
125
125
125
125
126
126
125
125
126
126
126
125
125
125
126
125
125
125
125
126
126
126
125
125
126
126
125
125
125
126
126
126
126
125
125
125
125
125
126
126
125
125
125
126
126
126
125
125
125
125
126
126
126
125
125
125
126
126
125
125
126
126
125
125
126
126
126
125
125
126
126
126
125
126
125
125
125
125
125
126
126
125
125
125
126
126
125
125
125
125
126
126
125
125
126
126
126
125
126
126
127
126
126
126
126
125
125
125
125
125
125
125
125
126
126
126
125
125
126
126
126
126
126
126
126
126
125
125
125
126
126
125
125
125
125
126
128
128
125
122
119
118
121
129
137
136
130
125
122
119
121
125
126
123
123
128
131
129
123
118
118
121
127
135
137
128
116
111
119
136
145
137
124
117
113
112
118
129
136
131
121
120
130
135
126
118
126
133
118
102
120
158
157
113
92
115
133
129
135
140
126
113
119
127
130
134
124
108
113
131
138
130
124
122
120
123
130
135
134
126
113
109
121
137
142
141
142
141
70
44
103
255
255
69
84
255
249
35
50
152
129
123
151
140
101
114
129
119
116
131
128
120
124
129
125
123
123
123
125
127
124
122
124
127
128
126
123
121
122
125
127
124
123
125
127
128
129
127
120
123
129
126
119
123
131
130
124
123
124
126
128
127
125
124
124
125
126
127
127
126
126
124
122
123
125
129
128
128
126
125
126
126
127
127
125
125
125
126
126
125
124
124
124
125
126
128
130
131
130
128
122
114
111
119
129
130
127
133
144
144
128
110
108
116
125
124
123
130
142
145
131
111
105
116
130
133
126
122
126
135
135
123
114
118
127
129
124
122
129
136
134
125
118
118
121
128
133
131
126
121
120
123
127
131
130
123
122
125
126
125
127
129
124
120
123
131
130
122
122
127
131
128
122
122
127
129
125
122
122
125
129
128
124
120
121
129
133
129
123
122
125
128
129
126
122
122
126
130
130
129
126
119
114
118
125
131
132
133
136
135
124
110
107
122
138
136
122
115
120
127
132
133
129
125
122
122
123
125
126
126
127
128
126
122
122
125
128
130
127
123
122
124
127
128
127
123
123
126
127
124
124
127
128
128
126
124
124
123
125
130
130
125
123
123
126
132
130
123
121
124
120
121
132
137
129
120
112
121
138
135
117
117
128
132
131
127
120
115
120
133
132
118
118
136
135
125
123
127
122
114
120
137
142
125
114
119
125
126
125
125
125
129
128
124
124
125
124
126
128
121
118
125
136
132
118
114
125
134
132
123
117
119
128
132
129
125
121
119
124
129
129
127
125
125
125
125
126
127
126
125
122
123
127
129
124
122
126
127
124
123
127
127
124
122
124
129
129
122
119
124
130
129
127
126
124
122
125
130
127
123
123
126
127
124
121
123
128
128
125
121
122
125
128
129
127
123
121
125
129
131
128
123
119
122
130
132
125
120
120
123
128
130
127
122
121
126
130
130
126
120
118
122
127
129
126
125
127
129
127
123
123
126
127
124
123
124
125
125
124
126
128
127
124
126
128
126
122
121
125
130
127
123
122
119
124
133
129
121
129
135
119
113
134
137
119
117
131
136
124
111
111
124
141
146
130
112
110
121
125
140
134
116
107
116
133
144
139
128
120
119
123
129
132
128
123
123
124
126
127
125
122
123
128
131
129
126
123
122
124
127
128
128
125
123
125
127
128
122
122
122
126
129
128
124
125
130
130
126
125
126
125
125
127
127
125
125
124
121
125
129
124
122
130
132
126
119
123
131
129
124
121
123
127
131
130
123
117
123
130
127
123
124
125
125
127
126
125
128
132
128
123
121
123
124
124
125
125
128
131
130
126
124
123
122
124
127
127
125
124
125
126
128
129
127
125
122
122
124
126
126
126
124
124
125
126
128
128
127
126
125
126
126
125
124
125
127
126
125
125
125
124
125
126
126
126
125
126
125
126
127
127
126
125
124
125
126
126
125
123
125
127
128
127
126
125
125
126
127
126
126
125
126
126
125
125
124
126
127
126
125
125
125
126
127
126
125
125
132
127
125
124
124
124
125
125
124
125
127
127
125
125
125
125
125
125
126
127
127
126
124
124
124
124
126
126
126
125
125
130
129
126
124
125
124
124
124
124
125
125
127
126
125
125
125
125
124
124
125
126
127
126
125
125
126
126
125
126
126
126
126
124
126
125
124
125
126
127
127
125
124
124
123
125
126
127
126
124
123
124
126
128
129
128
126
124
122
123
126
128
127
124
123
123
125
126
126
126
126
125
125
125
124
125
126
126
125
123
123
127
127
126
125
125
125
125
124
125
125
125
126
125
125
125
124
125
127
127
126
125
125
125
125
125
125
125
126
127
126
125
124
125
126
126
126
125
145
84
133
122
128
127
129
129
127
124
124
125
127
128
127
126
124
124
125
125
125
126
126
126
126
125
126
127
127
127
126
126
126
125
126
125
125
128
128
128
126
126
125
125
126
125
125
125
126
126
125
126
126
125
124
125
126
127
126
126
126
126
126
77
107
127
128
123
120
132
130
132
133
133
130
130
131
130
129
128
126
125
126
128
129
128
126
124
124
127
128
127
126
124
123
125
127
129
128
126
124
124
125
128
127
126
125
124
125
125
125
126
127
126
127
126
126
125
125
127
128
127
126
125
124
65
125
125
125
126
125
125
125
126
125
126
126
126
126
126
125
125
126
125
126
125
126
126
125
126
126
125
125
126
125
125
126
125
125
126
125
125
126
125
126
125
126
125
125
126
126
126
126
125
126
126
125
126
126
125
125
125
125
126
126
125
125
125
126
125
125
126
125
126
126
125
125
125
125
126
125
125
125
125
125
126
126
125
125
125
125
125
125
125
126
125
125
125
125
125
125
126
125
125
125
125
125
125
125
125
125
125
125
125
125
125
126
125
125
125
125
125
125
125
126
125
125
126
125
126
125
125
125
125
125
125
125
125
125
125
125
125
126
126
125
125
125
125
125
125
125
125
125
125
125
125
125
125
125
126
125
125
125
125
125
125
125
125
125
125
125
126
125
125
125
125
125
125
125
125
125
125
125
125
125
125
126
125
125
125
125
125
125
125
125
125
125
125
125
125
125
125
125
125
125
125
125
125
125
125
125
125
125
125
125
125
125
125
125
125
125
125
125
125
126
126
125
125
125
125
125
125
125
125
125
125
125
125
125
125
125
125
125
125
125
125
125
125
125
125
125
125
125
125
125
125
125
125
125
125
125
125
125
125
125
125
125
125
125
125
125
125
125
125
125
125
125
125
125
125
125
125
125
125
125
125
125
125
125
125
125
125
125
125
125
125
125
125
125
125
125
125
125
125
125
125
125
125
125
125
125
125
125
125
125
125
125
125
125
125
125
125
125
125
125
125
125
125
125
125
125
125
125
125
125
125
125
125
125
125
125
125
125
125
125
125
125
125
125
125
125
125
125
125
125
125
125
125
125
124
