125
125
125
126
126
125
50
125
126
126
126
126
126
126
125
126
126
126
126
125
125
125
126
125
126
126
126
126
126
126
126
126
125
126
126
125
125
125
125
125
126
125
125
125
125
125
125
125
125
125
126
125
125
125
125
125
125
125
125
125
125
125
125
125
125
126
126
125
125
125
125
125
125
126
125
125
125
125
125
125
125
125
125
125
125
125
126
125
125
125
125
126
125
125
125
125
125
126
125
125
126
125
125
125
125
125
125
125
125
125
126
125
125
125
126
125
125
125
125
125
125
125
126
125
125
125
125
125
125
125
125
125
125
125
125
125
125
125
126
125
125
125
125
125
125
125
125
126
125
125
125
125
125
125
125
125
126
125
125
125
125
125
125
125
126
125
125
125
125
125
125
126
126
125
125
125
125
125
125
125
125
125
125
125
125
126
126
125
125
125
125
125
125
125
125
125
125
125
125
125
125
125
125
125
125
125
125
125
125
125
125
125
125
125
125
125
125
125
125
125
125
125
125
125
125
125
125
125
125
125
125
125
125
125
125
125
125
125
125
125
125
125
125
125
125
125
125
125
125
125
125
125
125
125
125
125
125
125
125
125
125
125
125
125
125
125
125
125
126
125
125
125
125
125
125
125
125
125
125
125
125
125
125
125
125
125
125
125
125
125
125
125
125
125
125
125
126
125
125
125
126
126
126
126
125
126
126
125
126
126
125
125
125
125
126
126
126
126
125
125
125
126
126
126
126
126
126
126
126
126
126
126
126
126
126
126
126
125
126
125
126
126
126
126
125
126
126
126
126
126
125
126
126
125
125
126
126
126
126
126
126
126
126
126
125
125
125
126
125
126
126
125
126
126
125
126
126
126
125
126
125
125
126
125
125
125
125
126
126
125
126
126
125
125
126
126
125
126
125
125
125
125
125
126
126
125
125
125
125
125
126
125
125
125
125
126
126
126
125
125
126
126
125
126
126
126
125
126
125
126
126
126
125
126
126
126
125
126
125
125
126
126
126
125
125
125
125
125
125
125
125
125
125
126
125
125
125
125
125
126
126
126
126
126
126
125
125
125
126
125
126
126
125
126
126
125
126
125
125
125
126
125
125
125
126
125
125
125
125
125
126
126
126
126
125
125
125
125
126
125
125
125
125
125
126
126
126
125
125
125
125
126
126
126
126
125
125
125
125
125
125
125
125
126
126
126
125
125
125
125
126
125
125
125
126
127
126
124
122
121
124
128
128
129
141
156
148
115
81
66
73
107
141
145
162
217
215
118
52
76
101
98
111
150
184
161
74
35
116
223
195
64
53
164
200
120
56
123
157
115
89
132
170
149
105
95
121
128
102
115
170
168
108
97
130
129
107
105
120
143
165
151
115
98
108
120
120
115
114
135
159
150
112
97
120
138
125
113
129
146
137
119
114
120
125
122
115
123
135
136
125
121
126
131
130
125
122
124
128
128
123
119
122
128
130
123
117
123
133
131
121
120
131
136
128
122
123
126
125
123
123
124
126
127
127
126
126
126
122
122
129
136
128
115
116
130
141
138
127
116
114
122
130
128
122
124
128
127
123
124
128
127
124
122
122
119
124
133
134
127
124
128
131
127
121
124
129
129
128
122
107
104
132
157
141
109
104
124
142
138
120
115
124
129
125
125
126
127
131
127
118
125
136
130
115
117
133
138
123
110
119
133
137
131
120
111
115
132
139
127
118
123
130
130
126
125
127
128
126
122
120
122
126
129
131
128
124
123
125
128
128
126
122
121
124
127
129
129
125
121
122
128
129
124
123
127
129
126
124
124
126
126
125
126
128
127
125
125
125
125
125
125
125
126
127
127
126
125
124
124
126
126
125
124
127
128
127
126
125
126
125
125
125
126
126
125
125
125
126
126
126
126
126
126
125
124
125
127
128
127
125
124
124
127
127
127
125
123
124
125
126
127
127
125
123
124
127
128
125
123
124
127
128
125
123
124
128
127
123
122
126
129
127
125
122
121
124
133
135
123
111
121
139
138
121
112
120
132
133
126
120
120
127
131
127
120
121
126
129
128
125
123
124
127
128
125
122
124
127
127
124
124
126
126
126
124
125
126
127
126
124
124
125
126
126
126
125
125
125
126
126
125
124
125
126
126
125
125
125
126
126
125
125
126
126
125
125
125
126
125
125
125
126
126
126
122
124
126
126
126
126
125
126
126
126
125
125
124
126
126
126
125
125
125
126
126
125
125
125
126
126
126
126
126
125
125
125
126
126
126
125
125
126
126
126
125
125
126
126
126
126
126
126
126
126
125
125
125
126
126
125
125
125
126
126
126
125
126
126
126
126
125
122
125
126
125
125
126
126
126
125
126
126
126
126
125
125
125
126
126
126
125
125
126
126
126
125
125
125
125
125
126
125
124
125
125
125
125
125
126
125
126
126
125
126
126
126
125
124
125
126
126
126
125
125
125
126
126
125
125
125
125
125
125
126
126
125
125
125
125
126
126
126
125
126
125
125
125
125
125
125
125
126
127
126
125
124
124
126
127
127
126
125
124
125
126
127
126
125
125
125
125
126
126
126
125
124
125
126
127
126
126
126
126
126
126
125
125
125
126
125
125
125
126
126
125
125
126
125
125
125
125
125
125
125
125
125
125
125
125
125
125
125
125
125
125
126
126
126
126
126
127
128
126
125
125
124
124
125
125
125
125
125
125
125
125
126
126
125
125
125
126
126
125
126
126
126
126
125
125
125
125
125
125
125
126
126
126
125
125
125
125
125
125
125
126
125
125
125
125
126
126
126
126
125
125
126
125
125
125
125
125
125
125
125
125
125
125
126
126
126
125
126
126
125
126
125
125
125
125
125
125
125
125
125
126
126
126
126
125
125
125
125
125
125
125
125
125
125
125
125
125
125
126
125
125
125
125
125
125
125
125
125
133
121
124
126
126
125
127
126
126
126
125
125
125
125
125
125
125
126
126
126
126
125
122
110
127
125
126
129
128
128
128
128
127
126
126
126
126
126
125
126
126
126
126
126
126
126
126
126
126
125
126
127
126
125
125
126
126
125
126
126
126
126
126
126
126
126
126
124
120
124
126
126
126
127
127
127
126
126
126
126
125
126
126
126
125
126
126
126
126
126
126
126
126
125
125
125
125
125
125
125
126
125
125
125
125
125
126
126
126
125
125
125
125
125
126
125
126
126
125
126
126
126
125
125
125
126
126
126
126
125
125
126
125
126
125
125
126
126
125
125
125
126
126
126
126
126
125
126
125
126
125
125
125
125
126
125
124
125
126
126
125
126
126
127
126
125
125
125
125
125
126
131
131
130
129
128
128
127
127
126
125
125
126
126
126
127
125
125
126
126
126
126
126
126
125
125
126
126
127
126
125
125
125
125
126
126
125
125
126
126
126
125
126
125
126
126
125
125
125
126
126
125
125
126
125
125
125
125
125
126
126
125
126
126
126
125
125
126
125
125
125
125
126
126
126
126
126
126
126
125
125
126
126
126
126
125
125
125
126
126
126
125
126
126
126
125
125
126
126
125
126
125
125
126
125
125
125
125
125
124
124
125
125
126
127
126
126
126
126
126
125
125
125
125
125
126
125
126
126
126
125
125
125
126
124
125
126
125
126
125
125
126
126
125
126
125
130
131
127
124
125
123
123
124
123
123
123
125
125
125
126
126
126
126
126
126
126
126
126
126
125
126
126
125
126
126
126
125
125
126
126
126
127
126
132
92
109
129
127
127
129
129
128
128
128
127
127
127
126
126
125
126
127
127
127
127
127
127
125
126
126
126
126
127
131
134
127
123
124
123
123
126
126
125
126
126
126
126
126
125
125
126
126
126
126
127
126
127
126
126
126
126
126
49
125
126
126
125
126
125
126
126
126
126
126
125
125
126
125
126
126
126
126
126
126
126
126
126
126
126
126
126
126
126
125
126
126
126
125
126
126
126
126
126
126
126
126
126
125
126
126
126
125
125
126
126
125
126
126
126
126
126
126
126
126
125
126
125
125
125
125
125
126
125
126
126
126
125
125
126
126
125
126
125
126
125
125
126
125
126
125
126
125
126
126
126
126
126
125
126
126
126
125
125
125
125
125
126
126
125
126
125
125
126
126
126
126
126
126
126
126
126
126
125
125
126
126
126
126
126
125
126
126
126
125
126
125
125
125
125
126
125
125
125
126
126
126
125
126
126
125
126
125
126
126
125
126
126
125
126
126
125
125
126
125
126
125
126
126
126
126
126
125
126
126
126
125
125
125
126
126
126
126
126
126
126
126
126
126
126
125
125
126
126
126
126
125
126
125
126
126
126
125
126
126
125
125
125
125
125
125
125
125
125
125
125
125
125
125
125
125
125
125
125
125
125
125
126
126
125
125
126
125
125
125
125
125
125
127
125
126
126
125
125
126
125
125
125
126
125
126
125
125
125
125
126
126
125
125
125
125
126
126
126
126
126
125
125
125
125
125
125
125
126
126
126
125
126
126
125
125
125
126
125
126
125
125
126
125
125
125
125
126
125
125
125
125
125
125
125
125
125
125
126
125
125
125
125
125
125
126
126
125
126
125
125
125
125
125
125
125
125
125
125
125
125
125
125
125
125
125
125
125
125
125
125
125
125
125
125
125
125
125
125
125
125
125
125
125
125
125
125
125
125
126
125
125
125
