144
146
127
115
121
128
81
126
126
126
126
126
126
126
126
126
126
126
126
126
126
126
126
126
125
126
126
126
126
126
126
126
125
126
125
125
125
125
125
125
125
125
125
125
125
125
125
126
125
125
125
126
125
125
126
126
125
125
125
125
125
125
125
125
125
125
125
125
125
126
126
125
125
125
125
125
125
125
125
125
125
125
125
125
125
125
126
125
125
125
125
125
125
125
125
125
125
125
125
125
125
126
125
125
125
125
125
125
125
125
125
125
125
125
125
125
125
125
126
126
125
125
125
125
125
125
125
125
125
125
125
125
125
125
125
125
125
125
125
125
125
125
125
125
125
125
125
125
125
125
125
125
125
125
125
125
125
125
125
126
125
125
125
125
125
125
125
125
125
125
125
125
125
125
125
125
125
125
125
125
126
126
125
126
126
126
126
126
126
126
126
126
126
126
126
126
126
126
126
126
125
126
126
126
126
126
126
126
126
126
126
126
126
126
126
126
126
126
126
126
126
126
126
126
126
126
126
126
126
126
126
126
126
126
126
126
126
126
126
126
126
126
126
126
126
125
126
126
126
126
126
126
126
126
126
126
126
126
126
126
126
126
126
126
125
126
125
126
126
126
125
126
126
126
126
126
125
126
126
126
125
126
125
126
126
126
126
126
126
126
126
126
126
126
126
126
126
126
126
126
125
125
125
126
126
126
126
126
126
126
126
126
125
125
125
125
126
125
125
126
126
126
126
126
126
126
126
126
126
125
125
125
126
126
125
126
125
126
126
126
126
126
125
126
126
126
126
125
125
126
126
126
126
126
126
126
126
126
126
126
126
126
126
126
126
126
126
126
126
126
126
126
126
126
126
126
126
126
126
125
126
126
126
126
126
125
125
126
125
126
126
126
126
126
126
126
126
125
126
125
125
126
125
125
125
126
125
126
125
125
126
125
125
125
125
126
125
125
125
125
126
126
125
125
125
125
125
125
125
125
125
125
125
125
125
125
125
125
125
125
125
126
125
125
125
125
125
125
125
125
125
126
125
125
125
125
125
125
125
125
125
125
125
125
125
125
125
125
125
125
125
125
125
126
125
125
125
125
125
125
125
125
125
125
125
125
125
125
125
125
125
125
125
125
125
125
125
125
125
125
125
125
125
125
125
125
125
125
125
125
125
125
125
125
125
125
125
125
125
125
125
125
125
125
125
125
125
126
125
125
125
125
125
125
125
125
125
125
125
125
125
125
125
125
124
125
126
126
126
126
126
126
125
126
125
126
125
125
126
126
126
126
126
126
125
125
125
126
126
125
126
126
126
126
126
126
126
126
126
126
126
126
126
126
126
125
125
125
126
126
126
127
126
125
126
127
127
127
126
124
119
118
122
129
132
134
133
129
122
119
122
129
127
120
126
133
131
122
127
122
94
115
183
176
58
56
172
196
80
72
195
176
52
72
169
174
114
95
106
112
159
176
133
79
88
138
159
133
109
113
124
134
138
128
112
116
133
137
127
121
122
127
129
122
115
118
128
135
135
130
126
122
119
122
128
131
131
128
120
115
119
129
134
132
126
119
117
124
133
134
126
120
122
127
130
125
121
122
127
129
129
126
123
123
126
127
126
125
125
126
127
128
126
124
126
127
126
125
124
124
125
127
127
126
125
125
127
128
128
127
125
123
123
125
126
125
124
126
128
129
127
124
125
128
128
125
123
124
125
126
126
125
123
125
127
128
127
126
126
126
127
127
127
126
125
125
125
125
125
125
125
125
125
125
125
125
126
126
126
126
126
126
126
126
125
126
126
125
124
125
125
125
126
126
125
126
126
126
126
126
126
125
125
125
125
125
125
126
126
125
125
126
125
125
125
126
126
126
126
125
126
126
126
125
125
126
126
125
125
125
126
126
126
126
126
125
125
125
125
125
125
125
125
125
125
126
126
125
125
126
126
127
126
125
125
125
125
125
125
124
125
125
125
126
126
125
125
126
127
127
126
125
126
126
126
125
125
125
125
125
125
125
125
125
125
125
125
126
126
125
125
126
125
125
125
125
126
125
125
125
125
125
126
126
125
125
126
126
128
122
124
125
126
125
125
125
126
126
125
125
126
126
126
125
126
126
127
126
125
125
126
124
126
126
125
125
127
128
127
126
125
126
127
126
126
125
125
126
126
127
126
126
125
126
127
127
126
126
125
126
126
126
126
125
126
126
125
125
126
126
126
126
125
126
126
126
124
125
125
126
126
127
127
127
126
126
126
126
126
126
126
126
126
125
125
125
126
126
126
125
125
125
125
126
126
126
126
125
125
126
126
125
125
125
125
126
126
125
125
126
126
126
126
126
126
126
126
126
125
125
125
126
126
125
124
125
126
127
126
126
126
126
125
125
126
126
125
124
125
126
126
125
125
125
126
127
127
125
126
126
126
126
126
126
126
125
124
125
126
127
127
125
124
124
126
128
127
125
125
125
126
127
125
125
126
126
124
124
126
127
126
126
125
125
126
125
126
125
125
126
128
126
124
124
126
126
125
125
127
126
126
125
126
127
125
125
126
126
127
128
128
125
122
123
126
129
129
127
125
124
124
124
126
126
126
125
124
124
125
125
126
126
125
125
126
126
126
126
126
126
125
128
127
127
126
124
122
122
123
125
127
127
127
127
127
127
124
121
120
122
124
126
128
130
130
127
124
123
126
127
124
122
122
125
128
128
128
127
126
124
123
123
124
127
128
127
125
126
126
125
125
126
123
122
123
124
127
129
129
126
124
124
127
129
127
123
122
121
119
121
125
130
130
128
126
126
130
131
129
128
127
123
120
119
123
123
121
121
126
131
130
124
121
129
135
129
121
123
127
123
119
125
131
125
118
121
125
126
130
127
122
127
130
127
130
127
118
122
130
121
120
133
130
119
125
125
113
125
139
116
110
141
137
108
126
148
116
104
139
139
107
126
150
116
92
129
152
128
117
131
125
110
124
144
131
114
123
131
118
113
132
147
133
113
117
130
129
119
125
137
130
112
111
127
133
130
129
122
112
115
130
134
125
122
132
138
127
112
114
127
135
130
125
123
119
116
127
148
112
125
121
134
135
119
114
129
139
131
119
116
120
122
126
135
134
121
117
124
130
118
122
131
131
124
120
122
129
130
127
126
128
131
131
125
116
117
129
136
128
117
122
130
131
129
130
128
122
121
126
129
122
119
125
132
131
124
121
126
130
132
133
132
119
108
112
127
134
125
122
127
125
127
132
131
125
124
129
127
126
130
130
125
122
122
121
123
125
125
123
127
135
133
123
119
125
130
128
121
119
125
133
127
114
119
137
142
124
108
117
136
137
122
115
120
127
132
133
127
113
106
120
143
151
139
119
107
115
125
126
125
133
136
126
116
116
124
132
135
131
124
120
124
129
130
123
124
130
130
119
112
120
135
138
127
117
120
128
129
123
122
124
128
128
127
123
123
124
126
125
125
130
134
130
122
118
120
124
127
128
125
122
122
127
130
131
129
127
122
122
125
124
122
128
132
126
119
123
131
129
124
123
128
132
130
118
113
124
139
142
137
128
108
95
112
148
147
128
121
141
147
106
59
93
169
176
122
93
116
146
153
133
89
71
131
188
147
94
111
140
142
125
117
113
121
128
134
135
124
113
123
131
125
122
124
122
124
127
124
124
133
134
124
122
126
123
119
123
131
132
121
113
121
135
136
126
118
118
127
134
131
120
117
125
133
129
122
123
128
127
121
117
121
125
131
134
130
121
121
127
125
123
129
132
124
116
121
131
134
124
114
123
131
126
119
126
132
126
119
121
130
132
127
120
120
125
131
117
81
129
125
132
124
111
117
149
164
139
112
106
110
127
147
149
128
111
111
82
126
126
126
126
126
126
126
126
126
125
126
126
126
126
126
126
126
126
126
126
126
126
125
126
125
125
126
126
125
125
125
126
126
126
126
125
126
126
126
126
125
125
126
126
126
126
126
126
126
126
126
126
125
126
125
126
126
125
125
126
126
126
125
126
126
126
126
126
126
126
126
125
126
126
126
126
126
126
126
126
126
126
125
125
126
126
126
125
126
126
126
126
126
125
126
125
126
126
126
125
125
125
126
126
126
126
126
126
126
125
126
126
125
125
125
125
126
125
125
125
126
126
126
126
126
126
126
125
125
126
125
125
125
125
126
125
126
126
126
126
126
125
125
125
126
125
125
126
125
126
126
126
126
126
126
126
126
126
126
126
126
126
125
125
125
125
125
125
125
125
125
125
125
125
125
126
126
125
125
125
125
125
125
125
125
125
125
125
126
126
125
125
125
125
125
125
125
125
125
125
125
125
125
125
125
125
125
125
125
125
125
125
125
125
125
125
125
125
125
125
125
125
125
125
125
125
125
125
125
126
126
126
126
126
126
126
125
126
126
126
126
126
125
126
125
125
125
125
125
125
126
126
126
126
126
126
126
126
126
126
126
126
126
126
126
126
126
126
126
126
126
126
126
126
126
126
126
126
126
126
126
126
125
126
126
126
126
126
126
126
126
125
125
126
126
125
126
126
126
126
126
126
125
126
126
126
125
126
125
125
126
125
126
125
125
125
125
125
126
126
126
126
126
126
125
126
126
125
126
126
126
125
125
126
126
126
125
126
126
126
126
126
125
125
125
125
126
125
125
125
125
126
126
124
