125
126
124
124
124
124
33
125
125
125
125
125
125
125
125
125
125
125
125
125
125
125
125
125
125
125
125
125
125
125
125
125
125
125
125
125
125
125
125
125
125
125
125
125
125
125
125
125
125
125
125
125
125
125
125
125
125
125
125
125
125
125
125
125
125
125
125
125
125
125
125
125
125
125
125
125
125
125
125
125
125
125
125
125
125
125
125
125
125
125
125
125
125
125
125
125
125
125
125
125
125
125
125
125
125
125
125
125
125
125
125
125
125
125
125
125
125
125
125
125
125
125
125
125
125
125
125
125
125
125
125
125
125
125
125
125
125
125
125
125
125
125
125
125
125
125
125
125
125
125
125
125
125
125
125
125
125
125
125
125
125
125
125
125
125
125
125
125
125
125
125
125
125
125
125
125
125
125
125
125
125
125
125
125
125
125
125
125
125
125
125
125
125
125
125
125
125
125
125
125
125
125
125
125
125
125
125
125
125
125
125
125
125
125
125
125
125
125
125
125
125
125
125
125
125
125
125
125
125
125
125
125
125
125
125
125
125
125
125
125
125
125
125
125
125
125
125
125
125
125
125
125
125
125
125
125
125
125
125
125
125
125
125
125
125
125
125
125
125
125
125
125
125
125
125
125
125
125
125
125
125
125
125
125
125
125
125
125
125
125
125
125
125
125
125
125
125
125
125
125
125
125
125
125
125
125
125
125
125
125
125
125
125
125
125
125
125
125
125
125
125
125
125
125
125
125
125
125
125
125
125
125
125
125
125
125
125
125
125
125
125
125
125
125
125
125
125
125
125
125
125
125
125
125
125
125
125
125
125
125
125
125
125
125
125
125
125
125
125
125
125
125
125
125
125
125
125
125
125
125
125
125
125
125
125
125
125
125
125
125
125
125
125
125
125
125
125
125
125
125
125
125
125
125
125
125
125
125
125
125
125
125
125
125
125
125
125
125
125
125
125
125
125
125
125
125
126
126
126
125
125
125
124
124
125
126
125
125
124
125
126
126
125
125
124
124
125
126
126
125
125
125
125
125
125
126
126
125
125
125
125
125
124
124
126
128
128
126
124
124
123
122
123
124
126
128
128
128
126
123
121
121
124
129
128
122
121
126
132
130
122
118
120
125
129
133
131
122
116
117
122
132
139
131
120
121
126
119
109
117
139
144
124
114
130
139
120
107
122
133
122
112
124
141
142
124
115
125
133
121
107
113
132
141
135
118
116
127
137
134
121
108
110
127
138
134
127
119
112
115
124
130
142
158
160
130
84
66
88
127
160
172
157
123
101
106
123
135
133
121
108
107
121
139
141
128
125
137
140
125
116
118
115
113
122
130
128
126
126
124
119
119
131
145
142
127
115
110
113
126
138
138
128
117
115
124
133
129
118
117
128
135
130
121
115
116
123
131
133
129
125
126
128
128
128
128
126
122
119
118
120
126
130
131
130
127
124
123
126
125
121
120
125
128
126
125
125
124
126
129
128
126
124
124
125
125
125
126
128
128
126
125
125
125
123
121
122
125
126
126
126
126
125
125
126
125
125
124
125
126
127
127
127
126
125
124
123
124
125
126
127
127
125
125
124
124
123
126
129
126
117
119
141
147
116
91
120
165
153
94
68
135
188
141
75
109
152
123
104
145
159
113
94
123
135
122
129
145
129
106
111
129
139
138
128
115
114
125
132
130
124
120
123
129
131
125
120
121
125
130
132
128
123
121
123
127
128
125
122
122
125
127
127
127
125
123
124
125
126
125
125
125
125
126
124
123
125
127
127
126
125
125
125
126
126
126
125
125
126
125
125
125
125
124
124
125
124
125
125
126
126
126
126
125
125
126
126
126
125
124
124
125
125
125
125
125
125
126
125
125
125
126
126
126
125
125
125
126
125
125
125
125
126
125
125
125
125
125
125
125
125
124
124
125
126
125
125
125
125
126
126
125
125
125
126
126
125
125
125
125
125
125
125
125
125
125
125
125
125
125
125
125
125
125
125
125
125
125
125
125
125
125
125
125
125
125
125
125
125
125
125
125
125
125
125
125
125
124
125
125
125
125
126
126
126
125
126
125
125
125
125
125
125
125
125
125
125
125
125
125
125
124
125
125
125
125
125
126
125
125
125
125
125
125
126
125
125
125
125
125
125
125
125
125
125
125
125
125
125
125
125
125
125
125
125
125
125
125
125
125
125
125
125
124
125
126
126
125
125
125
126
125
125
125
125
125
125
125
125
125
125
125
125
125
125
125
126
125
125
125
125
125
125
125
125
125
125
125
125
125
125
125
125
125
125
125
125
125
125
125
125
125
125
125
125
125
125
125
125
125
125
125
125
125
125
125
125
125
125
125
125
125
125
125
125
125
125
125
125
125
125
125
125
125
125
125
125
125
125
125
125
125
125
125
125
125
125
125
125
125
125
125
125
125
125
125
125
125
125
125
125
125
125
125
125
125
125
125
125
125
125
125
125
125
125
125
125
125
125
125
125
125
125
125
125
125
125
125
125
125
125
125
125
125
125
125
125
125
125
125
125
125
125
125
125
125
125
125
125
125
125
125
125
125
125
125
125
125
125
125
125
125
125
125
125
125
125
125
125
125
125
125
125
125
125
125
125
125
125
126
125
125
125
125
125
125
125
125
125
125
125
125
125
125
125
125
125
125
125
125
125
125
125
125
125
125
125
125
125
125
125
125
125
125
125
125
125
125
125
125
125
125
125
125
125
125
125
125
125
125
125
125
125
125
125
125
125
125
125
125
125
125
125
125
125
125
125
125
125
125
125
125
125
125
125
125
125
125
125
125
125
125
125
125
126
125
125
125
125
125
125
125
125
125
125
125
124
125
125
125
125
125
125
125
126
125
125
125
125
125
125
126
125
125
125
125
125
125
125
125
124
125
125
125
125
125
125
125
125
125
125
125
125
125
125
125
125
125
125
125
125
125
125
125
125
125
125
125
125
125
125
125
125
125
125
125
125
125
125
125
125
125
125
125
125
124
125
125
125
126
126
125
125
125
125
125
125
125
125
125
125
125
125
125
125
125
125
124
125
126
125
125
125
125
125
125
126
125
125
125
125
125
125
125
125
125
125
125
125
125
125
125
126
125
125
125
125
125
124
125
125
126
125
124
124
141
120
123
125
124
125
126
126
125
126
126
126
124
124
124
125
125
125
125
125
125
125
125
125
125
125
125
125
125
114
121
125
126
127
129
128
127
128
127
126
126
126
126
126
126
126
125
126
126
126
126
126
126
126
126
125
125
126
126
126
126
125
126
125
125
125
125
125
117
124
124
126
127
128
128
128
128
126
126
126
125
125
125
125
126
125
125
125
126
126
126
125
125
125
125
125
125
126
126
125
125
126
126
125
125
125
125
125
125
125
125
125
125
125
125
126
126
126
126
126
126
126
125
125
126
124
125
125
125
125
126
126
125
125
126
126
126
125
125
126
126
126
126
127
124
126
124
125
125
124
126
125
125
126
125
125
126
125
125
125
125
126
125
125
126
126
126
125
126
126
126
126
125
126
125
126
125
125
126
125
125
126
125
125
125
125
126
125
125
126
126
125
125
125
126
125
125
125
125
126
126
125
126
125
125
126
125
126
126
126
126
126
125
126
126
125
125
128
131
126
124
125
124
123
124
124
124
125
126
124
125
125
125
126
125
126
126
126
126
126
126
127
126
125
124
125
125
125
125
129
132
126
124
125
123
121
123
123
124
124
126
126
122
124
124
125
126
126
126
127
127
127
126
126
124
123
125
125
125
126
126
126
126
125
124
126
125
125
124
125
125
126
125
125
125
124
125
125
125
125
125
126
126
125
126
126
124
125
125
125
125
125
125
125
125
125
124
125
126
125
125
34
125
125
125
125
125
126
125
125
125
125
125
125
126
126
125
125
126
126
126
126
126
126
126
126
126
126
126
126
126
126
126
126
126
126
126
126
125
125
125
126
125
125
126
126
126
126
126
126
126
126
125
126
126
125
125
125
126
126
125
125
126
125
126
126
126
126
126
126
125
126
125
126
125
126
126
126
126
126
126
126
125
126
125
125
126
126
126
126
125
126
125
125
125
125
125
125
125
125
126
125
125
125
125
125
125
125
125
125
125
125
125
126
125
125
125
125
125
126
125
125
125
125
125
125
125
125
126
125
125
126
125
125
125
125
125
125
125
125
125
125
125
126
125
125
125
125
125
125
125
125
125
125
126
125
125
125
126
125
126
125
125
125
125
125
125
125
125
125
126
125
125
125
126
126
125
125
125
125
125
125
125
125
125
125
125
125
125
125
125
125
125
125
126
125
125
125
126
125
125
125
125
125
125
125
125
125
126
125
125
125
125
125
125
125
125
125
125
125
125
125
126
125
125
125
125
125
125
125
126
126
125
125
125
125
125
125
125
125
125
125
125
126
125
125
125
125
125
125
125
125
125
125
125
125
125
125
125
125
125
125
125
125
126
125
125
125
125
125
125
125
125
125
125
125
125
125
125
125
125
125
125
125
125
125
125
125
125
125
125
125
125
125
125
125
125
125
126
125
125
125
125
125
125
125
125
125
125
125
125
125
125
125
125
125
125
125
125
125
125
125
125
125
125
125
125
125
125
125
125
125
125
125
125
125
125
125
125
125
125
125
125
125
125
125
125
125
125
125
125
125
125
125
125
125
