128
121
127
125
122
122
47
126
126
126
126
126
126
126
126
126
126
126
126
126
126
126
126
126
126
126
126
126
126
126
126
126
126
126
126
126
126
126
126
126
126
126
126
126
126
126
126
126
125
126
126
126
126
126
126
126
126
126
126
126
126
126
126
126
126
126
126
126
126
126
126
126
126
126
126
126
125
126
126
126
126
126
126
126
125
126
126
126
125
125
125
126
126
126
126
126
125
125
125
125
125
125
126
126
125
126
126
126
126
125
126
126
126
126
126
126
125
125
126
126
126
125
126
126
126
126
126
126
125
125
125
125
125
125
125
125
125
126
126
126
126
126
126
125
125
126
125
125
125
126
126
126
126
126
126
125
125
125
125
125
126
125
125
126
126
125
126
126
126
125
126
126
126
126
126
126
126
125
126
125
125
125
126
126
126
126
126
126
126
126
125
126
126
126
126
126
125
126
125
126
125
126
125
126
126
126
126
125
125
126
125
125
126
126
125
125
126
125
125
126
126
125
125
126
126
126
126
126
125
126
125
125
125
125
126
126
125
125
125
125
125
126
126
125
125
125
125
125
125
126
125
126
126
126
126
125
125
125
126
126
125
125
125
126
126
126
126
126
125
126
126
125
124
124
124
125
127
128
127
127
127
126
121
120
125
131
131
124
121
124
120
115
124
146
142
120
113
119
123
121
132
135
129
115
106
141
147
124
112
117
139
107
103
162
147
109
113
113
129
142
108
116
158
142
99
111
139
121
111
135
143
125
109
113
131
142
135
120
113
121
131
134
128
121
125
129
121
120
127
126
122
127
129
125
124
123
122
128
136
128
115
117
128
129
123
125
127
127
128
130
126
121
122
124
125
126
126
125
124
125
126
124
124
126
128
126
124
125
127
126
125
125
125
125
125
125
126
126
126
125
124
123
124
125
126
125
126
127
127
126
124
124
124
125
125
125
125
126
126
126
125
125
125
125
125
125
126
126
126
126
126
125
125
125
125
125
125
125
125
125
126
125
125
125
125
125
125
125
125
126
126
125
125
125
125
125
125
125
125
125
125
125
126
126
126
126
125
125
125
125
125
125
125
126
126
126
125
125
125
125
126
126
126
125
125
125
125
125
124
125
126
126
126
125
125
125
123
124
127
127
126
125
126
126
125
124
125
126
126
125
124
124
126
127
126
124
124
126
127
125
124
123
124
126
127
127
126
126
126
125
123
123
124
126
127
125
125
126
127
127
125
123
123
126
129
127
123
122
124
127
129
126
121
122
126
129
128
125
123
124
126
127
125
123
123
125
127
127
125
124
125
126
126
125
125
125
126
125
124
124
125
126
127
126
124
125
126
126
125
124
124
125
126
126
125
124
125
125
125
125
126
127
127
126
125
125
125
125
125
124
124
124
125
126
126
125
126
126
126
126
126
125
125
126
126
126
124
124
125
125
125
125
126
125
125
126
126
126
126
126
126
125
126
126
126
125
124
125
125
125
125
126
126
124
125
126
127
127
126
125
124
124
126
126
125
126
125
126
126
125
125
125
125
125
125
126
126
125
125
125
125
125
126
126
126
125
125
126
126
126
126
125
125
125
125
125
125
125
125
125
125
125
125
126
126
126
125
124
125
125
126
126
126
125
125
125
125
125
125
125
125
125
126
126
126
126
126
126
126
125
125
126
125
125
125
125
125
125
125
125
125
125
125
125
125
125
125
125
126
125
125
126
125
125
126
125
125
125
125
125
125
126
126
125
125
125
126
125
125
125
125
125
125
125
125
125
126
126
126
125
125
125
125
125
125
125
125
125
125
125
126
125
126
125
125
125
125
125
125
126
126
125
125
126
125
125
125
126
125
125
125
125
125
125
126
126
125
125
125
126
125
125
125
125
125
125
126
125
125
125
125
125
125
126
126
126
126
125
125
125
125
125
125
125
125
125
126
125
125
125
125
126
125
125
125
125
125
125
125
125
125
125
125
125
125
125
125
125
125
126
125
125
125
125
125
125
125
125
125
125
125
125
126
125
125
125
125
125
126
126
125
125
125
125
125
125
125
125
125
125
125
125
125
125
125
125
125
125
126
125
125
125
125
125
125
126
125
125
125
126
125
125
125
125
125
125
125
126
126
125
125
125
125
125
125
125
125
125
125
125
125
125
125
125
125
125
125
125
125
125
125
126
125
125
125
125
125
125
125
125
125
125
125
125
125
123
125
126
125
126
126
126
126
126
126
126
125
125
125
125
125
125
126
125
125
125
125
125
125
125
125
125
125
125
125
125
125
125
125
126
125
125
125
125
125
125
125
125
125
125
125
125
125
125
125
125
126
125
126
125
125
125
125
125
125
125
125
125
125
125
126
125
126
126
126
126
125
125
125
125
125
125
125
124
125
125
126
126
125
125
125
126
126
125
125
125
125
125
125
125
125
125
128
123
126
126
126
126
127
126
126
126
125
125
125
125
125
126
126
126
126
126
126
126
126
125
126
126
126
126
125
125
125
126
126
126
126
126
126
126
126
126
126
126
126
126
125
126
126
126
126
126
126
126
125
125
126
126
126
126
126
125
126
126
126
126
125
126
126
126
126
126
126
126
126
124
123
125
125
126
127
127
127
127
127
126
126
126
126
125
126
125
126
125
126
125
125
125
126
126
125
125
125
125
125
125
126
125
125
126
125
126
126
125
125
125
126
125
125
125
125
126
126
126
125
128
127
126
126
125
124
124
125
125
125
126
125
125
125
126
126
126
125
126
126
126
125
125
125
126
126
125
122
124
125
126
126
126
127
126
126
127
126
126
125
125
126
126
125
125
125
126
125
125
126
126
126
125
125
126
126
125
125
125
126
126
126
126
125
125
126
126
125
125
125
125
126
125
125
125
125
126
126
125
126
126
126
125
125
125
125
124
125
125
125
125
125
126
126
126
125
125
126
126
126
125
129
126
125
125
124
123
124
124
124
126
127
127
126
125
126
127
127
126
124
124
125
126
126
126
126
126
126
126
126
126
125
125
125
125
125
124
125
125
126
126
125
125
125
125
126
126
126
125
125
125
125
125
125
125
125
125
125
125
125
126
125
126
125
125
126
127
125
125
125
126
125
126
126
125
125
125
126
125
125
125
126
126
126
125
125
127
127
125
124
126
126
126
125
124
125
126
126
126
124
125
126
126
125
125
125
126
126
125
126
127
126
123
123
126
127
125
124
125
125
126
125
125
125
125
124
125
126
127
126
125
125
124
126
128
126
123
124
127
127
125
125
125
125
126
127
126
126
130
126
128
125
123
122
123
125
124
124
125
125
125
126
125
124
125
126
125
124
125
125
126
126
126
125
125
126
126
125
124
125
126
125
118
125
125
126
127
127
126
127
127
127
126
125
125
127
126
125
124
125
125
125
126
125
124
124
126
127
126
126
126
126
126
127
126
124
124
123
125
126
126
125
123
123
127
127
126
125
125
126
126
126
126
125
123
125
124
124
125
126
125
124
125
127
128
126
125
126
127
127
125
124
124
124
125
126
125
126
125
126
125
127
127
126
124
124
124
125
126
125
125
125
125
125
126
126
125
124
125
127
126
122
123
125
127
125
125
125
125
125
126
127
126
125
125
125
125
127
127
127
124
123
122
128
129
125
122
125
129
127
124
122
125
127
127
127
125
124
125
126
128
126
124
124
125
127
126
124
124
126
125
126
124
125
126
126
124
122
125
128
126
123
125
126
124
123
125
126
125
125
124
125
126
128
126
122
124
126
127
126
124
123
126
126
125
125
126
129
125
122
122
127
131
130
125
123
122
122
125
128
125
123
123
126
127
126
127
127
123
120
124
132
131
124
122
123
122
126
129
125
123
124
130
128
127
126
124
123
126
126
121
46
126
126
126
126
126
125
126
125
125
126
126
126
126
126
126
126
126
126
126
126
126
126
126
126
126
125
126
126
126
126
126
126
126
125
126
126
126
126
126
126
126
125
126
126
125
125
126
125
126
125
126
125
125
126
125
126
126
126
125
125
125
126
126
125
126
126
125
125
125
126
126
126
126
126
126
125
126
126
126
125
126
126
124
126
127
125
125
125
125
126
126
126
126
126
126
126
125
125
126
125
126
125
126
126
126
126
126
126
126
126
125
126
126
126
125
126
126
126
126
126
126
126
125
126
126
126
126
126
126
125
126
126
125
126
125
125
126
125
125
125
125
126
126
126
125
126
126
126
126
126
126
126
126
126
126
126
126
126
126
125
126
126
125
126
126
125
125
125
126
125
126
125
126
126
126
126
126
125
126
125
125
125
126
126
126
126
126
125
125
126
125
125
125
125
125
125
125
126
126
126
126
126
126
125
125
125
125
125
125
125
125
125
125
126
125
125
125
125
125
125
125
125
125
125
125
125
125
125
125
125
125
126
127
127
126
125
125
125
126
126
125
124
125
125
126
127
126
125
126
127
124
120
123
129
131
126
120
121
123
126
133
144
133
103
101
134
146
117
103
127
144
140
131
121
111
120
130
125
120
133
129
123
121
126
117
101
139
164
126
109
131
132
102
99
130
146
152
127
97
111
150
148
113
106
121
126
126
136
134
119
117
129
130
116
111
127
147
143
118
106
115
130
132
125
120
125
132
131
125
126
131
129
120
117
125
130
126
123
122
123
125
126
126
125
126
126
127
126
124
122
124
128
129
123
