123
126
127
125
123
124
39
126
126
126
126
126
126
126
126
126
126
126
126
126
126
126
126
126
126
126
126
126
126
126
126
126
126
126
126
126
126
126
126
126
126
126
126
126
126
126
126
126
126
125
126
126
126
126
126
126
126
126
126
126
126
126
126
125
126
126
125
126
126
125
125
126
126
126
126
126
126
125
126
125
125
126
125
125
125
125
126
126
125
126
126
125
125
125
125
125
126
126
125
126
125
126
126
125
126
126
126
125
126
125
126
126
125
125
126
126
125
125
125
125
125
125
125
125
126
125
125
125
126
126
126
125
126
126
126
125
125
126
126
125
125
126
126
126
125
126
126
125
126
125
126
126
126
126
126
126
125
125
125
125
126
126
126
125
125
126
126
126
126
126
125
126
126
126
126
125
125
125
126
126
126
125
126
126
126
125
125
125
125
126
126
125
125
125
126
126
126
125
125
126
126
125
125
125
125
125
126
126
125
125
125
126
126
126
125
125
125
125
125
125
125
125
125
125
125
125
125
125
125
126
126
126
125
125
125
125
126
125
125
125
125
125
125
125
125
125
125
126
125
125
125
125
125
125
126
125
125
125
125
125
125
125
125
125
125
125
125
125
125
125
126
125
125
126
125
125
125
125
125
125
125
125
125
125
125
125
125
125
125
125
125
125
125
125
125
125
125
125
125
125
125
125
125
125
125
125
125
125
125
125
125
125
125
125
125
126
125
125
125
125
125
125
125
125
125
125
125
125
125
125
125
125
125
125
125
125
125
125
125
125
125
125
125
125
125
125
125
125
125
125
125
125
125
125
125
125
125
125
125
125
125
125
125
125
125
125
125
125
125
125
125
125
125
125
125
125
125
125
125
125
125
125
125
125
125
125
125
125
125
125
125
125
125
125
125
125
125
125
125
125
125
125
125
125
125
125
125
125
125
125
125
125
125
125
125
125
125
125
125
125
125
125
125
125
125
125
125
125
125
125
125
125
125
126
126
125
125
125
125
125
125
125
125
125
125
125
125
125
125
125
125
125
125
125
125
125
125
125
125
125
125
125
125
125
125
125
125
125
125
125
125
125
125
125
125
126
126
125
125
125
125
125
126
125
125
125
125
125
125
125
125
125
125
125
125
125
125
125
125
125
125
125
125
125
125
125
125
125
125
125
125
125
125
125
125
125
125
125
125
125
125
125
125
125
125
125
125
125
125
126
125
125
125
125
125
125
126
126
126
126
127
125
122
122
126
129
127
122
120
122
123
123
127
130
129
126
126
132
133
125
120
122
122
119
122
127
126
123
126
131
126
120
126
138
133
120
113
116
125
134
125
109
118
144
152
139
117
94
100
149
174
119
55
66
145
216
199
133
63
43
102
180
184
80
91
156
69
94
255
195
59
77
255
173
24
41
221
235
167
73
22
79
160
196
145
74
67
170
213
119
30
83
174
180
117
95
111
131
134
110
110
149
140
90
102
166
174
108
69
100
148
154
132
118
121
128
130
123
113
112
119
125
135
145
143
133
124
114
107
114
127
134
130
124
119
118
121
125
130
132
127
120
121
131
141
138
126
116
115
119
123
131
139
133
117
109
116
126
131
132
132
128
123
123
127
129
125
121
123
128
124
120
123
128
127
125
127
133
133
127
119
116
120
127
132
130
125
123
123
125
126
125
126
126
126
125
124
123
122
123
126
129
132
131
127
125
124
125
124
122
122
124
127
128
127
126
125
126
127
126
125
123
122
123
125
127
128
128
126
126
125
124
124
124
124
125
127
127
126
125
124
124
125
126
127
127
127
126
124
123
123
124
126
126
126
126
126
126
126
126
126
125
125
125
125
125
125
125
125
125
125
126
126
126
126
126
125
124
125
125
126
126
125
125
125
125
125
125
125
125
125
125
125
125
125
126
128
123
126
127
127
127
126
126
125
125
124
124
124
125
126
126
126
126
126
126
126
126
126
126
126
126
126
126
125
125
125
126
127
127
126
126
125
125
125
125
125
125
125
126
126
127
127
127
127
127
126
126
126
125
125
125
126
126
126
125
125
125
125
126
126
126
126
124
125
126
126
126
126
127
127
126
126
126
125
125
126
126
125
125
126
125
125
125
125
125
125
126
126
125
125
126
126
126
126
126
126
125
125
126
126
125
125
125
126
125
126
126
126
126
126
128
126
126
125
125
125
125
125
125
125
125
125
125
126
126
126
126
126
126
126
125
125
126
126
125
125
125
125
126
126
125
123
125
126
125
125
126
126
126
126
126
126
126
126
126
126
126
126
126
126
125
125
126
126
126
126
125
125
126
126
126
125
125
125
125
125
125
125
125
126
126
126
126
126
126
126
126
125
125
126
126
126
126
126
125
126
126
125
125
125
126
126
125
125
126
126
126
126
126
126
127
128
126
125
125
124
124
125
125
125
125
125
125
125
125
125
125
125
126
126
126
125
126
126
126
125
125
125
125
125
125
125
126
125
126
125
125
125
126
126
125
125
125
125
126
125
125
125
125
125
125
125
125
125
125
125
125
126
125
126
126
125
125
125
125
125
125
125
126
125
125
125
125
125
125
126
126
126
125
126
125
126
126
125
125
126
125
126
125
125
125
125
125
125
125
125
125
125
125
125
125
126
125
125
126
125
126
125
125
125
125
125
126
125
126
125
125
126
126
125
125
125
125
125
125
125
125
125
125
125
125
125
125
125
126
125
125
125
125
125
125
125
126
125
125
125
125
125
125
125
125
125
125
126
129
126
126
125
125
124
124
125
125
125
125
125
125
125
126
125
125
125
126
125
125
125
125
125
125
125
125
125
125
125
125
125
126
125
126
125
126
125
126
126
126
125
124
125
125
125
126
125
126
126
126
126
125
125
126
125
125
126
125
125
125
125
126
125
125
125
124
125
123
122
125
126
126
126
127
127
126
126
126
126
125
125
126
125
125
125
125
125
125
125
125
125
126
125
125
125
125
125
126
126
125
125
125
125
126
125
125
125
125
125
125
125
125
125
126
125
126
125
125
125
125
125
126
125
125
125
125
125
125
125
125
125
125
125
125
125
125
126
125
125
125
125
125
126
126
126
125
125
126
125
126
125
125
125
125
126
126
126
125
126
125
125
125
125
125
125
126
126
125
125
125
125
125
125
125
125
125
126
126
125
126
126
126
126
125
126
125
125
125
125
125
126
125
125
125
125
126
126
126
126
125
125
125
126
125
125
125
125
125
126
126
126
125
125
126
126
126
125
125
126
125
126
125
125
125
125
125
126
125
125
126
126
126
125
125
125
125
125
125
125
125
125
125
125
126
125
124
125
126
125
125
125
126
125
125
125
125
125
126
126
125
125
125
126
125
125
125
125
125
126
125
126
125
126
126
126
125
125
125
125
125
125
125
124
125
125
125
125
125
125
126
126
131
125
126
127
125
121
123
123
123
124
125
125
126
126
125
123
124
127
128
126
123
123
125
126
126
124
124
125
127
126
125
125
125
125
117
126
126
127
128
130
127
126
122
122
127
128
123
122
129
129
125
122
125
131
129
124
124
128
127
121
118
122
128
132
130
117
107
120
139
139
129
124
127
125
115
112
128
144
137
107
96
125
158
146
110
101
124
143
132
109
114
147
156
119
87
103
137
147
136
123
118
120
124
126
128
133
131
122
115
118
128
134
129
122
120
123
127
126
126
126
126
124
123
124
128
129
126
124
124
126
125
123
122
125
128
128
127
124
125
126
125
125
124
123
127
127
125
123
124
126
125
123
126
128
126
126
126
126
124
124
126
126
124
125
127
126
125
122
122
127
129
126
124
125
127
127
126
125
126
125
125
124
123
126
130
127
122
121
126
127
127
127
125
125
122
125
125
125
126
40
125
125
125
125
125
125
125
125
125
125
125
125
125
125
125
125
125
125
125
125
125
125
125
125
125
125
125
125
125
125
125
125
125
125
125
125
125
125
125
125
125
125
125
125
125
125
125
126
126
125
125
125
125
125
125
125
125
125
125
125
125
125
125
125
125
125
125
125
125
125
125
125
125
125
125
125
125
125
125
125
125
125
125
125
125
125
125
125
125
125
125
125
125
125
125
125
125
125
125
125
125
125
125
125
125
125
125
125
125
125
125
125
125
125
125
125
125
125
125
125
125
125
125
125
125
126
125
125
125
125
125
125
125
125
125
125
125
125
125
125
125
125
125
125
125
125
125
125
125
125
125
125
125
125
125
125
125
125
125
125
125
125
125
125
125
125
125
125
125
125
125
125
126
125
125
125
125
125
125
125
125
125
125
125
125
125
125
125
125
125
125
125
125
125
125
125
125
125
125
125
125
125
125
125
125
125
125
125
125
126
125
125
125
125
125
125
125
125
125
125
125
125
125
125
125
125
125
125
125
125
125
125
125
125
125
125
125
125
125
125
125
125
125
125
125
125
125
125
125
125
125
125
125
125
125
125
125
125
125
125
125
125
125
125
125
125
125
125
125
125
125
125
125
125
125
125
125
125
125
125
125
125
125
125
125
125
125
125
125
125
125
125
125
125
125
125
125
125
125
125
125
125
125
125
125
125
125
125
125
125
125
125
125
125
125
125
125
125
125
125
125
125
125
125
125
125
125
125
125
125
125
125
125
125
125
125
125
125
125
125
126
126
125
125
125
125
125
125
125
125
125
125
125
123
