127
125
124
122
123
124
59
125
125
125
125
126
125
125
126
126
126
125
125
125
125
125
125
125
125
125
125
125
125
125
125
125
125
125
125
125
125
125
125
125
125
125
125
125
125
125
125
125
125
125
125
125
125
125
125
125
125
125
125
125
125
125
125
125
125
125
125
125
125
125
125
125
125
125
125
125
125
125
125
125
125
125
125
125
125
125
125
125
125
125
125
125
125
125
125
125
125
125
125
125
125
125
125
125
125
125
125
125
125
125
125
125
125
125
125
125
125
125
125
125
125
125
125
125
125
125
125
125
125
125
125
125
125
125
125
125
125
125
125
125
125
125
125
125
125
125
125
125
125
125
125
125
125
125
125
125
125
125
125
125
125
125
125
125
126
125
125
125
125
125
125
126
126
125
125
126
126
126
126
126
126
126
126
125
125
126
126
126
125
126
125
125
126
125
125
125
125
125
125
125
125
126
126
126
126
126
126
126
126
126
126
126
126
126
126
126
126
125
126
126
126
126
125
125
126
126
126
126
126
125
126
125
125
125
125
125
126
126
126
125
125
126
125
125
125
126
125
125
125
125
126
125
125
125
126
126
126
125
125
126
125
125
126
125
125
125
125
125
126
125
126
125
126
126
126
126
125
126
125
125
125
126
125
126
126
125
126
126
125
126
125
126
125
125
126
125
125
126
125
126
126
125
126
126
125
126
125
126
126
126
125
126
125
125
125
125
125
125
125
125
125
125
125
126
125
126
126
126
125
126
125
126
125
126
126
125
126
125
126
125
126
126
126
126
126
126
126
126
125
126
126
126
125
126
125
126
125
125
126
125
125
125
126
125
126
126
126
125
125
126
125
126
126
125
125
126
126
126
126
126
126
125
125
125
125
125
125
125
125
125
125
126
125
125
125
125
125
125
125
125
126
125
125
125
125
125
125
125
125
126
126
125
125
125
125
126
126
126
126
126
126
127
126
126
126
126
125
125
125
126
125
125
125
125
126
125
125
125
125
126
126
126
126
126
126
126
126
125
126
126
126
126
125
125
125
126
125
125
125
126
125
125
126
125
125
126
125
125
126
126
125
125
125
125
126
125
125
126
124
125
125
125
126
126
126
125
126
126
125
125
125
125
125
125
125
125
125
125
125
125
125
125
126
126
126
125
126
127
129
129
128
121
112
107
113
130
147
146
129
127
141
127
89
93
144
163
128
110
113
107
120
162
154
92
89
147
147
133
144
122
80
93
129
139
164
168
106
78
104
149
138
108
148
168
93
56
132
192
149
94
101
123
125
125
128
133
145
145
123
106
110
120
125
123
122
130
133
122
121
142
144
118
104
117
126
127
134
138
129
119
119
122
121
122
127
129
128
127
126
123
123
129
137
133
120
112
113
121
133
139
134
123
115
116
124
130
129
125
124
126
127
126
126
126
126
127
129
128
126
123
122
123
124
124
123
125
127
128
128
127
124
123
125
127
128
125
124
125
126
126
124
124
126
128
126
123
122
123
124
126
126
126
126
126
127
127
126
125
124
123
124
126
126
126
126
125
125
125
125
124
124
124
125
126
127
128
128
126
125
124
123
123
123
124
125
126
126
126
126
126
126
126
126
126
127
126
125
123
123
123
124
125
126
126
126
126
125
125
125
125
125
125
125
125
125
125
125
125
126
127
127
127
126
126
125
125
124
124
123
123
125
126
127
126
126
127
127
126
125
125
124
124
124
124
124
124
125
125
126
126
127
127
126
125
125
126
125
125
125
125
125
125
126
125
125
125
125
125
125
125
125
125
125
125
125
127
123
125
125
126
126
126
126
126
126
126
125
125
125
126
126
125
126
126
125
125
125
126
126
126
125
125
125
125
125
123
125
126
126
126
127
126
126
126
126
125
125
125
126
126
126
126
126
127
127
126
126
125
125
125
125
125
125
125
126
126
126
125
125
126
126
126
124
125
126
126
126
126
127
126
126
126
126
126
126
126
126
125
125
126
126
125
125
125
125
126
125
126
126
126
125
125
125
126
125
125
125
126
126
126
126
126
126
126
126
125
125
125
125
126
125
125
126
127
126
125
126
127
126
125
126
125
125
124
126
126
125
125
126
127
126
125
125
126
126
125
125
126
126
126
125
125
125
126
126
125
125
126
126
126
125
125
125
125
126
126
126
125
125
127
126
125
125
126
126
125
125
125
125
125
125
126
126
124
124
127
127
125
125
126
126
125
126
127
125
125
126
125
125
127
126
125
125
126
125
126
126
127
127
126
125
123
124
126
127
127
125
125
125
126
127
127
125
125
126
125
125
125
125
125
125
125
125
125
125
125
126
126
126
125
125
126
126
126
126
126
126
125
125
125
125
125
125
125
125
125
125
125
128
126
125
125
125
124
124
125
125
125
125
125
125
125
125
125
126
126
126
125
126
126
126
126
125
125
125
125
125
125
125
125
125
125
125
125
125
125
125
125
125
125
125
125
125
125
125
125
126
125
125
125
125
125
125
125
125
125
125
125
125
125
125
125
125
125
125
126
126
125
125
125
125
125
125
125
129
121
124
125
126
125
127
126
126
126
126
125
125
125
125
126
125
125
125
126
126
125
125
125
125
125
126
126
126
126
126
126
126
126
126
126
126
123
121
125
126
126
127
128
127
127
127
126
125
126
126
126
126
126
126
126
126
125
126
126
126
126
126
126
126
126
126
122
124
125
126
125
126
126
127
126
126
126
126
126
126
125
126
126
126
126
126
126
125
126
126
126
125
125
126
125
125
125
125
125
126
126
125
125
126
126
125
126
125
125
125
125
126
126
125
125
126
126
126
125
125
126
126
126
125
125
126
126
125
126
125
126
125
126
126
125
125
126
125
125
126
125
125
125
126
126
125
125
126
126
126
126
126
126
126
125
125
126
127
126
125
126
125
125
125
126
125
126
126
125
126
126
126
125
125
125
126
125
126
126
126
125
126
126
126
126
126
125
125
126
126
126
125
125
126
126
126
126
125
126
126
126
125
126
126
125
126
125
125
126
126
126
126
126
126
128
128
126
125
126
124
124
125
125
125
125
125
126
125
125
126
126
125
126
125
126
126
126
126
126
125
126
124
126
126
126
125
125
125
125
125
125
125
125
125
126
133
124
123
124
128
129
127
126
126
124
124
124
124
124
125
125
126
126
126
126
125
125
125
126
126
125
125
126
126
126
126
126
126
126
126
126
126
126
126
126
126
126
125
126
126
126
126
125
126
125
126
126
125
125
126
126
125
125
126
126
126
125
125
125
126
126
126
120
123
125
126
125
127
127
126
128
127
126
126
126
126
126
125
125
126
126
126
127
126
126
125
124
124
126
126
126
123
124
126
127
125
124
124
125
126
126
127
126
125
125
124
125
126
126
126
125
125
126
125
124
124
125
126
126
126
125
125
126
127
126
125
125
126
127
125
123
124
125
126
126
125
126
126
126
125
126
126
126
125
124
124
125
126
126
124
125
126
126
126
126
126
127
126
126
125
125
125
125
124
125
127
129
126
125
124
125
125
125
125
124
125
126
125
125
125
126
127
127
127
125
125
126
126
126
126
126
125
125
124
125
125
125
127
126
125
125
125
125
125
126
125
125
125
125
127
130
132
126
124
126
123
122
124
124
123
124
125
126
125
124
125
125
125
126
125
125
125
125
126
125
127
127
126
125
126
126
126
125
124
126
126
125
124
124
126
126
126
125
125
125
126
126
125
126
126
125
125
125
126
126
125
125
125
125
125
126
125
125
126
126
125
124
126
125
125
125
124
124
125
126
126
126
125
126
126
125
125
125
125
125
125
125
125
125
127
125
125
126
126
126
126
125
126
126
124
125
125
125
126
124
125
126
126
126
125
126
58
125
125
125
125
125
125
126
126
126
126
125
125
125
126
126
126
125
125
125
126
125
125
125
125
125
125
125
125
125
125
126
126
126
126
125
125
125
125
125
125
126
126
126
125
125
125
126
126
126
125
125
126
125
125
126
125
125
125
125
125
126
126
125
125
126
125
126
126
125
125
125
125
125
125
125
125
125
126
125
126
125
126
125
126
126
125
126
126
125
125
125
125
125
126
125
125
125
125
125
125
125
125
125
126
125
125
126
125
125
125
126
125
126
125
125
125
125
125
125
125
125
125
125
125
125
125
125
125
125
125
125
125
125
125
125
125
125
125
125
125
125
125
125
125
125
125
125
125
125
125
125
126
125
125
125
126
125
126
125
125
125
125
125
125
125
125
125
125
125
125
125
125
125
125
125
125
125
125
125
125
125
125
125
125
125
125
125
125
125
125
125
125
125
125
125
125
125
125
125
125
125
125
125
125
125
125
125
125
125
125
125
125
125
125
125
125
125
125
125
125
125
125
125
126
126
125
126
126
125
126
126
125
125
125
126
125
126
126
126
125
126
126
126
126
126
126
126
125
126
126
126
126
125
126
126
126
126
126
126
126
126
126
126
126
125
126
125
126
126
125
126
125
125
126
126
126
125
126
126
126
126
125
125
126
126
126
126
126
125
125
125
125
126
126
126
126
126
125
126
125
125
125
125
125
125
125
125
126
125
126
125
125
125
125
125
125
125
125
125
125
125
125
125
125
125
125
125
126
126
126
125
125
125
125
125
125
125
125
125
125
125
125
125
125
125
125
125
125
125
125
126
125
125
127
