122
124
127
128
125
123
91
125
125
125
125
125
125
126
125
125
125
126
125
126
126
125
126
125
126
126
126
125
126
126
126
126
125
126
125
125
126
125
125
126
125
125
126
125
126
125
125
126
125
125
125
125
125
125
125
126
125
126
126
126
126
126
125
126
126
126
125
126
126
125
125
126
126
125
125
126
125
125
126
126
125
125
126
126
125
126
126
125
125
126
125
125
126
125
125
125
125
125
125
125
125
126
126
126
125
125
125
125
126
125
125
125
125
126
125
125
126
125
125
125
125
125
125
125
125
125
125
125
125
125
125
125
125
125
126
125
125
125
125
125
125
125
125
125
125
125
125
125
125
125
125
126
125
125
125
125
125
125
125
125
125
125
125
125
125
125
125
125
125
125
125
126
126
125
125
125
125
125
125
125
125
126
125
125
126
125
125
126
125
125
126
125
125
125
125
125
125
125
125
125
125
125
125
125
125
125
125
125
125
125
125
125
125
125
125
125
125
125
125
125
125
125
125
125
125
125
125
125
126
126
125
125
125
125
125
125
125
125
125
125
125
125
125
125
125
125
125
125
125
125
125
125
125
125
125
125
125
125
125
125
125
125
125
125
125
125
125
125
125
125
125
125
125
125
125
125
125
125
125
125
125
125
125
125
125
125
125
125
125
125
125
125
125
125
125
125
125
125
125
125
125
125
125
125
125
125
125
125
125
125
125
126
126
125
125
126
125
125
126
125
126
126
126
126
125
126
125
125
126
125
125
126
125
125
126
126
125
125
126
126
125
126
125
125
126
125
125
125
125
126
125
125
125
126
125
125
125
125
126
125
125
125
125
125
125
125
125
126
125
125
125
125
125
125
125
126
125
125
125
125
125
125
125
125
125
125
125
125
125
125
125
125
125
125
125
125
125
125
125
125
125
125
125
125
125
125
125
125
125
125
125
125
125
125
125
125
125
125
125
125
125
125
125
125
125
125
125
125
125
125
125
125
125
125
126
125
125
125
125
125
125
125
125
125
125
125
125
125
125
125
125
125
125
125
125
125
125
125
125
125
125
125
125
125
125
125
125
125
125
125
125
125
125
125
125
125
125
125
125
125
125
125
125
125
125
125
125
125
125
125
125
125
125
125
125
125
125
125
125
125
125
125
125
125
125
125
125
125
125
125
125
125
125
125
126
125
125
125
125
125
125
126
126
125
125
125
125
125
125
125
125
125
125
125
125
125
125
125
125
125
125
125
125
125
125
125
125
125
125
125
125
125
125
125
125
125
125
125
125
125
125
125
125
125
125
125
125
125
125
125
125
125
125
125
125
125
125
125
125
125
125
125
125
125
125
125
125
125
125
125
125
125
125
125
125
125
125
125
126
124
125
125
125
126
126
126
126
126
125
125
126
126
125
125
126
126
126
126
125
125
126
125
125
125
126
125
125
125
126
126
125
125
126
126
125
125
125
125
126
126
126
125
125
125
126
126
126
125
126
126
126
125
126
126
126
125
125
126
126
125
126
125
125
125
126
124
125
125
126
126
126
126
126
126
126
126
126
125
125
125
125
125
126
125
125
125
125
126
125
125
125
125
125
125
126
125
126
125
125
126
125
125
125
125
125
126
126
126
126
125
125
125
126
125
125
125
125
126
125
125
125
125
125
125
126
125
125
125
125
126
126
125
125
125
126
126
125
126
125
125
125
125
126
125
125
125
125
125
125
125
126
125
125
125
125
125
126
126
125
125
125
125
125
125
125
125
125
125
125
125
125
125
125
125
125
126
125
125
125
126
125
126
125
125
125
125
125
125
125
125
126
125
125
125
125
125
126
125
125
126
125
125
125
125
125
125
125
125
125
125
126
125
125
126
126
126
125
125
125
125
125
125
125
125
125
125
125
125
125
126
125
125
125
125
125
125
126
125
125
125
125
125
125
125
125
125
125
125
125
125
126
125
125
125
125
125
125
125
126
125
125
125
126
125
125
125
125
125
125
126
125
125
125
126
125
125
125
125
125
125
126
125
125
125
126
126
125
125
125
125
126
124
125
125
126
126
126
125
126
126
126
126
125
125
125
126
126
126
126
126
125
125
125
126
125
125
125
126
126
125
125
126
126
125
126
126
125
125
126
126
125
125
127
126
125
126
126
125
125
126
126
125
124
126
126
125
125
126
126
125
125
126
126
125
125
126
126
124
124
126
126
124
126
126
127
126
126
126
126
125
126
126
126
125
126
126
125
125
125
126
126
125
125
126
126
125
125
126
126
125
125
126
126
125
125
126
126
125
125
126
126
125
124
126
126
125
126
126
126
125
125
125
126
125
125
126
126
126
125
125
126
125
125
126
125
125
125
125
126
126
125
125
125
125
125
125
126
126
125
125
125
126
125
125
125
126
126
125
125
125
125
125
125
125
126
125
125
125
125
126
126
125
126
125
125
125
126
127
126
124
123
126
127
126
125
125
125
125
125
125
125
126
125
125
125
125
126
125
126
125
125
125
125
125
125
125
125
125
125
126
125
125
125
125
125
127
127
125
125
125
124
124
124
125
125
125
125
125
125
125
125
125
125
125
125
126
126
126
125
125
125
125
125
125
126
125
125
125
127
129
129
125
121
122
127
129
126
122
122
124
126
125
123
123
124
125
125
125
126
126
126
126
126
125
126
126
126
126
126
126
126
124
122
124
125
126
126
127
127
126
122
122
128
128
117
122
122
123
127
129
128
126
125
125
126
127
126
126
127
127
127
126
126
125
125
125
125
125
125
125
125
125
125
125
125
126
125
125
125
127
127
127
127
127
126
126
126
126
126
125
125
125
125
124
125
125
125
125
125
125
125
125
125
127
128
128
126
125
125
123
121
125
126
125
125
126
126
126
126
126
127
127
126
126
126
126
126
125
126
126
126
126
125
124
123
124
125
126
126
125
125
125
125
126
126
126
126
126
126
125
124
125
126
124
123
123
124
125
125
124
124
124
122
122
125
134
137
129
121
123
130
131
129
127
126
123
120
120
123
125
123
118
120
128
133
128
123
124
125
125
125
125
124
124
122
122
129
132
126
125
129
131
130
120
110
122
139
131
119
124
131
128
123
123
127
127
121
121
126
129
130
128
124
122
123
125
123
121
130
134
125
120
124
127
129
130
127
120
120
127
129
126
126
123
120
124
128
125
122
125
130
129
121
118
126
133
128
120
127
128
129
127
125
122
123
125
121
117
123
132
134
127
121
125
128
127
126
129
129
122
117
125
137
136
116
99
108
122
123
124
132
130
120
120
132
140
143
140
133
129
137
145
133
98
83
111
143
137
105
97
118
133
133
129
128
128
128
138
127
119
122
130
125
117
125
135
130
119
118
119
122
124
122
122
129
136
132
124
123
125
125
124
124
123
123
124
127
129
127
126
126
126
128
129
125
122
123
127
127
125
124
126
125
126
129
128
124
121
123
125
124
125
124
121
121
126
131
127
114
117
141
148
125
104
116
128
114
115
136
153
148
130
111
106
111
124
135
129
119
123
124
116
127
137
127
114
118
135
146
142
126
112
115
127
133
127
119
116
121
129
131
127
117
115
123
133
137
133
124
119
116
122
128
128
126
122
123
130
132
136
132
120
114
126
135
127
115
117
127
129
128
126
122
119
124
129
126
124
127
130
128
122
120
120
130
130
128
124
123
121
126
129
127
126
130
131
128
122
119
122
127
130
127
120
117
121
129
130
121
116
125
135
132
112
76
129
140
148
128
116
115
123
132
136
134
125
120
121
127
129
127
124
127
129
128
123
120
124
128
128
123
120
125
133
132
124
120
123
127
128
127
126
128
129
128
121
119
125
129
127
122
123
128
130
129
127
128
130
128
122
123
126
128
125
125
126
92
125
125
125
126
125
126
126
126
125
126
126
125
126
125
126
125
126
125
125
126
125
126
125
126
125
125
125
126
126
125
125
126
125
125
126
126
125
125
126
125
126
126
125
125
125
126
125
125
125
126
125
125
125
125
126
126
125
125
125
125
125
125
125
125
125
125
125
125
125
125
125
125
125
126
126
125
126
125
125
125
125
125
125
125
125
125
125
125
125
125
125
125
125
125
125
125
125
125
125
125
125
125
125
125
125
125
125
125
125
125
125
125
125
125
126
125
125
125
125
125
125
125
125
125
125
125
125
125
125
125
125
125
125
125
125
125
125
125
125
125
125
125
125
125
125
125
125
125
125
125
125
125
125
125
125
125
125
125
125
125
125
125
125
125
125
125
125
125
125
125
125
125
125
125
125
125
125
125
125
125
125
125
125
125
125
125
125
125
125
125
125
125
125
125
125
125
125
125
125
125
125
125
125
125
125
125
125
125
125
125
125
125
125
125
125
125
125
125
126
125
125
125
125
125
125
125
125
125
125
125
125
125
125
125
125
125
125
125
125
125
125
125
125
125
125
125
125
125
125
125
125
125
125
125
125
125
125
125
125
125
125
125
125
125
125
125
125
125
125
125
125
125
125
125
125
125
125
125
125
125
125
125
125
125
125
125
125
125
125
125
125
125
125
126
125
125
125
125
125
125
125
125
126
126
125
125
126
125
125
125
125
125
126
125
125
125
125
125
125
125
125
125
125
125
126
125
125
125
125
125
125
125
125
125
125
126
125
125
125
125
125
125
125
125
125
125
125
125
125
125
125
125
125
123
