101
122
122
127
128
131
63
125
125
126
125
126
125
126
126
125
126
125
125
126
125
125
125
125
125
125
125
125
125
125
125
126
126
126
125
125
125
125
125
125
125
125
125
125
125
125
125
125
125
125
125
125
126
125
125
125
125
125
125
125
125
125
125
125
125
125
125
125
125
125
125
125
125
125
125
125
125
125
125
125
125
125
125
125
125
125
125
125
125
125
125
125
125
125
125
125
125
125
126
125
125
125
125
125
125
125
125
125
125
125
125
125
125
125
125
125
125
125
125
125
125
125
125
125
125
125
125
125
125
125
125
125
125
125
125
125
125
125
125
125
125
125
125
125
125
125
125
125
125
125
125
125
125
125
125
125
125
125
125
125
125
125
125
125
125
125
125
125
125
125
125
125
125
125
125
125
125
125
125
125
125
125
125
125
125
125
125
125
125
125
125
125
125
125
125
125
125
125
125
125
125
125
125
125
125
125
125
125
125
125
125
125
125
125
125
125
125
125
125
125
125
125
125
125
125
125
125
125
125
125
125
125
125
125
125
125
125
125
125
125
125
125
125
125
125
125
125
125
125
125
125
125
125
125
125
125
126
125
125
125
125
125
125
125
125
125
125
125
125
125
125
125
125
125
125
125
125
125
125
125
125
125
125
125
125
126
125
125
125
125
125
125
125
125
125
125
125
125
125
125
125
125
125
125
125
125
125
125
125
125
125
125
125
125
125
125
125
125
125
125
125
125
125
125
125
125
125
125
125
125
125
125
125
125
125
125
125
125
125
125
125
125
125
125
125
125
125
125
125
125
125
125
125
125
125
125
125
125
125
125
125
125
125
125
125
125
125
125
125
125
125
125
125
125
125
125
125
125
125
125
125
125
125
125
125
125
125
125
125
125
125
125
125
125
125
125
125
125
125
125
125
125
125
125
125
125
125
125
125
125
125
125
125
125
125
125
125
125
125
125
125
125
125
125
125
125
125
125
125
125
125
125
125
125
125
125
125
125
125
125
125
125
125
125
125
125
125
125
125
125
125
125
125
125
125
125
125
125
125
125
125
125
125
125
125
125
125
125
125
125
125
125
125
125
125
125
125
125
125
125
125
125
125
125
125
125
125
125
125
125
125
125
125
125
125
125
125
125
125
125
125
125
125
125
125
125
125
125
125
126
125
125
125
125
126
125
125
125
125
125
126
126
125
125
125
125
125
125
125
125
125
125
125
125
125
125
125
126
126
127
125
126
125
126
125
124
123
124
124
124
124
125
126
126
125
126
128
128
126
125
125
126
126
125
123
121
123
125
125
124
123
125
127
128
126
124
124
125
126
126
124
123
124
126
127
126
126
126
126
125
124
125
126
126
127
125
122
123
126
128
131
131
126
122
122
112
105
124
153
144
114
112
128
128
124
126
129
125
118
117
131
141
131
111
107
123
146
155
127
84
88
142
167
143
113
100
100
131
176
153
74
81
159
162
111
117
134
106
111
142
137
119
119
115
116
134
147
145
136
118
98
99
124
145
139
116
113
128
138
133
123
122
120
131
125
122
122
128
129
125
124
119
118
123
133
135
127
120
117
119
129
131
129
127
124
123
125
124
122
131
139
132
118
118
120
122
131
137
125
107
108
128
148
148
127
109
110
126
139
135
119
110
113
122
132
140
138
129
123
123
126
128
125
121
120
120
122
127
132
134
130
123
118
118
123
130
132
129
125
125
128
129
124
118
116
122
129
133
131
127
123
120
125
129
129
126
125
125
125
125
124
124
124
126
127
127
127
127
126
125
125
125
125
126
126
125
126
126
126
125
125
125
125
125
126
125
125
126
126
126
125
125
125
126
126
126
126
125
125
124
125
125
125
125
125
125
125
126
126
126
125
125
125
125
125
125
125
126
126
126
125
124
126
126
126
126
126
125
125
126
126
126
126
125
126
127
126
125
125
126
126
125
125
125
126
127
126
124
124
125
127
126
125
124
125
126
127
126
124
125
127
127
124
124
125
126
126
126
125
125
126
126
126
125
126
126
125
125
125
125
125
126
127
126
125
124
125
127
128
126
124
125
126
126
125
125
124
124
126
128
127
127
125
125
126
126
125
124
125
125
125
124
125
127
127
125
123
123
128
127
125
122
123
125
126
126
126
126
125
125
125
125
126
126
125
124
124
126
127
125
124
124
125
126
126
126
125
125
125
126
126
127
127
126
125
124
124
124
125
126
126
125
125
125
125
125
125
125
125
125
126
126
126
125
124
124
126
126
125
124
124
126
127
126
125
125
126
125
124
125
126
126
124
124
125
127
127
125
123
124
125
125
124
124
126
126
125
124
125
126
126
125
125
125
126
126
126
125
125
125
124
125
127
128
126
123
124
126
125
124
122
123
124
125
127
127
126
125
127
127
125
126
125
125
125
124
125
125
125
125
124
124
125
127
126
125
126
126
125
124
125
125
125
125
127
127
124
123
126
128
125
121
121
126
127
127
126
124
123
125
126
127
126
124
124
126
127
125
124
126
128
127
124
121
124
129
128
124
121
122
127
129
127
124
122
123
124
127
128
126
123
124
126
127
127
126
124
123
125
126
126
124
123
124
126
127
127
125
123
124
127
127
124
123
125
127
127
125
125
124
124
126
127
126
124
123
125
126
127
127
124
124
125
126
126
124
123
125
127
127
126
124
124
125
126
127
126
125
126
127
126
124
123
124
125
126
126
126
125
124
125
125
125
126
126
125
124
125
126
126
125
124
124
125
125
124
125
126
126
126
126
125
125
126
126
125
125
125
125
125
125
127
126
124
124
126
127
125
125
125
125
126
126
126
125
125
126
126
125
125
125
125
126
125
125
125
125
126
125
125
125
126
125
125
125
125
125
125
126
126
125
126
125
124
125
125
125
126
126
126
125
125
125
126
126
125
125
125
126
125
125
125
125
126
125
124
124
126
126
125
125
125
127
126
125
125
125
126
126
125
125
126
130
126
125
125
124
124
125
124
124
124
124
125
125
125
125
125
125
126
125
125
126
125
124
125
126
126
126
125
125
126
123
122
124
126
126
127
127
126
125
126
125
126
126
126
126
125
125
126
126
125
125
126
125
126
126
125
125
125
126
126
125
125
124
125
126
125
125
125
126
126
126
125
125
125
124
125
125
125
126
126
126
125
125
126
126
125
125
125
125
125
125
126
126
126
125
125
125
126
125
125
126
125
125
126
125
126
125
125
125
125
125
125
125
126
125
125
126
125
125
125
126
126
125
125
125
125
126
126
126
125
126
125
125
126
126
125
126
126
125
125
125
125
125
125
126
126
126
127
125
124
124
125
125
125
124
125
124
125
126
126
126
125
125
126
125
126
125
126
125
125
125
126
125
124
125
125
125
126
125
125
126
126
125
125
125
125
125
125
125
124
125
125
126
125
126
126
125
124
125
126
126
126
126
126
125
125
125
126
126
125
124
126
126
124
124
125
125
126
127
125
124
125
126
126
125
125
124
125
126
128
125
124
125
125
125
126
125
125
125
125
126
126
125
126
126
126
124
123
125
127
130
130
123
122
126
126
123
122
122
123
126
125
125
124
124
126
126
126
126
124
125
125
126
128
126
125
125
125
125
126
126
117
123
124
127
127
128
126
126
127
126
125
126
126
125
126
126
126
123
124
124
125
125
126
126
126
125
125
125
126
126
127
126
126
125
125
126
125
125
125
125
125
125
124
125
125
125
125
125
126
126
125
125
125
125
125
125
125
125
125
125
124
124
125
126
126
125
126
124
125
126
124
124
126
125
124
125
126
125
124
125
126
125
125
125
125
125
126
125
126
125
125
125
125
126
125
125
125
126
125
125
126
126
126
124
126
125
125
126
126
125
125
125
126
64
125
125
125
125
125
125
125
125
125
125
125
125
125
125
125
125
125
125
125
125
125
125
125
125
125
125
125
125
125
125
125
125
125
125
125
125
125
125
125
125
125
125
125
125
125
125
125
125
125
125
125
125
125
125
125
125
125
125
125
125
125
125
125
125
125
125
125
125
125
125
125
125
125
125
125
125
125
125
125
125
125
125
125
125
125
125
125
125
125
125
125
125
125
125
125
125
125
125
125
125
125
125
125
125
125
125
125
125
125
125
125
125
125
125
125
125
125
125
125
125
125
125
125
125
125
125
125
125
125
125
125
125
125
125
125
125
125
125
125
125
125
125
125
125
125
125
125
125
125
125
125
125
125
125
125
125
125
125
125
125
125
125
125
125
125
125
125
125
125
125
125
125
125
125
125
125
125
125
125
125
126
125
125
125
125
125
125
125
125
125
125
125
125
125
125
125
125
125
125
125
125
125
125
125
125
125
125
125
125
125
125
125
125
125
125
125
125
125
125
125
125
125
125
125
125
125
125
125
125
125
125
125
125
125
125
125
125
125
125
125
125
125
125
125
125
125
125
125
125
125
125
125
125
125
125
125
125
125
125
125
125
125
125
125
125
125
125
125
125
125
125
125
125
125
125
125
125
125
125
125
125
125
125
125
125
125
125
125
125
125
125
125
125
125
125
125
125
126
126
125
125
125
125
125
125
125
125
125
125
125
125
125
125
125
125
125
125
125
125
125
125
125
125
125
125
125
125
125
125
125
125
125
125
125
125
125
125
125
125
125
125
125
125
125
125
125
125
125
125
125
125
125
125
124
