126
127
127
125
124
124
45
126
125
125
125
126
125
125
125
125
125
125
125
125
126
125
125
125
126
125
126
125
125
126
125
126
125
125
125
125
125
125
125
125
125
125
125
126
125
125
125
125
126
126
125
125
125
125
125
125
126
125
125
125
125
125
125
125
125
125
125
125
125
125
125
125
125
125
126
126
125
125
125
125
125
125
125
125
125
125
125
125
125
125
125
125
125
125
125
125
125
125
125
125
125
125
125
125
125
125
125
125
125
125
125
125
125
125
125
125
125
125
125
125
125
125
125
125
125
125
125
125
125
125
125
126
125
125
125
125
125
125
125
125
125
125
125
125
125
125
125
125
125
125
125
125
125
125
125
125
125
125
125
125
125
125
125
125
125
125
125
125
125
125
125
125
125
125
125
125
125
125
125
125
125
125
125
125
125
125
125
125
125
125
125
125
125
125
125
125
125
125
125
126
125
125
125
125
125
125
125
125
125
125
125
125
125
125
125
125
125
125
125
125
125
125
125
125
125
125
125
125
125
125
125
125
125
125
125
125
125
125
125
125
125
125
125
125
125
125
125
125
125
125
125
125
125
125
125
125
125
125
125
125
125
125
125
125
125
125
125
125
125
125
125
125
125
125
125
125
125
125
125
125
125
125
125
125
125
125
125
125
125
125
125
125
125
125
125
125
125
125
125
125
125
125
125
125
125
125
125
125
125
125
125
125
125
125
125
125
125
125
125
125
125
125
125
125
125
125
125
125
125
125
125
125
125
125
125
125
125
125
125
125
125
125
125
125
125
125
125
125
125
125
125
125
125
125
125
125
125
125
125
125
125
125
125
125
125
125
125
125
125
125
125
125
125
125
125
125
125
125
125
125
125
125
125
125
125
125
125
125
125
125
125
125
125
125
126
126
125
125
125
126
126
125
125
125
125
125
126
125
125
125
125
125
125
126
126
126
124
124
125
126
125
125
125
126
126
125
125
125
126
127
127
126
126
126
126
126
125
125
125
126
125
125
125
125
126
126
125
125
125
126
126
126
125
125
126
126
126
126
126
126
125
125
125
126
126
126
126
125
125
125
125
125
125
126
127
127
126
124
123
124
125
127
126
125
125
126
125
125
126
127
127
126
125
126
126
125
124
123
123
125
128
129
127
126
125
122
120
123
128
129
126
125
127
128
127
126
125
123
122
121
122
125
129
128
127
127
128
125
124
124
124
125
128
129
125
120
116
120
132
143
135
118
111
117
138
148
124
98
106
132
148
141
115
103
131
157
134
96
95
122
143
154
143
105
85
123
172
154
94
76
115
156
159
136
117
105
103
118
141
149
136
114
108
126
145
137
113
107
127
138
121
105
119
140
144
144
141
117
88
94
132
155
140
118
112
120
129
132
129
127
130
129
122
118
122
128
128
125
126
128
126
120
121
129
132
127
122
122
124
128
132
131
123
112
110
125
141
139
124
120
126
132
128
121
117
120
128
131
126
120
120
127
134
133
124
117
120
129
133
127
116
116
127
133
127
121
121
126
128
128
128
127
123
119
122
130
135
131
122
115
117
128
137
133
124
117
114
120
137
140
122
113
124
128
120
123
132
128
121
122
122
123
128
131
133
131
125
120
122
127
123
118
124
133
133
123
116
123
133
132
124
119
120
124
127
128
126
123
122
124
127
129
128
127
127
125
123
123
127
129
125
122
123
125
125
126
128
129
129
125
122
122
124
125
124
125
127
128
127
124
122
123
125
128
128
126
125
125
126
126
126
125
124
125
126
127
126
126
125
125
125
125
123
125
126
126
126
125
125
126
126
126
125
126
126
125
125
125
125
124
125
126
127
127
126
125
126
126
125
123
123
125
125
125
125
126
126
126
125
124
124
125
126
126
126
126
125
125
125
126
126
125
125
125
125
125
125
125
125
125
125
124
125
125
126
126
126
126
126
125
125
125
125
125
125
125
126
126
126
126
126
125
125
125
125
125
125
125
125
125
125
125
125
126
126
125
125
125
125
125
125
125
125
125
125
125
125
125
125
125
125
125
125
125
126
126
126
126
126
125
124
125
126
125
123
122
124
127
129
129
128
126
128
128
122
116
121
126
123
121
126
130
129
128
127
126
124
121
120
125
129
126
125
127
127
123
123
126
127
125
124
124
125
126
125
123
123
123
125
127
127
126
125
126
127
125
125
126
126
126
126
125
123
124
125
125
124
125
125
126
128
124
122
125
129
125
121
124
128
126
126
129
129
124
123
126
127
126
124
123
122
122
123
124
124
125
127
127
126
125
124
125
127
128
126
124
125
125
125
125
125
125
125
125
126
126
126
126
125
124
126
127
126
125
124
125
124
124
125
126
126
125
125
125
126
125
125
125
125
125
127
123
125
126
125
125
126
126
126
126
125
125
125
126
125
126
126
126
125
125
125
125
125
125
125
125
125
125
125
125
125
126
126
126
126
125
125
125
125
120
124
125
126
126
127
128
128
128
127
126
126
125
125
125
125
125
125
125
125
125
125
126
126
126
127
127
125
122
126
125
125
126
126
125
125
126
126
126
126
127
126
126
126
126
125
125
125
125
125
125
125
126
125
126
126
126
126
126
126
126
125
125
125
125
125
125
125
124
125
126
126
126
125
125
126
126
125
125
126
125
126
126
126
126
126
126
126
126
126
126
125
125
126
126
125
125
124
125
125
125
125
125
125
126
126
126
126
126
126
126
126
126
125
125
125
125
125
125
126
126
126
126
126
126
125
125
125
125
125
126
126
125
125
125
126
126
126
126
126
126
126
126
126
125
125
125
125
125
126
125
125
125
126
125
126
126
125
125
125
126
126
126
125
125
125
126
126
126
126
126
125
126
125
126
125
128
127
126
125
125
124
124
125
124
125
125
125
125
125
125
126
126
126
126
125
125
126
126
126
126
125
125
126
126
126
125
125
125
125
126
125
125
125
125
126
126
125
125
125
126
126
125
129
128
125
125
125
124
124
125
125
125
125
125
125
125
125
126
126
126
126
125
126
126
125
126
125
125
125
125
125
125
125
126
125
125
125
125
126
126
125
125
125
125
125
125
125
126
125
125
126
126
126
125
125
126
125
125
125
125
125
125
125
125
126
126
119
125
125
126
127
127
127
125
125
125
125
126
125
125
126
126
126
126
125
125
125
124
125
126
126
126
125
125
127
127
127
126
125
126
126
126
126
125
125
124
125
125
126
125
125
125
125
127
127
126
127
126
126
126
126
125
125
124
126
125
126
126
126
126
127
125
119
125
125
125
126
127
126
126
126
126
125
126
126
126
126
125
126
126
125
125
125
124
125
125
125
125
124
125
125
125
126
126
125
125
125
125
126
125
125
125
125
126
126
126
126
126
126
126
125
125
125
125
125
126
125
126
126
125
125
125
125
125
125
125
125
125
126
125
126
126
126
125
126
126
125
125
125
126
125
125
125
125
125
125
125
125
125
125
125
125
126
125
125
126
126
125
125
125
126
123
123
126
123
126
126
125
126
126
128
127
127
126
126
126
125
125
125
124
125
126
125
125
126
126
126
125
125
126
125
125
125
126
125
125
125
126
125
125
125
124
125
126
125
125
125
125
126
126
133
127
125
125
125
123
123
124
124
124
124
125
124
125
126
127
125
123
124
127
128
126
124
123
123
127
129
126
122
122
128
131
128
124
121
122
126
129
128
129
94
109
127
129
128
129
130
131
128
125
126
125
123
124
129
126
121
124
129
126
123
127
130
130
129
126
124
127
130
128
121
119
125
131
129
122
122
133
132
122
123
129
127
123
125
131
128
118
118
124
129
125
125
125
128
128
127
129
123
121
127
130
126
121
121
126
125
122
124
117
120
129
137
133
124
120
46
125
126
126
126
126
126
125
126
126
126
126
126
126
126
126
126
125
126
126
125
125
126
125
125
126
126
126
126
126
125
126
126
126
126
125
125
125
126
125
126
126
126
125
126
126
126
126
125
126
126
126
125
126
126
126
125
125
125
125
125
125
125
126
125
125
126
126
126
125
125
125
126
126
126
126
126
126
125
125
125
125
125
125
125
125
125
125
125
125
125
125
125
125
125
125
125
125
125
125
125
125
125
126
125
125
125
125
125
125
125
125
125
125
126
125
125
126
125
125
125
125
125
125
125
125
125
125
125
125
125
125
125
125
125
125
125
125
125
126
125
125
125
125
125
125
125
125
125
125
125
125
125
125
125
125
125
125
125
125
125
125
125
125
125
125
125
125
125
125
125
125
125
125
125
125
125
125
125
125
125
125
125
125
125
125
125
125
125
125
125
125
125
125
125
125
125
125
125
125
125
125
126
125
125
125
125
125
125
125
125
126
125
125
125
125
125
125
125
125
125
125
125
125
125
125
125
125
125
125
125
125
125
126
125
125
125
125
125
125
125
125
125
125
125
125
125
125
125
125
125
125
126
125
125
125
125
125
126
125
125
125
125
125
125
125
125
125
126
125
125
125
125
125
125
126
125
125
126
125
125
125
125
125
126
125
125
125
125
125
125
125
125
125
125
125
125
125
125
125
125
125
125
125
125
125
125
125
125
125
125
125
125
125
125
125
125
125
125
125
125
125
125
125
125
125
125
125
125
125
125
125
125
125
125
125
125
125
125
125
125
125
125
125
125
125
125
125
125
125
125
125
125
125
122
