127
125
127
128
125
125
79
126
126
126
126
126
126
126
126
126
126
126
126
126
126
126
126
126
126
126
126
126
126
126
126
126
126
126
126
126
126
126
126
126
126
126
126
126
126
126
126
126
126
126
126
126
126
126
126
126
126
126
126
126
126
126
126
126
126
126
126
126
126
126
126
126
125
126
126
126
126
126
126
126
126
126
126
125
126
126
126
126
126
125
126
126
126
126
126
126
126
125
126
126
125
126
126
125
125
126
125
126
126
126
126
126
125
126
126
126
125
126
126
125
126
126
126
126
126
126
126
126
125
126
125
126
126
126
126
126
126
126
126
125
125
125
125
125
125
126
126
125
126
126
126
126
125
125
125
125
126
126
126
125
126
125
126
126
126
126
126
126
126
126
126
126
125
125
126
125
125
125
125
125
126
126
126
126
126
126
126
126
126
125
125
126
126
126
126
126
126
126
126
126
126
125
125
125
126
126
126
126
125
126
126
126
126
125
125
126
126
126
126
125
126
126
126
126
126
126
126
125
125
125
125
125
125
125
125
125
125
125
125
125
125
126
125
125
125
125
125
126
125
125
125
125
125
125
125
125
125
126
125
125
125
125
126
125
125
125
125
125
125
126
125
125
126
125
126
125
125
125
126
125
125
125
125
125
125
125
125
126
125
126
125
125
126
125
125
125
125
125
125
125
125
125
125
125
125
126
125
125
126
125
125
125
125
125
125
125
125
126
125
125
125
125
125
126
125
125
125
125
125
125
125
125
126
125
125
125
125
125
125
125
125
125
125
125
125
125
125
126
125
125
125
125
125
126
125
125
125
125
125
125
125
125
125
125
125
125
125
125
125
125
125
125
125
125
125
125
125
125
125
125
125
126
126
125
125
125
125
125
125
125
125
125
125
125
126
126
125
125
125
125
126
125
125
125
125
125
126
125
125
125
125
125
125
125
125
124
125
125
126
126
126
126
126
126
126
125
125
125
125
125
125
125
125
125
126
125
125
125
125
125
125
125
125
125
125
125
125
125
125
125
125
125
125
125
125
125
125
125
125
125
125
125
125
125
125
125
125
125
125
125
125
125
125
125
125
125
125
125
125
125
125
125
125
125
125
125
125
125
125
125
125
125
125
125
125
125
125
125
125
125
125
125
125
125
125
125
125
125
125
125
125
125
125
125
125
125
125
125
125
125
125
125
125
125
125
125
125
125
125
125
125
125
125
125
125
125
125
125
125
125
125
125
125
125
125
125
125
125
125
125
125
125
125
125
126
125
125
125
125
125
125
125
125
125
125
125
125
125
125
125
125
125
125
125
125
125
125
125
125
125
125
125
125
125
125
125
125
125
125
125
126
126
126
126
126
125
125
127
127
126
125
123
118
116
122
131
136
133
132
129
119
114
124
134
124
119
131
130
124
124
137
110
77
135
213
152
17
83
208
177
42
104
222
146
28
100
183
162
103
100
100
115
174
176
118
64
95
152
160
120
105
118
128
133
136
123
110
121
138
133
123
122
126
127
126
119
114
120
130
136
134
129
125
119
118
123
130
132
131
126
117
114
121
132
135
131
123
116
118
127
136
133
123
119
123
129
128
123
120
124
128
129
128
125
123
123
126
126
126
125
124
125
127
127
125
124
125
126
125
125
124
124
125
126
127
125
124
125
127
129
127
126
124
123
124
126
126
124
124
126
129
129
125
124
126
129
127
124
124
124
126
126
125
124
124
126
128
128
127
126
126
127
126
127
127
126
125
125
125
125
126
126
125
125
125
126
126
126
126
126
126
126
126
126
126
126
125
125
125
125
125
125
126
126
126
126
126
127
127
126
126
126
126
123
124
125
126
125
126
127
127
125
126
126
126
125
125
126
126
127
126
125
126
126
125
125
126
126
126
125
125
126
126
126
126
126
126
125
125
125
125
126
125
125
125
125
126
126
126
125
125
126
127
127
125
125
125
126
126
126
125
125
126
126
126
126
125
125
125
126
127
127
125
125
126
127
126
125
125
125
125
125
125
125
125
124
124
125
127
126
124
125
126
128
128
126
125
126
126
126
125
125
125
125
126
125
125
126
126
126
126
125
125
126
125
125
125
124
126
127
126
126
126
126
126
126
126
126
126
126
125
125
126
126
126
126
124
124
125
126
126
126
124
124
126
127
126
125
125
125
126
127
127
127
125
125
126
128
125
124
124
125
126
126
125
125
125
125
126
125
125
125
125
126
125
125
126
125
125
125
125
125
125
125
126
126
126
126
125
125
126
126
126
125
126
125
125
125
126
125
125
125
125
125
125
125
126
125
125
125
126
126
126
125
125
125
125
126
126
124
125
126
127
126
126
125
126
125
126
125
126
125
125
126
126
125
125
125
125
126
126
125
125
125
125
125
125
125
125
125
126
126
126
125
124
125
126
126
125
125
125
126
125
125
126
126
126
125
124
125
126
126
126
124
124
125
126
127
126
125
125
125
125
126
125
125
126
125
124
125
126
126
126
124
124
125
126
126
126
125
126
128
127
125
124
124
126
125
125
125
126
126
125
126
126
125
124
124
125
126
127
127
126
122
121
124
126
126
126
126
125
125
126
126
129
127
127
126
124
123
124
125
125
126
126
125
125
125
124
125
126
127
126
125
126
127
126
125
124
124
124
124
125
125
124
128
129
127
125
122
121
124
126
126
126
128
127
125
124
125
128
128
125
122
123
126
128
128
127
126
124
123
123
123
125
127
128
125
124
125
126
125
125
125
124
122
123
124
126
129
129
126
124
124
126
128
127
124
123
122
120
121
125
129
129
127
125
127
129
130
128
128
127
122
122
122
122
121
117
119
125
131
130
124
122
133
137
130
121
123
127
123
118
123
130
124
117
121
127
129
129
124
122
128
131
130
130
123
118
128
130
118
122
132
125
119
127
123
116
130
134
114
120
141
125
112
138
141
107
110
139
127
111
135
143
109
102
136
145
122
120
131
124
116
128
138
127
116
124
127
116
114
132
148
139
117
112
127
132
127
130
127
114
113
129
133
118
115
132
136
120
114
123
128
128
136
145
132
111
101
114
136
144
135
122
112
113
124
135
133
129
117
107
137
128
118
119
135
143
127
111
116
126
126
127
133
131
122
123
129
127
121
123
133
138
133
122
115
118
125
127
127
130
132
132
119
116
123
134
134
125
120
126
130
125
122
126
130
126
122
124
124
122
124
130
133
127
119
115
124
134
137
135
131
116
108
122
136
130
119
123
129
127
127
121
121
117
125
135
135
129
127
125
124
129
128
121
121
128
126
120
125
133
132
126
125
126
124
124
123
118
120
130
133
124
120
127
133
133
124
111
108
127
150
144
112
99
119
141
129
110
116
139
147
136
124
115
110
121
137
134
121
121
129
130
120
114
124
136
134
124
122
128
130
127
127
126
122
120
119
120
127
133
129
123
125
129
131
128
123
121
123
126
125
127
128
124
122
126
128
127
126
128
129
126
123
122
122
125
131
130
122
115
122
129
128
124
126
130
130
126
119
117
123
134
136
124
119
124
131
131
120
112
123
137
131
121
129
134
124
121
128
125
114
113
128
150
154
128
98
91
109
140
147
130
128
133
131
127
136
134
104
90
128
156
128
103
119
134
129
129
131
117
113
131
141
128
117
122
122
121
132
134
117
110
125
134
128
122
126
132
135
134
127
116
114
122
125
125
127
129
129
125
122
122
124
128
130
133
131
123
121
124
123
124
126
123
121
127
132
126
117
118
124
124
125
135
137
125
117
120
123
126
135
133
116
111
128
141
124
110
108
123
140
141
126
120
123
131
134
129
125
124
125
124
122
123
129
132
126
124
121
113
112
130
152
147
118
98
108
129
136
132
129
128
125
78
126
126
126
126
125
126
126
125
126
126
126
126
126
126
126
125
126
126
126
126
126
126
126
126
125
125
126
126
126
126
125
126
125
126
126
126
126
126
126
125
126
126
126
125
125
126
126
125
125
125
125
126
125
126
126
126
125
126
126
126
126
126
126
126
125
126
126
126
126
126
126
126
125
126
126
126
126
126
126
126
126
126
126
126
126
126
125
125
125
125
125
125
125
126
125
125
125
125
125
125
125
125
125
125
125
125
125
125
125
126
125
126
125
125
125
126
125
125
125
125
125
125
125
125
125
125
125
125
125
125
125
126
125
125
125
125
125
126
125
125
125
125
125
125
125
125
125
125
125
125
125
125
125
125
125
126
125
125
125
125
125
125
126
125
125
125
125
125
125
125
125
125
125
125
125
125
125
125
125
125
126
125
125
125
125
125
125
125
125
125
126
125
125
125
125
125
125
125
125
125
125
125
125
125
125
125
125
126
125
125
125
125
125
125
125
125
125
125
125
125
126
125
125
125
125
125
125
125
125
126
126
125
125
125
125
125
125
125
125
125
126
125
125
125
125
125
125
125
125
125
125
125
125
125
125
125
125
125
125
125
125
125
125
125
125
125
125
125
126
125
125
125
125
125
125
125
125
125
125
125
125
125
125
125
125
125
125
125
125
125
125
125
125
125
125
125
125
125
125
125
125
125
125
125
125
125
125
125
125
125
125
125
125
125
125
125
125
125
125
125
125
125
125
125
125
125
125
125
125
125
125
125
125
126
125
125
125
125
125
125
125
125
125
125
125
125
125
125
125
125
125
125
125
130
