126
126
124
125
125
125
38
125
125
125
126
126
125
126
126
125
125
125
125
125
125
125
125
125
126
125
125
125
125
125
125
125
125
125
125
126
126
125
125
125
125
125
125
126
125
126
125
125
125
125
126
125
125
125
125
125
126
125
125
125
125
125
125
125
125
125
125
125
125
125
126
125
125
125
125
125
125
125
125
125
125
125
125
125
125
125
126
126
125
125
126
125
126
125
125
125
125
125
126
125
125
125
125
125
125
126
125
125
125
125
125
125
125
125
125
125
126
125
125
126
126
125
125
125
125
125
125
125
125
125
125
126
125
125
125
125
126
126
126
125
125
125
125
125
126
125
125
125
125
125
125
125
125
125
125
125
126
125
125
125
125
125
125
125
125
125
125
125
126
125
125
125
125
125
125
125
125
125
125
125
125
125
125
125
125
125
125
125
125
125
125
125
125
125
125
125
126
125
125
126
125
126
126
126
126
126
126
126
126
126
126
126
126
126
126
126
125
126
126
126
126
126
126
126
126
126
126
126
126
126
126
126
126
126
126
125
126
126
126
126
126
126
126
126
126
126
126
126
126
126
126
126
126
126
126
126
126
126
126
126
126
126
126
126
126
126
126
126
126
126
125
126
126
126
126
126
126
126
126
126
126
126
125
125
126
126
126
126
126
125
126
125
126
126
125
126
126
126
125
126
126
125
126
126
125
125
126
125
126
125
126
126
125
125
126
126
126
126
126
126
126
126
125
126
125
125
126
126
126
126
125
126
125
125
125
125
126
126
126
126
125
125
125
125
125
125
125
126
126
126
126
126
126
125
126
126
126
126
126
125
125
126
126
126
126
126
126
126
126
126
126
126
125
125
125
125
125
125
125
125
126
126
126
126
126
126
126
126
125
125
125
125
125
126
126
126
126
126
126
125
126
125
126
126
126
126
126
126
126
125
126
125
125
125
125
126
125
126
126
126
126
126
125
125
125
125
125
125
125
125
125
125
125
125
125
125
125
125
125
125
125
125
125
125
126
125
125
125
125
125
125
125
125
125
125
125
125
125
125
125
125
125
125
125
125
125
125
125
125
125
125
125
125
125
125
125
125
125
125
125
125
126
125
125
125
125
125
125
125
125
126
126
125
125
125
125
125
125
125
125
125
125
125
125
125
125
125
125
125
125
125
125
125
125
125
125
125
125
125
125
125
125
125
125
125
125
125
125
125
125
125
125
125
125
125
125
125
125
125
125
126
125
125
125
125
125
125
125
125
125
125
125
125
125
125
125
125
125
125
125
125
125
125
125
125
125
125
125
125
125
125
126
125
125
125
128
132
129
114
99
105
138
171
176
144
91
54
69
111
166
191
151
67
98
194
232
57
8
152
255
131
189
85
255
246
86
6
220
191
120
117
99
118
204
195
52
4
90
135
127
184
215
101
28
120
199
147
85
89
98
120
171
179
127
92
105
125
126
118
113
118
126
134
138
135
125
117
120
128
127
120
119
125
130
131
128
125
122
124
130
132
128
123
120
119
119
124
131
132
122
114
118
132
142
140
126
113
111
121
132
135
128
119
118
125
132
132
127
124
125
127
127
124
122
123
126
127
127
127
128
128
126
125
124
123
124
124
124
125
126
127
127
126
124
125
127
127
126
125
125
127
127
126
125
126
126
125
123
122
124
126
127
127
126
125
125
127
127
126
126
126
127
126
126
126
125
125
124
125
126
125
124
124
124
124
124
125
126
126
125
126
127
128
126
126
127
127
126
125
125
125
124
124
125
126
126
125
125
125
126
127
126
125
125
126
125
125
125
125
126
126
126
127
126
125
125
125
125
125
125
125
124
124
125
125
124
125
125
126
125
126
126
126
125
126
127
126
126
125
125
125
125
124
124
125
126
127
126
126
126
126
126
125
125
125
124
124
125
126
125
124
124
125
125
126
126
126
126
126
126
126
126
125
125
127
123
125
126
126
126
126
127
126
126
126
125
125
125
125
125
125
125
126
126
126
126
126
128
125
126
126
126
125
125
126
125
125
125
126
126
126
126
126
126
126
126
126
126
126
126
126
126
125
123
125
126
126
126
127
126
126
126
126
125
125
126
126
126
126
126
126
127
127
126
125
125
126
126
124
124
125
126
127
127
126
126
126
125
126
126
125
125
125
126
126
125
126
126
126
126
126
126
126
126
126
126
126
125
125
126
125
125
125
125
125
125
125
125
125
126
126
126
126
126
126
126
125
126
126
126
126
125
125
126
126
126
126
125
125
125
125
125
125
125
125
126
126
125
125
125
126
126
126
125
125
126
127
126
126
125
125
126
126
126
126
126
126
126
125
125
125
126
125
125
125
125
125
126
126
126
125
125
125
125
125
125
125
125
125
125
126
126
126
126
127
127
126
126
125
125
126
126
125
126
126
125
125
126
126
126
126
125
125
125
126
126
125
125
125
125
125
125
125
125
125
126
126
126
129
127
126
126
126
125
125
124
124
125
125
126
125
126
126
126
126
126
126
125
125
125
126
126
125
125
125
125
125
126
126
125
125
125
125
126
126
125
125
125
125
125
125
125
126
129
126
125
125
125
125
125
125
125
125
125
125
125
125
126
126
126
126
126
126
125
125
125
125
125
125
125
122
124
126
126
126
127
126
126
126
126
125
126
126
125
126
126
126
125
125
126
126
125
125
125
125
125
125
125
125
125
125
125
125
125
125
125
125
125
126
125
125
125
125
125
125
125
126
125
125
126
126
126
126
126
126
125
125
126
125
125
125
125
126
125
125
125
125
125
126
125
126
125
125
125
125
125
126
125
125
126
126
126
126
125
125
125
125
125
126
125
125
125
125
125
125
125
125
125
125
126
126
125
125
126
126
125
125
126
126
125
125
125
126
126
126
126
125
125
125
125
126
125
125
125
125
125
125
124
125
126
126
125
126
126
126
126
126
125
125
125
125
126
126
125
124
125
126
126
126
125
125
125
126
126
125
124
124
124
125
125
125
125
124
125
126
127
127
127
126
126
126
126
125
125
125
125
125
126
126
126
126
126
125
126
126
125
124
124
125
125
125
125
125
126
126
125
126
125
126
126
126
126
125
125
125
126
125
124
124
125
126
126
125
125
125
126
126
126
125
125
129
128
126
124
124
124
125
126
125
124
124
124
125
126
125
124
125
126
127
125
125
125
126
126
126
125
124
126
125
125
125
126
123
120
125
127
126
127
127
126
127
126
126
125
125
126
126
125
125
125
126
125
125
125
126
125
126
125
125
126
125
125
125
125
125
126
126
126
126
125
125
126
126
126
127
122
126
126
125
125
125
126
126
125
125
125
126
126
125
125
126
126
125
125
125
126
126
124
123
125
127
126
124
124
126
126
126
125
124
126
127
125
125
124
125
126
125
125
125
126
126
124
125
127
127
124
124
126
127
125
124
125
126
126
124
123
126
128
125
122
124
127
127
125
125
126
125
123
125
126
126
125
125
126
127
127
124
124
126
126
125
127
127
124
122
125
127
127
124
124
126
125
125
127
126
124
122
125
127
126
124
124
125
126
125
126
127
127
126
127
127
127
125
123
123
123
125
126
126
126
126
127
127
127
125
124
123
125
126
126
125
123
124
125
126
126
126
126
126
126
126
126
126
124
124
125
125
125
126
125
126
125
126
126
125
126
126
125
126
125
125
125
125
125
126
125
126
125
125
125
125
134
134
95
122
115
128
127
128
129
129
128
127
127
125
125
126
125
125
125
125
126
126
127
116
126
127
129
128
130
129
128
128
127
126
127
127
127
126
126
126
126
126
126
126
126
127
126
126
126
125
126
126
125
126
126
126
126
126
127
126
126
126
126
126
127
126
126
126
126
126
126
125
125
126
111
39
126
126
126
125
126
126
126
126
126
126
126
126
126
126
126
126
126
126
126
126
126
126
126
126
126
126
126
126
126
126
126
126
126
126
126
126
125
126
126
126
125
126
125
126
126
126
126
126
125
126
126
126
126
126
126
126
126
126
126
126
126
126
126
126
126
126
126
126
126
125
125
126
126
126
126
126
126
126
125
126
126
126
126
125
126
126
126
126
125
126
126
126
125
126
126
126
126
126
126
126
126
126
126
126
126
126
126
126
126
126
126
126
126
126
126
125
125
125
125
125
125
125
125
125
125
125
125
125
125
125
125
125
126
125
125
126
125
125
125
125
126
125
125
125
125
125
125
125
125
125
126
126
125
125
125
125
125
125
125
125
125
125
125
125
125
125
125
125
125
125
125
125
125
125
125
125
125
125
125
126
125
125
125
126
125
125
125
125
125
125
125
125
125
125
125
125
126
125
125
125
125
125
125
125
125
125
125
125
125
125
125
126
125
125
125
125
125
125
125
126
125
125
125
125
125
125
125
125
125
125
125
125
125
125
125
125
125
125
126
125
125
125
125
125
125
125
125
125
125
125
125
126
125
126
125
125
125
125
125
125
125
125
125
125
125
125
126
125
125
125
125
125
125
125
125
125
125
125
125
125
125
126
125
125
125
125
125
125
125
125
125
125
125
125
125
125
126
125
125
126
125
125
125
125
125
125
125
125
125
125
125
125
125
125
126
125
125
125
125
125
125
125
125
125
125
125
125
125
125
125
125
125
125
125
125
125
125
125
125
125
125
125
125
125
125
125
125
125
125
125
125
125
125
125
