125
125
125
125
125
126
66
125
125
125
125
125
125
125
125
125
125
125
126
125
125
125
126
125
125
125
126
125
125
125
125
125
125
125
125
125
125
125
125
125
125
125
126
125
125
125
125
125
125
125
125
125
125
125
125
125
125
125
125
125
125
125
125
125
125
125
125
125
125
125
125
125
125
125
125
125
125
125
125
125
125
125
125
125
125
125
125
125
125
125
125
125
125
125
125
125
125
125
125
125
125
125
125
125
125
125
125
125
125
125
125
125
125
125
125
125
125
125
125
125
125
125
125
125
125
125
125
125
125
125
125
125
125
125
125
125
125
125
125
125
125
125
125
125
125
125
125
125
125
125
125
125
125
125
125
125
125
125
125
126
125
125
125
125
125
126
125
126
125
125
126
125
125
125
125
125
125
125
126
126
126
126
126
126
126
126
126
126
126
126
126
126
126
126
126
125
126
126
126
126
126
126
126
125
126
126
125
126
125
126
125
126
126
126
126
126
126
125
126
125
125
125
125
126
125
125
125
126
126
126
126
126
125
126
125
125
125
125
125
125
125
125
126
125
125
125
125
125
125
125
125
125
126
126
126
125
125
125
125
125
125
126
125
125
125
126
126
126
125
126
125
125
126
126
125
125
125
126
125
126
125
125
125
126
125
126
126
126
126
126
125
125
125
125
126
125
125
125
126
126
125
126
126
126
126
125
126
125
125
126
126
126
125
125
125
126
125
126
125
126
126
125
125
126
125
126
126
125
125
126
126
126
125
125
125
125
125
125
126
125
125
126
125
125
125
126
125
125
125
125
125
125
125
126
125
125
125
125
126
125
126
125
126
126
125
125
125
125
125
125
126
126
126
125
126
125
125
125
125
125
125
125
125
125
125
125
125
125
125
125
125
125
126
125
125
125
126
126
125
125
125
125
125
125
125
125
125
125
125
125
125
125
125
125
125
125
125
125
125
125
125
125
125
125
125
125
125
125
125
125
125
125
125
125
125
125
125
125
125
125
125
125
125
125
125
125
125
125
125
125
125
125
125
125
125
125
125
125
125
125
125
125
125
125
125
125
125
125
125
125
125
125
125
125
125
125
125
125
125
125
125
125
125
125
125
125
125
125
125
125
125
125
125
125
125
125
125
125
125
125
125
125
125
125
125
125
125
125
125
125
125
125
125
125
125
125
125
126
126
124
125
125
126
126
125
125
125
125
126
125
125
125
125
126
126
125
126
126
126
125
125
125
125
125
125
124
125
126
126
126
126
126
126
126
126
125
126
126
126
125
126
125
125
126
126
125
125
126
126
126
125
125
126
125
125
126
125
126
126
126
126
126
126
126
125
125
125
125
125
125
125
126
126
126
126
126
125
125
125
125
125
125
125
126
126
126
126
126
126
125
126
126
125
126
126
126
125
125
125
125
125
126
125
125
126
125
125
125
125
126
126
126
125
126
126
126
126
126
126
126
125
126
126
126
126
125
125
125
125
125
125
125
125
125
125
126
125
125
126
126
125
126
126
126
126
126
125
126
126
126
125
126
126
126
126
125
125
126
125
125
125
125
125
125
125
125
126
127
126
125
126
127
128
126
121
118
122
132
136
127
118
114
116
125
145
154
137
115
106
106
110
122
135
140
140
136
126
114
115
125
128
129
129
120
110
120
144
148
124
105
110
130
141
138
127
113
112
121
137
146
141
122
95
80
106
162
176
124
89
132
175
143
85
81
120
144
140
117
113
139
151
126
109
119
129
127
124
125
125
123
121
125
131
133
128
121
119
121
124
127
129
130
130
127
122
120
124
126
125
123
125
126
128
128
126
124
125
124
123
125
127
127
124
122
122
127
130
129
126
124
123
124
125
126
126
126
125
125
126
126
125
124
125
126
125
125
125
125
126
125
125
125
126
126
125
125
126
126
125
124
125
125
125
124
124
125
127
131
131
127
123
123
124
123
122
119
120
125
131
131
126
123
126
132
132
125
120
122
124
121
121
125
126
127
132
134
125
118
119
122
125
129
129
124
126
127
125
121
123
126
127
130
129
122
118
124
133
132
122
118
122
128
133
131
124
120
125
130
126
120
119
123
128
131
128
124
125
127
128
126
125
124
126
128
127
124
122
125
130
129
124
121
124
126
126
126
126
125
124
126
127
124
124
126
127
124
123
125
127
126
125
126
127
129
127
122
121
122
123
125
129
133
132
125
122
125
126
124
123
123
122
124
127
129
127
125
124
125
126
126
125
123
123
125
127
128
127
125
124
125
126
126
126
125
124
123
124
126
127
126
125
126
127
126
126
126
126
124
122
124
127
126
125
126
126
127
125
124
124
126
125
123
125
129
127
122
122
124
127
129
128
126
124
126
128
126
123
122
126
129
125
120
124
129
127
123
121
123
125
126
128
130
128
126
125
125
124
121
121
125
129
129
127
125
123
123
126
127
124
124
128
129
126
125
124
123
124
126
126
125
125
127
129
128
122
117
122
130
131
125
120
123
128
130
128
124
123
124
127
128
126
124
124
125
129
128
122
119
123
126
126
124
124
126
126
125
126
126
125
124
127
128
124
121
122
124
128
130
129
126
123
123
126
126
123
122
125
128
126
122
122
124
127
128
128
128
126
123
122
124
126
126
126
126
125
123
123
126
126
126
127
128
126
124
120
122
127
129
128
126
125
124
125
125
125
124
122
123
126
128
128
127
125
125
126
127
125
124
124
124
125
124
124
125
125
127
128
125
123
127
129
126
124
125
126
124
124
124
122
122
129
131
122
119
130
132
116
120
139
132
114
121
136
129
113
112
123
135
141
133
116
109
120
134
139
132
118
108
113
129
140
137
127
120
119
121
126
129
127
130
122
125
127
125
124
124
125
126
127
126
124
124
125
125
125
125
124
124
126
126
127
126
125
124
124
126
129
119
118
125
128
129
127
125
127
128
126
125
127
128
125
123
121
123
129
131
124
124
129
128
123
120
126
130
126
122
124
127
128
129
128
124
122
127
128
124
123
119
124
126
128
126
126
128
128
127
126
126
125
125
125
125
126
128
129
127
125
123
123
124
126
128
126
123
123
124
128
130
129
126
122
121
123
127
128
128
124
122
122
124
126
127
128
126
126
125
125
125
125
126
127
126
126
125
126
125
125
125
125
126
125
126
126
127
126
126
126
125
125
125
126
126
125
125
125
126
126
126
125
125
126
127
126
126
125
125
125
124
124
124
125
126
126
126
125
126
126
127
127
126
125
125
126
126
126
124
124
126
127
127
126
125
126
126
126
126
124
123
125
125
126
125
125
124
125
126
127
127
127
128
127
126
126
126
126
125
125
125
125
125
125
124
125
127
126
126
129
132
127
125
125
123
121
122
123
123
125
126
125
125
126
126
127
127
127
126
125
125
125
125
126
124
125
126
126
126
126
125
132
127
125
125
124
124
125
124
124
125
125
126
126
125
125
124
125
125
125
125
126
126
126
126
126
126
125
125
126
125
125
124
124
125
126
128
123
125
124
126
125
124
126
125
125
125
126
126
127
126
125
124
125
126
126
125
124
124
125
126
126
124
123
124
126
126
126
124
124
126
126
127
126
126
125
125
124
125
125
126
126
125
124
125
125
126
127
125
124
125
126
126
126
125
125
124
125
125
125
125
125
124
125
125
125
126
125
126
125
125
125
125
126
125
126
126
138
122
86
131
120
127
128
129
130
129
129
127
128
124
125
123
126
126
125
125
125
126
128
92
95
134
125
131
133
133
133
131
130
129
129
129
128
126
125
126
126
127
128
128
126
125
126
127
127
128
124
127
126
127
126
126
125
125
126
125
125
125
125
126
128
128
128
127
115
122
126
129
127
128
128
127
129
129
128
126
127
127
67
125
125
126
125
125
126
126
125
126
126
126
126
126
126
126
126
126
126
126
126
126
126
126
126
126
126
126
126
126
126
125
126
126
125
126
126
125
126
126
126
126
125
125
126
125
125
125
125
125
126
125
126
126
126
126
125
126
126
126
126
126
126
125
125
126
126
126
126
126
125
126
126
126
126
126
126
125
125
125
125
125
125
125
125
125
125
125
125
125
126
126
125
126
125
125
125
125
125
125
126
125
125
125
126
126
125
125
125
125
125
125
125
125
125
125
125
125
126
125
125
125
125
125
125
125
125
125
125
125
125
125
125
125
125
125
125
125
125
125
125
125
125
126
126
126
125
125
126
125
125
125
125
125
125
125
125
125
125
125
125
125
125
125
125
125
125
125
125
125
125
125
125
125
125
125
126
125
125
125
125
126
125
125
125
125
125
125
125
125
125
125
125
125
125
125
125
125
125
125
125
125
125
125
125
125
125
125
125
125
125
125
125
125
125
125
126
125
126
126
125
125
125
125
125
125
125
125
125
125
125
125
125
125
125
125
125
125
125
125
125
125
125
125
125
125
125
125
125
125
125
125
125
125
125
125
125
125
125
125
125
125
125
125
125
126
125
125
125
125
125
125
125
125
125
125
125
125
125
125
125
125
125
125
125
125
125
125
125
125
125
125
125
125
125
126
125
125
125
126
125
126
125
125
125
126
125
125
125
126
126
126
126
126
125
125
125
126
126
125
125
125
125
125
126
125
125
126
125
126
126
126
126
125
125
126
125
125
125
125
126
126
126
126
126
126
126
126
126
126
125
126
126
126
126
