126
127
125
126
126
126
59
125
126
126
126
126
126
126
125
125
125
126
126
126
126
126
126
125
126
126
126
125
126
125
126
126
126
125
126
125
126
126
125
126
126
125
125
126
126
126
125
126
126
126
126
126
126
125
126
126
125
125
126
126
126
126
126
125
126
126
126
126
125
126
126
126
126
126
126
126
125
126
125
126
126
125
126
125
126
126
126
126
126
126
126
126
126
125
126
125
126
126
125
126
126
125
126
126
126
126
126
126
126
126
126
126
125
126
126
126
126
126
126
126
126
126
126
126
126
126
126
125
126
125
126
126
126
126
126
125
125
126
126
126
125
126
126
126
125
126
126
125
125
125
125
125
126
125
125
125
125
125
125
126
125
126
125
125
125
125
125
125
126
125
125
126
125
125
126
125
126
126
125
125
125
125
126
125
125
125
126
125
125
125
125
126
126
125
125
125
125
125
125
125
125
125
125
125
125
125
125
125
125
126
125
125
125
125
125
125
125
125
125
125
125
126
126
126
126
126
126
126
125
126
126
126
126
126
126
126
126
125
126
126
126
126
125
126
125
125
125
125
126
125
126
125
126
126
126
125
126
125
125
126
126
126
125
126
125
126
126
126
126
125
125
126
126
125
125
126
126
126
126
126
125
126
126
126
125
126
125
125
126
126
126
125
126
126
125
125
125
125
125
125
125
125
125
125
125
126
125
125
126
125
125
125
125
126
125
125
125
126
125
125
125
125
125
125
125
125
125
125
125
125
125
125
126
125
125
125
125
126
125
125
125
126
125
125
125
125
125
125
125
125
125
125
125
125
125
125
125
125
125
125
125
125
126
125
125
125
125
125
125
125
125
125
125
125
125
125
126
125
125
125
125
125
125
125
125
125
125
125
125
125
125
125
125
125
125
125
125
125
125
125
125
125
125
125
125
125
125
125
125
125
125
125
125
125
125
125
125
125
125
125
125
125
125
125
125
125
125
125
125
125
125
125
126
126
125
125
125
125
125
125
125
125
125
125
125
125
125
125
125
125
125
125
125
125
125
125
125
125
125
125
125
125
125
125
125
125
125
125
125
125
125
125
125
125
125
125
125
125
125
125
125
125
125
125
125
125
125
125
125
125
125
125
125
125
125
125
125
125
125
125
125
125
125
125
125
125
125
125
125
125
125
125
125
125
125
125
125
125
125
125
125
125
125
125
125
125
125
125
125
125
126
126
127
126
124
123
123
124
125
125
128
129
127
123
122
122
122
122
125
127
126
126
126
125
126
125
121
120
149
205
177
27
23
134
255
84
53
171
255
255
148
239
183
255
167
87
117
47
54
193
240
155
63
41
104
204
200
87
28
81
149
175
153
98
88
138
151
114
101
126
144
143
137
122
111
114
111
106
124
149
146
121
111
120
129
126
116
117
136
150
135
110
108
127
135
126
115
122
130
133
133
129
119
111
115
126
130
130
130
132
131
124
118
117
123
128
131
132
130
125
121
122
126
127
125
122
124
131
134
129
122
119
122
127
129
126
125
126
127
125
123
125
127
128
128
127
125
123
124
126
127
128
128
126
124
124
125
126
126
125
126
128
127
126
124
123
123
125
126
128
128
127
126
126
126
127
126
125
124
126
128
129
127
125
124
124
124
125
126
125
125
124
125
126
127
127
126
125
124
124
125
127
127
126
126
126
127
127
127
126
125
125
125
125
125
125
125
125
125
125
125
125
125
125
125
126
126
126
126
126
126
125
125
126
126
127
127
127
126
126
126
125
125
125
125
125
125
125
126
126
126
126
125
125
125
125
125
126
126
126
126
126
126
126
126
126
126
126
126
126
126
126
126
125
125
125
125
125
126
126
125
125
126
126
125
126
126
126
126
125
125
125
125
125
125
126
125
126
126
126
126
126
126
126
126
126
126
125
125
126
127
127
126
125
126
125
125
125
125
125
125
125
125
125
126
126
126
126
126
126
126
126
126
126
126
125
125
125
125
125
125
125
125
125
126
127
128
126
125
125
126
125
125
124
125
125
126
125
126
126
126
126
125
126
126
125
125
126
125
125
125
125
125
125
125
125
126
126
125
126
125
125
125
126
126
126
125
125
126
124
124
126
126
125
126
126
126
125
125
124
125
125
126
125
126
125
125
126
126
126
125
125
125
126
126
126
126
126
126
126
126
125
125
125
125
122
125
125
125
126
126
126
126
126
126
126
126
126
126
126
126
126
126
126
126
126
126
125
125
126
125
125
126
126
126
123
125
125
126
126
127
126
126
126
126
126
126
125
125
125
125
125
126
126
126
126
126
126
126
126
126
125
125
125
126
125
125
126
126
125
125
125
126
126
126
125
125
125
126
126
126
126
126
125
125
125
125
125
126
125
125
126
126
126
125
125
125
126
126
125
125
126
126
126
125
125
126
125
125
125
125
126
126
126
126
125
126
126
126
125
126
126
126
126
125
126
126
126
126
125
126
126
126
125
125
125
126
126
126
126
125
125
126
126
126
125
126
126
125
125
125
126
125
125
125
126
126
126
126
125
125
125
125
126
126
125
126
126
126
125
125
126
126
125
126
126
126
126
125
125
126
126
126
129
126
125
125
125
124
125
125
125
125
125
126
126
126
125
125
125
126
126
126
126
126
126
125
125
126
125
125
126
126
125
126
125
125
125
125
126
125
125
126
126
126
125
126
127
128
125
125
125
125
124
124
125
125
125
125
125
125
125
126
125
126
126
126
125
125
126
126
125
125
125
126
125
125
125
125
125
125
125
125
125
125
125
125
125
126
126
126
125
125
125
125
125
125
125
125
125
126
126
125
125
125
125
126
126
125
125
125
125
125
126
126
125
125
125
126
125
126
125
125
126
126
125
126
126
125
125
126
125
125
125
125
125
125
125
125
125
125
125
125
125
125
125
125
125
125
125
126
125
125
125
125
125
125
126
125
125
125
126
125
125
125
125
125
125
125
125
125
125
125
125
125
126
125
125
125
125
125
125
125
125
126
126
126
126
125
126
126
125
125
125
125
126
125
125
126
125
125
125
125
125
125
125
125
126
125
125
125
125
126
126
126
125
125
125
125
127
126
126
125
126
124
124
125
125
125
126
126
125
124
125
125
126
125
125
125
125
126
126
126
125
125
125
125
126
125
126
125
125
125
130
104
90
133
125
129
131
130
130
129
128
127
126
126
126
126
127
127
127
126
126
126
126
127
127
127
126
127
127
126
127
127
127
127
126
125
126
126
127
127
127
127
126
126
126
125
121
96
125
128
128
128
129
129
131
130
127
124
126
126
128
127
126
125
125
127
129
124
120
124
125
127
128
127
127
127
128
127
127
127
127
126
126
126
125
125
126
126
126
126
126
126
126
125
124
125
126
127
126
126
125
124
123
123
125
126
127
127
127
126
125
124
124
125
124
125
125
126
127
127
127
127
127
127
126
124
123
123
124
126
127
125
125
125
127
128
126
126
125
125
127
126
126
126
124
122
124
125
127
127
127
126
126
126
125
125
125
125
124
125
125
126
127
126
126
125
124
125
126
126
126
125
125
126
126
126
126
125
125
126
126
126
126
126
126
126
126
125
124
125
126
126
126
125
126
126
126
125
126
125
125
126
126
126
125
126
126
126
125
125
126
126
126
126
126
130
131
126
124
125
123
122
124
124
123
125
126
125
125
125
126
126
125
125
125
125
125
125
126
126
126
126
126
125
125
125
125
126
125
125
126
126
126
125
125
125
125
124
126
126
126
127
126
125
126
125
125
126
126
131
130
125
124
124
131
123
120
118
120
122
125
126
127
129
128
126
125
125
124
124
124
125
125
125
125
125
126
125
126
126
126
125
126
124
125
126
125
126
125
124
126
126
125
60
125
125
125
125
125
125
125
125
125
125
125
125
125
125
125
125
125
125
125
125
125
125
125
125
125
125
125
125
125
125
125
125
125
125
125
125
125
125
125
125
125
125
125
125
125
125
125
125
125
125
125
125
125
125
125
125
125
125
125
125
125
125
125
125
126
125
125
125
126
125
125
125
125
125
125
126
126
125
125
125
125
125
125
125
125
125
125
125
125
125
125
125
125
125
125
125
125
125
125
125
125
125
125
125
125
125
125
125
125
125
125
125
125
125
125
125
125
125
125
125
125
125
125
125
125
125
125
125
125
125
125
125
125
125
125
125
125
125
125
125
125
125
125
125
125
125
125
125
125
125
125
125
125
125
125
125
125
125
125
125
125
125
125
125
125
125
125
125
125
125
125
125
125
125
125
125
125
125
125
125
125
125
125
125
125
125
125
125
125
125
125
125
126
125
125
125
125
126
125
125
125
125
125
125
125
125
125
125
125
125
125
125
125
125
125
125
126
126
126
126
126
126
125
125
126
126
125
125
126
126
125
125
126
126
126
126
126
125
125
126
125
125
126
126
126
126
125
126
125
126
126
125
126
125
125
125
125
125
125
126
126
126
126
126
126
125
125
125
125
125
125
125
125
125
125
125
125
125
125
125
125
125
125
125
125
126
125
126
125
125
126
126
125
126
126
125
125
126
126
126
125
125
125
125
125
125
125
126
126
125
126
125
126
125
125
125
125
125
125
126
126
126
125
125
125
125
126
125
125
125
126
126
125
125
125
125
125
125
125
125
125
125
125
126
125
125
125
125
125
125
125
125
125
125
