126
126
125
124
125
126
35
125
125
125
125
125
125
125
125
125
125
125
125
125
125
125
125
125
125
125
125
126
125
125
125
125
125
125
125
125
125
125
125
125
125
125
125
125
125
125
125
125
125
125
125
125
125
125
125
125
125
125
125
125
125
125
125
125
125
125
125
125
125
125
126
125
125
125
125
126
126
125
126
126
126
126
126
125
126
126
126
126
126
126
125
126
126
126
125
126
126
126
126
126
125
126
126
126
125
126
125
125
125
125
126
126
125
126
125
126
125
126
125
125
125
126
126
125
125
125
125
125
125
126
125
125
125
126
126
125
125
126
125
125
125
125
126
125
125
125
125
125
125
125
125
125
125
125
125
125
125
125
125
125
125
125
125
125
125
125
125
125
125
125
125
125
125
125
125
126
125
125
125
125
125
125
125
125
125
125
125
125
125
125
125
125
126
125
125
125
125
125
125
125
125
125
125
125
125
126
125
125
125
125
126
126
125
125
125
125
125
125
126
125
125
125
126
126
125
125
126
125
125
126
125
125
125
125
125
125
125
125
125
125
125
125
126
126
125
125
125
126
126
125
125
125
125
125
125
125
125
125
125
126
126
125
125
126
126
126
125
125
125
126
126
126
126
125
124
125
126
125
125
125
127
128
126
125
125
126
126
125
123
124
126
126
124
125
129
129
123
118
122
128
130
128
128
128
125
121
119
120
125
132
133
120
114
132
136
103
101
165
183
116
77
75
81
166
255
174
16
9
195
244
128
76
127
137
80
107
181
115
54
144
226
158
43
35
125
219
198
110
64
84
136
162
117
92
129
131
98
136
185
145
87
94
124
132
127
122
117
118
130
136
133
127
122
118
120
125
127
123
123
130
132
125
117
116
124
133
136
130
123
119
120
122
123
124
128
131
130
126
121
121
124
129
129
125
125
125
124
124
125
126
127
128
126
124
123
125
126
126
126
125
126
126
126
126
125
124
126
127
128
127
126
125
125
125
125
125
126
127
127
126
125
124
125
126
126
127
127
126
126
126
126
126
125
125
125
125
126
127
126
125
125
126
126
126
126
125
124
124
125
126
126
126
126
126
126
126
126
126
126
126
126
125
125
125
125
125
125
125
126
126
126
125
125
125
126
126
126
126
125
125
125
125
125
125
125
125
125
126
125
125
126
126
126
126
125
125
125
125
125
126
126
126
126
125
125
125
125
126
126
126
126
125
125
126
126
126
126
126
126
126
126
125
125
125
125
125
125
125
125
125
125
126
126
126
125
125
126
126
126
125
125
125
126
126
126
125
125
126
125
125
125
125
126
125
125
125
126
126
126
125
125
125
125
125
125
125
126
126
125
126
125
126
125
125
126
125
125
126
125
125
126
126
126
126
126
126
126
126
126
126
126
126
126
125
126
126
127
126
125
125
125
125
125
125
125
125
125
126
125
125
125
126
125
126
125
125
126
126
125
125
126
126
126
125
125
125
125
125
125
125
125
125
125
125
125
126
125
126
125
125
125
125
125
126
125
125
125
125
125
126
126
125
125
125
125
125
125
126
125
125
126
126
126
125
125
125
125
126
126
125
125
125
126
126
126
125
125
125
125
125
125
125
125
125
125
125
125
125
125
125
125
126
126
126
126
126
126
125
125
126
125
125
125
125
125
125
125
125
126
124
125
126
125
125
126
126
126
126
125
125
126
126
126
125
126
126
126
126
126
126
125
125
125
125
126
126
126
125
125
126
125
125
126
126
125
123
125
126
126
126
127
127
126
126
126
126
126
125
126
126
126
126
126
126
126
125
125
126
126
126
126
125
126
126
126
125
124
126
126
126
126
126
126
126
126
126
126
126
126
126
126
125
126
125
126
126
126
126
126
125
125
125
126
126
125
125
126
126
126
126
126
126
125
126
125
125
126
126
126
126
126
126
126
125
126
126
126
126
126
126
125
125
126
126
125
125
126
126
126
125
126
126
126
125
126
126
126
125
126
126
125
126
126
126
126
126
126
126
126
125
126
126
126
126
126
125
126
126
126
126
126
126
125
126
125
126
126
125
126
125
126
125
125
125
125
126
125
126
125
125
126
126
126
126
126
126
126
126
126
126
125
125
125
126
126
125
125
125
126
126
126
125
126
125
126
126
126
125
125
125
125
125
125
125
125
127
126
126
126
126
125
126
126
125
126
125
125
125
125
125
126
126
126
126
126
126
126
126
125
126
125
125
125
125
125
125
125
125
126
126
126
126
126
126
126
128
126
125
125
125
125
125
125
125
125
125
126
125
125
125
125
125
126
125
125
125
125
126
125
125
125
125
125
125
125
125
125
125
126
125
125
126
125
125
125
125
125
125
125
125
125
125
125
125
125
125
125
125
125
125
125
125
126
125
125
125
125
125
126
125
125
125
125
125
125
125
125
125
125
125
125
125
125
125
125
125
126
125
125
126
125
125
125
126
125
125
126
125
125
125
125
125
125
125
125
125
126
125
125
125
125
125
125
129
121
124
125
125
125
126
126
126
126
125
125
125
125
125
125
125
125
126
126
126
126
125
126
126
126
126
126
125
126
126
126
126
126
126
125
125
125
125
126
126
126
126
125
126
126
126
125
125
125
125
126
126
126
126
126
126
127
126
126
125
125
125
126
126
125
125
125
122
125
126
126
126
126
126
126
127
126
125
125
125
125
125
125
125
125
126
126
126
127
126
126
126
125
125
125
125
125
125
125
125
127
126
125
124
125
126
126
125
125
125
125
126
125
124
125
125
126
126
126
124
125
126
127
127
125
123
124
125
126
126
125
124
126
128
125
123
126
127
126
124
125
127
126
126
126
126
125
126
126
125
125
125
125
124
125
126
126
125
126
125
125
125
127
127
125
124
126
126
125
125
126
126
124
124
126
127
126
126
125
125
125
125
125
125
126
126
125
124
125
126
126
125
125
126
125
125
125
125
125
125
125
126
125
125
126
125
126
126
125
125
125
125
126
126
125
126
127
130
126
125
125
125
124
124
124
124
125
125
123
125
125
125
126
126
126
126
126
126
125
125
126
126
126
125
125
125
125
125
125
125
126
125
125
125
125
125
125
125
125
125
125
125
125
125
126
125
125
125
126
125
125
125
125
125
125
125
125
125
125
125
125
124
125
126
125
125
126
127
126
126
125
125
125
125
125
126
126
125
124
125
126
126
126
125
125
125
126
125
125
124
123
124
124
125
125
124
124
124
126
127
127
127
126
127
127
126
125
125
124
124
125
125
125
126
126
126
126
126
126
126
125
125
124
125
124
125
125
125
125
125
126
125
126
125
126
126
125
125
125
125
126
125
125
125
133
146
115
125
124
124
125
126
126
125
125
125
124
125
124
125
125
124
124
125
125
125
125
104
98
131
126
130
130
130
129
129
128
128
127
127
126
126
126
126
127
127
126
127
127
127
127
126
126
126
126
126
126
126
126
126
126
126
126
125
126
126
125
126
126
126
126
126
121
121
124
126
126
129
128
128
128
128
127
126
127
127
127
126
126
126
125
126
125
125
126
125
126
125
125
125
125
125
125
125
125
125
125
126
126
125
125
125
126
126
125
125
125
125
125
125
125
126
126
126
126
126
125
126
126
125
125
125
125
125
126
126
126
125
125
126
125
125
125
125
126
125
126
125
125
125
126
125
125
124
125
126
126
128
127
126
127
127
126
125
124
125
123
123
127
128
125
122
124
127
128
127
126
124
124
126
127
127
125
123
123
125
125
125
125
124
125
127
128
128
127
127
128
127
127
125
123
124
125
125
126
125
126
127
126
126
127
127
127
126
124
124
125
125
125
124
125
125
136
127
124
124
123
122
123
124
123
124
126
125
126
124
124
125
125
126
126
125
34
125
125
125
125
125
125
125
125
125
125
125
125
125
125
125
125
125
125
125
125
125
125
126
125
125
125
125
125
125
125
125
125
126
125
125
125
125
125
125
125
125
125
125
125
125
126
126
126
126
125
125
125
125
125
125
125
125
125
125
125
125
125
125
125
125
125
125
125
125
125
125
125
125
125
125
125
125
125
125
125
125
125
125
125
125
125
125
125
125
125
125
125
125
125
125
125
125
125
125
125
125
125
125
125
125
125
125
126
125
125
125
125
125
125
125
125
125
125
125
125
125
125
125
125
125
125
125
125
125
125
125
125
125
125
125
125
125
125
125
125
125
125
125
125
125
125
125
125
125
125
125
125
126
125
126
126
125
125
126
126
126
125
126
126
125
126
126
126
125
126
126
125
126
126
126
126
126
126
126
126
125
125
126
126
125
125
126
126
125
125
126
125
125
125
125
126
126
125
126
126
125
125
126
125
126
126
126
126
125
125
125
125
126
125
125
126
125
125
126
125
125
126
126
125
126
125
125
125
125
125
125
125
125
125
125
125
125
125
125
125
125
125
125
125
125
125
125
125
126
125
125
125
125
125
126
126
125
125
125
125
126
126
126
125
125
126
126
125
124
125
126
126
125
125
126
128
127
125
125
126
126
125
123
124
126
126
126
127
129
128
122
118
121
127
129
128
126
127
127
124
121
120
124
130
134
131
118
110
126
139
119
97
127
182
175
93
30
76
201
250
133
9
63
212
214
51
59
202
189
62
67
145
160
117
116
136
143
111
67
98
179
177
112
101
111
117
138
131
101
120
151
123
95
125
