125
125
125
125
125
125
32
125
125
125
125
125
125
125
125
125
125
125
125
125
125
125
125
125
125
125
125
125
126
125
125
125
125
125
126
125
125
125
126
126
126
125
126
126
125
126
126
125
126
125
126
125
125
125
126
125
125
126
125
126
125
125
125
126
125
125
125
125
126
125
125
125
125
126
125
125
125
125
125
126
125
126
125
125
125
125
125
126
125
125
125
126
125
125
125
125
125
125
125
125
125
125
126
125
125
125
125
125
125
125
125
125
125
125
125
125
125
125
125
125
125
125
125
125
125
125
125
125
125
125
125
125
125
125
125
125
125
125
125
125
125
125
125
125
125
125
125
125
125
125
125
125
126
125
125
125
125
125
126
125
125
125
125
125
126
126
126
125
125
125
125
125
125
125
125
125
125
125
125
125
125
125
125
126
125
125
126
125
126
125
125
125
125
125
125
125
125
125
125
125
125
125
125
125
125
125
125
125
125
125
125
125
125
125
125
125
125
125
125
125
125
125
125
125
125
125
125
125
125
125
125
125
125
125
125
125
125
125
125
125
125
125
125
125
125
126
126
125
125
125
125
125
125
125
125
125
125
125
125
125
125
125
125
125
125
125
125
125
125
125
125
126
125
125
125
125
125
125
125
125
125
125
125
125
125
125
125
125
125
125
125
125
125
125
125
125
125
125
125
125
125
125
125
125
125
125
125
125
125
125
125
125
125
125
125
125
125
125
125
125
125
125
125
125
125
125
125
125
125
125
125
125
125
125
125
125
125
125
125
125
125
125
125
125
125
125
125
125
125
125
125
125
125
125
125
125
125
125
125
125
125
125
125
125
125
125
125
125
125
125
125
125
125
125
125
125
125
125
125
125
125
125
125
125
126
125
125
125
125
125
125
125
125
125
125
125
125
125
126
125
125
125
125
125
125
125
125
125
125
125
125
125
125
125
125
125
125
125
125
125
126
125
125
125
125
125
125
125
125
125
126
124
126
125
125
125
126
125
126
125
126
125
126
126
126
126
124
124
124
125
125
125
125
124
125
126
126
125
124
125
130
132
128
124
124
128
127
124
122
124
125
123
123
126
126
127
131
132
128
127
119
94
110
165
172
111
96
138
131
82
65
147
221
170
75
75
147
127
113
147
130
76
111
181
158
112
97
102
128
176
144
72
77
145
187
162
85
57
129
181
135
105
129
128
112
128
137
118
119
131
125
122
135
133
114
112
127
130
121
125
136
137
134
135
128
109
98
109
128
135
131
129
133
135
128
117
116
127
137
135
125
118
118
121
122
121
123
129
133
131
126
124
124
126
125
125
125
126
125
125
126
127
125
121
121
124
129
130
128
124
122
124
127
129
129
128
126
124
124
124
124
124
126
127
126
123
122
123
125
126
127
127
127
127
127
127
127
126
126
126
125
126
125
124
124
125
125
125
125
124
124
124
126
127
127
126
126
126
126
126
126
126
126
126
126
125
125
125
126
126
126
125
124
124
125
125
126
126
126
126
125
125
125
125
126
126
126
126
126
125
127
126
126
126
125
125
125
125
125
125
125
125
126
126
125
125
125
125
125
125
125
125
125
125
126
126
126
126
126
126
126
125
125
125
125
125
125
126
126
126
126
126
125
125
125
126
125
125
125
125
125
124
124
124
124
125
125
126
126
126
126
126
126
125
125
125
125
125
125
125
125
125
125
126
125
126
126
126
126
125
125
125
125
125
125
125
125
125
125
125
125
125
126
125
125
125
125
125
125
125
125
125
125
126
126
126
126
125
125
126
125
126
125
125
125
125
125
125
125
125
125
125
125
125
125
126
126
126
125
125
126
125
125
125
125
124
124
126
125
125
125
126
126
125
126
126
126
125
125
126
125
125
125
125
125
125
125
125
125
125
125
125
126
124
125
126
126
126
126
125
125
125
125
125
126
125
125
126
126
126
126
125
125
125
125
126
126
125
125
125
125
126
126
126
126
125
126
126
125
125
125
125
125
125
125
125
126
125
125
125
126
126
126
126
125
126
126
125
125
125
125
125
125
125
125
126
126
126
125
125
124
125
125
125
126
126
125
125
126
126
125
126
125
125
125
126
126
125
125
125
125
126
125
125
125
125
125
125
126
125
125
126
126
125
125
125
124
125
125
125
125
125
125
126
126
125
125
125
126
125
125
125
125
125
125
126
126
125
126
125
125
125
125
126
125
125
126
126
125
125
125
125
125
125
125
125
126
126
125
125
125
125
125
125
125
125
125
125
125
125
125
125
125
126
125
125
125
125
125
125
126
126
125
125
125
125
126
126
126
125
125
125
125
125
126
125
125
125
125
125
125
125
125
124
125
125
126
125
125
126
125
125
125
126
126
125
125
125
125
125
126
126
126
125
125
126
125
125
125
127
127
126
125
125
125
124
125
124
125
125
125
125
125
125
125
125
125
125
125
125
125
125
125
125
125
125
125
126
126
126
126
126
126
125
125
125
125
125
126
126
125
125
125
126
126
125
125
125
125
125
125
125
125
125
125
125
125
125
125
125
125
126
126
126
126
126
126
126
126
125
125
124
125
125
125
125
125
125
126
125
126
126
125
125
125
125
125
125
125
125
125
125
125
125
125
125
126
125
125
125
125
125
125
125
125
125
125
125
125
125
125
129
120
125
125
125
125
126
126
126
126
125
125
125
125
125
125
125
125
126
124
117
124
126
125
127
128
127
127
126
126
125
126
126
125
125
126
125
126
126
126
126
125
125
126
126
126
126
126
126
126
126
125
126
126
126
126
125
126
126
125
126
125
126
126
126
126
125
125
121
125
125
126
126
127
127
127
127
126
126
127
126
126
126
126
126
126
126
125
126
126
126
125
125
126
125
125
125
125
125
125
125
125
125
125
125
125
125
125
125
126
125
125
126
125
125
125
125
126
126
125
125
126
126
126
126
125
125
125
126
126
125
125
126
126
126
126
125
125
125
126
126
125
126
125
125
125
125
125
126
126
126
127
127
126
125
125
125
125
126
126
126
125
125
126
127
126
125
125
125
125
126
126
126
125
125
125
125
125
125
125
124
125
126
127
127
126
127
126
126
126
126
125
125
125
125
126
126
125
126
126
127
126
126
126
125
125
126
125
125
125
125
126
126
126
126
125
126
128
130
126
125
125
124
123
124
125
124
125
125
125
125
125
125
125
125
126
126
126
125
126
130
127
126
125
125
124
124
125
125
125
126
125
125
125
125
125
125
125
125
125
126
126
126
126
125
125
125
125
125
126
125
126
125
125
125
125
125
125
125
125
125
125
126
126
125
125
125
125
124
125
125
126
125
125
125
125
126
125
125
126
125
125
125
125
125
126
125
126
126
125
125
125
125
126
125
125
125
125
125
125
125
126
125
125
126
125
126
126
125
126
125
125
125
125
125
125
125
125
126
125
125
126
125
125
126
126
126
126
126
125
125
125
125
125
125
126
125
126
125
126
125
125
125
126
125
126
125
126
126
125
125
125
125
126
126
126
126
126
125
126
126
125
126
126
125
126
125
126
125
125
126
125
125
126
125
126
126
125
125
125
126
125
125
125
125
125
126
126
126
125
125
125
126
125
126
125
125
126
125
125
125
125
125
125
125
125
125
125
125
125
126
126
125
125
126
126
125
126
124
125
125
125
126
125
126
125
125
126
126
126
125
125
125
126
125
125
126
125
125
125
125
126
125
125
126
125
126
127
125
126
125
125
125
124
126
126
125
126
126
129
132
126
124
125
122
122
122
122
123
125
125
125
125
124
124
125
125
126
126
126
126
126
126
126
125
125
125
125
126
126
125
126
124
114
124
125
125
128
130
129
129
125
126
124
126
125
125
126
127
125
126
125
125
126
126
31
125
125
125
125
125
125
125
125
125
125
125
125
125
125
125
126
125
125
125
125
125
125
126
125
125
125
125
125
125
125
125
125
125
125
125
125
126
125
125
125
125
125
125
125
126
126
126
126
126
126
126
126
125
126
126
126
126
126
126
126
126
126
125
125
125
125
126
126
126
126
126
126
126
125
126
126
126
126
126
126
126
126
125
126
126
126
125
125
125
125
125
125
126
125
126
126
126
126
126
126
125
126
126
126
125
126
125
126
126
126
125
126
126
125
125
125
126
126
125
125
126
125
126
125
126
126
126
125
126
125
126
126
125
126
125
125
126
125
125
126
125
125
126
125
126
126
125
126
126
125
126
126
126
126
126
125
126
125
125
125
126
125
126
126
126
125
125
126
126
126
125
126
125
125
126
126
126
125
126
125
126
125
126
126
125
126
126
125
126
126
126
126
126
126
126
126
126
125
126
125
126
126
126
126
126
125
126
126
125
125
125
126
126
126
125
126
126
125
125
126
126
126
126
126
126
125
126
126
126
125
126
126
125
125
125
126
125
126
126
126
126
126
125
126
125
125
125
126
125
125
125
126
126
126
126
126
125
126
126
126
126
126
126
126
126
125
125
125
125
125
125
125
125
125
125
125
125
125
125
125
125
125
125
125
125
125
125
125
125
125
125
125
125
125
125
125
125
125
125
125
125
125
125
125
125
125
125
125
125
125
125
125
125
125
125
125
125
125
125
125
125
125
125
125
126
125
125
125
125
125
125
125
125
126
125
125
125
126
125
125
125
125
125
126
125
125
125
125
125
126
125
125
125
125
