126
125
125
126
125
126
44
125
125
125
125
125
125
125
125
125
126
125
125
125
125
125
125
125
125
125
125
125
125
125
125
125
125
125
125
125
125
125
125
125
125
125
125
125
125
125
125
125
125
125
125
125
125
125
125
125
125
125
125
125
125
125
125
125
125
125
125
125
125
125
125
125
125
125
125
125
125
125
125
125
125
125
125
125
125
125
125
125
125
125
125
125
125
125
125
125
125
125
125
125
125
125
125
125
125
125
125
125
125
125
125
125
125
125
125
125
125
125
125
125
125
125
125
125
125
125
125
125
125
125
125
125
125
125
125
125
125
125
125
125
125
125
125
125
125
125
125
125
125
125
125
125
125
125
125
125
125
125
125
125
125
125
125
125
125
125
125
125
125
125
125
125
125
125
125
125
125
125
125
125
125
125
125
125
125
125
125
125
125
125
125
125
125
125
125
125
125
125
125
125
125
125
125
125
126
125
125
125
125
125
125
125
125
125
125
125
125
125
125
125
125
125
125
125
125
125
125
125
125
125
125
125
125
125
125
125
125
125
125
125
125
125
125
125
125
125
125
125
127
127
127
126
125
125
124
122
119
121
127
130
127
124
128
135
130
115
113
125
131
127
125
128
128
120
114
121
138
145
128
109
119
137
132
110
109
128
135
128
126
131
128
123
119
113
115
130
140
135
124
118
120
129
131
125
119
120
124
130
132
127
123
121
121
123
129
133
128
120
120
127
131
128
121
118
122
127
130
127
123
122
124
127
126
126
126
127
125
123
125
127
126
124
124
125
126
126
126
125
123
123
125
126
127
127
126
125
123
123
124
126
127
126
125
124
126
128
127
124
122
123
125
128
128
126
126
127
127
125
125
125
125
125
125
125
125
124
124
125
125
124
124
126
126
125
125
126
126
125
125
126
127
128
125
123
125
127
127
127
127
125
124
126
128
126
123
123
125
126
128
126
125
123
124
126
127
128
128
127
125
125
125
122
121
123
128
130
127
126
124
125
127
125
124
124
125
125
125
126
126
124
124
126
128
127
124
126
128
127
123
120
122
126
128
125
124
125
126
126
125
125
126
124
123
125
128
128
126
125
125
124
124
126
128
127
125
123
124
126
126
123
122
124
128
129
127
125
124
125
126
125
124
124
126
125
124
128
128
122
121
129
133
127
117
120
128
132
128
120
120
130
133
123
119
125
127
124
125
128
127
123
122
125
129
127
124
126
126
121
123
131
130
122
122
126
125
124
126
126
126
127
126
123
124
128
127
123
123
126
127
126
123
124
126
127
126
124
124
126
127
127
125
124
126
127
126
124
123
125
126
125
124
125
125
126
128
126
125
124
125
125
125
125
125
124
125
126
126
126
125
126
126
125
125
125
125
126
126
126
125
125
126
126
125
125
125
125
125
125
125
125
125
126
125
125
125
126
125
125
126
126
126
125
125
125
125
126
126
125
125
125
126
126
126
125
125
125
125
124
124
125
125
125
125
125
126
126
126
126
125
125
125
125
125
125
125
125
125
125
126
125
125
125
125
126
126
126
125
125
125
125
125
125
126
126
126
125
125
126
126
126
125
125
125
125
125
125
125
125
125
125
125
125
126
126
125
124
125
126
126
125
126
126
125
126
126
125
125
126
125
124
125
126
125
124
125
126
125
124
126
126
125
124
125
126
126
125
124
125
126
125
125
126
126
124
125
126
125
125
127
126
124
125
126
126
125
125
125
125
125
125
125
125
125
126
125
125
125
125
125
125
125
125
125
126
126
125
124
125
126
125
125
126
125
125
125
126
126
126
125
125
125
125
125
125
125
125
125
125
126
125
125
125
126
126
125
125
125
125
125
126
126
125
124
125
126
125
125
125
125
125
125
125
125
125
125
126
125
125
125
125
125
125
125
125
125
125
126
125
125
125
125
126
126
125
124
125
126
126
125
125
125
125
125
125
125
125
125
125
125
125
125
126
125
125
125
125
125
125
125
125
125
125
125
125
125
125
125
125
125
125
125
125
125
125
125
125
125
125
125
125
125
125
126
126
125
125
126
126
125
125
125
125
125
125
125
125
125
126
125
125
125
125
125
125
125
125
125
125
125
125
125
125
125
125
125
125
125
125
125
125
125
125
125
125
125
125
125
125
125
125
125
125
125
125
125
125
125
125
125
125
125
125
125
125
125
125
125
125
125
125
125
125
125
125
125
125
125
125
125
125
125
125
125
125
125
125
125
125
125
125
125
125
125
125
125
125
125
125
125
125
125
125
125
125
125
125
125
125
125
125
125
125
125
125
125
125
125
125
125
125
125
125
125
125
125
125
126
125
125
125
126
125
125
125
125
125
125
125
125
125
125
125
125
125
125
124
121
124
125
125
126
126
126
126
126
125
125
125
126
125
125
125
125
126
125
125
125
125
125
125
125
125
125
125
125
125
125
125
125
125
125
125
125
125
125
125
125
125
125
126
125
125
125
125
125
125
125
125
125
125
125
125
125
125
125
125
125
125
126
125
126
125
125
125
125
125
125
126
126
125
125
125
126
126
126
125
125
125
125
125
125
125
125
125
125
125
125
125
125
125
125
126
126
126
126
126
126
126
126
125
125
125
125
125
125
125
126
125
126
126
126
126
125
125
125
125
125
125
125
125
125
125
125
125
125
126
125
125
125
125
125
125
125
125
125
125
125
125
125
125
125
125
125
125
125
125
125
125
125
125
126
126
126
125
125
126
125
125
125
125
125
125
125
125
126
125
125
125
125
125
125
125
125
125
125
126
126
125
125
125
125
125
125
125
125
125
125
126
126
125
124
125
125
126
126
125
125
125
125
126
126
125
125
125
126
124
125
126
125
125
125
125
125
125
126
126
125
125
127
129
126
125
125
124
124
125
125
125
124
124
125
125
126
126
125
125
124
125
126
125
125
125
125
125
126
125
125
125
125
125
125
125
125
125
125
124
124
126
127
126
124
125
127
126
122
121
124
128
129
126
122
120
123
130
132
124
115
120
131
135
129
122
120
121
125
128
127
124
122
123
124
125
128
129
126
122
121
125
129
129
125
122
123
125
126
125
124
124
123
125
127
128
126
125
125
126
125
124
125
124
124
124
125
125
125
124
125
125
126
126
126
126
125
126
127
129
125
120
121
126
130
126
120
118
125
138
138
117
105
120
142
140
123
115
120
125
125
123
126
131
126
117
118
129
138
132
122
119
122
123
123
127
130
125
121
126
131
125
115
117
128
133
129
126
124
122
123
127
129
125
121
121
125
127
127
126
125
125
125
125
126
125
124
125
126
126
126
126
125
124
124
125
125
125
125
124
125
126
126
126
125
125
125
126
126
124
124
125
125
124
125
126
126
125
125
124
125
126
125
125
124
125
126
126
126
124
124
125
126
126
124
122
125
127
127
126
124
123
124
125
126
126
125
124
125
126
127
126
125
124
125
126
126
124
126
125
125
125
125
125
125
125
124
124
125
126
126
125
125
125
125
126
126
125
125
125
126
126
124
124
125
126
126
124
124
126
126
105
103
129
125
129
130
129
126
128
133
131
128
124
124
126
127
126
126
125
125
127
125
124
124
126
127
125
125
125
126
126
126
125
125
124
124
126
127
124
124
125
127
127
126
126
125
125
125
126
125
126
126
125
120
121
129
132
125
118
119
126
131
131
127
125
125
126
125
124
127
130
126
120
118
123
129
130
128
124
123
125
126
126
126
125
124
124
123
125
126
126
126
123
124
125
126
127
126
125
124
124
126
126
125
123
124
126
126
126
125
125
125
125
125
125
124
125
125
126
127
126
126
127
127
125
124
124
123
123
125
125
125
126
125
126
126
125
125
126
125
126
126
124
124
124
125
125
125
125
45
125
125
125
125
125
125
125
125
125
125
125
125
125
125
125
125
125
125
125
125
125
125
125
125
125
125
125
125
125
125
125
125
125
125
125
125
125
125
125
125
125
125
125
126
125
125
125
125
125
125
125
126
125
125
125
125
126
125
125
125
125
125
126
125
125
125
125
125
125
125
125
125
125
125
126
125
125
125
125
125
125
125
125
125
125
125
125
125
125
125
125
126
126
125
125
125
125
125
125
125
125
126
125
126
126
126
126
126
126
126
126
126
126
126
126
126
126
126
126
126
126
126
126
126
126
126
126
126
126
125
126
126
125
126
126
126
126
125
125
126
125
126
126
126
126
126
126
125
126
126
126
126
126
126
126
126
126
126
126
126
126
126
126
126
126
126
126
126
125
126
126
126
125
126
126
126
126
126
126
126
126
125
126
125
125
125
125
125
125
125
125
125
125
125
125
125
125
125
125
125
125
126
125
126
125
126
125
125
125
125
125
125
125
126
125
125
125
126
125
126
126
125
126
126
125
126
125
125
125
125
125
125
125
125
126
125
125
125
124
125
128
130
130
126
124
124
122
117
118
128
134
127
121
129
139
137
123
109
108
127
141
127
111
120
146
153
117
72
106
175
182
112
76
104
162
164
96
90
150
142
85
103
170
166
117
106
109
112
119
134
144
157
126
74
95
164
175
119
90
105
125
139
146
142
121
97
101
131
149
138
123
121
115
116
134
143
125
107
113
131
140
137
125
112
114
129
134
125
121
126
130
128
123
123
125
124
122
124
127
131
129
121
118
123
128
130
129
126
123
122
125
126
122
126
