120
125
129
129
128
124
67
126
125
126
126
126
125
125
125
125
126
126
126
125
125
126
126
126
126
126
125
125
125
125
125
125
125
125
125
125
125
125
125
125
125
125
125
125
125
125
125
125
125
125
125
125
125
126
125
125
125
126
125
125
125
125
125
125
125
125
125
125
125
125
125
125
125
125
125
125
125
125
125
125
125
125
125
125
125
125
125
125
125
125
126
125
125
125
125
125
125
125
125
126
126
125
126
126
125
126
126
126
126
126
126
126
126
126
125
126
126
126
126
125
125
126
126
126
126
126
125
126
125
125
126
125
126
125
125
126
125
126
125
126
126
126
125
126
126
125
126
125
126
125
126
125
125
125
126
126
125
126
126
126
125
125
125
125
125
126
126
126
125
125
125
126
125
125
125
125
125
125
125
125
125
125
126
126
125
125
125
125
125
125
125
125
125
125
125
125
125
125
125
125
125
125
125
125
125
125
125
125
126
125
125
126
125
125
125
125
125
125
125
125
126
125
125
125
125
125
125
126
126
125
125
125
125
125
126
125
126
125
125
125
126
125
125
125
125
125
125
125
125
125
125
125
126
126
125
125
125
126
125
125
125
125
125
125
126
125
125
125
125
126
126
125
125
125
125
125
125
125
125
125
126
125
125
126
125
126
126
126
125
126
125
125
125
125
125
125
125
125
125
125
125
125
125
125
125
125
125
125
125
125
125
126
125
125
125
125
125
125
125
125
125
125
125
125
125
125
125
125
125
125
125
125
125
125
125
125
125
125
125
125
125
125
125
125
125
125
125
125
125
125
125
125
125
125
125
125
125
125
125
125
125
125
125
125
125
125
125
125
125
125
125
125
125
125
125
125
125
125
125
125
125
125
125
125
125
125
125
125
125
125
125
125
125
125
125
125
125
125
125
125
125
125
125
125
125
125
125
125
125
125
125
125
125
125
125
125
125
125
125
125
125
125
125
125
125
125
125
125
125
125
125
125
125
125
125
125
125
125
125
125
125
125
125
125
125
125
125
125
125
125
125
125
125
125
125
125
125
125
125
125
125
125
125
125
125
125
125
125
125
125
125
125
125
125
125
125
125
125
125
125
125
125
125
125
125
125
125
125
125
125
125
125
125
125
125
126
124
125
126
125
126
126
126
126
126
125
125
125
125
126
126
126
126
125
125
126
126
125
125
125
125
126
126
126
126
125
126
126
126
125
125
126
126
126
125
125
126
126
126
125
125
126
126
126
125
125
125
126
126
125
125
125
126
126
126
126
125
125
126
126
126
126
126
124
125
125
126
126
126
126
125
125
125
126
126
125
125
126
125
125
125
126
126
125
125
125
125
125
126
126
125
125
126
126
126
125
126
126
126
125
125
125
126
126
125
125
125
125
126
126
126
125
125
126
125
126
126
125
126
126
126
125
126
126
126
126
126
126
126
126
125
125
125
126
126
125
125
125
126
126
125
125
125
126
126
126
125
126
126
126
126
125
125
125
126
126
125
125
126
127
127
128
127
126
122
118
117
122
132
138
136
129
123
120
119
123
126
125
122
124
129
130
127
124
122
122
122
124
132
138
131
118
112
117
131
144
143
129
116
110
110
119
133
141
133
117
115
128
132
123
121
133
135
112
105
139
165
130
87
102
137
136
133
141
131
108
106
134
148
137
106
95
122
147
138
119
123
130
123
121
129
134
129
124
120
114
117
128
133
133
148
167
109
35
31
255
255
32
108
203
255
71
28
128
132
125
161
151
99
103
131
126
114
124
128
123
125
126
124
124
126
123
123
126
126
123
123
125
127
126
124
121
121
124
126
126
125
125
126
127
129
127
122
122
127
129
122
120
127
131
127
122
122
125
127
128
126
124
124
125
124
125
127
127
126
125
124
124
124
126
128
127
126
125
124
125
126
126
126
125
125
125
126
126
125
124
123
124
125
127
128
130
131
130
127
121
114
112
121
129
130
123
130
144
145
128
112
108
116
126
129
124
127
138
142
131
115
107
115
128
132
128
122
121
131
135
126
117
120
127
129
126
124
128
134
133
126
119
117
121
129
133
131
126
121
120
123
129
132
129
122
122
126
126
125
128
129
123
119
125
132
127
121
123
129
131
128
124
121
126
128
125
122
123
125
129
128
124
121
123
130
133
128
124
123
125
127
127
126
122
122
126
130
130
129
125
120
116
117
123
130
133
134
137
135
123
110
108
121
134
135
126
118
120
126
131
131
129
127
124
122
121
124
127
127
127
128
125
122
122
126
129
129
126
123
123
125
126
128
127
124
123
126
128
125
124
126
128
127
125
125
124
123
124
129
129
125
124
124
123
128
131
124
121
125
124
121
130
137
130
121
116
121
132
132
122
122
127
128
128
130
123
113
121
133
128
118
123
132
130
127
130
126
115
114
127
142
137
120
116
123
128
126
125
122
124
132
132
121
122
130
129
124
124
123
121
128
136
131
119
117
126
134
130
118
115
123
129
129
127
127
124
121
122
126
129
129
127
127
123
122
124
130
132
125
121
124
127
126
122
122
126
129
126
123
125
127
124
122
125
128
128
125
122
122
125
129
130
127
123
121
124
129
129
124
123
127
128
126
122
121
124
127
127
125
125
124
123
124
128
128
125
123
124
128
129
126
121
120
126
131
128
122
119
121
125
130
129
125
122
124
128
130
129
123
119
121
126
129
127
124
125
127
128
126
124
125
127
125
125
129
121
123
123
124
130
129
124
124
127
126
122
123
125
127
128
129
125
119
120
129
130
121
116
135
127
113
124
141
133
118
123
134
131
117
111
119
133
144
139
120
110
116
130
139
137
122
109
111
125
139
140
131
122
119
121
127
131
128
124
123
125
125
126
126
124
123
123
124
129
128
125
124
125
127
129
128
126
124
126
128
126
125
123
123
126
128
127
123
123
127
128
125
125
127
126
123
124
126
126
126
126
123
123
128
126
122
126
131
129
123
121
126
129
125
123
123
125
128
130
129
121
119
128
129
125
124
124
126
128
128
125
126
128
128
125
123
124
124
124
124
124
127
130
130
127
126
123
122
123
126
128
126
125
125
126
128
128
127
125
123
123
125
126
127
127
125
124
124
124
126
127
128
126
125
126
127
126
125
126
127
127
126
123
125
124
125
125
126
127
126
126
126
126
126
127
127
125
124
123
124
125
125
124
124
125
127
128
127
128
127
127
127
126
125
125
125
130
125
124
125
126
125
125
125
125
125
126
126
126
125
125
124
125
124
123
125
125
127
127
126
127
129
130
126
124
125
124
123
123
124
123
125
126
125
125
125
124
125
126
126
126
127
127
127
125
124
125
126
127
126
125
125
125
125
126
126
126
124
124
125
125
125
126
126
125
125
125
126
126
124
125
125
125
126
126
126
125
125
125
126
126
127
126
125
125
124
124
125
126
125
124
124
123
125
125
127
126
127
126
125
124
125
126
127
125
124
125
125
126
127
127
126
125
125
126
126
126
126
125
124
124
125
127
127
126
125
124
125
125
126
126
125
125
125
126
125
125
125
126
127
126
125
124
125
152
81
117
125
126
126
129
128
129
128
127
127
127
125
125
124
125
127
127
126
126
126
126
126
126
126
126
126
127
127
126
125
124
124
124
126
126
74
120
129
131
135
135
132
130
129
127
128
129
130
127
124
126
128
128
127
127
126
126
127
128
126
125
125
124
125
126
125
112
123
125
128
131
132
130
131
131
130
128
126
124
124
125
126
125
126
127
127
127
127
126
126
126
125
126
125
124
124
124
125
125
124
125
125
126
127
126
127
126
125
125
126
126
127
125
124
123
123
124
127
127
126
126
125
125
126
126
125
123
124
127
126
126
125
125
127
127
125
125
125
125
66
125
125
125
125
125
125
125
125
126
125
125
125
125
125
126
126
126
126
126
126
126
126
126
126
126
126
126
126
126
125
125
126
126
126
126
126
126
125
126
126
126
126
126
126
125
125
126
126
126
126
126
126
126
126
126
126
126
126
126
126
126
125
126
126
125
126
125
126
125
126
126
125
125
126
126
125
125
125
125
125
126
125
125
125
125
125
125
125
125
125
125
125
125
125
125
125
125
125
125
125
126
125
125
125
125
126
126
125
125
125
125
125
126
125
125
125
125
126
125
125
125
125
125
125
126
126
125
125
125
125
125
126
125
125
125
125
125
125
125
125
125
126
125
125
125
125
125
125
125
125
125
125
125
125
126
126
126
125
125
125
125
125
125
125
125
125
125
125
126
125
125
126
126
125
125
126
125
125
125
125
125
126
125
125
125
125
125
125
125
125
125
125
125
125
125
125
125
125
125
125
125
125
125
125
125
125
125
125
125
125
125
126
125
125
125
125
125
125
125
125
125
125
125
126
126
125
125
125
125
125
125
125
125
125
125
125
125
125
125
125
125
125
125
125
125
125
125
125
126
125
125
125
125
125
125
125
125
125
125
125
125
125
125
125
125
125
125
125
125
125
125
125
125
125
125
125
125
126
126
126
126
126
126
125
126
126
126
126
125
126
126
126
126
125
125
126
126
125
126
126
126
126
126
126
125
126
126
125
125
126
126
125
126
126
125
125
125
125
126
125
125
126
125
126
126
126
126
125
125
126
125
125
125
125
126
126
125
125
125
126
125
125
125
125
125
125
126
126
126
125
125
126
126
124
