114
117
130
135
124
115
95
125
125
125
125
125
125
125
125
125
125
125
125
125
125
125
125
125
125
125
125
125
125
125
126
125
125
125
125
125
125
125
125
125
125
125
125
125
125
125
125
125
125
125
125
125
125
125
125
125
125
125
125
125
125
125
125
125
125
125
125
125
125
125
125
125
125
125
125
126
125
125
125
125
125
125
125
125
125
125
125
125
125
125
125
125
125
125
125
125
125
125
125
125
125
125
125
125
125
125
125
125
125
125
125
125
125
125
125
125
126
126
126
126
126
126
126
126
126
125
126
126
126
126
126
126
126
125
125
125
126
126
126
125
126
126
126
126
126
126
126
125
126
125
125
126
126
126
126
126
126
126
125
126
126
126
126
126
126
125
126
126
126
126
126
126
126
126
126
126
126
126
125
126
126
126
126
126
125
125
126
125
125
125
125
125
125
125
125
125
125
125
125
125
126
125
125
125
125
125
125
125
125
126
125
125
125
125
125
125
125
125
125
125
125
125
125
125
126
125
125
125
125
125
125
125
125
125
125
125
125
125
125
126
125
125
125
125
125
125
126
125
125
125
125
125
125
126
125
125
125
125
125
126
125
125
125
125
125
126
125
125
125
125
125
125
125
125
126
125
125
125
125
126
125
126
125
125
125
125
126
126
125
125
125
125
125
125
125
125
125
125
125
125
125
125
125
125
125
125
125
125
125
125
125
125
125
125
125
126
125
125
126
125
125
126
125
125
125
126
125
126
125
125
126
125
125
125
126
126
126
125
125
125
125
125
125
125
125
125
125
125
125
125
125
125
125
125
125
125
125
125
125
125
125
125
125
125
125
125
125
125
125
125
125
125
125
125
125
125
125
125
125
125
125
125
125
125
125
125
125
125
125
125
125
125
125
125
125
125
125
125
125
125
125
125
125
125
125
125
125
125
125
125
125
125
125
125
125
125
125
125
125
125
125
125
125
125
125
125
125
125
125
125
125
125
125
125
125
125
125
125
125
125
125
125
125
125
125
125
125
125
125
125
125
125
125
125
125
125
125
125
125
125
125
125
125
125
125
125
125
125
125
125
125
125
125
125
125
125
125
125
125
125
125
125
125
125
125
125
125
125
125
125
125
125
125
125
125
125
125
125
125
125
125
125
125
125
125
125
125
125
125
125
125
125
125
125
125
125
125
125
125
125
125
125
125
125
125
125
125
125
125
125
125
125
125
127
125
125
125
125
125
125
125
125
125
125
125
125
125
125
125
125
125
125
125
125
125
125
125
125
125
125
125
125
125
125
124
125
125
125
125
126
125
125
125
125
125
125
125
125
125
125
125
125
125
125
125
125
125
125
125
125
125
125
125
125
125
125
125
125
125
125
125
125
125
125
125
125
125
125
125
125
125
125
125
125
125
125
125
125
125
125
125
125
125
125
126
125
125
125
125
126
125
125
125
125
125
125
125
125
125
125
125
125
125
125
125
125
125
125
125
125
125
125
125
125
125
125
125
125
125
125
125
125
125
125
125
125
125
125
125
125
125
125
125
125
125
125
125
125
125
125
125
125
125
125
125
125
125
125
125
125
125
125
125
125
125
125
125
125
125
125
125
125
125
125
126
125
125
125
125
125
125
125
125
125
125
125
125
125
125
125
125
125
126
125
125
125
125
125
125
125
125
125
125
125
125
125
125
125
125
125
125
125
125
125
125
125
125
125
125
125
125
125
125
125
125
125
125
125
125
125
125
125
125
125
125
125
125
125
125
125
125
125
125
125
125
125
125
125
125
125
125
125
125
125
127
126
125
125
125
125
125
125
125
125
125
125
125
125
125
125
125
125
125
125
125
125
125
125
125
125
125
125
125
125
125
125
123
125
125
125
125
126
126
126
125
125
125
125
125
125
125
125
125
125
125
125
125
125
125
125
125
125
125
125
125
125
126
126
125
125
125
125
125
125
125
125
125
125
125
125
125
125
125
125
125
125
125
125
126
125
125
125
125
125
125
125
125
125
125
125
125
125
125
125
125
125
125
125
125
125
125
125
125
125
125
125
125
125
125
125
125
125
125
125
125
125
125
125
125
125
125
125
125
125
125
125
125
125
125
125
125
125
126
126
125
125
125
125
125
125
125
125
125
125
125
125
125
125
125
125
125
125
125
125
125
125
125
125
125
125
125
125
125
125
125
125
125
126
126
125
125
125
126
125
125
125
125
125
125
125
126
125
125
126
125
125
125
125
125
125
125
125
125
125
125
125
125
125
125
125
125
125
125
125
125
126
126
125
125
126
125
125
125
126
126
125
126
126
125
125
126
126
125
125
125
126
125
125
126
125
125
125
126
126
125
125
125
125
125
125
125
125
124
125
126
126
128
126
125
125
125
125
125
125
124
124
125
126
125
125
125
126
125
126
125
125
125
125
126
125
125
126
125
122
125
126
126
126
126
126
126
125
126
126
125
125
125
125
126
125
125
126
125
124
125
125
126
125
125
125
125
125
125
126
125
125
125
126
126
125
125
125
125
125
125
125
125
125
125
125
126
126
125
125
125
125
125
125
126
125
125
125
126
125
125
125
126
126
125
126
126
126
124
125
126
125
123
124
126
124
121
122
125
127
127
131
134
133
128
123
124
129
126
118
120
121
113
105
108
124
137
133
122
122
135
153
154
127
104
114
132
133
130
130
124
118
119
122
120
118
119
120
122
127
129
124
122
125
128
127
128
132
133
129
125
126
127
127
126
123
122
123
124
124
126
127
125
122
122
124
123
123
124
125
125
125
126
128
127
125
123
126
129
128
125
125
126
127
125
125
127
127
125
124
125
125
124
123
124
125
125
124
125
125
125
125
125
126
126
125
124
124
125
126
125
124
125
126
126
127
126
125
125
126
126
127
126
124
124
125
125
125
125
125
125
125
126
126
126
125
125
126
126
130
126
125
125
125
122
125
125
126
125
124
124
124
124
124
125
125
125
124
125
125
125
125
125
126
127
126
125
126
126
124
127
126
125
126
128
128
125
124
125
125
125
124
123
124
124
124
123
122
123
125
125
125
124
125
128
129
127
125
126
127
128
127
125
125
125
126
126
125
125
125
126
124
125
124
126
123
125
124
125
124
125
125
126
125
125
125
126
126
126
126
127
126
125
126
125
126
126
125
125
125
125
125
124
124
124
124
125
125
125
126
126
124
125
126
127
127
126
126
126
125
124
119
114
119
134
141
126
110
117
139
150
149
131
92
79
120
160
143
104
97
116
138
148
132
107
112
139
149
131
111
109
126
143
137
114
110
128
128
117
127
148
149
131
117
114
120
128
120
102
107
107
126
140
133
120
120
127
130
124
127
131
132
124
123
128
131
128
124
124
124
122
123
122
120
121
128
131
130
128
128
128
126
124
122
122
123
125
125
125
124
124
126
127
126
125
125
128
129
125
123
124
126
127
126
124
121
122
127
130
128
126
123
124
126
126
126
126
123
121
122
125
128
126
126
128
133
133
134
126
113
122
134
125
114
119
126
121
115
116
122
125
127
130
136
138
136
129
121
122
125
122
118
125
136
132
115
106
110
118
133
143
141
141
133
117
115
117
109
110
131
147
133
110
112
128
133
127
125
131
142
137
120
115
120
122
114
112
125
137
132
120
116
124
137
144
136
118
106
118
136
138
127
117
114
114
123
129
117
102
121
162
187
156
87
86
149
124
22
31
210
255
125
17
98
168
144
125
126
115
120
143
144
118
107
114
116
118
123
130
126
125
130
143
142
146
72
139
131
124
113
112
123
138
150
124
98
112
142
143
124
123
133
125
113
121
135
130
122
119
118
122
130
128
122
123
129
129
127
126
124
122
124
125
134
139
127
114
122
138
134
121
118
96
125
125
125
125
125
125
125
125
125
125
125
125
125
125
125
125
125
125
125
125
125
125
125
125
125
125
125
125
125
125
125
125
125
125
125
125
125
125
125
125
125
125
125
125
125
125
125
125
125
125
125
125
125
125
125
125
125
125
125
125
125
125
125
125
125
125
125
125
125
125
125
125
125
125
125
125
125
125
125
125
125
125
125
125
125
125
125
125
125
125
125
125
125
125
125
125
125
125
125
125
125
125
125
125
125
125
125
125
125
125
125
125
125
125
125
125
125
125
125
125
125
125
125
125
125
125
125
125
125
125
125
125
125
125
125
125
125
125
125
125
125
125
125
125
125
125
125
125
125
125
125
125
125
125
125
125
125
125
125
125
125
125
125
125
125
125
125
125
125
125
125
125
125
125
125
125
125
125
125
125
124
125
125
125
125
125
125
125
125
125
125
125
125
125
125
126
125
125
125
125
125
126
126
125
125
126
126
126
126
125
125
126
126
126
126
125
125
125
125
125
125
125
125
125
126
126
126
126
126
125
126
126
125
125
125
125
125
125
125
126
125
126
125
126
126
125
125
125
126
126
125
126
125
125
125
126
126
125
126
125
126
126
125
125
126
125
125
126
125
125
125
126
125
125
125
126
125
125
125
125
125
125
125
125
125
125
125
125
125
125
125
125
125
125
125
125
125
125
125
125
125
125
125
125
125
125
125
125
125
125
125
125
125
125
125
125
125
125
125
125
125
125
125
125
125
125
125
125
125
125
125
125
125
125
125
125
125
125
125
125
125
125
126
125
125
125
125
125
126
125
125
125
125
130
