126
125
126
126
125
125
62
126
126
126
126
126
126
126
126
126
126
126
126
126
125
126
126
126
126
125
125
125
125
125
125
125
125
126
125
125
125
125
125
125
125
125
125
126
125
125
125
125
126
125
125
125
125
125
125
125
125
126
125
125
125
125
126
125
125
125
125
125
125
125
125
125
125
125
125
125
125
126
125
125
125
125
125
125
125
125
125
125
125
125
125
125
125
125
125
125
125
126
125
126
125
125
125
125
125
125
125
125
125
125
126
125
125
125
125
125
125
125
125
125
125
125
125
125
125
125
125
125
125
125
125
125
125
125
125
125
125
125
125
125
125
125
125
125
125
125
125
125
125
125
125
125
125
125
125
125
125
125
125
125
125
125
125
125
125
125
125
125
125
125
125
125
125
125
125
125
125
125
125
125
125
125
125
125
125
125
125
125
125
125
125
125
125
125
125
125
125
125
125
125
125
125
125
125
125
125
125
125
125
125
125
125
125
125
125
125
125
125
125
125
125
125
125
125
125
125
125
125
125
125
125
125
125
125
125
125
125
125
125
125
125
125
125
125
125
125
125
125
125
125
125
125
125
125
125
125
125
125
125
125
125
125
125
125
126
125
125
125
125
125
125
125
125
125
125
125
125
125
125
125
126
126
125
125
125
125
125
125
125
125
125
125
125
125
125
125
125
125
125
125
125
125
125
125
125
125
125
125
125
125
125
125
125
125
125
125
125
125
125
125
125
125
125
125
125
125
125
125
125
125
125
125
125
125
125
125
125
125
125
125
125
125
125
125
125
125
125
125
125
125
125
125
125
125
125
125
125
125
125
125
125
125
125
125
125
125
125
125
125
125
125
125
125
125
125
125
125
125
125
125
125
125
125
125
125
125
125
125
125
125
125
125
125
125
125
125
125
125
125
125
125
125
125
125
125
125
125
125
125
125
125
125
125
125
125
125
126
125
125
125
125
125
125
125
125
125
125
125
125
125
125
125
125
125
125
125
125
125
125
125
125
125
125
125
125
125
125
125
125
125
125
125
125
125
125
125
125
125
125
125
125
125
125
125
125
125
125
125
125
125
125
125
125
125
125
125
125
125
125
125
125
125
125
125
125
125
126
125
124
125
126
125
126
126
126
126
126
126
125
125
125
126
126
126
126
126
126
126
126
125
125
126
126
125
125
125
126
126
126
125
125
125
125
126
126
126
126
125
126
127
126
125
124
125
127
127
126
125
125
126
126
125
125
126
125
126
127
127
125
124
125
126
126
125
123
124
125
123
120
121
129
133
129
126
129
132
128
118
115
123
129
123
119
129
146
145
121
100
107
137
153
124
86
97
152
161
114
90
124
166
158
117
81
93
141
168
141
99
105
131
141
136
124
113
111
126
135
136
130
125
112
110
137
144
118
110
130
134
121
123
136
134
123
124
120
109
110
127
139
137
133
131
126
126
132
129
113
107
118
126
121
118
127
136
139
141
139
129
119
112
110
118
130
136
132
123
120
126
130
129
126
122
115
114
122
131
134
134
131
126
120
117
120
129
135
135
128
122
118
118
122
128
132
130
126
123
123
125
127
127
126
124
124
124
125
126
127
127
126
125
123
122
126
129
130
129
127
125
125
126
125
124
123
123
122
122
124
128
129
128
127
125
125
124
125
126
126
124
123
125
127
128
127
126
125
124
124
125
126
126
126
126
126
125
123
124
126
128
128
126
125
126
127
125
124
123
124
124
125
125
125
125
126
126
125
125
125
125
126
126
126
125
125
125
126
126
126
126
126
125
126
126
126
126
126
125
124
124
124
124
124
125
125
125
126
126
125
126
125
126
126
127
127
126
126
126
126
125
126
125
125
125
125
125
125
125
125
125
125
125
125
125
125
125
125
125
126
126
126
125
125
125
126
126
125
124
123
125
126
126
126
126
126
126
126
126
125
125
125
126
125
125
125
125
125
125
126
125
125
125
126
126
126
126
125
125
125
125
125
125
125
126
125
125
125
125
125
126
126
126
125
125
125
125
126
126
126
126
125
125
125
126
126
125
124
125
126
126
125
125
125
125
126
125
125
126
126
125
125
125
126
125
125
125
125
126
125
125
126
126
126
126
125
125
125
125
125
125
125
125
125
125
126
126
126
125
125
125
125
126
126
125
125
125
125
125
125
126
126
125
125
125
126
126
126
125
125
125
125
126
126
125
125
126
126
125
125
125
126
125
125
125
125
125
125
126
126
126
125
125
125
125
125
125
125
125
125
126
126
126
126
125
125
126
125
125
125
125
125
125
125
125
125
125
125
125
125
125
125
125
126
126
125
125
125
125
125
125
125
125
125
125
126
126
125
125
125
125
125
125
125
125
125
125
125
125
126
125
125
125
125
125
126
126
125
125
125
126
125
125
125
125
125
125
125
125
126
125
128
127
126
124
125
124
124
125
125
124
125
126
126
126
125
125
126
124
125
125
125
126
126
125
124
125
126
126
126
125
124
126
126
125
125
125
125
124
126
126
125
125
125
126
126
122
124
125
125
125
126
126
127
126
125
125
125
126
127
126
125
124
125
126
126
125
124
124
126
126
125
125
126
126
126
126
125
124
124
125
126
126
125
124
125
126
126
126
124
125
127
126
125
125
125
126
125
125
126
126
125
124
124
125
126
126
126
125
125
126
126
126
125
125
125
125
125
125
126
125
125
126
126
125
125
125
125
125
126
126
126
126
132
119
123
126
125
127
127
127
125
126
126
125
125
125
125
123
125
125
126
127
126
126
126
126
126
126
126
126
126
126
126
126
125
126
126
126
126
126
126
125
125
126
127
126
125
126
126
126
126
126
126
126
126
125
126
126
126
126
126
126
126
126
126
125
125
126
126
121
124
125
126
126
127
127
127
127
126
126
126
126
127
126
126
125
125
125
126
126
126
126
126
126
126
125
125
125
125
125
125
126
126
126
126
125
125
125
126
125
125
125
125
125
125
126
125
125
126
126
126
125
125
125
125
126
126
126
126
126
126
126
126
126
126
126
126
128
129
126
125
125
125
124
123
124
124
125
125
125
126
126
125
126
126
126
126
125
126
126
125
126
126
126
126
126
126
126
122
122
125
126
126
127
127
127
127
127
126
125
125
126
125
125
126
126
125
126
126
125
125
126
126
125
125
125
125
125
126
125
126
126
126
126
125
125
125
126
126
126
125
126
125
126
126
126
126
129
128
126
123
124
124
124
125
125
125
125
126
125
125
124
125
126
125
125
125
126
127
126
125
125
126
127
127
125
123
122
124
128
129
127
124
122
123
126
129
127
124
124
126
126
123
125
125
126
127
127
126
125
123
122
124
129
129
125
124
125
125
124
125
127
129
126
123
124
125
126
125
126
127
126
122
122
125
128
128
126
126
124
124
125
128
129
129
124
123
125
126
125
126
125
124
124
124
125
125
126
126
125
126
127
126
125
125
124
125
127
126
124
125
124
125
127
126
124
124
126
127
127
126
124
123
125
126
128
128
125
125
123
125
126
128
127
124
121
123
128
130
127
122
123
125
125
124
124
127
129
127
122
121
125
128
127
126
127
126
123
121
123
130
133
126
119
119
123
129
130
127
122
123
134
130
127
123
122
124
127
128
123
120
122
124
125
126
126
127
125
124
124
126
127
126
124
124
125
126
126
124
125
126
125
126
126
126
126
126
126
127
125
124
125
124
125
125
125
126
126
126
125
124
113
124
124
127
129
129
128
126
127
128
126
126
125
125
126
126
125
122
125
127
126
126
126
126
126
127
127
125
124
125
125
124
124
124
125
125
125
126
125
125
125
125
126
124
125
126
126
127
126
125
125
125
125
126
125
125
125
124
125
126
125
125
125
125
125
124
126
61
125
125
125
125
125
125
125
125
125
125
125
125
125
125
125
125
125
125
125
125
125
125
125
125
125
125
125
125
125
125
125
125
125
125
125
125
125
125
125
125
125
125
125
125
125
125
125
125
125
125
125
125
125
125
125
125
125
125
125
125
125
125
125
125
125
125
125
125
125
125
125
125
125
125
125
125
125
125
125
125
125
125
125
125
125
125
125
125
125
125
125
125
125
125
125
125
125
125
125
125
125
125
125
125
125
125
125
125
125
125
125
125
125
125
125
125
125
125
125
125
125
125
125
125
125
125
125
125
125
125
125
125
125
125
125
125
125
125
125
125
125
125
125
125
125
125
125
125
125
125
125
125
125
125
125
125
125
125
125
125
125
125
125
125
125
125
125
125
125
125
125
125
125
125
125
125
125
125
125
126
126
125
125
126
126
126
126
126
125
126
125
125
126
126
125
125
126
126
126
125
125
126
126
126
126
126
126
126
126
126
126
126
126
126
126
126
126
126
126
126
126
126
126
126
125
125
126
126
126
126
126
126
126
125
126
125
125
126
126
126
126
126
126
126
126
126
126
126
126
125
125
125
126
126
125
126
126
125
125
125
125
125
125
125
125
126
125
126
125
125
125
125
125
125
125
126
126
125
125
125
126
125
126
125
125
125
126
125
125
125
125
125
126
126
125
125
125
125
125
125
125
125
125
125
125
125
125
126
126
126
125
126
125
125
125
125
125
125
125
125
125
126
125
126
125
126
125
126
125
125
125
125
125
125
125
126
126
125
126
126
126
125
126
125
125
126
125
125
125
125
125
126
125
125
