125
125
124
125
125
125
35
126
125
125
126
126
126
126
126
126
126
126
126
126
126
126
126
126
126
126
126
126
126
126
126
126
125
126
126
126
126
126
126
125
126
126
126
126
126
126
126
126
126
126
126
125
125
125
125
125
126
126
126
126
126
126
125
126
125
125
126
126
125
125
126
125
126
126
125
126
126
126
126
126
126
125
125
125
126
126
126
125
125
125
126
125
126
126
126
126
126
126
126
125
125
125
126
126
126
126
125
126
125
126
125
126
125
125
126
125
126
125
126
125
126
126
126
125
125
126
125
126
125
125
126
126
125
125
126
126
126
125
126
125
126
126
126
125
125
126
126
126
125
125
126
126
125
126
126
125
125
126
126
125
126
126
126
126
125
126
125
125
126
126
126
125
126
125
126
125
125
125
125
126
125
126
125
126
126
126
126
125
125
125
125
126
125
125
125
125
125
126
125
126
126
126
125
125
125
125
125
125
125
125
125
125
125
125
125
125
125
125
125
126
125
125
125
126
125
125
125
125
125
126
126
125
125
125
125
125
125
125
125
125
125
125
125
125
125
125
125
125
125
125
125
125
125
125
125
125
125
125
125
125
125
125
125
125
125
125
125
125
125
125
125
125
125
125
125
125
126
125
125
125
125
125
125
125
125
125
125
125
125
125
125
125
125
125
125
125
125
125
125
125
125
125
125
125
125
125
125
125
125
125
125
125
125
125
125
125
125
125
125
125
125
125
125
125
125
125
125
125
125
125
125
125
125
125
125
125
125
125
125
125
125
125
125
125
125
125
125
125
125
125
125
125
125
125
125
125
125
125
125
125
125
125
125
125
125
125
125
125
125
125
125
125
125
125
125
125
125
125
125
125
125
125
125
125
125
125
125
125
125
125
125
125
125
125
125
125
125
125
125
125
125
125
125
125
125
125
125
125
125
125
125
125
125
125
125
125
125
125
125
125
125
127
126
124
122
122
126
130
130
128
125
122
123
126
127
127
126
125
124
125
125
125
125
126
126
126
125
125
126
126
124
124
126
126
125
125
126
128
127
124
125
127
126
123
124
128
128
125
124
126
127
126
125
125
126
124
122
125
129
129
125
125
128
127
124
124
125
123
123
125
126
125
127
129
129
126
123
123
125
126
127
125
123
126
127
126
124
125
127
128
126
124
124
125
125
124
123
126
128
127
126
126
125
124
125
126
126
125
126
126
126
124
123
124
126
127
127
126
126
126
126
125
125
126
126
124
125
127
126
123
122
124
126
126
125
125
124
126
129
129
125
123
125
127
127
126
126
125
127
127
123
121
125
129
126
120
131
145
117
58
90
236
255
66
69
88
255
162
58
149
175
72
89
177
167
217
255
63
255
152
255
255
153
127
47
255
211
8
62
189
134
68
99
140
180
186
106
61
102
122
91
113
179
175
112
78
92
126
160
157
119
98
115
129
126
123
124
122
121
130
138
131
113
110
122
132
131
127
127
129
133
131
119
109
115
127
134
131
126
122
119
119
125
133
137
134
127
121
118
121
128
129
124
122
124
127
128
127
126
125
123
123
125
126
123
123
126
129
130
128
126
126
126
124
123
123
124
125
125
125
125
126
127
128
129
129
127
125
124
123
123
122
122
124
126
128
128
127
128
131
131
124
116
116
126
137
135
122
126
125
125
126
127
127
126
124
125
126
126
125
125
125
125
125
124
125
126
127
126
125
125
125
125
126
126
125
125
126
126
125
124
125
126
126
125
124
126
126
126
126
127
126
126
125
124
125
125
125
124
125
125
125
126
127
126
125
124
125
127
127
125
125
125
125
125
125
126
126
125
124
125
126
127
127
125
125
125
124
124
124
124
125
124
125
126
127
127
126
125
125
126
126
125
125
125
125
125
125
125
125
126
126
125
125
125
126
125
125
127
124
126
125
125
126
126
125
125
125
125
125
125
125
125
126
126
126
125
125
124
125
125
125
127
127
126
126
126
125
125
126
126
125
125
125
126
126
126
126
126
126
126
125
126
126
125
125
125
126
126
126
126
126
125
126
126
125
125
125
125
125
125
125
125
125
125
125
123
125
125
126
127
128
126
126
126
126
126
126
126
126
125
125
125
126
125
125
125
125
125
125
125
126
126
126
125
125
126
126
127
125
126
126
126
126
125
125
126
126
126
125
125
125
125
125
126
125
125
125
125
126
126
126
126
126
125
125
126
126
126
125
125
125
126
126
126
126
126
125
125
125
125
125
125
125
126
126
125
125
125
126
126
127
127
126
126
126
125
126
125
125
125
126
126
126
125
125
125
126
127
126
125
125
125
125
126
125
125
125
125
126
126
125
126
126
125
125
125
126
126
126
125
125
125
126
126
125
125
126
126
126
125
125
126
126
126
126
125
126
126
126
126
126
126
125
126
127
128
125
125
126
125
124
125
125
125
125
126
125
125
125
125
126
125
125
126
126
125
126
127
126
126
125
125
125
125
125
125
125
126
125
125
126
125
125
126
125
125
125
125
125
125
125
125
125
125
125
125
125
125
125
125
125
126
126
125
126
125
125
125
125
125
125
125
125
125
125
125
126
125
125
125
125
125
125
125
125
125
125
125
125
125
125
125
126
126
125
125
126
125
125
125
125
125
125
125
125
125
125
125
125
125
125
125
125
125
125
125
125
126
125
125
126
126
125
126
125
125
125
125
125
125
125
125
125
125
125
125
126
125
125
126
125
125
125
124
125
125
125
125
125
125
125
126
126
128
123
125
125
124
125
126
125
125
125
125
125
125
125
125
125
126
126
127
127
126
126
126
126
126
125
125
125
125
125
126
126
126
126
126
126
126
125
125
125
125
125
125
125
125
125
126
126
126
126
126
126
126
126
125
126
125
125
125
125
125
125
125
125
125
125
125
123
122
124
125
125
126
127
127
126
126
126
125
126
126
125
126
126
125
125
125
125
126
125
125
126
125
126
125
125
126
125
125
125
125
125
125
125
125
126
125
125
125
125
125
125
125
126
125
125
125
125
126
126
125
125
125
125
126
125
125
125
125
125
125
125
125
125
126
126
125
125
125
125
126
125
125
126
126
126
126
125
126
126
126
125
125
125
125
125
125
126
126
126
125
124
125
127
126
126
124
125
125
125
125
125
126
126
125
125
125
125
126
125
124
125
125
126
126
125
125
125
126
126
126
125
125
126
125
126
125
125
125
125
125
125
126
126
126
125
125
125
125
125
125
126
126
125
126
126
126
130
127
125
123
124
123
124
124
124
124
125
126
126
126
126
125
125
125
126
125
125
124
124
125
125
125
124
124
124
125
127
127
127
127
126
126
126
125
125
124
124
125
125
126
126
126
126
126
126
126
126
125
125
124
124
125
124
125
125
126
126
126
126
125
126
126
126
126
126
125
125
125
124
125
126
125
127
126
125
125
126
125
125
125
125
125
125
125
126
125
125
126
126
126
126
126
125
125
125
125
125
126
126
126
126
125
125
126
126
125
125
125
126
126
125
126
125
125
125
124
125
125
125
126
126
125
126
125
125
125
125
125
125
124
124
125
125
125
125
125
125
125
126
125
126
126
126
125
126
125
126
126
125
126
126
125
125
125
125
126
126
125
125
125
125
125
125
126
126
125
126
125
125
124
125
124
125
125
125
125
126
125
125
125
125
129
101
130
125
127
126
127
127
126
126
126
126
125
126
125
126
127
126
126
120
64
122
127
132
132
135
132
132
131
130
128
128
128
127
128
128
126
126
126
126
127
127
127
129
128
128
127
125
126
125
126
126
127
127
124
125
126
128
128
127
126
126
126
126
126
126
124
121
111
124
125
124
127
129
129
130
131
130
128
128
127
126
126
125
125
124
125
126
125
126
36
125
125
125
125
125
125
125
126
125
125
125
125
125
125
125
125
125
125
125
125
125
125
125
125
125
125
125
125
125
125
125
125
125
125
125
125
125
125
125
125
125
125
125
125
125
125
125
125
125
125
125
125
125
125
125
125
125
125
125
125
125
125
125
125
125
125
125
125
125
125
125
125
125
125
125
125
125
125
125
125
125
125
125
125
125
125
125
125
125
125
125
125
125
125
125
125
125
125
125
125
125
125
125
125
125
125
125
125
125
125
125
125
125
125
125
125
125
125
125
125
125
125
125
125
125
125
125
125
126
125
125
125
125
125
125
125
125
125
125
125
125
125
125
125
125
125
125
125
125
125
125
125
125
125
125
125
125
125
125
125
125
125
125
125
125
125
125
125
125
125
125
125
125
125
125
125
125
125
125
125
125
125
125
125
125
125
125
125
125
125
125
125
125
125
125
125
125
125
125
125
125
125
125
125
125
125
125
125
125
125
125
125
125
125
125
125
125
125
125
126
125
125
125
125
125
126
125
125
125
125
125
125
125
125
125
125
125
125
125
125
125
125
125
125
125
125
126
126
125
126
125
125
125
125
125
125
125
125
125
125
126
125
125
126
125
125
125
125
125
125
126
126
126
126
126
126
126
126
126
126
125
126
126
126
126
126
125
125
126
126
126
126
126
125
125
126
125
126
126
125
125
125
125
125
125
125
125
125
125
125
125
125
126
125
125
125
125
125
125
125
125
125
125
126
125
125
126
125
125
126
125
126
126
125
126
125
126
126
126
126
126
126
125
126
126
126
125
125
125
126
125
125
126
125
