126
124
126
127
126
126
89
125
125
125
125
126
125
126
125
125
125
125
126
125
126
126
125
125
125
125
125
125
125
125
125
125
125
125
125
125
125
125
125
125
125
125
125
125
125
125
125
125
125
125
125
125
125
125
125
125
125
125
126
126
125
125
125
125
125
125
125
125
125
125
125
125
125
125
125
125
125
125
125
125
125
125
125
125
125
125
125
125
125
125
125
125
125
125
125
125
125
125
125
125
125
125
125
125
125
125
125
125
125
125
125
125
125
125
125
125
125
125
125
125
125
125
125
125
125
125
125
125
125
125
125
125
125
125
125
125
125
125
125
125
125
125
125
125
125
125
125
125
125
125
125
125
125
125
125
125
125
125
125
125
125
125
125
125
125
125
125
125
125
125
125
125
125
125
125
125
125
125
125
125
125
125
125
125
125
125
125
125
125
125
125
125
125
125
125
125
125
125
125
125
125
125
125
125
125
125
125
125
125
125
125
125
125
125
125
125
125
125
125
125
125
125
125
125
125
125
125
125
125
125
125
125
125
125
125
125
125
125
125
125
125
125
125
125
125
125
125
125
125
125
125
125
125
125
125
125
125
125
125
125
125
125
125
125
125
125
125
125
125
125
125
125
125
125
125
125
125
125
125
125
125
125
125
125
125
125
125
125
125
125
125
125
125
125
125
125
125
125
125
125
125
125
125
125
125
125
125
125
125
125
125
125
125
125
125
125
125
125
125
125
125
125
125
125
125
125
125
125
125
125
125
125
125
125
125
125
125
125
125
125
125
125
125
125
125
125
125
125
125
125
125
125
125
125
125
125
125
125
125
125
125
125
125
125
125
125
125
125
125
125
125
125
125
125
125
125
125
125
125
125
125
125
125
125
125
125
125
125
125
125
125
125
125
125
125
125
125
125
125
125
125
125
125
125
125
125
125
125
125
125
125
125
125
125
125
125
125
125
125
125
125
125
125
125
125
125
125
125
125
125
125
125
125
125
125
125
125
125
125
125
125
125
125
125
125
125
125
125
125
125
125
125
125
125
125
125
125
125
125
125
125
125
125
125
125
125
125
125
125
125
125
125
125
125
125
125
125
125
125
125
125
125
125
125
125
125
125
125
125
125
125
125
125
125
125
125
125
125
125
125
125
125
125
125
125
125
125
125
125
125
125
125
125
125
125
125
125
125
125
125
125
125
125
125
125
125
125
125
125
125
125
125
125
125
125
125
125
125
125
125
125
125
125
125
125
125
125
125
125
125
125
125
125
125
125
125
125
125
125
125
125
125
125
125
126
124
125
125
125
126
126
126
126
125
125
125
125
125
125
125
125
126
125
125
125
125
125
125
125
125
125
125
126
126
125
125
125
125
125
126
125
125
125
126
125
125
125
125
125
125
125
125
125
125
125
125
125
126
126
125
125
125
125
126
125
125
125
125
125
125
125
124
125
126
125
125
126
125
125
126
126
125
125
126
125
125
125
125
125
125
125
125
125
125
125
125
125
125
125
125
125
125
125
125
125
125
125
125
125
125
125
125
125
125
125
125
125
125
125
125
125
126
125
125
126
125
125
125
125
125
126
125
125
125
125
125
125
125
125
125
125
125
125
125
125
125
125
125
125
125
125
125
125
125
125
125
125
125
125
125
125
126
125
125
125
125
125
125
125
125
125
125
125
125
125
125
126
125
125
125
125
125
126
125
125
125
125
125
125
125
125
126
125
125
125
125
125
125
125
125
125
125
125
126
125
125
125
125
125
125
125
125
125
125
125
125
125
125
125
126
126
125
125
125
124
125
125
125
125
125
125
125
125
125
125
125
125
125
125
125
126
125
125
125
125
125
125
125
125
125
125
125
125
125
125
125
125
125
125
125
125
125
125
125
125
125
126
125
125
125
125
125
125
125
125
125
125
125
125
125
125
125
125
125
125
125
125
126
125
125
125
125
125
125
125
125
125
125
125
125
125
125
125
126
126
125
125
125
125
125
125
125
125
125
125
125
125
125
125
126
125
124
125
125
125
125
126
125
125
125
126
125
124
125
126
125
125
125
126
125
125
126
126
125
125
125
125
125
125
126
125
125
125
125
125
125
126
125
125
125
125
125
125
125
125
125
125
125
125
125
125
125
125
125
125
125
125
125
125
125
125
125
125
125
125
125
125
125
125
125
125
125
125
125
125
125
125
125
125
126
125
124
125
125
125
126
125
125
125
125
125
125
125
125
125
125
125
125
125
125
125
125
125
125
125
124
125
125
125
125
126
125
125
125
125
125
125
125
126
125
125
125
125
125
125
125
125
125
125
125
125
125
125
125
125
125
125
125
126
125
125
125
125
125
125
125
125
125
125
125
125
125
125
125
125
125
125
125
125
125
125
125
125
125
125
125
125
125
125
125
125
125
125
125
125
125
125
125
126
125
125
125
125
125
125
125
125
125
125
125
125
125
125
125
125
125
125
125
125
125
125
125
125
125
125
125
125
125
125
125
125
125
125
125
126
125
125
125
125
125
125
125
125
125
125
125
125
125
125
125
125
125
125
125
125
125
125
125
125
125
125
125
125
125
126
125
125
125
125
125
125
125
125
125
125
126
127
127
125
123
123
126
127
126
125
124
125
124
124
124
124
124
124
125
126
126
124
124
125
127
127
125
124
125
126
127
127
125
124
125
125
125
125
125
123
124
126
127
127
126
124
124
126
127
124
122
124
126
126
125
124
124
125
126
126
125
125
125
126
127
125
125
125
125
125
126
125
125
125
125
125
125
125
124
124
124
124
125
125
125
126
126
126
126
126
126
127
127
126
125
125
125
124
122
122
122
121
121
121
126
130
129
126
128
131
128
125
126
129
127
121
120
122
122
121
122
126
126
127
126
122
125
132
131
122
120
127
129
125
121
120
123
130
133
128
123
123
127
126
122
120
122
125
126
127
126
122
119
122
128
133
132
124
119
120
123
122
118
116
121
126
128
129
135
139
134
127
124
125
127
126
124
122
120
122
126
127
122
118
121
127
130
129
124
122
124
128
125
121
120
123
127
127
124
121
126
133
130
121
118
125
132
129
123
124
126
123
123
128
130
128
122
119
123
125
122
122
127
133
137
134
114
100
118
137
133
134
137
128
106
110
134
127
111
127
145
133
120
125
127
116
112
122
134
140
134
110
102
132
145
123
102
114
141
148
125
103
108
137
152
138
112
108
124
135
131
119
111
116
133
142
136
121
120
129
132
124
124
134
135
116
97
103
129
136
115
106
133
151
133
114
123
136
134
127
116
109
122
140
136
119
136
84
131
135
102
89
135
167
145
118
123
134
137
121
98
99
120
133
132
124
115
118
132
140
137
129
118
118
124
127
127
128
128
124
117
117
121
124
129
131
127
122
123
130
132
73
125
117
123
135
143
137
132
133
130
123
123
127
124
118
118
126
129
128
127
128
128
126
128
130
128
125
123
124
128
131
128
122
122
125
85
124
127
128
130
134
135
132
126
126
129
128
125
124
123
122
127
130
128
125
126
130
132
128
125
126
129
130
128
125
120
116
124
129
130
132
129
123
125
129
130
126
124
125
128
129
130
126
121
121
125
130
129
122
120
121
123
125
127
128
127
124
122
124
127
129
129
130
128
124
123
123
124
125
125
122
121
125
127
126
127
127
127
126
126
127
127
123
122
125
128
127
124
124
125
127
127
126
125
123
124
127
127
125
125
124
125
124
125
127
128
128
126
121
120
127
131
130
124
122
126
129
127
125
123
122
124
127
128
125
122
124
125
124
127
128
129
126
123
123
123
123
126
127
127
125
124
128
127
124
122
125
129
129
124
123
127
129
128
125
124
125
129
130
127
124
121
122
127
129
124
122
126
129
128
90
126
126
126
126
126
126
126
126
125
126
126
126
126
126
126
126
126
126
126
126
125
126
126
126
126
126
126
125
126
125
126
126
126
126
126
126
126
126
125
126
125
126
126
126
126
126
126
126
126
126
125
126
126
126
126
126
126
126
126
126
126
126
125
126
126
126
126
126
125
126
126
126
126
126
125
126
126
126
126
126
126
126
126
126
126
126
126
126
126
126
126
126
126
126
126
126
125
126
126
126
126
126
126
126
126
125
126
126
125
126
126
126
126
125
126
125
125
125
125
125
125
125
125
125
125
126
125
125
125
125
126
125
125
125
125
125
125
125
126
125
126
125
126
125
126
125
125
125
125
125
125
126
126
125
125
125
125
125
125
125
125
125
125
125
125
125
125
125
125
125
125
125
125
125
125
125
125
125
125
125
125
125
125
125
125
125
125
125
125
125
125
125
125
125
125
125
125
125
125
125
125
125
125
125
125
125
125
125
125
125
125
125
125
125
125
125
125
125
125
125
125
125
125
125
125
125
125
125
125
125
125
125
125
125
125
125
125
125
125
125
125
125
125
125
125
125
125
125
125
125
125
125
125
125
125
125
125
125
126
125
125
125
126
126
126
126
126
126
126
126
126
126
125
126
126
126
125
126
126
126
125
126
126
125
126
126
126
126
126
126
126
126
126
125
126
126
125
125
126
126
126
126
126
126
126
126
126
126
126
126
126
126
126
126
126
126
126
126
126
126
126
126
126
126
126
126
125
125
126
125
126
126
126
126
126
126
126
126
126
125
126
126
125
125
126
126
125
125
126
125
125
126
126
129
