124
125
124
123
126
127
68
125
126
125
125
125
126
125
125
126
125
125
125
125
125
126
125
126
126
125
125
125
125
125
125
125
125
125
125
125
125
125
126
125
125
125
126
125
125
126
125
125
125
125
125
125
125
125
125
125
125
125
125
125
125
125
125
125
125
125
125
125
125
125
125
125
125
125
125
125
125
125
125
125
125
125
125
125
125
125
125
125
125
125
125
125
125
125
125
125
125
125
125
125
125
125
125
125
125
125
125
125
125
125
125
125
125
125
125
125
125
125
125
125
125
125
125
125
125
125
125
125
125
125
125
125
125
125
125
125
125
125
125
125
125
125
125
125
125
125
125
125
125
125
125
125
125
125
125
125
125
125
125
125
125
125
125
125
125
125
125
125
125
125
125
125
125
125
125
125
125
125
125
125
125
125
125
125
125
125
125
125
125
125
125
125
125
125
125
125
125
126
126
125
125
125
125
125
125
125
125
125
125
125
125
125
125
125
125
125
125
125
125
125
125
125
125
125
125
125
125
125
125
125
125
125
125
125
125
125
125
125
125
125
125
125
125
125
125
125
125
125
125
125
125
125
125
125
125
125
125
125
125
125
125
125
125
125
125
125
125
125
125
125
125
125
125
125
125
125
125
125
125
125
125
125
125
125
125
125
125
125
125
125
125
125
125
125
125
125
125
125
125
125
125
125
125
125
125
125
125
125
125
125
125
125
125
125
125
125
125
125
125
125
125
125
125
125
125
125
125
125
125
125
125
125
125
125
125
125
125
125
125
125
125
125
125
125
125
125
125
125
125
125
125
125
125
125
125
125
125
125
125
125
125
125
125
125
125
125
125
125
125
125
125
125
125
125
125
125
125
125
125
125
125
125
125
125
125
125
125
125
125
125
125
125
125
125
125
125
125
125
125
125
125
125
125
125
125
125
125
125
125
125
125
125
125
125
125
125
125
125
125
125
125
125
125
125
125
125
125
125
125
125
125
125
125
125
125
125
125
125
125
125
125
125
125
125
125
125
125
125
125
125
125
125
125
125
125
125
125
125
125
125
125
125
125
125
125
125
125
125
125
125
125
125
125
125
125
125
125
125
125
125
125
125
125
125
125
125
125
125
125
125
125
125
125
125
124
125
125
125
125
125
125
125
125
125
125
125
125
125
125
125
125
125
125
125
125
125
125
125
125
125
125
125
125
125
125
125
125
125
125
125
125
125
125
125
125
125
125
125
125
125
125
125
125
125
125
125
125
125
125
125
125
125
125
125
125
125
125
125
125
125
125
125
125
125
125
125
125
125
125
125
125
125
125
125
125
125
125
125
125
125
126
125
125
125
125
125
125
125
125
125
125
125
125
125
125
125
125
125
125
125
125
127
123
125
125
126
125
126
126
125
126
125
125
126
126
126
126
126
125
125
126
126
125
126
125
125
125
125
125
125
125
126
126
124
125
125
126
126
126
126
126
126
126
126
126
125
125
126
126
126
126
125
126
126
126
126
125
125
126
126
126
126
126
126
125
126
127
128
127
123
121
119
118
118
122
133
141
140
135
130
127
120
111
111
120
125
125
125
127
129
133
131
127
126
124
122
124
127
127
123
121
121
125
130
130
125
122
124
128
127
126
124
125
128
126
119
117
132
149
141
106
80
91
143
195
183
103
45
87
170
183
128
84
92
119
145
156
138
110
99
121
147
150
131
118
120
114
100
119
155
141
103
113
141
136
117
107
122
154
150
105
92
126
142
129
126
136
134
117
112
122
132
133
127
118
119
127
128
123
124
129
129
125
122
121
124
130
131
127
125
125
124
122
124
127
127
127
127
126
125
125
126
126
125
123
123
125
128
130
127
121
120
125
129
127
124
124
125
126
128
126
125
125
125
125
125
125
125
125
126
126
125
125
125
126
126
125
125
125
125
126
126
124
122
123
128
136
140
130
109
95
104
132
155
158
136
113
109
117
119
120
118
118
128
139
138
130
130
138
136
112
86
90
124
164
181
154
101
66
85
135
153
144
139
126
103
103
124
138
140
134
119
112
131
145
131
114
114
115
118
124
124
127
140
141
121
116
134
139
126
116
103
95
114
143
150
140
132
124
116
117
121
119
126
139
140
128
112
105
117
143
150
119
91
118
152
142
117
114
126
129
124
117
123
140
133
102
101
139
145
123
125
124
120
130
130
116
125
142
126
112
130
132
106
104
134
157
152
118
86
104
155
156
113
95
119
141
134
117
114
125
135
133
128
120
117
124
136
135
114
110
132
137
120
113
127
144
142
119
96
119
145
128
111
129
139
124
115
117
127
137
135
125
110
110
130
145
135
117
115
119
123
130
133
126
121
124
124
119
125
129
130
131
134
126
113
119
127
120
121
142
145
113
95
114
139
144
134
120
110
109
123
147
151
127
105
107
127
140
128
110
112
136
154
140
110
101
115
131
140
136
120
111
120
134
136
125
118
121
127
131
128
120
116
124
132
129
125
123
121
125
128
121
120
134
138
121
113
123
131
128
125
122
121
125
132
130
124
119
116
122
135
139
123
109
116
135
144
135
113
101
112
133
145
138
121
112
119
131
131
124
126
129
126
124
122
123
122
117
117
130
141
132
117
113
117
133
148
133
101
97
129
159
152
110
88
112
148
150
127
110
111
121
134
139
127
112
113
127
136
132
123
120
124
127
128
127
123
122
125
126
126
126
125
125
129
125
120
127
133
130
123
118
119
125
129
129
132
131
118
110
126
146
134
106
109
132
130
121
135
146
117
81
113
184
150
70
96
175
163
108
95
105
126
153
150
117
93
105
140
160
146
115
99
110
129
137
136
130
123
118
116
123
134
139
129
119
119
124
126
127
125
123
119
123
129
132
127
123
123
127
129
124
122
128
133
128
122
120
122
124
124
126
128
130
127
121
120
128
134
131
120
115
121
130
131
126
125
126
124
118
121
131
136
129
118
117
127
131
131
124
120
124
125
124
124
127
129
129
129
124
119
120
128
130
124
122
127
128
123
122
128
131
126
121
124
126
123
120
122
127
132
133
127
118
119
129
132
125
121
122
123
126
129
126
122
125
129
127
126
125
124
124
123
122
124
128
128
123
124
130
129
123
122
128
129
126
122
122
125
127
126
125
125
125
122
122
128
130
123
123
128
131
124
120
122
126
129
129
125
123
125
126
126
128
127
123
120
124
128
125
124
128
135
127
124
126
127
121
118
121
126
129
126
122
125
128
124
123
126
128
125
121
124
127
127
127
126
125
123
125
126
128
127
124
122
124
126
127
125
124
126
128
124
121
124
129
126
123
123
125
124
123
123
128
129
126
126
126
126
122
121
125
131
130
123
119
122
127
127
126
126
127
125
122
123
127
128
129
127
124
123
123
125
127
126
122
125
127
124
123
123
123
125
128
127
125
124
125
125
128
128
124
122
126
126
124
125
127
128
127
126
124
123
123
126
127
125
123
124
127
127
125
125
125
125
125
124
126
127
125
122
125
129
127
122
122
128
130
126
122
123
125
126
126
125
125
126
124
121
124
129
129
127
124
123
124
125
126
125
123
125
127
126
124
125
126
126
125
126
128
126
125
125
125
126
124
123
124
126
127
125
122
121
125
129
129
125
123
126
126
126
126
126
126
126
125
124
123
126
125
125
123
125
124
123
124
126
129
127
125
126
125
125
123
125
126
125
123
124
126
125
126
127
150
113
100
125
127
123
124
126
129
131
127
124
124
125
124
123
124
126
128
127
124
122
125
128
128
127
126
126
126
125
124
124
126
130
128
124
122
125
128
127
125
125
127
126
129
126
120
122
127
129
126
123
122
126
129
129
127
125
126
125
126
128
125
121
123
127
127
124
105
123
127
125
67
125
125
125
125
125
126
125
126
126
126
125
125
126
125
126
126
126
125
125
125
125
126
125
125
126
126
125
125
125
125
126
125
125
125
125
125
125
125
125
125
125
125
126
126
125
125
125
125
125
125
125
126
126
125
125
125
125
126
125
125
126
125
125
125
125
125
126
125
125
125
125
126
125
125
125
125
125
125
126
126
125
125
126
125
125
125
125
126
125
126
125
126
125
126
126
125
125
126
126
125
126
125
125
125
125
125
125
126
126
125
125
125
126
125
125
125
125
125
125
125
125
125
126
126
125
125
125
125
125
125
125
125
125
125
125
125
125
125
125
125
125
125
125
125
125
125
125
125
125
125
125
125
125
125
125
125
125
125
125
125
125
125
125
125
125
125
125
125
125
125
125
125
125
125
125
125
125
125
125
125
125
125
125
125
125
125
125
125
125
125
125
125
125
125
125
125
125
125
125
125
125
125
125
125
125
125
125
125
125
125
125
125
125
125
125
125
125
125
125
125
125
125
125
125
125
125
125
125
125
125
125
125
125
125
125
125
125
125
125
125
125
125
125
125
125
125
125
125
125
125
125
125
125
125
125
125
125
125
125
125
125
125
125
125
125
125
125
125
125
125
125
125
125
125
125
125
125
125
125
125
125
125
125
125
125
126
125
125
125
126
125
126
126
125
125
125
125
126
125
126
126
125
126
125
126
125
125
126
125
125
125
125
126
126
126
126
126
126
126
126
126
125
126
126
126
126
126
126
126
126
126
126
126
126
125
125
125
125
126
125
126
126
126
126
126
126
126
126
126
126
126
126
125
121
