126
126
123
125
126
125
62
125
125
125
125
125
126
125
125
125
125
125
125
125
125
125
125
125
125
125
125
125
125
125
125
125
125
125
125
125
125
125
125
125
125
125
125
125
125
125
125
125
125
125
125
125
125
125
125
125
125
125
125
125
125
125
125
125
125
125
125
125
125
125
125
125
125
125
125
125
125
125
125
125
125
125
125
125
125
125
125
125
125
125
125
125
125
125
125
125
125
125
125
125
125
125
125
125
125
125
125
125
126
126
126
125
125
126
126
126
125
125
125
125
125
125
125
125
125
125
125
125
125
125
125
125
125
126
126
125
125
125
126
125
125
125
125
125
125
125
125
125
125
125
125
125
125
125
125
125
125
125
125
125
125
125
125
125
125
125
125
125
125
125
125
125
125
125
125
125
125
125
125
125
125
125
126
126
126
126
126
126
125
126
126
125
126
126
126
126
126
126
126
125
126
126
126
125
126
126
125
125
126
126
126
126
126
126
126
126
126
126
126
126
126
126
126
126
126
126
126
126
126
126
126
126
126
126
126
126
126
126
126
126
126
126
126
126
126
126
125
125
126
126
126
126
125
126
126
125
126
125
125
125
125
126
125
125
126
125
126
125
126
126
125
125
125
126
125
126
125
126
125
125
125
125
125
125
126
125
126
125
125
125
126
125
126
125
125
125
125
125
126
126
125
125
125
126
125
126
126
126
126
125
126
125
125
125
126
125
125
126
125
126
125
126
126
125
126
125
125
126
125
125
125
125
125
125
125
126
126
126
126
126
125
125
125
125
126
126
126
125
125
126
126
126
126
126
126
125
126
126
126
126
125
125
125
126
125
125
125
125
126
126
126
126
126
126
125
126
125
125
125
125
125
125
126
126
126
126
125
126
126
126
125
125
125
125
126
126
125
125
125
125
125
125
125
125
125
125
125
125
125
125
125
125
125
125
125
125
125
125
125
125
125
125
125
125
125
125
125
125
125
126
126
125
125
125
125
125
125
125
125
125
125
125
125
125
125
125
125
125
125
125
125
125
125
125
125
125
125
125
125
125
125
125
125
125
125
125
125
125
125
125
125
125
124
125
125
125
125
125
126
126
127
127
128
127
125
122
122
122
122
123
122
123
128
134
132
124
121
125
128
125
123
129
135
127
109
97
108
145
176
148
90
79
124
155
143
132
129
113
104
127
128
124
146
135
79
104
181
147
77
106
151
134
131
157
115
56
108
173
154
136
139
107
68
98
154
180
164
100
62
110
165
148
119
120
106
101
144
171
127
77
99
161
173
132
97
91
98
121
160
171
131
92
99
131
141
129
117
117
130
144
138
116
109
126
133
120
112
123
133
131
129
130
126
122
121
123
127
132
131
123
118
121
126
126
122
121
125
131
132
129
125
124
124
125
126
126
125
122
122
123
124
125
126
128
128
129
128
126
123
122
121
122
124
128
129
127
125
126
129
128
125
122
123
125
126
124
123
123
124
126
129
129
127
123
121
122
125
127
127
126
125
124
125
126
128
128
127
125
124
125
125
124
123
123
124
126
127
127
125
125
126
127
126
124
124
125
126
127
126
126
126
126
125
124
124
125
125
125
126
127
127
126
124
124
125
126
127
126
125
125
126
127
125
124
125
126
125
125
125
126
126
126
126
125
124
125
125
125
124
125
125
126
126
126
125
125
126
127
127
127
126
125
125
125
125
124
124
125
125
126
127
126
126
125
125
126
125
125
124
125
126
126
126
125
125
125
125
125
125
125
126
126
125
125
125
125
126
126
126
126
125
125
125
125
125
125
125
125
125
125
125
125
126
126
126
126
126
126
125
125
125
125
125
125
125
125
126
126
126
126
126
126
126
126
125
125
125
125
126
126
125
125
125
126
126
125
125
125
125
125
126
125
125
125
125
125
125
125
125
125
125
125
126
126
126
126
125
125
126
126
125
125
125
125
125
125
126
126
125
124
125
126
126
125
125
126
125
126
125
126
125
126
126
125
125
126
125
125
125
125
125
125
126
126
125
125
125
126
126
125
125
125
125
126
125
126
126
126
126
125
125
125
125
126
126
125
125
125
125
125
126
125
125
125
126
126
126
126
125
125
125
126
126
125
125
125
125
125
125
125
125
126
125
125
126
126
126
128
120
124
127
126
126
126
126
126
126
126
126
125
126
127
126
125
126
125
125
126
125
125
126
126
126
126
126
126
126
126
126
126
126
126
126
123
125
126
126
126
127
127
127
127
126
126
126
126
126
126
125
126
126
126
125
125
126
126
126
126
125
125
125
126
126
126
123
125
125
126
126
126
126
126
126
126
125
126
126
126
126
126
126
125
126
126
126
126
126
126
125
125
126
126
126
125
125
125
124
124
124
125
125
126
128
127
125
124
125
126
126
124
123
126
131
129
123
122
124
126
127
127
126
125
126
127
125
123
124
127
128
126
123
123
125
127
125
125
126
127
125
124
125
127
127
126
124
126
128
128
126
125
123
123
124
126
127
125
124
125
129
131
128
123
122
124
125
125
126
126
126
125
124
124
127
129
129
125
122
124
127
126
122
122
124
128
130
129
124
121
123
127
128
127
126
125
124
124
126
128
126
124
123
125
128
129
126
123
124
126
127
127
126
124
126
127
128
125
124
124
124
125
125
125
125
125
125
125
125
125
126
127
126
125
124
125
126
126
126
125
125
125
125
125
126
126
126
125
125
125
125
125
126
125
125
125
125
127
129
126
125
125
124
124
125
125
125
124
125
125
125
125
125
126
126
125
124
126
126
126
126
126
126
126
126
126
126
125
125
125
125
125
125
126
126
125
125
125
126
126
125
121
125
124
125
126
128
126
126
126
126
126
126
126
125
125
125
126
126
125
125
126
125
125
125
125
125
125
125
125
125
126
126
125
125
125
125
125
125
126
125
124
125
125
126
126
126
127
126
126
125
125
125
125
125
126
126
124
124
125
126
126
125
125
125
125
126
126
126
124
125
125
125
125
124
125
125
125
126
127
127
127
126
126
127
126
125
125
124
125
125
125
126
126
125
126
126
126
126
125
126
125
125
125
125
125
125
125
125
125
125
126
126
126
126
126
125
126
125
125
125
125
125
124
124
126
126
126
126
125
125
126
125
125
125
125
126
126
126
126
126
126
126
125
126
126
125
125
125
125
125
126
125
125
125
126
126
125
125
126
127
127
123
124
126
124
125
129
127
121
125
128
124
123
130
127
120
125
130
125
121
125
127
126
126
125
124
125
125
124
125
126
126
124
124
126
127
124
125
128
127
123
123
126
128
127
125
125
127
126
122
122
127
128
125
126
126
126
123
123
125
128
126
125
125
123
124
127
126
124
124
124
125
126
126
126
125
124
124
125
125
126
125
124
124
124
126
126
124
125
125
127
147
93
119
123
126
127
130
128
128
126
126
125
124
124
125
126
126
127
125
124
124
128
128
125
124
126
126
126
127
127
126
125
125
125
124
125
127
128
126
124
124
126
128
129
126
124
125
127
125
123
124
126
127
126
125
124
126
128
127
126
127
126
125
126
126
124
125
115
125
127
124
125
127
127
128
128
128
127
126
126
125
125
126
126
126
126
125
126
127
125
125
125
126
126
124
124
125
126
125
125
124
124
125
126
126
125
124
126
126
126
127
126
125
124
124
125
125
123
124
124
125
126
126
126
126
126
126
126
126
126
125
125
124
125
125
125
125
126
127
126
127
126
125
125
124
125
125
126
125
124
125
125
124
125
126
125
125
125
126
126
125
124
126
126
126
127
126
126
125
126
124
125
126
126
125
125
125
124
125
125
125
125
125
125
126
126
126
126
125
126
126
125
125
125
126
126
125
124
125
125
126
126
125
126
125
126
61
125
125
125
125
125
125
125
125
125
125
125
125
125
125
125
125
125
125
125
125
125
125
125
125
125
125
125
125
125
125
125
125
125
125
125
125
125
125
126
126
125
125
125
125
125
125
125
125
125
125
125
125
125
125
125
125
125
125
125
125
125
125
125
125
125
125
125
125
125
125
125
125
125
125
125
125
125
125
125
125
125
125
125
125
125
125
125
125
125
125
125
125
125
125
125
125
125
125
125
125
125
125
125
125
125
125
125
125
125
125
125
125
125
125
125
125
125
125
125
125
125
125
125
125
125
125
125
125
125
125
125
125
125
125
125
125
125
125
125
125
125
125
125
125
125
125
125
125
125
125
125
125
125
125
125
125
126
125
125
125
125
125
125
125
125
125
125
125
125
125
125
125
125
125
125
125
125
125
125
125
125
125
125
125
125
125
125
125
125
125
125
125
125
125
125
125
125
125
125
125
125
125
125
125
125
125
125
125
125
125
125
125
125
125
125
125
125
125
125
125
125
125
125
125
125
125
125
125
125
125
125
125
125
125
125
125
125
125
125
125
125
125
125
125
125
125
125
125
125
125
125
125
125
125
125
125
125
125
125
125
125
125
125
125
125
125
125
125
125
125
125
125
125
125
125
125
125
125
125
125
125
125
125
125
125
125
125
125
125
125
125
125
125
125
125
125
125
125
125
125
125
125
125
125
125
125
125
125
125
125
125
125
125
125
125
125
125
125
125
125
125
125
125
125
125
125
125
125
125
125
125
125
125
125
125
125
126
126
125
125
125
125
125
125
125
125
125
125
125
125
125
125
125
127
