125
125
125
127
127
125
58
126
126
126
126
126
126
126
126
126
126
126
125
126
126
126
126
126
125
126
126
126
126
126
126
126
126
126
125
126
126
126
126
126
126
125
126
126
126
126
125
125
126
126
126
126
126
125
126
125
126
125
125
125
126
125
125
125
126
125
125
126
125
125
125
125
125
125
125
125
126
126
125
125
125
125
125
126
125
125
125
126
125
125
125
125
125
125
125
125
125
125
125
125
125
125
125
125
125
126
125
126
125
125
126
125
125
125
125
125
126
125
125
126
125
125
125
126
125
126
125
125
126
125
125
125
125
125
125
125
125
125
125
126
125
125
126
126
125
125
125
125
125
125
125
126
125
125
125
126
125
126
125
126
125
125
125
125
125
125
125
126
126
125
125
125
125
126
125
125
126
125
126
125
125
125
126
125
125
125
125
125
125
125
125
125
126
125
125
126
126
125
125
125
125
125
125
125
125
125
125
125
125
125
125
125
125
125
125
125
125
125
125
125
125
125
125
125
125
125
125
125
125
125
125
125
125
125
125
125
125
125
125
125
125
125
125
125
125
125
125
125
125
125
125
125
125
125
125
125
125
125
125
125
125
125
125
125
125
125
125
125
125
125
125
125
125
125
125
125
125
125
125
125
125
125
125
125
125
125
125
125
125
125
125
125
125
125
125
125
125
125
125
125
125
125
125
125
125
125
125
125
125
125
125
125
125
125
125
125
125
125
125
125
125
125
125
125
125
125
125
125
125
125
125
125
125
125
125
125
125
125
125
125
125
125
125
125
125
125
125
125
125
125
125
125
125
125
125
125
125
125
125
125
125
125
125
125
125
125
125
125
125
125
125
125
125
125
125
125
125
125
125
125
125
125
125
125
125
125
125
125
125
125
125
125
125
125
125
125
125
125
125
125
125
125
125
125
125
125
125
125
125
125
125
125
125
125
125
125
125
125
125
125
125
125
125
125
125
126
124
125
125
126
125
126
126
125
125
125
125
126
125
125
125
125
126
126
125
125
125
124
125
126
126
126
126
126
126
126
126
126
126
125
125
126
126
126
125
126
126
126
126
126
126
126
125
126
126
126
125
125
125
126
126
126
126
126
125
126
126
126
126
126
126
126
125
125
125
125
125
126
126
126
126
125
125
125
125
125
126
125
125
125
125
125
126
126
125
125
126
127
128
127
125
124
124
125
123
119
122
130
132
122
117
132
144
127
102
111
145
151
120
102
119
141
139
122
114
122
131
123
115
123
134
130
125
125
124
120
124
137
141
118
100
118
144
130
104
123
162
171
101
46
115
192
159
77
103
144
132
148
148
67
73
153
152
99
159
253
135
31
36
181
226
170
99
70
119
169
128
55
72
157
185
151
129
116
107
113
114
117
139
141
115
106
131
155
146
115
97
108
124
134
141
140
132
124
110
98
109
133
139
132
134
147
143
116
94
103
129
142
135
127
127
127
120
113
118
131
140
138
131
125
121
116
112
116
127
133
130
125
124
127
128
126
125
126
125
123
122
125
128
130
128
128
127
125
123
122
123
124
126
125
124
123
125
127
128
129
128
127
126
124
122
122
124
124
124
125
125
127
129
128
127
126
125
125
125
125
124
124
124
125
125
124
125
126
127
128
128
127
126
125
123
122
123
124
126
126
127
127
126
126
125
126
126
126
126
125
125
124
124
124
124
125
126
126
126
126
126
126
126
125
125
125
125
126
126
126
125
125
125
124
125
125
125
126
126
126
126
126
125
125
125
125
125
125
126
125
125
125
125
125
125
125
125
125
125
125
125
125
125
126
126
126
127
126
126
125
125
125
124
125
125
125
125
125
125
126
126
127
123
125
126
126
126
126
126
126
126
126
125
126
125
126
126
126
126
126
126
125
124
123
125
124
125
126
126
126
126
126
126
126
126
126
126
126
126
126
126
126
126
125
125
125
125
125
125
125
126
126
126
126
126
126
126
126
126
126
125
126
126
126
125
126
126
125
124
125
125
126
126
126
126
126
126
126
126
126
126
126
126
126
125
125
125
126
125
125
125
125
126
126
126
125
125
126
126
126
125
125
126
126
125
125
125
126
126
125
125
126
126
126
126
126
125
125
125
125
125
126
126
126
125
125
125
126
125
125
125
126
126
126
125
125
126
126
126
126
126
126
126
126
126
125
125
125
125
125
125
125
126
125
126
126
126
126
126
126
126
126
126
126
125
125
125
126
126
126
125
126
126
126
125
125
126
126
126
125
125
125
125
126
126
126
126
125
126
126
126
126
126
126
126
126
126
125
125
126
126
126
125
125
125
126
126
126
126
125
125
126
126
126
126
126
128
127
125
125
125
125
125
125
125
125
125
126
125
125
125
125
125
125
126
126
125
125
125
125
125
125
125
126
126
129
126
126
125
125
125
125
125
125
125
125
125
125
125
126
125
126
125
125
126
125
126
125
125
125
125
126
125
126
126
125
125
125
125
125
125
126
126
126
125
126
125
125
125
125
126
125
125
126
125
125
125
126
125
125
125
125
125
125
125
125
125
125
125
125
125
125
126
126
125
125
126
126
126
125
126
126
126
126
125
125
125
126
125
125
125
125
125
125
125
125
125
126
125
125
125
125
129
121
119
126
126
126
127
127
126
126
126
126
126
126
126
125
126
126
126
126
126
125
125
126
125
126
126
125
118
125
126
126
127
127
127
127
127
126
126
126
126
125
125
126
126
126
126
126
126
126
126
126
126
126
126
125
126
126
126
126
125
125
125
126
126
126
125
123
123
125
126
125
127
127
126
127
127
126
125
125
126
126
126
126
126
126
126
126
126
126
125
125
125
125
125
125
126
126
126
125
126
125
126
126
126
126
125
125
125
125
125
125
125
126
126
125
125
126
126
126
125
126
125
125
125
125
125
126
125
125
126
125
126
125
125
126
126
126
126
125
126
126
126
126
126
126
125
125
125
126
126
126
125
125
125
126
125
125
125
125
126
126
125
126
126
126
126
125
126
125
125
126
125
125
126
126
125
125
126
126
125
126
126
126
125
126
125
126
126
125
125
126
126
126
125
125
126
126
126
126
126
126
126
125
125
126
126
126
126
126
126
125
126
126
125
126
132
126
125
125
125
124
125
125
125
125
125
126
125
125
125
126
126
125
126
125
126
126
125
125
125
125
125
126
125
125
126
126
126
126
128
129
126
124
125
124
124
124
125
125
125
124
125
126
126
125
125
126
126
126
126
126
125
125
125
126
126
126
125
124
124
125
125
125
126
126
125
125
126
127
125
124
125
141
84
122
128
129
127
129
128
128
127
127
126
125
125
125
126
127
126
126
125
126
126
126
125
126
127
126
126
128
128
119
91
127
127
129
129
131
130
130
129
128
126
126
127
126
127
127
127
127
128
127
126
125
125
127
127
126
126
126
127
126
127
126
127
125
127
125
117
125
126
126
127
129
128
127
127
127
127
127
127
126
126
127
125
126
125
125
125
126
126
126
126
126
126
124
125
125
125
125
126
126
127
126
126
126
124
125
126
126
125
124
126
126
126
126
125
125
125
125
125
125
126
126
126
124
125
126
126
126
125
124
126
126
124
125
125
126
126
125
125
125
126
126
126
125
126
126
126
125
124
125
126
128
127
124
124
126
127
126
126
124
125
125
125
125
125
125
126
126
126
127
126
126
126
126
126
125
126
126
126
125
125
125
126
125
126
126
125
125
125
125
125
126
125
126
125
126
126
125
124
125
126
127
126
126
127
126
125
126
126
126
126
125
126
126
132
131
125
123
125
122
123
124
123
124
125
125
126
125
124
124
125
127
127
126
126
127
126
127
127
126
125
125
125
126
126
125
123
124
126
125
125
126
133
130
57
125
125
125
125
125
125
125
125
125
125
125
125
125
125
125
125
125
125
125
125
125
125
125
125
125
125
125
125
125
125
125
125
125
125
125
125
125
125
125
125
126
125
125
126
125
125
125
126
125
126
125
125
125
126
126
125
125
125
125
125
126
125
125
125
125
125
126
125
126
126
126
126
126
126
126
126
126
126
126
126
126
126
126
126
125
126
126
126
126
126
126
126
126
126
125
126
126
126
126
126
125
126
126
125
126
125
126
126
126
126
126
126
126
126
125
125
126
126
126
125
125
125
126
125
126
125
125
125
125
125
125
126
126
125
125
125
125
125
125
126
125
126
125
126
126
125
126
125
126
126
126
126
126
126
125
125
126
125
126
125
126
125
126
126
125
126
126
126
126
126
125
126
126
126
125
125
125
126
125
125
126
125
126
126
125
126
126
126
125
126
125
125
126
125
126
126
126
126
126
126
125
126
125
126
125
125
126
125
126
125
125
125
125
125
126
126
125
126
125
126
125
125
126
126
126
126
125
125
125
125
126
125
125
125
126
126
125
125
126
125
126
126
126
125
125
125
126
125
125
125
125
126
126
126
126
125
126
125
125
125
125
125
125
126
125
125
125
125
125
126
125
125
125
125
126
125
125
125
125
125
125
126
126
126
126
126
125
125
125
125
125
125
125
125
125
125
125
125
125
125
125
125
125
125
125
125
125
125
125
125
125
125
125
125
125
125
125
125
125
125
125
125
125
125
125
125
125
125
125
125
125
125
125
125
125
125
125
125
125
125
125
125
125
125
125
125
125
125
125
125
125
125
125
124
