126
125
125
126
125
125
55
125
125
125
125
125
125
125
125
125
125
125
125
125
125
126
125
125
125
125
125
125
125
125
125
125
125
125
125
125
125
125
125
125
125
125
125
125
125
125
125
125
125
125
125
125
125
125
125
125
125
125
125
125
125
125
125
125
125
125
125
125
126
125
125
125
125
125
125
125
125
125
125
125
125
125
125
125
125
125
125
125
125
125
125
125
125
125
126
125
125
125
125
125
125
125
125
125
125
125
125
125
125
125
125
125
125
125
125
125
125
125
125
125
125
125
125
125
125
125
125
125
125
125
125
125
125
125
125
125
125
125
125
125
125
125
125
125
125
125
125
125
125
125
125
125
125
125
125
125
125
125
125
125
125
125
125
125
125
125
125
125
125
125
125
125
125
125
125
125
125
125
125
125
125
125
125
125
125
125
125
125
125
125
125
125
126
126
125
125
125
125
125
125
125
125
125
125
125
125
125
125
125
125
125
125
125
125
125
125
125
125
125
125
125
125
125
125
125
125
125
125
125
125
125
125
125
125
125
125
125
125
125
125
125
125
125
125
125
125
125
125
125
125
125
125
125
125
125
125
125
125
125
125
125
125
125
125
125
125
125
125
125
126
125
125
125
125
125
125
125
125
126
126
125
125
125
125
125
125
125
125
125
125
125
125
125
125
125
125
125
125
126
125
125
125
125
126
125
125
125
125
126
126
126
125
125
126
126
125
125
125
125
126
126
125
125
125
125
125
125
126
125
125
125
126
126
125
125
125
125
126
126
125
125
124
125
126
126
125
125
126
126
125
125
125
125
126
126
125
125
125
125
125
125
125
126
126
125
125
125
125
125
126
126
126
125
125
125
126
126
125
125
125
125
126
125
125
125
125
125
125
125
125
125
126
125
125
125
125
125
125
125
125
125
125
125
126
126
126
126
125
125
125
125
125
125
125
125
125
125
125
125
125
125
126
126
125
125
125
125
125
125
126
125
125
126
125
125
125
125
125
126
126
125
124
124
125
125
126
125
125
125
125
126
126
126
125
125
125
125
125
125
125
125
125
125
125
125
125
125
125
126
126
125
125
124
125
125
125
125
125
125
125
125
125
124
125
125
124
121
111
109
161
227
169
21
3
112
180
170
186
135
85
90
64
83
255
255
3
244
94
255
255
3
17
93
133
136
168
159
103
99
154
157
91
74
133
156
122
108
113
109
120
152
161
127
97
114
139
121
93
116
163
158
107
89
116
136
134
128
131
133
127
114
111
125
139
134
122
118
119
121
125
127
123
124
135
143
136
124
120
118
116
119
129
133
128
122
122
122
121
125
131
133
131
129
128
125
122
120
121
125
128
129
126
123
124
126
129
131
131
127
121
120
121
125
128
128
126
124
124
126
128
128
127
124
124
124
124
125
128
129
129
126
123
123
125
126
126
124
125
126
126
125
124
125
126
127
127
126
125
125
126
126
126
126
126
126
125
125
125
125
124
125
125
127
129
129
127
125
124
123
123
123
124
125
126
127
127
127
127
127
126
125
126
126
126
125
125
124
124
125
125
125
126
126
126
126
126
126
125
125
125
125
125
125
125
126
125
126
126
127
127
126
126
126
125
126
126
125
125
125
125
125
125
126
125
125
126
125
125
125
125
126
126
126
126
126
126
126
126
126
126
125
125
124
125
125
126
125
126
125
126
126
126
126
126
125
125
126
125
126
126
126
126
126
126
126
125
125
125
125
126
126
126
126
125
125
125
124
125
125
125
125
126
126
126
126
126
125
125
125
125
125
126
125
125
125
125
125
125
125
125
125
126
126
126
126
126
126
125
125
125
125
125
125
125
125
125
125
125
125
125
125
125
125
125
125
126
126
125
125
125
125
125
125
125
126
125
126
126
126
125
126
126
126
125
125
126
126
125
125
126
126
125
125
126
126
125
125
125
125
125
125
126
125
125
125
125
126
126
126
126
125
126
126
125
125
125
125
125
125
125
126
126
126
125
125
125
126
125
125
126
126
125
125
125
125
125
125
125
125
125
125
126
126
125
125
125
126
126
125
125
125
125
125
125
125
125
125
126
125
125
125
125
125
125
126
126
126
125
125
125
125
125
125
125
125
125
125
126
125
125
125
126
126
125
125
125
125
125
125
125
126
125
125
125
126
126
126
126
125
125
125
125
125
125
125
128
126
126
125
125
124
124
125
125
125
125
125
125
125
125
125
125
125
125
125
125
125
125
125
126
125
125
125
125
126
126
125
125
125
126
126
125
125
124
125
125
125
126
126
125
125
126
126
125
125
126
125
125
125
125
125
125
125
125
125
125
125
125
125
125
125
125
125
125
125
125
125
125
126
125
125
125
126
126
126
125
125
126
125
126
125
125
125
125
126
126
126
125
125
125
125
125
125
125
125
125
125
125
125
125
125
126
125
125
125
125
125
126
126
125
125
125
125
125
125
126
125
125
126
125
125
125
125
126
126
125
125
125
125
125
125
125
126
125
125
126
126
125
125
125
126
125
125
125
125
125
125
125
125
125
124
125
125
125
125
126
126
126
125
125
126
126
126
126
126
126
125
125
125
125
126
125
125
125
125
126
125
125
125
125
125
125
126
126
125
126
126
125
125
125
126
125
125
125
126
126
124
124
125
126
126
126
125
126
125
125
126
125
126
126
125
125
125
125
126
126
126
126
125
125
125
125
125
124
125
125
126
125
124
124
125
125
125
126
125
126
126
125
125
126
126
125
125
125
126
126
125
125
125
126
126
126
125
126
126
128
128
126
125
125
124
123
124
124
125
125
126
125
124
124
125
125
126
125
124
126
126
126
125
125
125
125
126
125
124
124
125
126
123
123
124
126
125
127
127
126
126
126
125
125
125
125
126
125
125
126
126
126
125
125
125
125
125
126
126
125
126
125
125
126
125
125
124
125
125
125
126
126
125
125
126
125
125
125
125
125
125
125
126
125
125
126
125
125
126
126
125
126
125
125
125
125
126
126
125
125
125
125
125
125
125
125
125
125
125
125
125
125
125
127
125
126
125
126
126
124
125
126
125
125
126
125
126
126
125
125
126
125
125
126
126
126
125
126
124
125
125
125
125
126
125
125
125
126
125
125
125
125
126
126
125
125
125
126
126
125
125
125
125
125
125
125
125
125
125
125
125
126
125
125
125
126
126
126
125
125
126
126
125
128
125
126
124
125
124
125
125
125
125
125
126
126
126
125
125
125
125
125
125
125
127
125
124
124
125
126
126
126
126
125
125
125
125
126
127
126
128
125
125
125
124
125
124
124
125
126
127
124
124
125
127
125
126
126
124
123
124
126
125
124
126
127
128
126
126
125
124
125
125
125
125
131
128
124
124
122
123
126
125
124
125
125
125
125
124
125
124
124
124
125
127
127
127
126
126
126
126
124
123
123
124
126
125
126
124
123
124
124
125
127
126
128
130
127
125
125
125
126
124
123
124
126
127
126
126
124
125
124
124
124
124
126
125
125
124
126
127
126
126
126
126
125
128
126
126
124
124
125
125
124
126
124
124
125
126
124
125
127
126
126
125
126
125
126
126
124
124
125
126
125
125
125
124
125
126
122
124
123
126
125
126
127
124
125
125
126
126
126
125
127
126
126
126
124
124
126
125
125
125
126
126
127
126
126
124
125
126
123
125
125
125
125
126
126
126
125
126
126
126
127
125
125
126
125
125
128
125
124
124
125
125
125
124
124
125
125
126
127
125
126
125
126
125
124
124
125
125
125
124
125
125
126
126
126
125
125
124
124
125
125
127
126
125
125
125
125
126
126
127
125
126
126
125
126
127
126
125
126
126
125
124
124
124
125
125
126
126
126
126
124
126
127
125
125
124
124
54
125
125
125
125
125
125
125
126
125
125
125
125
125
125
125
125
125
126
125
125
125
125
125
125
125
125
125
125
125
125
125
125
125
125
125
125
125
125
125
125
125
125
125
126
126
125
125
125
125
125
125
125
125
125
125
125
125
125
125
125
125
125
125
125
125
125
125
125
125
125
125
125
125
125
125
125
126
125
125
125
125
125
125
125
125
125
125
125
125
125
125
125
125
125
125
125
125
125
125
125
126
125
125
125
125
125
125
125
125
125
125
125
125
125
125
125
125
125
125
125
125
125
125
125
125
125
125
125
125
125
125
125
125
125
125
125
125
125
125
125
125
125
125
125
125
125
125
125
125
125
125
125
125
125
125
125
125
125
125
125
125
125
125
125
125
125
125
126
125
125
125
125
125
125
125
125
125
125
125
125
125
125
125
125
125
125
125
125
125
125
126
125
125
125
125
125
125
125
125
125
125
125
125
125
125
125
125
125
125
125
125
125
125
125
125
125
125
125
125
126
126
126
125
125
125
126
125
126
126
125
125
125
125
126
125
125
125
125
126
126
126
126
126
126
125
125
125
125
125
125
125
125
126
125
125
125
125
126
126
126
125
125
125
125
125
125
126
125
125
125
126
126
126
125
125
125
126
126
125
125
126
126
126
125
125
126
126
126
125
125
126
126
125
125
125
126
126
125
125
126
126
126
125
125
125
126
126
126
125
126
126
126
126
125
125
126
125
125
125
125
126
125
125
125
126
126
126
125
125
126
126
126
126
125
126
126
126
125
125
126
127
126
125
125
126
127
126
126
126
125
123
124
125
118
