124
125
128
125
124
125
46
125
125
125
125
125
125
125
125
125
125
125
125
125
125
125
125
125
125
125
125
125
125
125
125
125
125
125
125
125
125
125
125
126
125
125
125
125
125
125
125
125
125
125
125
125
125
125
125
125
125
125
125
126
125
125
125
125
125
125
125
125
125
125
125
125
125
125
125
125
125
125
125
125
125
125
125
125
125
125
125
125
125
125
125
125
125
125
125
125
125
125
125
125
125
125
125
125
125
125
125
125
125
126
125
125
125
125
125
125
125
126
125
125
125
125
125
125
125
125
125
125
125
125
125
125
125
125
125
125
125
125
125
125
125
125
125
125
125
125
125
125
125
125
125
125
125
125
125
125
125
125
125
126
125
125
125
125
125
125
125
125
125
125
125
125
125
125
125
125
125
126
125
125
125
125
125
125
125
125
125
125
125
126
126
125
125
125
125
125
125
125
125
125
125
125
125
125
125
125
125
125
126
125
125
126
126
125
125
125
125
125
125
125
125
125
125
125
125
125
126
125
125
125
125
125
125
125
125
125
125
125
125
125
125
125
125
125
125
125
125
125
125
125
125
125
125
125
125
125
125
125
125
125
125
125
125
125
125
125
125
125
126
125
126
125
125
125
125
125
125
125
125
125
125
125
125
125
125
125
125
125
125
125
125
125
125
125
125
125
125
126
125
125
125
126
125
125
125
125
125
125
125
125
125
125
125
125
125
125
125
126
125
125
125
125
125
125
125
125
125
125
125
125
125
125
125
125
125
125
126
126
126
126
125
125
125
125
125
125
126
126
126
125
125
125
125
125
125
125
125
125
125
126
125
125
125
125
125
125
126
126
126
126
126
125
125
125
126
126
125
125
125
126
126
125
125
125
125
126
125
125
125
125
125
125
126
126
125
123
122
124
126
127
125
124
125
129
132
129
123
122
123
125
125
123
123
124
125
124
125
127
126
126
126
125
124
125
126
126
126
125
125
125
124
124
125
126
127
127
126
126
125
124
124
124
124
125
126
126
126
125
125
125
126
127
127
126
125
124
124
123
123
124
126
128
128
127
126
124
123
124
125
125
126
127
125
124
125
125
125
126
125
122
124
127
128
127
126
125
122
121
124
127
129
127
124
124
125
125
127
127
125
125
126
124
121
122
122
124
131
136
131
121
118
123
125
119
119
132
137
123
122
143
133
95
101
155
159
100
83
136
169
124
89
126
173
131
67
91
161
169
123
92
117
149
138
107
110
129
133
133
139
120
91
123
173
145
70
73
143
184
154
96
78
139
182
119
51
107
207
177
73
69
134
146
125
122
134
134
129
117
107
136
149
116
104
134
141
110
99
132
154
140
122
117
110
108
119
137
141
129
121
127
131
120
110
124
144
138
117
114
126
133
129
121
116
119
126
129
129
130
131
125
120
122
125
126
125
124
123
124
126
128
128
126
125
125
126
124
125
129
130
124
117
116
123
131
131
125
120
121
127
135
136
127
116
116
126
133
131
124
121
122
123
124
124
126
126
123
121
122
127
131
132
127
123
123
126
128
125
122
122
124
125
127
128
126
123
122
127
133
133
126
119
117
121
126
128
129
128
125
123
122
123
127
133
132
123
114
115
123
132
135
129
123
122
123
122
125
130
128
124
124
123
119
122
135
140
126
108
111
131
144
135
119
116
126
130
124
120
124
128
124
121
125
130
129
125
123
124
125
125
123
123
124
125
126
128
128
126
125
125
126
127
127
125
125
125
125
125
125
125
125
126
126
125
125
126
125
124
123
124
125
125
125
125
126
127
127
125
124
124
125
126
126
125
125
125
125
125
125
125
126
126
126
125
125
124
124
124
125
126
126
126
125
125
125
125
125
125
124
124
125
125
126
126
125
125
125
125
126
126
126
125
125
126
126
125
124
125
125
125
126
125
125
125
125
125
125
126
126
126
126
125
125
125
125
125
125
125
125
124
125
126
126
126
125
125
125
125
126
126
125
125
125
125
125
125
125
124
125
125
126
126
126
126
126
126
126
125
125
124
124
125
125
125
125
125
125
126
126
126
126
126
125
125
124
125
125
125
125
125
125
126
126
126
125
125
126
125
124
124
124
125
126
126
125
125
126
127
126
124
123
126
127
126
125
124
126
126
125
124
124
126
127
126
125
124
125
125
125
125
125
125
126
125
125
125
125
125
126
126
126
126
125
125
125
125
125
125
125
124
125
124
124
125
127
126
125
125
125
126
128
125
124
125
126
126
125
123
123
125
125
125
125
126
125
124
125
125
125
125
126
127
127
126
126
126
125
126
127
125
124
125
126
125
123
123
125
126
126
125
124
126
128
126
123
124
126
126
124
122
124
125
126
126
125
125
127
128
127
125
125
125
125
126
124
123
124
126
126
125
125
125
125
125
125
125
125
125
126
125
125
125
125
126
125
125
125
126
126
125
125
125
126
126
125
125
126
126
126
125
122
124
125
126
126
126
125
126
126
125
125
125
125
125
125
125
125
126
127
126
125
125
124
125
125
126
125
124
124
126
127
126
126
126
126
125
125
125
125
125
124
124
124
125
125
126
125
125
126
126
127
127
126
125
126
126
125
124
124
124
124
125
126
125
125
126
127
127
125
125
125
125
125
124
124
124
125
126
125
125
125
126
126
126
125
125
125
125
125
125
125
125
125
126
125
125
126
124
126
124
125
126
126
126
126
126
125
125
126
126
125
125
126
125
125
124
125
125
125
124
125
124
125
125
126
125
126
125
126
125
125
125
125
125
126
125
125
125
125
125
126
125
125
125
126
126
125
125
126
126
126
125
125
125
125
125
125
125
125
126
126
126
125
125
126
126
125
125
125
125
125
125
124
125
125
126
125
125
125
126
126
126
125
125
125
125
126
125
125
125
126
126
125
125
125
125
125
126
125
125
125
125
125
125
125
125
125
125
125
124
125
126
125
126
125
125
125
126
126
125
125
125
126
131
126
125
126
125
124
124
124
123
124
126
124
124
125
126
127
127
125
124
124
124
125
126
125
124
123
126
127
127
127
127
126
125
125
126
126
125
124
123
123
124
125
125
123
125
126
128
128
127
126
128
127
126
125
124
122
122
124
123
124
124
126
127
127
127
128
126
125
125
124
124
124
123
124
124
125
125
126
126
126
125
126
125
125
124
124
124
125
125
125
125
125
125
126
126
125
125
126
126
126
126
125
125
125
126
123
122
125
127
126
127
127
126
125
125
124
124
124
124
125
125
125
126
126
127
126
125
124
126
125
125
125
124
124
125
126
126
125
125
126
126
126
125
125
125
125
125
124
124
124
125
125
124
124
125
126
126
126
125
126
126
126
125
125
125
125
125
125
125
126
125
126
126
126
125
127
126
126
126
126
125
124
126
126
125
125
126
125
125
124
125
125
125
125
124
125
124
124
126
125
125
125
126
125
125
125
126
126
126
125
125
125
126
127
126
125
126
127
126
126
126
125
126
125
125
124
124
125
124
126
125
126
128
128
126
125
123
124
125
126
126
122
120
124
128
128
126
127
125
125
126
126
125
125
124
124
123
123
124
124
124
124
126
128
128
128
128
127
127
126
125
124
123
121
122
122
126
125
125
126
128
129
129
126
127
125
125
124
123
122
122
124
126
126
125
125
127
126
125
125
125
125
127
124
124
123
124
126
127
124
124
126
125
125
124
127
127
126
125
124
125
126
125
127
126
126
126
127
129
130
123
124
124
123
122
121
121
123
125
127
125
125
125
127
127
125
124
128
128
125
124
125
128
123
122
126
131
127
124
125
128
125
123
122
125
125
125
125
126
126
123
120
124
125
127
127
126
123
126
129
127
122
122
122
123
127
128
125
124
126
129
129
124
124
47
125
126
125
125
125
125
126
125
125
125
125
125
125
125
125
125
125
125
125
125
125
125
125
125
125
125
125
125
125
125
125
125
125
125
125
125
126
125
125
125
125
125
125
125
125
125
125
125
125
126
125
125
125
125
125
125
125
125
125
125
125
125
125
125
125
125
125
125
125
125
125
125
125
125
125
125
125
125
125
125
125
125
125
125
125
125
125
125
125
125
125
125
125
125
125
125
125
125
125
125
125
125
125
125
125
125
125
125
125
126
126
125
125
125
125
125
125
125
125
125
125
125
125
125
125
125
125
125
125
125
125
125
125
125
125
125
125
125
125
125
125
125
125
125
125
125
125
125
125
125
125
125
125
125
125
125
125
125
125
125
125
125
125
125
125
125
125
125
125
125
125
125
125
125
125
125
125
125
125
125
125
125
125
125
125
125
125
125
125
125
125
125
125
125
125
125
125
125
125
125
125
125
125
125
125
125
125
125
125
125
125
125
125
125
125
125
125
125
125
125
125
125
125
125
125
125
125
125
125
125
125
125
125
125
125
125
125
125
125
125
125
125
125
125
125
125
125
125
125
125
125
125
125
125
125
125
125
125
125
125
125
125
125
125
125
125
125
125
125
125
125
125
125
125
125
125
125
125
125
125
125
125
125
125
125
125
125
125
125
125
125
125
125
125
125
125
125
125
125
125
125
125
125
125
125
125
125
125
125
125
125
125
125
125
125
125
125
125
125
125
125
125
125
125
125
125
125
125
125
126
126
125
125
125
125
125
125
125
126
126
126
125
125
125
125
125
125
125
125
125
125
125
125
125
