128
129
126
128
128
126
89
125
125
125
125
125
125
125
125
125
125
125
125
125
125
125
125
125
125
125
125
125
125
125
125
125
125
125
125
125
125
125
125
125
125
125
125
125
125
125
125
125
125
125
125
125
125
125
125
125
125
125
125
125
125
125
125
125
125
125
125
125
125
125
125
125
125
125
125
125
125
125
125
125
125
125
125
125
125
125
125
125
125
125
125
125
125
125
125
125
125
125
125
125
125
125
125
125
125
125
125
125
125
125
125
125
125
125
125
125
125
125
125
125
125
125
125
125
125
125
125
125
125
125
125
125
125
125
125
125
125
125
125
125
125
125
125
125
125
125
125
125
125
125
125
125
125
125
125
125
125
125
125
125
125
125
125
125
125
125
125
125
125
125
125
125
125
125
125
125
125
125
125
125
125
125
125
125
125
125
125
125
125
125
125
125
125
125
125
125
125
125
125
125
125
125
125
125
125
125
125
125
125
125
125
125
125
125
125
125
125
125
125
125
125
125
125
125
125
125
125
125
125
125
125
125
125
125
125
125
125
125
125
125
125
125
125
125
125
125
125
125
125
125
125
125
125
125
125
125
125
125
125
125
125
125
125
125
125
125
125
125
125
125
125
125
125
125
125
125
125
125
125
125
125
125
125
125
124
125
125
125
126
125
125
125
125
125
125
125
125
125
125
125
125
125
125
125
125
125
125
125
125
125
125
125
125
125
125
125
125
125
125
125
125
125
125
125
125
125
125
125
125
125
125
125
125
125
125
125
125
125
125
125
125
126
125
125
125
125
125
125
125
125
125
125
125
125
125
125
125
125
125
125
125
125
125
125
125
125
125
125
125
125
125
125
125
125
125
125
125
125
125
125
125
125
125
125
125
125
125
125
125
125
125
125
125
125
125
125
125
125
125
125
125
125
125
125
125
125
125
125
125
125
125
125
125
125
125
125
125
125
125
125
125
125
125
125
125
125
125
125
125
125
125
125
125
125
125
125
125
125
125
125
125
125
125
125
125
125
125
125
125
125
125
125
125
125
125
125
125
125
125
125
125
125
125
125
125
125
125
125
125
125
125
125
125
125
125
125
125
125
125
125
125
125
125
125
125
125
125
125
125
125
125
125
125
125
125
125
125
125
125
125
125
125
125
125
125
125
126
126
125
125
125
125
125
125
125
125
125
125
125
125
125
125
125
125
125
125
125
125
125
125
125
125
125
125
125
125
125
125
125
125
125
125
125
125
125
125
125
125
125
125
125
125
125
125
125
125
125
125
125
125
125
125
125
125
125
125
125
125
125
125
125
125
125
125
125
125
125
125
125
125
125
125
125
125
125
125
125
125
125
125
125
125
125
125
125
125
125
125
125
125
125
125
125
125
125
125
125
125
125
125
125
125
125
125
125
125
125
125
125
125
125
125
125
125
125
125
125
125
125
125
125
125
125
125
125
125
125
125
125
125
125
125
125
125
126
125
125
125
125
125
125
125
125
125
125
125
125
125
125
125
125
125
125
125
125
125
125
125
125
125
125
125
125
125
125
125
125
125
125
125
125
125
125
125
125
125
125
125
125
125
125
125
125
125
125
125
125
125
125
125
125
125
125
125
125
125
125
125
125
125
125
125
125
125
125
125
125
125
125
125
125
125
125
125
125
125
125
125
125
125
125
125
125
125
125
125
125
125
125
125
125
125
125
125
125
125
125
125
125
125
125
125
125
125
125
125
125
125
125
125
126
125
125
125
125
125
125
125
125
125
125
125
125
125
125
125
125
125
125
125
125
125
125
125
125
125
125
125
125
125
125
125
125
125
125
125
125
125
125
125
125
125
125
125
125
125
125
125
125
125
125
125
125
125
125
125
125
125
125
126
125
125
125
125
125
125
125
125
125
125
125
125
125
125
125
125
125
125
125
125
125
125
125
125
125
125
125
125
125
125
125
125
125
125
125
125
125
125
125
125
125
125
125
125
125
125
125
125
122
124
125
125
125
126
126
125
125
125
125
125
126
126
125
125
125
125
125
125
125
125
125
126
126
125
126
126
125
124
125
126
125
125
126
126
125
125
125
125
125
126
126
124
124
125
126
125
125
125
126
125
125
125
125
125
125
126
126
125
125
126
125
125
125
126
125
125
125
125
125
124
125
126
125
125
125
125
125
124
125
126
125
125
125
125
125
125
125
125
125
125
126
125
125
125
125
126
125
125
125
125
125
125
125
125
125
125
126
125
125
125
125
126
125
125
125
125
125
125
125
126
125
125
125
125
125
125
125
125
126
125
125
125
125
125
125
125
125
125
125
125
125
125
125
125
125
125
125
125
125
125
125
125
125
125
125
125
125
125
125
125
125
126
125
125
125
125
125
125
125
125
126
125
125
125
125
125
125
125
125
125
125
125
125
125
125
125
125
125
125
125
125
125
125
125
125
125
125
125
125
125
125
125
125
125
125
126
125
125
125
126
125
125
125
125
125
125
125
125
125
125
125
127
126
125
125
125
124
124
124
124
125
125
125
125
125
125
125
125
125
125
125
125
126
125
125
125
125
125
125
125
125
125
125
125
125
125
125
125
125
125
125
125
124
124
125
124
125
126
127
128
126
124
123
125
128
127
125
124
123
124
125
124
124
123
124
126
127
126
124
125
127
127
125
124
125
126
127
127
124
124
125
126
125
124
123
123
125
127
127
126
125
126
127
125
121
122
125
126
125
124
124
124
125
126
126
124
124
125
126
127
126
125
125
125
125
125
125
123
124
124
125
125
125
124
124
125
124
124
125
125
125
126
126
127
126
126
126
126
126
125
125
124
125
124
124
124
124
124
124
124
124
125
126
127
128
127
125
122
122
124
127
129
126
125
127
125
124
126
126
123
119
121
123
122
121
126
127
127
131
135
134
128
122
121
125
123
115
112
120
129
130
128
129
130
128
126
125
125
125
124
122
122
123
123
124
124
122
121
123
130
135
131
123
121
124
128
132
131
124
119
119
124
129
123
113
118
133
136
123
120
127
129
128
125
122
123
127
125
121
121
125
127
127
126
125
122
124
126
123
119
121
129
133
128
123
123
130
131
118
113
127
132
119
119
137
138
122
117
123
125
126
127
124
122
126
137
134
107
98
118
128
119
131
168
186
128
49
78
159
161
106
95
127
139
125
119
125
130
133
128
118
119
136
144
123
113
121
123
121
128
131
122
117
122
126
130
132
125
119
124
132
130
124
120
123
127
123
121
130
136
125
118
121
123
122
119
110
109
129
152
146
122
120
135
135
120
115
118
123
128
129
125
120
117
116
118
119
128
148
146
123
119
130
129
121
119
118
114
115
127
132
129
124
124
133
141
136
125
118
113
108
115
130
134
124
118
127
134
129
121
123
129
129
125
124
125
124
124
128
107
107
124
119
127
132
134
134
126
121
122
129
133
130
125
125
126
123
122
125
126
123
123
126
128
127
126
126
128
130
126
123
125
128
128
127
125
124
124
126
124
120
124
129
129
122
118
122
126
126
124
124
126
127
126
126
127
126
125
125
124
125
123
120
126
131
130
127
124
122
126
129
127
123
124
126
124
121
123
125
127
126
123
124
129
129
124
121
123
128
127
123
123
124
126
126
123
120
123
129
131
128
126
125
120
126
128
125
117
119
129
135
129
121
119
124
131
130
122
117
120
126
132
132
125
120
121
126
129
125
121
122
125
128
127
125
124
124
126
125
125
127
125
123
126
127
122
124
125
128
125
123
123
124
126
127
127
124
125
127
127
127
126
124
122
123
126
126
125
124
125
125
126
124
124
126
126
125
122
123
126
127
124
122
124
128
126
123
123
126
128
126
122
121
124
127
128
127
124
122
125
129
125
120
124
130
129
90
125
125
125
125
125
125
125
125
125
125
125
125
125
125
125
125
125
125
125
125
125
125
125
125
125
125
125
125
125
125
125
125
125
125
125
125
125
125
125
125
125
125
125
125
125
125
125
125
125
125
125
125
125
125
125
125
125
125
125
125
125
125
125
125
125
125
125
125
125
125
125
125
125
125
125
125
125
125
126
124
125
125
126
125
126
126
126
126
126
126
125
125
126
126
126
126
126
126
125
126
125
126
125
125
125
125
125
125
125
125
125
125
125
125
125
125
126
125
125
125
126
125
125
125
125
125
125
126
125
126
125
126
125
125
125
126
125
126
125
126
126
125
126
125
125
126
125
125
125
125
125
126
125
126
125
125
125
125
125
125
125
126
125
125
125
125
125
125
125
125
125
125
125
125
125
125
125
125
125
125
125
125
125
125
125
125
125
125
125
125
125
125
125
125
125
125
125
125
125
125
125
125
125
125
125
125
125
125
125
125
125
125
125
125
125
125
125
125
125
125
125
125
125
125
125
125
125
125
125
125
125
125
125
125
125
125
125
125
125
125
125
125
125
125
125
125
125
125
125
126
125
125
125
125
125
125
125
125
125
125
125
125
125
125
125
125
125
125
125
125
125
125
125
125
125
125
125
125
125
125
126
125
125
125
125
125
125
125
125
125
125
125
125
125
125
126
126
125
125
125
125
125
125
125
125
125
125
125
125
125
125
125
125
125
125
125
125
125
125
125
125
125
125
125
125
125
125
125
125
125
125
125
125
125
125
125
125
125
125
125
125
125
125
125
125
125
125
125
125
125
125
125
125
128
