141
129
130
130
123
117
81
125
125
125
126
126
126
125
126
126
126
125
125
125
125
125
125
125
125
125
125
125
125
125
125
125
125
125
125
125
125
125
125
125
125
125
125
125
125
125
125
125
125
125
125
125
125
125
125
125
125
125
125
125
125
125
125
125
125
125
125
125
125
125
125
125
125
125
125
125
125
125
125
125
125
125
125
125
125
125
125
125
125
125
125
125
125
125
125
125
125
125
125
125
125
125
125
125
125
125
125
125
125
125
125
125
125
125
125
125
125
125
125
126
125
125
125
125
125
125
125
125
125
125
125
125
125
125
125
125
125
125
125
125
125
125
125
125
125
126
125
125
125
125
125
125
125
125
125
125
125
125
125
125
125
125
125
125
125
125
125
125
126
126
125
125
125
125
125
125
125
125
125
125
125
125
125
125
125
125
125
125
125
125
125
125
125
125
125
125
125
125
125
125
125
125
125
125
125
125
125
125
125
125
125
125
125
125
125
125
125
125
125
125
125
125
125
125
125
125
125
125
125
125
125
125
125
125
125
125
125
125
125
125
125
125
125
125
125
125
125
125
125
125
125
125
125
125
125
125
125
125
125
125
125
125
125
125
125
125
125
125
125
125
125
125
125
125
125
125
125
125
125
125
125
125
125
125
125
125
125
125
125
125
125
125
125
125
125
125
125
125
125
125
125
125
125
125
125
125
125
125
125
125
125
125
125
125
125
125
125
125
125
125
125
125
125
125
125
125
125
125
125
125
125
125
125
125
125
125
125
125
125
125
125
125
125
125
125
125
125
125
125
125
125
125
125
125
125
125
125
125
125
125
125
125
125
125
125
125
125
125
125
125
125
125
125
125
125
125
125
125
125
125
125
125
125
125
125
125
125
125
125
125
125
125
125
125
125
125
125
125
125
125
125
125
125
125
125
125
125
125
125
125
125
125
125
125
125
125
125
125
125
125
125
125
125
125
125
125
125
125
125
125
125
125
125
125
125
125
125
125
125
125
125
125
125
125
125
125
125
125
125
125
125
125
125
125
125
125
125
125
125
125
125
125
125
125
125
125
125
125
125
125
125
125
125
125
125
125
125
125
125
125
125
125
125
125
125
125
125
125
125
125
125
125
125
125
125
125
125
125
125
125
125
125
125
125
125
125
125
125
125
125
125
125
125
125
125
125
125
125
125
125
125
125
125
125
125
125
125
125
125
125
125
125
125
125
125
126
124
125
125
125
125
126
126
126
126
125
125
125
125
125
126
125
125
125
126
125
125
125
126
126
125
125
125
126
126
125
125
125
125
126
125
125
125
125
125
126
126
125
125
125
125
125
125
125
125
125
125
126
125
125
126
126
126
126
126
125
126
126
124
123
124
124
124
123
126
127
128
127
127
127
127
125
123
124
125
127
127
125
123
124
124
123
124
129
130
123
119
124
130
130
126
125
125
125
124
123
124
124
122
122
129
133
130
125
124
125
124
122
123
127
128
125
124
125
126
126
124
123
126
129
128
125
123
124
124
123
123
125
128
129
129
125
123
123
125
127
128
126
124
123
123
124
126
126
126
125
124
124
125
127
127
126
125
125
125
125
125
125
125
126
126
126
125
126
125
125
125
125
125
126
126
125
125
125
125
126
126
126
125
125
126
126
126
125
125
126
126
126
126
126
126
125
125
125
125
125
124
124
126
126
126
125
125
126
127
127
125
125
125
125
125
125
126
127
125
124
125
126
126
126
126
125
125
126
126
125
125
125
125
125
125
125
125
125
125
125
125
125
125
125
126
125
125
126
125
125
125
125
125
125
125
125
125
125
126
126
125
126
126
126
125
125
125
125
125
125
125
125
125
126
125
125
125
125
125
125
125
125
125
125
125
125
125
125
125
125
125
125
125
125
125
125
125
125
125
125
125
125
125
125
125
125
125
125
125
125
125
126
125
126
126
126
126
125
125
125
125
125
126
125
124
124
125
126
125
125
125
125
125
126
126
126
125
124
125
125
125
124
124
124
125
125
125
125
125
125
126
127
126
124
124
125
126
126
125
124
125
126
126
125
125
125
126
126
125
125
125
125
125
125
125
125
125
126
125
125
125
126
126
125
124
125
125
125
125
125
126
126
125
125
125
126
125
125
125
126
125
126
125
125
125
125
125
125
125
125
125
125
126
126
125
125
125
126
126
125
125
125
126
125
125
125
125
125
125
125
125
125
125
125
125
125
125
125
125
125
125
125
125
125
125
125
125
125
125
125
126
125
125
125
125
125
125
125
125
125
125
125
125
125
126
126
125
125
125
125
125
125
125
125
125
125
125
125
125
125
125
125
125
125
125
125
125
125
125
125
125
125
125
125
125
125
125
125
125
125
125
125
125
125
125
125
125
125
125
125
125
125
125
124
125
126
125
125
124
124
126
126
126
125
125
125
125
125
126
126
126
124
124
125
126
126
126
124
123
123
127
128
125
122
124
126
126
126
124
125
128
124
123
128
128
126
123
123
124
128
128
125
121
122
126
130
128
123
123
126
126
125
124
125
127
125
124
126
128
124
121
124
127
126
127
129
128
123
122
126
129
126
124
125
127
125
122
125
127
128
127
125
125
126
125
125
126
126
123
123
127
127
123
123
126
124
125
127
128
126
126
126
125
124
124
124
125
127
126
127
130
130
126
123
121
120
121
125
129
129
127
126
125
126
127
126
123
121
121
124
126
128
127
126
126
126
125
125
125
125
125
127
126
124
123
126
127
125
124
122
121
123
127
130
130
127
127
129
129
128
126
122
117
115
115
117
122
128
132
134
133
134
135
135
132
128
122
117
114
114
115
117
119
121
127
132
134
131
127
130
134
132
125
124
125
122
119
119
120
121
122
123
124
128
131
131
130
130
129
129
129
124
117
121
126
124
126
129
124
120
125
119
118
134
134
110
121
148
124
104
145
149
94
105
159
122
92
156
154
67
98
193
142
76
145
174
75
88
187
141
64
134
177
83
69
172
169
89
120
171
103
69
158
187
107
84
135
127
95
128
161
134
111
123
114
100
129
163
146
109
110
133
125
108
124
150
143
114
106
120
128
120
123
136
134
122
122
120
113
117
135
139
129
122
121
115
119
137
145
131
114
119
130
121
116
133
142
128
118
116
113
116
131
141
135
124
119
119
118
118
125
133
134
126
118
117
122
131
137
136
128
120
115
114
120
131
136
129
117
119
130
131
122
123
137
147
135
112
101
112
121
128
134
131
119
119
130
131
123
124
127
120
120
133
139
129
121
120
119
116
115
121
134
141
138
124
113
119
132
135
129
121
116
117
122
128
133
133
125
116
115
125
134
133
124
115
120
134
137
126
117
115
117
121
131
138
131
119
115
122
131
132
126
120
121
127
128
124
122
125
128
126
122
126
133
133
129
125
121
118
120
124
125
123
123
128
130
129
124
122
126
126
123
121
122
126
128
129
128
127
122
119
119
124
129
132
158
100
118
120
124
128
132
128
125
125
125
121
121
126
131
126
120
123
126
123
126
132
131
124
119
123
126
124
126
128
127
125
127
127
126
129
133
129
119
117
126
131
129
123
124
136
138
124
113
113
116
118
127
140
137
122
116
129
137
128
115
118
126
129
127
124
125
125
108
119
123
126
124
129
135
136
129
127
132
133
123
117
124
130
121
117
125
133
132
127
124
124
125
123
121
123
129
131
124
117
116
122
131
137
133
125
120
120
122
125
126
128
126
125
125
125
126
124
124
122
120
124
130
133
128
121
120
124
129
130
126
120
119
125
130
129
125
120
119
124
130
130
128
128
125
123
122
122
122
125
130
133
129
123
125
132
129
113
102
116
140
149
135
115
109
119
132
133
126
124
129
126
119
120
80
125
125
125
125
125
125
125
125
125
125
125
125
125
125
125
125
125
125
125
125
125
125
125
125
125
125
125
125
125
125
125
125
126
125
125
125
125
125
125
125
125
125
125
125
125
125
125
125
125
125
125
125
125
125
125
125
125
125
125
125
125
125
125
125
125
125
125
125
125
125
125
126
125
125
125
125
125
125
125
125
125
125
125
125
125
125
126
125
125
125
125
125
125
125
125
126
125
125
125
125
125
125
125
125
125
125
125
125
125
125
125
125
125
125
125
125
125
125
125
125
125
125
125
125
125
125
125
125
125
125
125
125
125
125
125
125
125
125
125
125
125
125
125
125
125
125
125
125
125
125
125
125
125
125
125
125
125
125
125
125
125
125
125
125
125
125
125
125
125
125
125
125
125
125
125
125
125
125
125
125
125
125
125
125
125
125
125
125
125
125
125
125
125
125
125
125
125
125
125
125
124
125
125
125
125
125
125
125
125
125
125
125
125
125
125
126
124
125
126
126
125
126
126
126
126
125
125
126
126
126
126
126
126
126
126
126
126
126
125
125
125
125
126
126
126
126
126
126
126
126
125
126
125
126
126
126
126
126
126
126
126
126
126
126
126
126
126
126
126
126
126
126
126
126
126
126
126
126
126
126
126
125
125
125
126
125
125
126
126
126
125
126
126
125
125
125
125
125
125
125
125
125
125
125
125
125
125
125
125
126
126
126
126
125
125
125
126
126
125
125
125
126
125
125
125
125
125
125
126
126
125
125
125
125
125
125
125
125
125
125
126
126
125
126
125
125
126
125
125
125
125
125
125
127
