123
126
127
122
120
126
84
125
125
125
125
125
125
125
125
125
125
125
125
125
125
125
125
125
125
125
125
125
125
125
125
125
125
125
125
125
125
125
125
125
125
125
125
125
125
125
125
125
125
125
125
125
125
125
125
125
125
125
125
125
125
125
125
125
125
125
125
125
125
125
125
125
125
125
125
125
125
125
126
126
125
125
125
125
125
125
125
125
125
125
125
125
125
125
125
125
125
125
125
125
125
125
125
125
125
125
125
125
125
125
125
125
125
125
125
125
125
125
125
125
125
125
125
125
125
125
125
125
125
125
125
125
125
125
125
125
125
125
125
125
125
125
125
125
125
125
125
125
125
125
125
125
125
125
125
125
125
125
125
125
125
125
125
125
125
125
125
125
125
125
125
125
125
125
125
125
125
125
125
125
125
125
125
125
125
125
125
125
125
125
125
125
125
125
125
125
125
125
125
125
125
125
125
125
125
125
125
125
125
125
125
125
125
125
125
125
125
125
125
125
125
125
125
125
125
125
125
125
125
125
125
125
125
125
125
125
125
125
125
125
125
125
125
125
125
125
125
125
125
125
125
125
125
125
125
125
125
125
125
125
125
125
125
125
125
125
125
125
125
125
125
125
125
125
125
125
125
125
125
125
125
125
125
125
125
125
125
125
125
125
125
125
125
125
125
125
125
125
125
125
125
125
125
125
125
125
125
125
125
125
125
125
125
125
125
125
125
125
125
125
125
125
125
125
125
125
125
125
125
125
125
125
125
125
125
125
125
125
125
125
125
125
125
125
125
125
125
125
125
125
125
125
125
125
125
125
125
125
125
125
125
125
125
125
125
125
125
125
125
125
125
125
125
125
125
125
125
125
125
125
125
125
125
125
125
125
125
125
125
125
125
125
125
125
125
125
125
125
125
125
125
125
125
125
125
125
125
125
125
125
125
125
125
125
125
125
125
125
125
125
125
125
125
125
125
125
125
125
125
125
125
125
125
125
125
125
125
125
125
125
125
125
125
125
125
125
125
125
125
125
125
125
125
125
125
125
125
125
125
125
125
125
125
125
125
125
125
125
125
125
125
125
125
125
125
125
125
125
125
125
125
125
125
125
125
125
125
125
125
125
125
125
125
125
125
125
125
125
125
125
125
125
125
125
125
125
125
125
125
125
125
125
125
125
125
125
125
125
125
125
125
125
125
125
125
125
125
125
125
125
125
125
125
125
125
125
125
125
125
125
125
125
125
125
125
125
125
125
125
125
125
125
125
125
125
125
125
125
125
125
124
124
125
125
125
126
125
125
125
125
125
125
125
125
125
125
125
125
125
125
125
125
125
125
125
125
125
125
125
125
125
125
125
125
125
125
125
125
125
125
125
125
124
125
126
126
126
125
125
126
127
126
125
125
125
125
125
124
124
125
126
125
125
125
125
124
124
127
128
126
123
124
126
127
126
123
122
125
127
127
127
126
125
125
125
125
125
125
125
125
124
125
125
126
125
125
125
126
125
125
126
126
125
124
125
125
125
125
125
126
127
126
126
125
125
124
125
126
125
125
124
124
125
126
125
125
125
125
126
126
126
125
125
125
126
126
125
125
125
126
126
125
125
125
125
126
126
125
125
125
126
126
125
125
125
125
125
126
126
125
125
126
125
125
125
125
125
126
126
125
125
126
125
125
125
125
125
125
125
125
125
125
125
125
126
126
125
125
125
125
125
125
125
125
125
125
126
125
125
125
126
125
125
126
125
125
125
125
125
125
125
125
125
125
125
125
125
125
125
125
126
127
125
125
125
125
124
125
125
125
125
125
125
125
126
126
125
125
125
125
125
125
125
125
124
125
126
126
125
125
126
125
125
125
125
125
125
125
125
125
125
125
125
125
125
125
126
125
125
125
125
125
125
125
125
125
125
125
125
125
125
126
125
125
125
125
125
125
125
125
125
125
125
125
125
125
125
125
125
125
125
125
125
125
125
125
125
125
126
125
125
125
125
125
125
125
125
125
125
125
125
125
125
125
125
125
125
125
125
125
125
125
125
125
125
125
125
125
125
125
125
126
125
124
125
126
125
125
125
125
125
125
125
126
125
125
125
125
125
125
125
125
125
125
125
125
125
125
125
125
125
126
126
125
124
124
125
125
125
125
125
125
125
125
125
125
125
125
125
125
125
126
125
125
125
126
126
125
125
125
125
125
125
125
125
125
125
125
125
125
125
125
125
125
125
125
125
125
125
125
125
125
125
125
125
125
125
125
125
125
125
125
125
125
125
125
125
125
125
125
125
125
125
125
125
125
125
125
125
125
125
125
125
125
125
125
125
125
125
125
125
125
125
125
125
125
125
125
122
124
125
125
126
126
126
125
125
126
126
126
126
125
126
125
125
125
125
124
124
124
125
125
125
125
125
125
125
125
126
126
126
125
125
125
125
125
125
124
125
125
125
125
125
125
126
126
125
125
126
126
125
124
124
125
125
125
125
126
125
125
126
127
125
124
124
125
126
126
125
124
125
126
126
125
125
126
125
124
125
125
124
126
127
126
122
122
125
129
128
125
123
124
126
125
123
125
126
125
125
127
127
126
126
123
120
125
129
124
123
126
128
126
124
124
125
128
128
121
118
123
128
126
126
126
127
127
124
125
125
122
120
123
128
128
126
127
128
128
126
122
121
122
123
124
126
126
125
127
126
123
121
126
129
127
124
129
131
124
120
126
129
123
119
124
127
124
125
128
128
126
124
122
125
125
124
119
119
124
126
127
130
134
134
131
126
121
118
117
117
118
120
120
120
122
129
137
143
141
138
137
133
124
117
113
111
106
104
109
116
123
130
136
141
142
141
141
138
131
128
119
113
111
112
111
113
116
122
129
132
135
137
136
133
130
128
124
118
116
118
121
124
126
127
126
125
125
127
127
125
124
124
125
124
122
122
124
127
126
124
124
127
130
130
123
118
122
127
124
123
127
128
127
130
125
114
121
133
130
124
125
122
123
135
135
125
125
124
113
123
142
126
107
122
125
102
123
161
134
104
136
134
86
115
170
126
88
148
161
80
87
172
150
83
127
172
95
65
165
193
96
87
167
142
66
109
178
121
80
154
176
89
70
149
161
102
112
160
130
86
129
165
127
109
138
135
89
89
136
155
136
119
119
119
116
125
141
135
113
114
127
119
106
126
155
147
122
116
116
116
128
134
117
112
132
146
124
95
100
136
162
160
147
125
90
85
117
137
137
140
129
103
100
120
142
149
131
102
106
144
158
135
113
115
120
114
109
118
136
146
133
114
112
128
141
132
116
112
119
129
138
137
126
115
116
127
128
119
117
123
130
131
129
126
125
129
134
129
120
121
129
130
127
128
126
119
120
127
129
126
126
125
121
122
127
130
127
123
123
123
126
130
127
120
119
126
129
126
122
124
130
131
127
124
124
126
127
126
123
122
125
126
126
127
126
127
129
130
125
118
121
130
133
128
121
121
125
128
132
132
122
114
122
132
129
119
117
124
129
133
129
121
119
124
127
126
125
126
128
130
129
123
119
122
130
132
129
125
123
122
122
128
134
131
125
122
122
125
126
124
124
124
123
124
128
130
125
122
125
129
127
126
126
121
119
125
132
133
129
127
124
121
122
125
128
126
125
123
122
123
128
130
128
127
123
121
128
135
131
124
122
122
126
126
123
121
122
124
125
126
128
127
124
122
123
126
130
129
125
123
124
127
126
128
128
127
125
125
135
126
121
118
120
124
129
128
126
124
124
125
129
131
129
126
121
119
121
125
130
127
123
125
129
127
122
121
125
126
125
125
124
123
128
131
129
129
126
122
121
120
122
123
126
129
128
127
129
130
125
119
119
123
129
128
125
126
127
83
125
125
126
125
125
125
125
126
125
125
125
126
126
126
126
126
126
126
126
126
126
126
126
126
126
126
125
126
126
126
126
126
126
126
125
126
126
125
126
126
125
126
126
126
125
126
126
126
126
125
126
126
125
126
125
126
126
126
126
126
126
125
126
126
126
126
126
126
126
126
126
126
125
126
125
125
126
125
125
126
126
125
125
126
125
125
125
125
125
125
125
125
125
125
125
126
125
125
125
125
126
126
125
125
125
125
125
125
125
125
125
125
126
125
125
125
125
126
125
125
125
126
125
125
125
125
125
126
125
125
125
125
125
125
125
125
125
125
125
125
125
125
125
125
125
126
125
126
125
125
125
125
126
125
125
125
125
125
125
125
125
125
125
125
125
125
125
125
125
125
125
125
125
126
125
125
125
125
125
125
125
125
125
125
125
125
126
125
125
125
125
125
125
126
126
125
125
125
125
126
125
125
125
125
125
125
125
125
125
125
125
125
125
125
125
125
125
125
126
125
125
126
126
126
125
125
125
125
125
125
125
125
125
125
125
125
125
125
125
125
125
125
125
125
125
125
125
125
125
125
125
125
125
125
125
125
125
125
125
125
125
125
125
125
125
125
125
125
125
125
125
125
125
125
125
125
125
125
125
125
125
125
125
125
125
125
125
125
125
125
125
125
125
125
125
124
125
126
126
126
126
126
126
126
125
126
126
126
125
126
126
126
126
126
126
125
125
126
125
126
126
125
125
125
125
125
126
125
126
126
125
125
126
125
126
125
126
126
126
126
126
126
126
126
126
126
126
126
126
126
126
125
126
117
