-0.957031
-0.957031
-0.957031
-0.949219
-0.957031
-0.972656
-0.964844
-0.957031
-0.957031
-0.964844
-0.964844
-0.972656
-0.972656
-0.980469
-0.980469
-0.980469
-0.980469
-0.972656
-0.980469
-0.988281
-0.988281
-0.988281
-0.996094
-0.996094
-0.996094
-0.996094
-0.996094
-0.996094
-0.996094
-0.988281
-0.980469
-0.996094
-0.996094
-0.996094
-0.988281
-0.996094
-0.996094
-0.964844
-0.980469
0.980438
0.988251
-0.949219
-0.917969
-0.941406
0.988251
0.839813
0.871063
-0.824219
-0.621094
-0.855469
0.792938
0.730438
0.941376
-0.878906
-0.792969
-0.832031
-0.957031
0.886688
0.839813
0.996063
-0.800781
-0.839844
0.964813
0.902313
-0.941406
-0.878906
0.972626
0.910126
-0.996094
-0.871094
-0.863281
-0.996094
0.902313
0.972626
-0.886719
-0.824219
-0.949219
0.925751
0.949188
-0.925781
-0.863281
-0.933594
0.996063
0.964813
-0.996094
-0.894531
-0.863281
0.996063
0.917938
-0.980469
-0.863281
-0.933594
0.980438
0.988251
-0.964844
-0.917969
-0.925781
-0.988281
0.980438
-0.996094
-0.941406
-0.917969
-0.972656
0.980438
-0.996094
-0.917969
-0.910156
-0.996094
0.941376
-0.980469
-0.878906
-0.902344
0.980438
0.949188
-0.972656
-0.933594
-0.949219
-0.964844
-0.972656
-0.996094
0.980438
-0.980469
-0.925781
-0.933594
0.996063
0.996063
-0.933594
-0.957031
0.941376
0.964813
-0.863281
-0.808594
0.988251
0.839813
0.980438
-0.808594
-0.847656
0.933563
0.902313
-0.941406
-0.894531
-0.988281
0.988251
-0.957031
-0.917969
0.996063
0.941376
-0.988281
-0.863281
-0.894531
0.957001
0.917938
-0.972656
-0.886719
-0.933594
-0.996094
-0.980469
-0.972656
0.996063
0.996063
-0.941406
-0.894531
-0.957031
0.949188
0.980438
-0.972656
-0.957031
-0.941406
-0.925781
-0.941406
0.980438
0.972626
-0.949219
-0.917969
-0.972656
-0.988281
-0.957031
-0.941406
-0.980469
-0.988281
-0.964844
-0.949219
-0.972656
-0.980469
-0.964844
-0.957031
-0.980469
-0.964844
-0.910156
-0.949219
0.964813
0.964813
-0.933594
-0.878906
-0.941406
-0.996094
-0.988281
-0.980469
0.949188
0.972626
-0.886719
-0.832031
-0.972656
0.871063
0.925751
-0.902344
-0.863281
-0.972656
0.964813
0.996063
-0.957031
-0.957031
-0.949219
-0.988281
0.972626
0.996063
-0.941406
-0.941406
-0.980469
-0.996094
-0.996094
0.972626
-0.996094
-0.949219
-0.917969
-0.988281
0.925751
0.972626
-0.949219
-0.917969
-0.980469
0.980438
-0.996094
-0.972656
-0.972656
-0.988281
-0.996094
0.996063
-0.996094
-0.980469
-0.949219
-0.972656
0.988251
0.980438
-0.972656
-0.941406
-0.957031
-0.996094
0.972626
-0.996094
-0.917969
-0.917969
-0.996094
0.917938
0.980438
-0.902344
-0.894531
-0.996094
0.949188
-0.980469
-0.964844
-0.996094
-0.964844
-0.925781
-0.964844
-0.988281
-0.980469
-0.972656
-0.996094
-0.972656
-0.910156
-0.957031
-0.996094
-0.996094
-0.972656
-0.949219
-0.980469
-0.980469
-0.933594
-0.933594
-0.996094
0.980438
-0.996094
-0.964844
-0.933594
-0.949219
-0.988281
-0.988281
-0.949219
-0.964844
-0.972656
-0.980469
-0.972656
-0.949219
-0.894531
-0.941406
0.980438
0.980438
-0.980469
-0.941406
-0.941406
-0.964844
-0.980469
-0.988281
0.996063
-0.980469
-0.925781
-0.933594
-0.996094
0.964813
-0.996094
-0.894531
-0.878906
0.964813
0.886688
-0.964844
-0.832031
-0.902344
0.988251
0.941376
0.980438
-0.972656
-0.917969
-0.933594
-0.988281
0.996063
-0.996094
-0.980469
-0.949219
-0.949219
-0.996094
-0.996094
-0.972656
-0.941406
-0.941406
0.996063
0.964813
-0.996094
-0.910156
-0.933594
0.988251
0.972626
-0.972656
-0.933594
-0.933594
-0.964844
0.996063
0.988251
0.988251
-0.925781
-0.871094
-0.949219
0.933563
0.957001
-0.949219
-0.878906
-0.949219
0.972626
-0.996094
-0.964844
-0.980469
-0.996094
-0.933594
-0.925781
0.972626
0.941376
-0.949219
-0.855469
-0.957031
0.917938
0.972626
-0.871094
-0.871094
0.988251
0.902313
0.996063
-0.902344
-0.878906
-0.933594
0.988251
0.941376
0.988251
-0.933594
-0.894531
-0.941406
0.980438
0.988251
-0.980469
-0.957031
-0.972656
-0.980469
-0.996094
-0.957031
-0.925781
-0.988281
0.949188
0.988251
-0.917969
-0.917969
-0.980469
0.972626
0.972626
-0.996094
-0.902344
-0.878906
-0.972656
0.941376
0.933563
0.988251
-0.878906
-0.816406
-0.941406
0.871063
0.871063
-0.957031
-0.847656
-0.886719
-0.988281
0.941376
0.972626
-0.957031
-0.941406
-0.964844
-0.964844
-0.964844
-0.972656
-0.972656
0.996063
0.988251
-0.996094
-0.980469
-0.902344
-0.917969
0.996063
0.925751
0.980438
-0.917969
-0.902344
-0.957031
0.988251
-0.996094
-0.988281
-0.964844
-0.957031
-0.964844
-0.972656
-0.980469
-0.964844
-0.972656
-0.996094
-0.972656
-0.933594
-0.957031
-0.996094
0.980438
-0.988281
-0.917969
-0.925781
-0.988281
0.988251
-0.996094
-0.988281
-0.996094
-0.917969
-0.910156
-0.996094
0.957001
-0.972656
-0.917969
0.996063
0.964813
-0.925781
-0.871094
-0.964844
0.941376
0.972626
-0.972656
-0.925781
-0.910156
-0.964844
0.980438
-0.996094
-0.941406
-0.980469
-0.996094
-0.925781
-0.878906
-0.996094
0.871063
0.980438
-0.808594
-0.792969
0.964813
0.839813
0.972626
-0.886719
-0.878906
-0.980469
0.941376
0.964813
-0.957031
-0.871094
-0.910156
0.980438
0.917938
-0.988281
-0.863281
-0.886719
0.988251
0.941376
-0.988281
-0.949219
-0.972656
-0.957031
-0.957031
-0.996094
0.964813
0.980438
-0.964844
-0.894531
-0.910156
0.964813
0.886688
0.996063
-0.855469
-0.863281
0.964813
0.855438
-0.996094
-0.832031
-0.910156
0.964813
0.972626
-0.996094
-0.964844
-0.933594
-0.972656
0.988251
-0.988281
-0.949219
-0.964844
0.996063
-0.964844
-0.933594
-0.980469
0.972626
-0.996094
-0.933594
-0.964844
-0.980469
-0.957031
-0.949219
-0.996094
0.949188
-0.996094
-0.878906
-0.863281
-0.972656
0.917938
0.933563
-0.972656
-0.863281
-0.878906
0.988251
0.925751
-0.980469
-0.902344
-0.988281
0.988251
-0.902344
-0.886719
0.980438
0.917938
-0.988281
-0.910156
-0.949219
-0.972656
-0.964844
-0.988281
0.988251
-0.996094
-0.972656
-0.980469
-0.925781
-0.886719
-0.980469
0.902313
0.972626
-0.863281
-0.878906
0.980438
0.949188
-0.957031
-0.933594
-0.996094
-0.972656
-0.910156
-0.996094
0.933563
-0.980469
-0.863281
-0.925781
0.949188
0.972626
-0.949219
-0.925781
-0.980469
-0.980469
-0.957031
-0.988281
0.980438
-0.957031
-0.917969
-0.988281
0.980438
-0.964844
-0.949219
0.988251
-0.980469
-0.910156
-0.980469
0.949188
0.988251
-0.949219
-0.941406
-0.996094
-0.996094
-0.988281
-0.980469
-0.980469
-0.964844
-0.972656
-0.996094
-0.996094
-0.980469
-0.972656
-0.941406
-0.949219
-0.996094
0.957001
0.980438
-0.925781
-0.917969
0.988251
0.949188
-0.941406
-0.886719
-0.996094
0.910126
0.996063
-0.863281
-0.878906
0.941376
0.886688
-0.957031
-0.878906
-0.972656
-0.988281
-0.925781
-0.996094
0.894501
-0.980469
-0.753906
-0.871094
0.839813
0.886688
-0.863281
-0.816406
-0.949219
0.949188
0.949188
-0.996094
-0.917969
-0.894531
-0.941406
0.996063
0.972626
0.996063
-0.964844
-0.925781
-0.910156
-0.957031
0.972626
0.980438
-0.972656
-0.957031
-0.964844
-0.933594
-0.917969
-0.996094
0.941376
-0.972656
-0.878906
-0.941406
0.941376
0.988251
-0.910156
-0.949219
-0.980469
-0.949219
-0.988281
0.933563
-0.988281
-0.863281
-0.910156
0.972626
0.964813
-0.964844
-0.964844
-0.964844
-0.964844
0.988251
0.964813
-0.957031
-0.894531
-0.972656
0.964813
0.996063
-0.957031
-0.972656
-0.972656
-0.917969
-0.957031
0.941376
0.933563
-0.917969
-0.878906
-0.996094
0.925751
-0.964844
-0.910156
0.988251
0.941376
-0.972656
-0.910156
-0.941406
0.933563
0.933563
-0.902344
-0.816406
0.996063
0.839813
0.972626
-0.878906
-0.894531
-0.980469
0.980438
0.972626
-0.996094
-0.964844
-0.980469
-0.972656
-0.917969
-0.957031
0.957001
0.949188
-0.972656
-0.886719
-0.910156
-0.996094
0.964813
0.980438
-0.996094
-0.933594
-0.894531
-0.933594
0.964813
0.941376
-0.980469
-0.894531
-0.957031
-0.996094
-0.949219
-0.949219
0.972626
-0.988281
-0.886719
-0.933594
0.972626
0.980438
-0.925781
-0.917969
-0.964844
0.988251
0.980438
-0.933594
-0.878906
-0.972656
0.964813
-0.972656
-0.917969
-0.941406
-0.996094
-0.988281
-0.949219
-0.925781
-0.964844
0.964813
0.996063
-0.902344
-0.886719
0.964813
0.910126
-0.949219
-0.824219
-0.925781
0.941376
0.925751
0.972626
-0.925781
-0.855469
-0.902344
0.972626
0.902313
0.972626
-0.933594
-0.910156
-0.910156
-0.964844
0.964813
0.957001
-0.996094
-0.957031
-0.933594
-0.933594
-0.996094
0.972626
-0.996094
-0.925781
-0.972656
0.972626
-0.972656
-0.949219
-0.941406
-0.980469
0.964813
0.972626
-0.933594
-0.886719
-0.964844
0.941376
0.957001
-0.957031
-0.894531
-0.972656
0.957001
-0.988281
-0.925781
-0.972656
0.941376
-0.996094
-0.917969
-0.941406
0.988251
-0.996094
-0.949219
-0.957031
0.996063
-0.996094
-0.949219
-0.972656
-0.980469
-0.957031
-0.972656
0.980438
0.972626
-0.933594
-0.855469
-0.949219
0.871063
0.863251
-0.902344
-0.738281
-0.902344
0.871063
0.863251
-0.988281
-0.863281
-0.886719
-0.996094
0.988251
-0.949219
-0.957031
0.925751
0.972626
-0.871094
-0.824219
-0.996094
0.894501
0.957001
-0.925781
-0.910156
-0.964844
-0.972656
-0.972656
0.988251
0.964813
-0.964844
-0.839844
-0.878906
0.925751
0.902313
-0.949219
-0.894531
-0.941406
-0.964844
-0.996094
0.988251
-0.964844
-0.949219
-0.996094
-0.988281
-0.902344
-0.910156
0.972626
0.894501
-0.996094
-0.824219
-0.839844
0.964813
0.855438
0.988251
-0.816406
-0.886719
0.941376
0.917938
-0.996094
-0.972656
-0.957031
-0.941406
-0.957031
-0.996094
0.972626
-0.972656
-0.933594
-0.972656
-0.996094
-0.972656
-0.917969
-0.925781
0.996063
0.949188
0.996063
-0.949219
-0.949219
-0.964844
0.996063
0.996063
-0.988281
-0.949219
-0.941406
-0.996094
0.949188
-0.996094
-0.910156
-0.917969
-0.996094
0.964813
0.972626
-0.980469
-0.910156
-0.910156
0.988251
0.925751
0.988251
-0.933594
-0.917969
-0.949219
-0.996094
0.964813
-0.996094
-0.925781
-0.925781
-0.949219
-0.980469
0.957001
0.957001
-0.902344
-0.863281
-0.996094
0.957001
-0.964844
-0.972656
0.988251
-0.933594
-0.847656
-0.980469
0.863251
0.933563
-0.894531
-0.832031
-0.933594
0.933563
0.925751
-0.957031
-0.902344
-0.925781
-0.949219
-0.980469
0.988251
0.988251
-0.949219
-0.910156
-0.949219
0.996063
0.988251
-0.957031
-0.949219
-0.980469
-0.996094
-0.964844
-0.933594
-0.980469
0.980438
-0.980469
-0.941406
-0.972656
-0.996094
-0.964844
-0.957031
-0.996094
-0.980469
-0.941406
-0.996094
0.988251
-0.933594
-0.917969
0.988251
0.972626
-0.957031
-0.949219
-0.980469
0.996063
-0.980469
-0.941406
-0.949219
-0.996094
-0.996094
-0.988281
-0.964844
-0.972656
-0.957031
-0.949219
0.980438
0.957001
-0.972656
-0.910156
-0.925781
-0.996094
0.949188
0.988251
-0.957031
-0.957031
-0.964844
-0.917969
-0.957031
0.917938
0.917938
-0.894531
-0.785156
-0.972656
0.855438
0.964813
-0.902344
-0.933594
-0.996094
-0.988281
-0.957031
-0.996094
-0.996094
-0.957031
-0.972656
0.980438
-0.980469
-0.886719
-0.925781
0.949188
0.980438
-0.988281
-0.964844
-0.894531
-0.957031
0.933563
-0.988281
-0.863281
-0.980469
0.902313
-0.949219
-0.855469
-0.996094
0.925751
-0.949219
-0.886719
-0.996094
0.925751
-0.996094
-0.871094
-0.917969
0.972626
0.972626
-0.957031
-0.972656
-0.996094
-0.949219
-0.886719
-0.996094
0.925751
-0.988281
-0.917969
-0.949219
-0.972656
-0.980469
-0.988281
-0.972656
-0.988281
-0.996094
-0.988281
-0.964844
-0.949219
-0.957031
-0.980469
0.996063
0.996063
-0.949219
-0.933594
-0.957031
0.980438
0.972626
-0.957031
-0.957031
-0.964844
-0.964844
-0.988281
-0.996094
-0.996094
-0.980469
-0.996094
-0.957031
-0.917969
-0.917969
0.972626
0.910126
0.988251
-0.878906
-0.886719
-0.957031
0.980438
0.964813
-0.996094
-0.941406
-0.910156
-0.964844
0.964813
-0.996094
-0.894531
-0.941406
0.972626
0.988251
-0.949219
-0.996094
-0.972656
-0.917969
-0.972656
0.964813
0.988251
-0.972656
-0.949219
-0.941406
-0.980469
0.988251
0.988251
-0.988281
-0.933594
-0.917969
-0.980469
0.980438
0.988251
0.996063
0.996063
-0.988281
-0.996094
0.988251
-0.917969
-0.753906
-0.792969
0.964813
0.808563
0.917938
-0.917969
-0.964844
0.925751
-0.964844
-0.753906
-0.808594
0.957001
0.816376
0.910126
-0.972656
-0.917969
-0.917969
-0.941406
-0.996094
0.988251
-0.972656
-0.933594
-0.964844
0.996063
-0.996094
-0.949219
-0.941406
-0.941406
-0.957031
0.996063
0.972626
0.964813
-0.988281
-0.894531
-0.808594
-0.832031
-0.949219
-0.847656
-0.300781
-0.121094
0.246063
0.33197
-0.699249
0.785187
0.207123
0.886719
0.941315
-0.29303
-0.457031
-0.472626
0.667969
-0.824219
0.0429382
-0.285187
0.0429382
0.863251
-0.371094
-0.238281
-0.777344
0.457001
0.308563
-0.792969
-0.0820312
0.878876
-0.378937
0.121063
-0.105469
0.652344
-0.527344
0.160126
0.00387573
0.472626
-0.894531
-0.613281
-0.808594
0.855438
0.574188
0.324188
0.402313
-0.878906
-0.0898438
-0.214844
-0.949219
0.417938
-0.0117493
0.269501
-0.628906
0.191406
-0.332031
0.636688
0.136688
0.324188
0.894501
-0.667969
-0.738281
0.902313
0.824188
-0.972656
-0.980469
0.574188
0.316376
0.980438
0.0351562
-0.0117188
0.675751
-0.0820618
0.402313
-0.457031
0.0351562
-0.550781
0.621063
0.324188
0.613251
-0.917969
-0.753906
-0.941406
0.941376
0.988251
0.988251
0.785126
0.558563
0.839813
-0.441406
-0.175781
-0.949219
0.160126
0.308563
-0.785156
-0.191406
-0.535156
0.761688
0.496063
0.800751
-0.863281
-0.847656
0.949188
0.910126
-0.902344
-0.824219
0.925751
0.644501
0.761688
-0.738281
-0.363281
-0.683594
0.574188
0.332001
0.902313
-0.449219
-0.527344
0.933563
0.636688
0.824188
-0.925781
-0.886719
-0.988281
0.996063
-0.933594
-0.886719
-0.988281
0.863251
0.832001
-0.964844
-0.707031
-0.730469
0.949188
0.675751
0.816376
-0.785156
-0.644531
-0.878906
0.847626
0.777313
0.925751
-0.894531
-0.886719
-0.972656
-0.988281
-0.925781
-0.949219
0.925751
0.863251
-0.980469
-0.722656
-0.707031
0.980438
0.683563
0.816376
-0.785156
-0.613281
-0.871094
0.832001
0.832001
-0.996094
-0.871094
-0.910156
0.996063
0.941376
0.988251
-0.917969
-0.902344
0.988251
0.917938
-0.949219
-0.761719
-0.808594
0.925751
0.800751
0.988251
-0.824219
-0.855469
-0.996094
-0.988281
-0.933594
-0.957031
0.996063
0.980438
-0.988281
-0.917969
-0.917969
-0.996094
0.941376
0.964813
-0.917969
-0.808594
-0.832031
0.988251
0.839813
0.910126
-0.894531
-0.824219
-0.933594
0.949188
0.949188
-0.941406
-0.886719
-0.980469
0.957001
-0.964844
-0.878906
-0.917969
0.988251
0.964813
-0.996094
-0.933594
-0.886719
-0.917969
-0.996094
0.949188
0.964813
-0.917969
-0.832031
-0.902344
0.964813
0.910126
0.980438
-0.933594
-0.886719
-0.925781
-0.996094
0.980438
-0.972656
-0.941406
-0.988281
-0.980469
-0.917969
-0.925781
0.964813
0.925751
-0.941406
-0.839844
-0.910156
-0.996094
-0.996094
-0.972656
-0.996094
0.988251
-0.964844
-0.933594
-0.949219
-0.988281
-0.972656
-0.941406
-0.972656
-0.996094
-0.933594
-0.886719
-0.996094
0.910126
0.988251
-0.871094
-0.871094
-0.933594
-0.980469
-0.996094
-0.996094
-0.980469
-0.941406
-0.917969
-0.949219
-0.996094
0.964813
-0.988281
-0.917969
-0.902344
-0.957031
-0.972656
-0.972656
0.996063
0.980438
-0.964844
-0.910156
-0.964844
-0.996094
-0.996094
-0.972656
-0.941406
-0.917969
-0.941406
-0.988281
-0.988281
-0.957031
-0.949219
-0.996094
-0.996094
-0.964844
-0.941406
-0.972656
-0.996094
-0.964844
-0.925781
-0.917969
-0.972656
0.988251
0.996063
-0.949219
-0.949219
-0.980469
-0.957031
-0.917969
-0.957031
0.996063
-0.996094
-0.949219
-0.925781
-0.957031
0.996063
-0.996094
-0.996094
-0.996094
-0.949219
-0.894531
-0.925781
0.988251
0.972626
-0.957031
-0.910156
-0.964844
0.996063
-0.988281
-0.957031
-0.964844
-0.972656
-0.980469
-0.972656
-0.949219
-0.949219
-0.988281
0.980438
0.988251
-0.957031
-0.917969
-0.933594
-0.996094
0.988251
-0.957031
-0.910156
-0.949219
0.996063
0.996063
-0.957031
-0.957031
0.996063
0.988251
-0.957031
-0.972656
0.996063
-0.996094
-0.941406
-0.933594
-0.988281
-0.996094
-0.972656
-0.972656
-0.980469
-0.972656
-0.949219
-0.941406
-0.957031
-0.988281
-0.964844
-0.941406
-0.949219
-0.980469
-0.996094
-0.996094
-0.996094
-0.988281
-0.925781
-0.902344
-0.941406
0.980438
0.972626
-0.988281
-0.941406
-0.933594
-0.957031
-0.996094
-0.996094
-0.996094
-0.957031
-0.933594
-0.925781
-0.941406
-0.980469
0.972626
0.980438
-0.957031
-0.910156
-0.941406
0.996063
0.988251
-0.980469
-0.925781
-0.941406
-0.972656
-0.988281
-0.972656
-0.972656
-0.988281
0.996063
-0.996094
-0.949219
-0.941406
-0.957031
-0.996094
-0.996094
-0.996094
-0.980469
-0.941406
-0.925781
-0.972656
0.972626
-0.996094
-0.949219
-0.925781
-0.957031
-0.988281
-0.988281
-0.996094
-0.988281
-0.957031
-0.957031
-0.980469
-0.980469
-0.972656
-0.964844
-0.972656
-0.980469
-0.957031
-0.941406
-0.972656
0.988251
0.996063
-0.972656
-0.957031
-0.964844
-0.988281
-0.972656
-0.988281
-0.972656
-0.949219
-0.941406
-0.980469
0.996063
-0.996094
-0.988281
-0.980469
-0.957031
-0.941406
-0.957031
-0.996094
-0.996094
-0.972656
-0.957031
-0.949219
-0.957031
-0.988281
-0.996094
-0.972656
-0.957031
-0.957031
-0.957031
-0.964844
-0.980469
-0.972656
-0.972656
-0.980469
-0.996094
-0.988281
-0.949219
-0.957031
-0.996094
-0.996094
-0.957031
-0.933594
-0.972656
-0.996094
-0.996094
-0.980469
-0.972656
-0.980469
-0.980469
-0.957031
-0.957031
-0.972656
-0.964844
-0.972656
-0.980469
-0.996094
-0.988281
-0.949219
-0.949219
-0.996094
0.988251
-0.996094
-0.917969
-0.910156
-0.996094
-0.996094
-0.980469
-0.980469
-0.980469
-0.980469
-0.980469
-0.972656
-0.980469
-0.988281
-0.980469
-0.980469
-0.957031
-0.949219
-0.972656
-0.996094
-0.980469
-0.980469
-0.980469
-0.988281
-0.972656
-0.949219
-0.957031
-0.964844
-0.996094
0.972626
-0.996094
-0.972656
-0.941406
-0.972656
0.996063
-0.996094
-0.980469
-0.949219
-0.949219
-0.972656
-0.996094
-0.988281
-0.949219
-0.972656
0.988251
0.996063
-0.964844
-0.941406
-0.972656
-0.996094
-0.972656
-0.941406
-0.957031
-0.988281
0.996063
-0.988281
-0.957031
-0.964844
-0.988281
-0.980469
-0.957031
-0.980469
-0.996094
-0.996094
-0.957031
-0.941406
-0.972656
0.972626
0.988251
-0.949219
-0.941406
-0.972656
-0.980469
-0.972656
-0.972656
-0.949219
-0.949219
-0.988281
-0.996094
-0.988281
-0.941406
-0.933594
-0.949219
-0.996094
-0.996094
-0.996094
-0.972656
-0.933594
-0.949219
-0.996094
0.996063
-0.996094
-0.964844
-0.949219
-0.941406
-0.964844
-0.957031
-0.972656
-0.996094
-0.996094
-0.957031
-0.941406
-0.964844
-0.996094
-0.996094
-0.972656
-0.964844
-0.949219
-0.957031
-0.972656
-0.988281
-0.996094
-0.988281
-0.964844
-0.964844
-0.972656
-0.972656
-0.957031
-0.964844
-0.988281
-0.996094
-0.949219
-0.949219
-0.996094
0.996063
-0.980469
-0.949219
-0.980469
-0.996094
-0.980469
-0.941406
-0.949219
-0.988281
-0.996094
-0.988281
-0.972656
-0.972656
-0.972656
-0.980469
-0.980469
-0.988281
-0.980469
-0.949219
-0.941406
-0.988281
0.988251
0.996063
-0.957031
-0.941406
-0.988281
0.988251
-0.988281
-0.949219
-0.941406
-0.980469
-0.996094
-0.980469
-0.972656
-0.980469
-0.980469
-0.972656
-0.957031
-0.972656
-0.996094
-0.996094
-0.964844
-0.941406
-0.957031
-0.996094
-0.996094
-0.980469
-0.949219
-0.957031
-0.996094
-0.996094
-0.980469
-0.949219
-0.957031
-0.972656
-0.988281
-0.980469
-0.980469
-0.972656
-0.980469
-0.972656
-0.964844
-0.980469
-0.988281
-0.996094
-0.972656
-0.964844
-0.949219
-0.957031
-0.996094
-0.996094
-0.996094
-0.957031
-0.941406
-0.957031
-0.980469
-0.988281
-0.980469
-0.972656
-0.972656
-0.949219
-0.964844
0.996063
-0.996094
-0.964844
-0.949219
-0.964844
-0.972656
-0.972656
-0.957031
-0.980469
-0.996094
-0.972656
-0.949219
-0.980469
-0.996094
-0.996094
-0.957031
-0.941406
-0.964844
-0.996094
-0.980469
-0.980469
-0.988281
-0.980469
-0.964844
-0.972656
-0.996094
-0.988281
-0.972656
-0.980469
-0.980469
-0.972656
-0.972656
-0.972656
-0.972656
-0.996094
-0.996094
-0.972656
-0.949219
-0.949219
-0.972656
-0.996094
-0.996094
-0.980469
-0.941406
-0.941406
-0.988281
0.996063
-0.996094
-0.964844
-0.949219
-0.957031
-0.988281
0.996063
0.980438
-0.988281
-0.949219
-0.949219
0.996063
0.964813
-0.988281
-0.941406
-0.941406
-0.980469
-0.996094
-0.980469
-0.972656
-0.972656
-0.988281
-0.980469
-0.964844
-0.964844
-0.964844
-0.996094
-0.996094
-0.980469
-0.972656
-0.972656
-0.980469
-0.996094
0.996063
-0.972656
-0.941406
-0.957031
-0.996094
-0.988281
-0.972656
-0.964844
-0.964844
-0.949219
-0.972656
-0.996094
-0.980469
-0.964844
-0.972656
-0.996094
-0.996094
-0.957031
-0.957031
-0.980469
-0.988281
-0.964844
-0.957031
-0.988281
-0.996094
-0.996094
-0.972656
-0.964844
-0.972656
-0.980469
-0.996094
-0.996094
-0.980469
-0.941406
-0.957031
-0.996094
0.996063
-0.957031
-0.941406
-0.964844
-0.996094
-0.988281
-0.964844
-0.949219
-0.964844
-0.996094
0.498286
0.499143
0.500001
