126
124
124
125
128
129
80
125
125
125
125
125
125
125
125
125
125
125
125
125
125
125
125
125
125
125
125
125
125
125
125
125
125
125
125
125
125
125
125
125
125
125
125
125
125
125
125
125
125
125
125
125
125
125
125
125
125
125
125
125
125
125
125
125
125
125
125
125
125
125
125
125
125
125
125
125
125
125
125
125
125
125
125
125
125
125
125
125
126
126
125
126
125
125
125
125
125
125
125
125
125
125
125
125
125
125
125
125
125
125
125
125
125
125
125
125
125
125
125
125
125
125
125
125
125
125
125
125
125
125
125
125
125
125
125
125
125
125
125
125
125
125
125
125
125
125
125
125
125
125
125
125
125
125
125
125
125
125
125
125
125
125
125
125
125
125
125
125
125
125
125
125
125
125
125
125
125
125
125
125
125
125
125
125
125
125
125
125
125
125
125
125
126
126
125
125
125
125
125
125
125
125
125
125
125
125
125
125
125
125
125
125
125
125
125
125
125
125
125
125
125
125
125
125
125
125
125
125
125
125
125
125
125
125
125
125
125
125
125
125
125
125
125
125
125
125
125
125
125
125
125
125
125
125
125
125
125
125
125
125
125
125
125
125
125
125
125
125
125
125
125
125
125
126
124
125
125
125
125
126
125
125
125
125
125
125
125
125
126
125
125
125
125
125
125
126
125
126
126
126
126
126
126
126
125
125
126
126
125
126
126
125
125
126
125
125
126
125
126
126
126
126
125
125
125
126
125
125
125
125
125
125
125
126
125
125
125
125
125
125
125
125
125
125
126
126
126
126
125
126
126
125
125
125
125
125
125
126
125
125
125
125
125
125
126
125
125
125
125
125
125
125
125
125
125
125
125
125
125
125
125
126
125
126
125
125
125
125
126
125
125
125
125
125
125
125
125
125
125
125
125
125
125
125
125
125
125
125
125
125
125
125
125
125
125
125
126
126
126
125
125
125
125
126
126
125
125
126
126
126
126
125
125
125
126
125
125
125
125
125
125
125
125
125
125
125
126
126
126
126
126
126
126
126
125
125
125
125
125
125
126
126
126
126
125
126
125
125
125
125
125
125
125
125
125
125
125
126
125
125
125
125
125
126
125
125
125
126
125
125
126
126
125
126
125
125
125
125
125
125
125
125
125
125
125
125
125
125
126
125
126
126
126
126
125
125
125
125
125
125
125
125
125
125
125
125
125
125
125
125
125
125
125
125
125
125
125
125
125
125
125
125
125
125
125
125
125
125
125
125
125
125
125
125
125
125
125
125
125
125
125
125
125
125
125
125
125
125
125
125
125
125
125
125
125
125
125
125
125
125
125
125
125
125
125
125
125
125
125
126
126
126
127
126
124
122
125
130
128
122
121
121
110
107
143
153
127
120
146
119
94
116
136
125
169
138
49
113
182
178
38
53
192
242
103
10
117
191
153
81
124
177
130
65
105
152
145
136
111
70
116
204
170
90
65
113
158
148
113
116
133
126
117
126
129
121
126
128
122
128
134
126
116
117
123
124
121
125
135
140
130
121
116
116
123
130
136
135
123
111
111
122
136
141
132
118
113
119
131
137
131
122
119
124
129
125
121
123
127
127
127
128
127
125
123
122
123
125
128
127
124
125
126
126
126
125
125
125
125
125
125
126
126
125
123
125
128
128
127
127
126
124
123
123
124
124
122
125
129
129
125
126
127
126
125
125
124
124
125
125
124
124
124
125
126
127
127
126
126
127
126
126
125
125
126
125
125
125
125
125
125
125
124
124
125
125
126
126
126
126
126
126
126
126
125
125
124
124
125
126
126
125
126
126
125
126
126
127
127
126
125
125
125
125
125
125
123
125
127
125
124
125
126
125
125
126
127
125
125
127
128
125
124
126
125
124
124
125
125
125
125
126
125
126
126
125
125
125
126
126
125
125
124
124
125
125
126
126
125
125
125
127
127
125
124
124
125
126
126
125
124
125
125
126
126
125
125
126
126
126
126
126
126
126
125
124
124
124
125
124
124
125
125
125
125
126
127
127
126
125
124
125
126
125
125
125
125
125
126
125
125
126
126
126
125
126
126
126
125
124
124
125
126
125
124
124
125
125
125
126
127
126
125
126
126
126
125
124
125
125
126
128
123
124
124
125
126
126
125
124
124
125
125
124
124
126
126
125
126
127
125
124
124
126
127
127
126
126
126
127
126
125
125
125
126
126
126
125
125
124
126
126
125
125
125
125
126
126
126
125
126
126
126
126
125
125
126
126
125
126
126
126
125
125
126
126
126
125
124
123
125
126
124
125
126
127
126
125
126
126
126
126
125
126
126
125
126
125
125
126
127
125
124
124
125
127
126
125
124
125
126
127
126
125
125
125
125
125
126
125
125
126
126
125
125
125
126
126
125
125
126
125
126
126
126
125
126
125
125
125
125
125
125
125
125
125
125
125
126
126
126
125
125
125
126
126
126
126
126
125
125
125
126
126
125
125
125
125
125
125
126
126
125
125
125
125
125
126
126
126
125
125
125
126
126
125
125
125
126
126
126
126
125
125
124
125
126
126
126
126
127
127
125
124
125
126
126
126
126
126
126
125
126
127
126
125
126
125
126
126
126
125
124
124
125
125
125
125
126
127
126
126
126
126
126
126
126
125
125
125
125
125
126
127
127
127
125
122
123
125
127
129
125
126
127
125
123
123
126
127
125
121
123
127
127
125
126
127
126
123
122
124
126
127
127
126
125
125
127
126
124
124
125
125
125
125
124
125
127
128
127
125
124
125
126
126
124
123
122
122
123
127
130
128
125
125
126
128
129
128
126
125
123
120
122
125
126
123
120
124
129
130
126
123
126
133
132
123
118
122
127
123
121
127
129
122
118
126
131
126
121
123
128
131
130
123
121
128
131
124
119
123
127
127
124
121
123
127
127
125
126
127
126
126
126
126
124
123
122
122
124
130
130
125
116
120
127
130
127
125
125
126
125
125
128
129
125
120
121
124
128
134
134
123
112
120
137
135
124
124
126
120
118
122
123
126
134
135
124
116
122
126
124
123
127
129
130
131
127
121
121
125
122
119
126
134
131
124
122
124
124
126
133
131
121
118
125
131
126
120
119
122
125
125
126
129
127
126
130
132
126
121
122
127
127
125
125
128
128
126
120
116
121
130
132
123
115
117
127
133
134
131
126
124
125
126
125
121
120
124
127
127
125
127
129
126
125
126
127
128
130
129
122
112
114
129
133
125
123
128
125
120
125
130
124
122
131
131
122
121
128
129
126
126
125
119
120
127
128
124
126
131
129
125
125
124
122
122
122
121
126
132
131
125
127
127
126
126
132
126
126
125
124
122
122
123
123
123
124
124
122
124
126
124
123
126
127
126
125
127
128
127
126
125
125
124
124
125
127
126
126
125
126
126
126
126
127
126
125
124
117
125
125
125
124
127
126
126
126
126
126
125
126
126
126
126
125
126
126
125
125
126
126
125
124
125
126
125
124
124
124
125
125
126
127
125
124
124
124
126
128
123
126
124
126
126
126
126
126
125
125
126
125
124
124
125
127
128
127
126
124
125
125
125
124
126
127
128
127
125
123
123
124
124
125
126
126
126
126
125
124
126
125
122
122
125
126
126
125
126
126
126
124
124
125
125
126
126
125
125
125
126
125
125
123
125
127
125
127
123
128
129
128
126
125
125
123
123
126
126
123
121
124
127
129
130
127
123
123
125
127
126
123
122
121
123
125
124
123
121
122
127
131
131
129
127
126
128
128
126
123
120
121
124
126
126
124
123
124
127
129
128
127
124
121
122
124
124
124
123
124
125
127
126
125
125
127
126
124
125
125
125
123
125
126
127
126
125
125
125
127
128
126
125
124
124
79
125
125
125
125
125
125
125
125
125
125
125
125
125
126
125
125
125
125
125
125
125
126
125
125
126
125
125
125
125
125
125
126
125
125
125
126
125
125
125
125
125
125
125
125
125
125
125
125
126
125
125
125
125
126
125
125
125
125
125
125
125
125
125
125
125
126
125
126
125
125
126
125
125
126
125
125
125
125
125
125
125
125
125
125
125
126
125
125
125
126
125
125
125
125
125
125
125
125
125
125
125
125
125
125
125
125
125
125
125
125
125
125
125
125
125
125
125
125
125
126
125
125
125
125
125
125
125
125
125
125
125
125
125
125
125
125
125
125
125
125
125
125
125
125
125
125
125
125
125
125
125
125
125
125
125
125
125
125
125
125
125
125
125
125
125
125
125
125
125
125
125
125
125
125
125
125
125
126
125
125
126
125
125
125
125
125
125
125
125
125
125
125
125
125
125
125
125
125
125
125
125
125
125
125
125
125
125
125
125
125
125
125
125
125
125
125
125
125
125
125
125
125
125
125
125
125
125
125
126
125
126
125
125
125
125
125
125
125
125
125
125
125
125
125
125
125
125
126
125
125
125
125
125
125
125
125
125
125
125
125
125
125
125
125
125
125
125
125
125
125
125
125
125
125
125
125
125
125
125
125
125
125
125
125
125
125
125
125
125
125
125
125
125
125
125
125
125
125
125
125
125
125
125
125
125
125
125
125
125
125
125
125
125
125
125
125
125
125
125
125
125
125
125
125
125
125
125
125
125
125
125
125
125
125
126
125
125
125
125
125
125
125
125
125
125
125
125
125
125
125
125
126
125
128
