128
128
126
126
126
126
43
126
126
126
126
126
126
126
126
125
125
126
126
126
126
126
126
126
125
125
125
126
126
125
125
125
126
125
126
126
126
125
125
126
125
125
125
126
125
125
125
126
125
126
126
126
126
125
126
126
125
126
126
125
125
126
126
126
126
126
126
126
126
126
126
126
126
126
125
125
125
125
125
125
125
125
125
125
125
125
126
125
126
125
126
126
126
126
125
125
126
126
126
126
126
125
125
125
126
125
126
126
125
125
126
125
126
125
126
126
126
125
126
126
126
126
126
126
126
125
125
126
126
126
126
126
126
126
126
126
126
126
126
126
126
126
125
126
126
126
126
125
126
125
125
126
125
125
126
126
126
126
126
126
126
126
126
126
126
126
126
126
126
126
126
126
126
126
125
125
126
125
126
126
126
125
126
126
126
126
125
126
126
126
126
126
126
125
126
126
125
125
125
125
126
125
126
126
125
126
126
125
125
126
125
125
126
125
125
126
126
125
125
126
125
125
126
126
125
126
126
126
126
126
125
126
125
126
126
126
126
125
126
126
126
125
125
126
126
126
126
126
126
125
126
126
125
126
125
126
126
126
126
126
126
126
126
126
126
125
126
126
126
126
126
125
125
126
125
126
126
126
126
125
126
126
126
126
125
126
126
126
126
125
126
126
126
126
125
126
126
126
126
126
126
126
126
126
126
126
126
125
126
125
126
126
126
126
126
125
126
126
126
126
125
126
126
126
125
125
125
125
125
126
125
125
125
125
125
125
126
125
125
125
125
126
126
126
126
125
126
125
125
125
125
125
125
125
125
125
125
125
125
125
125
125
125
125
125
126
125
125
126
125
125
126
126
126
126
125
126
126
125
125
125
125
125
125
125
125
125
125
125
125
125
125
125
125
125
125
125
125
125
125
125
125
125
125
125
125
125
125
125
125
125
125
125
125
125
125
125
125
125
125
125
125
125
125
125
125
125
125
125
125
125
125
125
125
125
125
125
125
125
125
125
125
125
125
126
126
124
125
126
125
126
126
126
126
125
126
126
125
126
125
126
126
126
126
125
126
126
126
126
126
126
125
125
126
126
125
125
125
125
125
125
126
126
125
126
126
126
125
125
125
125
125
126
125
125
125
126
126
126
126
126
126
126
125
125
126
126
126
125
125
125
125
124
125
125
125
126
126
125
125
125
126
126
125
125
125
125
125
126
125
125
125
126
125
125
126
126
125
125
125
125
125
125
125
125
126
126
125
125
125
125
126
125
125
125
125
125
125
126
126
125
125
125
126
126
125
125
125
125
125
125
126
126
125
124
124
125
126
125
125
124
125
128
130
128
125
125
126
126
126
126
125
122
123
126
126
121
120
123
128
129
130
135
137
116
92
107
157
161
111
85
121
169
158
83
83
178
173
68
55
158
185
120
115
156
171
78
7
89
208
201
133
146
133
58
63
139
179
165
112
53
81
184
222
147
51
43
127
193
161
97
103
119
100
121
177
168
101
97
144
154
97
74
104
132
141
174
200
130
22
35
160
231
154
86
95
103
120
176
164
74
62
152
165
111
136
172
114
57
91
146
162
147
127
112
114
126
136
123
101
109
140
151
129
118
128
132
123
116
109
118
140
145
128
113
116
129
135
130
119
115
121
129
133
135
130
117
112
122
132
131
125
121
122
127
130
129
127
126
125
122
119
121
127
131
133
132
127
120
118
119
121
123
128
131
131
129
126
125
124
123
125
126
126
124
125
126
125
122
122
125
126
127
126
126
126
127
128
129
128
126
123
120
121
122
125
126
126
126
126
128
128
127
126
125
124
124
124
125
125
126
126
126
126
125
125
126
126
125
125
125
125
124
124
125
126
126
125
125
125
125
124
124
126
127
127
126
125
124
125
125
126
126
126
125
124
125
126
126
126
125
125
125
125
125
125
125
125
125
125
125
125
125
126
125
125
125
126
125
125
125
125
126
126
125
126
126
127
126
126
125
125
125
124
124
124
125
126
126
125
124
125
126
127
123
124
125
127
126
126
127
126
125
125
125
125
125
125
125
125
126
126
125
125
126
126
126
126
126
126
125
125
126
126
126
126
126
126
125
125
125
125
125
125
126
126
125
125
126
126
125
125
125
125
126
126
126
126
126
126
127
126
125
126
127
126
126
125
125
125
124
125
125
125
126
126
127
126
126
126
126
125
125
125
126
126
125
125
125
126
126
125
125
125
126
126
126
126
126
127
127
126
125
126
126
125
125
125
125
125
125
125
125
125
126
126
126
126
126
126
126
126
126
126
126
125
125
125
126
125
125
125
126
126
126
125
125
125
126
126
125
125
126
126
125
125
126
126
127
126
125
125
126
127
126
126
125
126
126
126
125
125
125
126
127
125
125
125
126
126
125
125
125
125
125
126
126
125
125
125
126
126
125
126
126
126
126
127
126
125
125
126
126
126
126
125
125
125
125
125
125
125
125
125
126
125
125
126
126
126
126
126
126
126
126
126
126
126
125
128
126
125
125
124
124
125
125
125
125
125
126
126
126
126
125
126
126
126
126
126
126
125
125
125
126
125
125
125
125
125
125
125
125
126
129
126
126
125
125
124
125
125
124
125
125
125
124
125
125
125
125
125
126
126
126
126
126
126
125
125
125
125
125
125
126
125
125
125
125
125
125
126
124
125
125
125
125
125
125
125
125
125
125
125
125
125
125
126
125
125
125
125
125
125
125
126
126
125
125
125
125
125
127
124
110
126
126
126
127
127
127
126
126
126
125
125
125
126
126
126
126
126
126
126
126
125
126
126
126
126
126
126
126
117
120
128
126
127
128
127
127
127
127
126
126
126
126
126
126
126
126
126
126
126
126
125
126
125
126
126
126
126
125
126
126
126
126
126
126
125
121
125
126
125
127
128
127
127
127
127
126
126
126
126
125
126
125
126
126
126
127
125
125
126
125
125
125
125
126
125
125
126
126
126
126
124
126
124
126
125
126
126
126
126
126
126
126
126
125
125
126
126
125
125
125
125
125
126
126
126
126
126
125
125
125
125
126
125
126
125
126
126
125
126
126
126
126
126
125
126
125
125
126
126
126
125
125
125
126
126
126
125
125
126
125
126
125
125
125
125
126
125
125
126
126
126
126
125
126
126
126
126
126
126
126
125
126
125
125
126
126
126
126
126
126
125
126
126
125
125
126
126
125
126
126
125
126
126
125
125
125
125
126
126
126
126
126
125
131
126
125
124
123
124
125
125
126
125
126
127
126
126
125
125
126
126
126
126
125
125
125
125
124
125
125
125
125
126
126
125
125
125
125
126
126
125
129
129
126
125
125
123
124
124
124
125
125
125
125
125
126
125
125
125
125
126
126
126
126
126
125
125
126
126
126
125
125
125
125
125
125
126
126
125
125
125
126
126
126
125
125
124
124
126
126
125
126
124
124
126
127
126
125
125
126
125
125
125
125
126
125
124
125
127
126
125
124
125
126
125
125
124
124
125
127
125
124
125
127
127
125
124
125
125
126
126
125
125
125
125
124
125
127
127
124
125
126
126
125
125
125
126
127
124
123
125
127
124
123
125
127
126
125
124
126
126
126
152
84
115
124
128
126
128
129
129
126
125
126
128
126
126
126
126
126
125
126
127
126
126
126
126
127
125
126
128
128
114
67
130
126
132
130
133
132
132
132
130
129
129
128
127
127
126
126
126
126
126
126
127
128
128
127
127
126
127
126
126
127
127
127
126
125
125
115
123
125
125
127
129
129
129
129
130
127
127
128
127
126
125
126
125
126
127
125
125
125
125
126
126
125
125
125
126
126
124
125
125
126
126
126
125
125
125
126
126
125
125
125
126
126
126
125
125
125
126
42
125
126
126
126
126
126
126
126
126
126
125
126
126
126
126
126
126
126
126
126
126
126
126
126
126
126
125
126
126
126
126
126
126
126
126
126
126
126
126
126
126
126
126
126
125
126
125
126
126
125
125
126
126
126
125
126
126
126
126
126
126
126
126
126
126
126
125
126
125
126
125
126
126
125
125
125
126
126
125
125
126
126
125
125
125
125
125
126
125
126
125
125
125
125
125
125
125
125
126
125
126
125
126
125
125
125
125
125
125
125
125
126
125
125
126
126
125
125
125
125
126
125
125
125
126
125
126
125
126
126
125
125
125
125
125
125
125
125
126
125
125
125
125
125
125
125
125
126
125
125
125
126
125
125
125
125
125
125
125
125
125
125
125
125
125
125
125
125
125
125
125
125
125
125
125
125
125
125
126
125
125
125
125
126
125
125
125
125
125
125
125
125
125
125
126
125
125
125
125
126
125
125
125
125
125
125
125
125
125
125
125
125
125
125
125
125
126
126
125
126
125
125
125
125
125
125
126
125
125
125
125
126
125
125
125
125
125
125
125
125
125
125
125
125
125
125
125
125
125
125
125
126
126
125
125
125
125
125
125
125
125
125
125
125
125
126
126
126
125
125
125
125
125
125
125
125
125
125
125
125
125
125
125
125
125
125
125
125
125
125
125
125
125
125
125
125
125
125
125
125
125
125
125
125
125
125
125
125
125
125
125
125
125
125
125
125
125
125
125
125
125
125
125
125
125
125
125
125
125
125
125
125
125
125
125
125
125
125
125
125
125
125
125
125
125
125
125
125
125
125
125
125
125
125
