125
126
121
119
125
130
91
126
126
125
126
126
126
126
126
126
126
126
126
126
126
126
126
126
126
126
126
126
126
125
126
126
126
125
125
125
125
125
126
126
126
125
126
125
125
125
125
125
125
125
125
125
125
125
126
125
125
126
125
125
125
125
125
125
125
125
125
125
125
125
125
125
125
125
126
126
125
125
125
125
125
125
125
126
126
125
125
125
125
125
125
126
125
125
125
125
125
125
125
125
125
125
125
125
125
125
125
125
125
125
125
125
125
126
125
125
125
125
125
125
126
125
125
125
125
125
125
125
125
125
125
125
126
125
125
126
125
125
125
125
125
125
125
125
125
125
125
125
125
125
125
125
125
125
125
125
125
125
126
125
125
125
125
126
125
125
125
125
125
126
125
126
125
125
125
125
125
126
125
125
125
126
126
125
125
125
125
125
125
125
125
125
125
125
125
125
125
125
125
125
125
125
125
125
125
125
125
125
125
125
125
125
125
125
125
125
125
125
125
125
125
125
125
125
125
125
125
125
125
125
125
125
125
125
125
125
125
125
125
125
125
125
125
125
125
125
125
125
125
125
125
125
125
125
125
125
125
125
125
125
125
125
125
125
125
125
125
125
125
125
125
125
125
125
125
125
125
125
125
125
125
125
125
125
125
125
125
125
125
125
125
125
125
125
125
125
125
125
125
125
125
125
125
125
125
125
125
125
125
125
125
125
125
125
125
125
125
125
125
125
125
125
125
125
125
125
125
125
125
125
125
125
125
125
125
125
125
125
125
125
125
125
125
125
125
125
125
125
125
125
125
125
125
125
125
125
125
125
125
125
125
125
125
125
125
125
125
125
125
125
125
125
125
125
125
125
125
125
125
125
125
125
125
125
125
125
125
125
125
125
125
125
125
125
125
125
125
125
125
126
125
125
125
125
125
125
125
125
125
125
125
125
125
125
125
125
125
125
125
125
125
125
125
125
125
125
125
125
125
125
125
125
125
125
125
125
125
125
125
125
125
126
124
125
125
125
126
126
126
125
126
125
126
125
125
125
125
125
125
125
125
125
125
125
125
125
125
125
124
125
126
126
125
126
126
126
126
126
125
125
126
126
126
126
126
126
126
125
126
126
125
125
125
126
126
126
126
126
125
126
126
126
125
125
125
125
126
126
125
125
125
126
126
126
126
126
126
126
126
126
125
125
125
125
125
125
125
125
126
125
125
125
125
125
125
125
125
125
125
126
125
126
126
125
125
125
125
125
126
125
125
125
125
125
125
125
125
125
125
125
125
125
125
125
125
125
126
125
125
125
125
125
126
125
126
125
126
125
125
126
125
126
126
125
126
125
125
125
126
126
126
125
126
125
125
125
126
126
125
125
125
126
126
125
126
126
125
126
125
126
126
125
125
125
125
126
126
125
125
125
126
126
125
125
126
125
125
126
126
126
125
125
126
126
125
126
125
126
126
126
126
125
125
126
126
126
125
126
126
126
125
126
126
126
126
126
126
127
126
126
126
125
125
125
125
125
125
126
125
125
126
126
125
126
126
125
126
126
125
125
125
125
126
126
125
125
125
125
125
125
126
127
125
126
126
126
125
125
125
125
125
125
125
125
125
125
125
125
125
125
125
125
125
125
125
125
125
126
125
125
125
125
125
125
126
125
125
125
126
125
125
125
125
125
125
125
125
125
125
125
125
125
125
125
125
125
125
125
125
125
125
125
125
125
125
126
126
125
125
125
126
124
124
124
125
125
126
126
126
126
126
125
125
125
125
126
125
126
126
126
126
126
126
125
126
125
125
125
126
126
126
126
126
125
126
126
126
125
125
125
123
125
126
126
126
126
126
126
126
126
126
126
126
126
126
126
126
126
126
126
125
126
125
125
126
126
125
125
125
126
126
125
126
126
126
126
126
125
126
126
125
126
126
126
125
125
126
126
125
125
126
126
125
125
125
125
125
125
126
125
126
126
126
126
126
126
125
125
126
126
125
126
126
126
125
126
126
126
126
126
126
125
125
126
125
125
125
126
125
125
126
126
125
126
126
125
125
126
126
125
126
126
125
125
126
126
125
126
126
126
125
125
126
126
125
126
126
126
125
125
126
125
126
126
126
125
125
126
126
125
125
126
127
125
125
126
126
125
125
126
126
125
125
126
125
125
126
127
126
125
125
126
126
125
125
126
125
125
126
126
125
125
125
126
126
126
126
126
125
125
126
126
125
125
126
126
128
125
126
126
125
124
125
126
125
125
126
126
126
125
125
126
125
125
125
126
126
125
126
126
126
125
125
126
126
126
126
125
125
125
125
126
126
125
125
126
126
125
125
125
126
126
126
128
126
125
125
125
125
125
125
125
125
125
125
125
125
125
126
125
125
125
126
125
125
125
126
126
125
125
125
125
125
125
126
125
125
125
125
126
126
125
125
125
126
125
126
125
125
125
125
125
125
125
125
126
125
125
125
125
125
125
125
125
125
125
125
126
125
125
125
125
125
125
125
125
125
125
125
126
126
125
125
125
125
125
125
125
125
125
125
125
125
125
125
125
125
125
125
125
125
125
125
125
125
125
125
125
125
125
124
124
125
125
125
127
121
122
129
128
124
124
126
129
129
126
123
123
125
126
125
123
123
125
127
126
125
125
126
128
126
125
126
126
127
127
126
125
126
127
126
124
120
118
126
127
128
129
129
129
126
123
124
126
127
125
124
124
125
127
127
126
125
125
126
127
127
127
127
127
126
126
124
123
125
126
125
126
126
126
126
125
124
125
125
125
125
125
126
126
126
126
127
127
127
127
126
125
125
125
125
125
125
125
125
125
126
126
126
125
125
124
125
125
124
124
124
125
125
125
125
125
126
126
126
126
126
127
127
127
126
126
129
126
125
126
126
123
124
124
125
126
126
126
125
125
124
124
124
125
125
125
125
125
126
126
125
125
125
126
125
125
125
125
124
125
124
124
123
125
126
127
126
124
124
127
129
127
125
124
125
128
128
126
124
126
127
127
125
124
123
124
124
125
125
125
125
125
125
125
125
123
124
124
125
125
126
126
125
131
121
122
125
127
127
127
126
126
126
126
126
126
124
123
124
126
125
124
124
125
125
126
126
124
124
125
126
126
126
126
125
125
126
126
126
126
119
99
128
126
129
128
129
128
128
128
127
126
127
127
125
125
126
126
126
125
126
127
126
126
126
127
128
127
126
125
118
114
124
134
132
124
123
127
132
137
133
120
116
130
137
129
123
123
115
107
113
127
133
133
130
112
97
118
157
162
127
105
122
153
158
129
105
120
157
154
94
39
69
154
180
132
102
121
139
136
129
123
120
123
129
130
127
124
123
127
132
133
128
121
121
122
119
117
122
130
134
126
121
122
125
124
124
125
125
126
130
130
126
123
124
126
128
129
126
124
124
126
127
126
124
125
125
127
129
127
123
123
125
124
120
119
128
134
130
126
131
130
119
114
120
124
126
134
135
123
115
119
124
132
133
121
112
127
156
151
112
92
106
125
137
138
127
108
103
126
147
138
117
113
132
151
152
138
125
116
116
126
123
112
110
115
126
135
130
124
131
133
124
121
121
120
123
132
133
127
122
128
133
124
105
105
126
144
145
130
119
120
124
123
126
132
129
122
122
126
127
124
118
120
136
134
128
122
119
119
123
128
130
127
126
128
127
122
122
129
126
114
113
129
142
137
124
114
118
125
125
125
131
135
127
117
117
126
132
131
126
122
120
123
131
136
125
114
114
119
127
136
135
122
115
122
133
132
125
119
118
121
128
132
133
130
124
120
119
120
123
125
129
130
126
123
123
126
128
126
124
125
126
123
124
127
128
125
121
124
129
128
126
123
124
126
127
123
121
123
92
125
125
125
125
125
125
125
125
125
125
125
125
125
125
125
125
125
125
125
125
125
125
125
125
125
125
125
125
125
125
125
125
125
125
125
125
125
125
125
125
125
125
125
125
125
126
125
125
125
125
125
126
126
125
126
125
126
125
125
125
125
126
125
125
125
125
125
125
125
125
125
125
125
125
126
126
125
125
125
125
125
126
126
125
125
125
126
126
126
126
125
125
125
126
126
125
125
125
125
125
125
125
125
125
126
125
125
126
126
125
125
126
125
125
125
125
125
125
125
125
125
125
126
125
126
125
125
125
125
125
125
125
125
125
125
125
125
125
125
125
125
125
125
125
125
125
125
125
125
125
125
125
125
125
125
125
125
125
125
125
125
125
125
125
125
125
125
125
125
125
125
125
125
125
125
125
125
125
125
125
126
125
125
125
125
125
125
125
125
125
125
125
125
125
125
125
126
126
125
125
125
125
125
125
125
125
125
125
125
125
125
125
125
125
125
125
125
125
125
125
125
126
125
125
125
125
125
125
125
125
125
125
125
125
125
125
125
125
125
125
125
125
125
125
125
125
125
125
125
125
125
125
126
125
125
125
125
125
125
126
125
125
126
126
125
125
125
125
125
125
125
125
125
125
125
125
125
125
125
125
125
125
125
125
125
125
125
125
125
125
125
125
125
125
125
125
125
125
125
125
125
125
125
125
125
125
125
125
125
125
125
125
125
125
125
125
125
125
125
125
125
125
125
125
125
125
125
126
125
125
125
125
125
125
125
125
125
125
125
126
126
125
125
125
125
125
125
125
125
125
125
125
125
119
