126
126
125
126
126
126
48
125
125
125
125
125
125
125
125
125
125
125
126
125
125
125
125
125
125
125
125
125
125
125
126
125
125
125
125
125
126
126
125
125
125
125
125
125
125
125
125
125
125
125
125
125
125
125
125
125
125
125
125
125
125
125
125
125
125
125
125
125
125
125
125
125
125
125
125
125
125
125
125
125
125
125
125
125
125
125
125
125
125
125
125
125
125
125
125
125
125
125
125
125
125
125
125
125
125
125
125
125
125
125
125
125
125
125
125
125
125
125
125
125
125
125
125
125
125
125
125
125
125
125
125
125
125
125
125
125
125
125
125
125
125
125
125
125
125
125
125
125
125
125
125
125
125
125
125
125
125
125
125
125
125
125
125
125
125
125
125
125
125
125
125
126
125
126
126
125
126
126
126
126
126
125
125
126
126
126
126
126
125
125
126
125
125
126
125
125
126
126
125
125
125
125
125
125
125
125
126
126
126
126
125
125
126
125
125
125
125
125
125
125
126
125
125
126
125
126
125
125
125
125
125
125
126
125
125
125
126
125
125
125
125
125
125
125
125
125
125
125
125
126
125
126
125
125
125
125
126
125
125
126
125
125
125
125
126
126
125
125
126
126
126
125
125
125
126
126
126
126
126
125
126
126
125
125
126
125
125
125
126
126
126
126
126
126
126
125
125
125
125
125
125
126
126
126
126
125
125
125
125
126
126
126
125
126
125
125
125
126
126
126
126
126
126
125
125
126
125
125
125
125
126
125
125
126
125
125
126
126
125
125
125
126
126
125
125
126
126
126
126
125
126
126
125
125
125
125
125
125
125
126
126
125
125
125
125
125
125
126
125
126
126
125
125
125
125
125
125
125
125
125
126
125
125
125
125
125
125
125
125
126
126
125
125
125
125
125
125
125
125
125
125
125
125
125
125
125
125
125
125
125
125
125
125
125
125
125
125
125
125
125
125
125
125
125
125
125
125
125
125
125
125
125
125
125
125
125
125
125
125
125
125
125
125
125
125
125
125
125
125
125
125
125
125
125
125
125
125
125
125
125
125
125
125
125
125
125
125
125
125
125
125
125
125
125
125
125
125
125
125
125
125
125
125
125
125
125
125
125
125
125
125
125
125
125
125
125
125
125
125
125
125
125
125
125
125
125
125
125
125
125
125
125
125
125
126
125
124
125
126
125
125
125
126
126
125
125
125
125
125
125
125
126
125
125
125
125
126
127
127
125
124
125
126
127
126
125
124
124
125
124
122
122
125
128
128
125
124
125
127
128
126
124
123
124
125
126
128
129
129
126
125
124
123
124
125
124
123
126
127
124
122
123
125
126
126
126
127
127
127
127
126
125
124
125
124
124
125
127
127
126
126
125
124
125
125
125
125
128
128
125
124
124
121
118
124
135
136
126
117
116
121
128
134
134
125
115
118
131
138
131
120
119
120
121
125
132
131
121
117
125
133
130
125
126
129
126
125
124
119
116
124
135
135
126
118
121
122
119
126
140
138
121
115
122
125
121
126
138
131
112
116
142
141
104
95
137
162
130
98
111
135
128
124
148
147
88
65
136
200
155
81
96
146
146
96
70
137
220
180
51
38
116
157
188
179
103
74
82
91
134
215
197
96
13
53
214
255
120
6
51
138
180
192
182
127
49
42
130
177
139
118
141
144
110
87
107
181
184
54
16
168
255
120
19
125
169
83
109
210
168
47
79
162
120
118
162
152
79
63
144
195
141
88
108
129
119
139
167
131
69
81
154
172
117
89
124
157
151
127
98
90
122
153
145
116
106
116
124
132
143
141
125
117
123
128
122
117
120
123
124
126
129
129
125
125
128
128
128
128
122
117
122
131
130
122
120
123
129
132
128
120
116
120
128
131
129
126
125
126
125
123
123
125
125
123
124
127
127
126
126
129
129
124
121
121
125
128
128
125
124
126
127
125
122
122
123
125
127
128
128
126
124
124
124
125
126
127
126
125
124
124
125
125
126
126
126
125
124
124
124
126
124
126
126
126
125
124
124
125
127
127
126
126
125
124
125
126
126
125
125
122
123
124
127
129
129
126
125
125
126
126
126
126
125
125
125
126
127
126
124
123
124
125
126
126
127
127
126
125
125
126
127
127
125
124
126
128
126
124
125
126
126
125
126
127
126
125
123
122
127
128
126
124
124
124
125
128
128
126
124
122
124
127
129
127
124
124
127
129
128
124
122
124
126
127
126
125
125
125
126
126
126
125
125
125
125
127
126
124
124
126
127
126
125
124
124
126
127
126
126
126
126
125
126
127
127
126
125
125
126
126
124
124
124
126
126
125
125
125
126
126
127
126
125
124
126
126
126
126
125
125
125
125
125
125
126
127
126
126
126
126
127
125
124
124
126
126
125
124
125
126
127
126
125
124
125
126
126
125
125
125
125
126
127
127
125
125
125
126
127
126
125
126
127
127
125
126
126
126
125
125
125
125
125
125
125
125
125
125
126
126
126
125
125
125
125
126
127
128
126
125
126
125
124
124
125
125
125
126
126
125
126
126
126
125
126
126
125
125
125
128
126
126
125
124
123
125
126
125
125
125
126
126
125
124
124
125
126
125
125
125
125
125
126
126
126
125
125
125
126
126
125
125
125
126
126
125
125
125
125
126
125
125
125
126
125
125
125
125
125
125
125
126
126
126
126
126
126
125
125
125
126
125
125
125
125
125
126
125
125
125
125
125
125
125
125
125
125
125
126
125
126
125
125
125
125
125
125
125
125
125
125
126
125
126
126
125
125
125
125
125
125
125
126
125
125
126
125
125
125
125
126
126
125
126
126
125
125
125
125
125
125
125
125
125
126
126
126
125
125
125
125
126
125
125
125
125
125
125
125
125
125
125
125
125
125
125
126
125
125
125
125
128
118
120
126
124
125
126
127
126
126
126
126
125
126
126
125
125
125
125
126
126
126
126
125
126
126
126
126
126
125
125
126
126
125
125
125
126
125
125
125
126
125
126
125
125
125
125
125
126
125
125
125
125
126
125
125
125
126
126
125
126
126
126
125
126
125
126
125
122
123
124
126
125
126
127
127
126
126
126
125
125
125
125
126
125
125
125
125
125
125
125
125
125
125
126
125
125
125
125
126
125
125
125
125
125
125
126
125
125
125
126
125
125
125
125
125
125
125
125
125
125
125
125
125
125
125
125
125
125
125
126
125
125
125
125
126
126
126
125
124
125
126
126
125
125
125
126
125
125
125
125
125
125
125
126
125
125
124
125
126
126
126
126
126
125
125
126
127
123
124
125
126
126
125
125
126
126
125
126
125
125
125
125
125
125
125
125
126
126
126
126
125
125
126
125
125
125
124
125
125
125
126
126
126
126
125
125
129
129
126
124
125
123
123
125
126
126
125
126
126
127
125
125
125
126
125
126
126
125
125
125
124
124
125
125
124
124
125
125
125
126
125
126
125
124
125
119
123
126
126
126
129
128
127
127
127
125
125
125
125
126
126
126
126
126
126
126
126
126
126
126
126
125
126
126
126
125
125
125
125
125
124
125
124
125
125
125
125
124
127
125
124
125
125
125
125
125
126
126
126
126
126
125
125
125
126
126
125
125
126
125
126
126
125
126
125
125
125
125
126
126
125
126
125
126
125
126
126
126
125
125
125
125
125
124
124
125
126
126
125
127
128
129
129
126
124
123
123
123
125
127
123
120
122
127
129
127
125
124
124
124
124
124
125
125
124
123
123
124
125
124
125
128
129
128
127
128
129
130
128
126
125
123
122
122
125
125
124
124
125
127
128
127
125
123
122
122
123
124
126
124
124
126
127
126
126
126
125
125
124
126
125
124
125
126
127
125
125
125
125
126
127
126
126
47
125
125
125
125
125
125
125
125
125
125
125
125
125
125
125
126
125
125
125
125
125
125
125
125
125
125
125
125
125
126
125
125
125
125
125
125
125
125
125
125
125
125
125
125
125
125
125
125
125
125
125
125
125
125
125
125
125
125
125
125
125
125
125
125
125
125
125
125
125
125
125
126
125
125
125
125
125
125
125
125
125
126
126
125
126
125
125
125
125
125
125
125
125
125
125
125
125
125
125
125
125
125
125
125
125
125
125
125
125
125
125
125
125
125
125
125
125
125
125
125
125
125
125
125
125
125
125
125
125
125
125
125
125
125
125
125
125
125
125
125
125
125
125
125
125
125
125
125
125
125
125
125
125
125
125
125
125
125
125
125
125
126
125
125
125
125
125
125
125
125
125
125
125
125
125
125
125
125
125
125
125
125
125
125
125
126
125
125
126
125
125
125
125
125
125
125
125
125
125
125
125
125
125
125
125
125
125
125
125
125
125
125
125
125
125
125
125
125
125
125
125
125
125
125
125
125
125
125
125
125
125
125
125
125
125
125
125
125
125
125
125
125
125
125
125
125
125
125
125
125
125
125
125
125
125
125
125
126
125
125
125
125
125
125
125
125
125
125
125
125
125
125
125
125
125
125
125
125
125
125
125
125
125
125
125
125
126
126
125
125
125
125
125
124
125
126
125
125
126
126
126
126
125
126
125
125
125
125
126
125
126
125
126
126
126
126
125
125
126
126
125
125
126
125
125
126
126
126
126
125
126
126
125
126
126
126
126
126
125
126
126
126
126
126
125
126
126
125
126
125
126
126
126
125
