124
127
127
125
124
125
46
125
126
125
125
125
125
125
125
125
125
125
125
125
125
125
126
125
125
125
126
125
125
125
125
125
125
125
125
125
125
125
125
125
125
125
125
125
125
125
125
126
125
125
125
125
125
125
125
125
125
125
125
125
125
125
125
125
125
125
125
125
125
125
125
125
125
125
125
126
125
125
125
125
125
126
125
125
125
125
125
125
125
125
125
125
125
125
125
125
125
125
125
125
125
125
125
125
125
125
125
125
125
125
125
126
125
125
125
125
125
125
125
125
125
125
125
125
125
125
125
125
125
125
125
125
125
125
125
125
125
125
125
125
125
125
125
125
125
125
125
125
125
125
126
125
125
125
125
125
125
126
125
125
125
126
126
126
126
126
126
126
126
126
126
126
125
126
126
126
126
126
126
126
126
126
126
126
126
126
126
126
126
126
126
126
125
126
126
126
126
126
126
126
126
126
126
125
126
126
126
126
126
126
126
126
126
126
126
126
126
126
126
126
126
126
126
126
125
125
126
126
125
126
126
126
126
126
126
126
126
126
125
125
125
125
125
125
125
126
126
126
125
126
125
125
126
125
125
126
126
126
126
126
126
126
125
126
125
126
125
126
126
126
125
125
126
125
125
126
125
125
126
126
126
126
125
126
126
125
126
125
125
126
126
126
126
126
126
126
125
125
125
126
126
126
126
125
125
125
126
126
126
125
125
126
126
126
126
126
125
126
126
126
126
126
126
125
125
126
125
126
126
126
126
125
126
126
126
126
125
126
126
126
126
126
125
126
126
126
126
126
126
126
126
126
126
125
125
126
126
125
125
125
126
126
126
126
126
126
126
126
125
125
125
125
125
126
126
125
125
125
125
125
125
125
125
125
125
125
125
125
125
125
125
126
126
126
125
125
125
125
125
125
125
125
125
125
126
126
126
125
125
125
125
125
125
125
125
125
125
125
125
125
126
125
125
125
126
126
125
125
125
125
125
125
125
125
125
126
127
127
126
126
125
125
125
126
126
126
125
124
124
125
125
125
125
125
125
126
127
126
125
125
125
126
125
125
126
126
127
127
126
125
123
121
123
126
129
130
129
124
121
121
124
126
128
129
126
121
120
125
128
126
126
127
128
124
121
125
130
127
119
117
127
139
140
126
112
108
117
129
135
130
122
120
126
135
136
131
126
122
112
109
125
138
127
115
123
134
134
131
124
119
127
134
120
110
122
135
125
118
132
138
123
115
119
127
133
125
113
125
141
129
118
129
133
119
116
127
131
131
127
113
105
124
156
154
113
81
101
153
170
134
94
92
121
150
154
137
114
101
109
129
139
133
122
124
135
135
121
109
115
131
135
124
117
120
126
130
139
141
129
111
103
114
130
138
131
121
121
128
132
129
125
125
127
125
119
118
125
130
128
126
126
126
125
125
125
125
125
126
124
125
128
128
122
119
124
127
123
121
128
134
131
124
122
125
127
125
123
125
128
125
120
122
129
133
124
118
123
132
132
126
119
119
124
128
126
123
122
125
128
127
125
127
129
127
123
123
126
128
127
124
123
125
126
128
128
124
120
122
126
127
127
127
124
120
125
131
128
122
120
122
122
127
132
130
126
125
127
128
125
122
121
125
126
126
128
128
123
122
128
129
125
120
122
127
128
125
124
124
124
125
126
125
124
127
130
126
122
125
127
126
125
125
125
125
124
124
126
129
128
124
122
124
125
126
126
125
124
125
127
127
124
123
125
126
127
126
125
125
125
125
126
126
126
125
126
127
126
124
124
126
126
126
124
124
125
126
126
125
125
126
126
126
125
126
126
126
125
125
125
125
125
126
126
126
126
125
125
126
126
126
124
125
126
126
125
125
125
125
125
125
125
125
126
126
127
127
126
125
125
126
125
125
125
125
125
126
125
125
125
125
125
125
124
124
125
126
125
125
125
126
126
126
125
126
126
126
126
126
125
125
125
126
126
125
125
125
125
125
125
126
125
125
125
125
126
126
125
125
125
125
125
125
125
125
125
125
126
126
125
125
126
126
126
126
126
125
125
124
125
125
124
123
126
128
128
129
127
127
128
127
121
119
123
125
123
123
126
128
128
128
128
130
127
124
122
122
124
125
124
124
126
126
125
127
127
125
124
126
126
124
122
123
126
127
125
125
127
128
127
126
126
125
126
127
122
122
123
126
126
125
124
124
125
127
128
126
125
125
126
126
124
122
124
127
129
127
126
126
128
126
122
125
128
125
124
124
125
124
123
125
125
126
127
127
126
125
125
126
127
126
125
125
126
127
127
126
125
125
125
125
126
127
127
126
126
126
126
126
125
125
125
126
125
125
125
126
127
127
126
125
125
126
125
125
125
125
126
126
126
126
126
126
126
126
125
125
123
126
126
126
127
127
127
127
127
126
126
125
125
125
125
125
124
125
125
126
126
126
126
126
126
126
126
126
125
125
125
125
125
125
126
127
127
126
127
126
126
125
125
125
124
124
125
125
125
125
125
126
126
126
126
126
126
126
126
125
125
125
125
125
125
125
125
125
126
127
128
126
126
126
126
125
125
125
125
125
125
125
125
126
126
126
127
127
127
127
126
125
125
125
125
125
125
125
125
125
126
125
125
125
126
126
125
125
125
126
125
126
126
126
126
125
126
126
126
125
126
125
125
125
125
126
125
125
126
126
126
129
126
127
126
126
124
125
124
124
125
125
125
125
125
126
126
126
129
126
126
125
125
124
124
125
125
125
125
125
125
126
125
125
125
125
125
126
126
126
126
126
125
125
125
125
125
125
126
126
126
125
125
126
126
126
125
125
125
126
125
125
125
121
125
126
126
126
127
126
126
126
126
126
126
126
125
125
125
125
125
125
125
126
126
125
125
125
125
126
125
125
125
125
126
125
125
125
125
125
125
125
125
125
125
125
126
126
125
125
125
125
125
125
125
125
125
126
125
125
126
125
126
126
125
125
125
126
126
125
125
125
125
125
125
126
126
125
126
126
126
126
126
125
125
125
125
126
125
125
125
125
126
126
126
125
125
126
126
126
125
125
124
125
125
125
125
125
124
125
126
127
127
127
126
126
126
126
125
125
125
125
126
125
125
125
125
126
126
126
126
125
125
125
125
125
125
124
125
126
126
125
125
125
125
125
125
126
126
125
125
125
126
125
125
125
125
125
126
125
124
125
125
126
126
125
126
125
125
126
125
126
126
126
125
125
125
125
125
125
125
125
126
126
125
125
125
126
126
125
125
125
125
125
126
125
125
125
125
126
125
125
125
126
126
126
125
125
125
125
125
125
125
125
125
125
125
125
125
125
125
125
125
125
126
125
126
126
125
126
126
125
125
125
124
125
125
125
147
91
112
126
128
128
130
129
128
127
127
126
125
126
125
126
127
126
126
126
126
126
126
126
129
124
126
126
126
126
126
126
126
126
128
127
126
126
126
126
126
126
126
126
126
126
126
125
125
126
126
126
125
125
126
126
126
126
126
126
126
125
125
126
126
126
126
118
123
124
126
126
128
128
128
128
127
127
126
126
126
126
126
126
126
126
126
125
126
126
126
125
125
125
125
125
125
125
125
125
125
126
125
126
126
125
125
124
125
125
126
125
125
125
125
126
125
125
125
124
125
126
126
125
124
126
127
126
124
124
125
126
127
126
125
124
125
127
127
124
123
124
127
129
127
122
122
127
128
126
125
125
124
126
127
124
125
123
123
125
131
130
124
122
126
127
125
126
124
125
126
126
125
125
128
128
123
122
124
125
128
129
125
121
125
128
126
124
126
127
124
124
129
128
125
122
124
128
127
122
125
128
127
124
125
127
125
123
125
127
124
123
129
130
125
125
130
127
125
125
123
121
45
125
126
125
125
125
125
125
125
126
125
125
125
125
125
125
125
125
125
125
125
125
125
125
126
126
125
125
125
125
125
125
125
125
125
125
125
125
125
125
125
125
125
125
125
125
125
125
125
125
125
125
125
125
125
125
125
125
125
125
125
125
125
125
125
125
125
125
125
125
125
125
125
125
125
125
125
125
125
125
125
125
125
125
125
125
125
125
125
125
125
125
125
125
125
125
125
125
125
125
125
125
125
125
125
125
125
125
125
125
125
125
125
125
125
125
125
125
125
125
125
125
125
125
125
125
125
125
125
125
125
125
125
125
125
125
125
125
125
125
125
125
125
125
125
125
125
125
125
125
125
125
125
125
125
125
125
125
125
125
125
125
125
125
125
125
125
125
125
125
125
125
125
125
125
125
125
125
125
126
126
125
125
125
125
125
125
125
125
125
125
125
126
126
125
125
125
125
125
125
125
125
125
125
125
125
125
125
125
125
125
125
125
125
125
125
125
125
125
125
125
125
125
125
125
125
125
125
125
125
125
125
125
125
125
125
125
125
125
125
125
125
125
125
125
125
125
125
125
125
125
125
125
125
125
125
125
125
125
125
125
125
125
125
125
125
125
125
125
125
125
125
125
125
125
125
125
125
125
125
125
125
125
125
125
125
125
125
125
125
125
125
125
125
125
125
125
125
125
125
125
125
125
125
125
125
125
125
125
125
125
125
125
125
125
125
125
125
125
125
125
125
125
125
125
125
125
125
125
125
125
125
125
125
125
125
125
125
125
125
125
125
125
125
125
125
125
125
125
125
125
125
125
125
122
