126
125
125
126
125
125
51
126
125
125
126
126
126
125
126
126
126
126
125
126
126
126
126
126
126
126
125
126
126
126
126
126
126
126
125
126
126
126
126
125
125
126
125
125
126
125
125
126
125
125
126
126
125
126
125
125
126
125
125
125
126
126
125
126
126
126
126
126
126
125
125
125
126
125
125
125
125
126
126
125
125
125
126
126
125
126
125
125
125
126
125
125
125
126
126
125
125
126
125
125
125
125
125
125
125
125
125
125
125
125
125
125
125
125
125
125
125
125
125
125
125
125
125
125
125
125
125
125
125
125
125
125
125
125
125
125
125
125
125
125
125
125
125
125
125
125
125
125
125
125
125
125
125
125
125
125
125
125
125
125
125
125
125
125
125
125
125
125
125
125
125
125
125
125
125
125
125
125
125
125
125
125
125
125
125
125
125
125
125
125
125
125
125
125
125
125
125
125
125
125
125
125
125
125
125
125
125
125
125
125
125
125
125
125
125
125
125
125
125
125
125
125
125
125
125
125
125
125
125
125
125
125
125
125
125
125
125
125
125
125
125
125
125
125
125
125
125
125
125
125
125
125
125
125
125
125
125
125
125
125
125
125
125
125
125
125
125
125
125
125
125
125
125
125
125
125
125
125
125
125
125
125
125
125
125
125
125
125
125
126
124
125
126
125
125
126
126
126
126
125
125
125
125
125
126
125
125
126
126
126
126
125
125
125
126
126
126
126
125
126
126
126
125
126
125
125
126
126
126
126
126
126
126
126
126
125
125
125
126
125
126
126
126
126
126
126
126
126
126
126
126
125
126
126
126
125
126
125
125
125
126
126
126
126
126
126
126
126
126
125
125
125
125
125
125
125
125
125
125
125
126
125
125
126
126
125
125
125
126
125
125
125
125
125
125
125
125
125
125
125
125
125
126
126
125
125
125
125
126
126
126
126
125
126
125
125
125
126
125
126
126
126
125
126
126
126
125
125
125
126
125
126
126
125
126
125
126
126
126
126
126
126
126
126
125
125
125
126
126
126
125
126
125
126
126
126
126
126
126
125
126
125
125
125
126
126
126
125
125
125
125
125
125
126
125
126
125
125
125
125
125
126
126
125
125
125
126
125
125
126
126
125
125
125
126
125
126
125
126
126
126
125
125
126
125
126
126
126
126
126
125
124
124
125
124
123
124
127
129
127
125
125
125
125
124
124
126
127
127
124
122
123
127
128
131
135
129
114
104
108
114
120
134
153
169
176
139
55
55
139
178
123
81
93
123
198
165
64
120
149
94
83
154
150
161
186
68
27
148
235
148
44
62
131
185
180
110
44
85
185
184
107
79
130
163
114
76
129
180
135
70
99
168
166
106
81
119
163
146
102
106
140
133
105
119
157
149
100
87
135
170
130
79
99
156
159
115
96
123
147
136
112
111
135
146
132
111
110
125
133
125
116
122
136
138
127
120
122
125
122
118
121
131
133
126
120
123
128
127
124
125
127
126
125
127
125
123
121
124
127
127
126
126
129
129
128
125
123
122
124
124
125
125
126
129
131
128
123
122
124
124
125
123
120
120
126
133
133
128
125
125
127
127
125
126
127
127
126
125
123
122
125
129
132
127
118
118
128
136
132
120
113
120
135
139
128
117
117
122
123
121
127
143
147
118
92
109
146
150
125
112
121
134
136
126
119
121
127
126
119
121
130
132
125
124
129
130
123
117
122
130
128
121
124
129
126
123
127
130
129
124
122
123
125
128
129
127
124
123
126
128
126
123
121
122
125
128
130
128
125
124
125
125
124
125
127
127
125
124
125
127
127
125
124
124
125
125
125
126
126
127
127
127
127
126
126
126
125
124
124
126
127
126
126
126
124
123
125
127
127
124
124
126
127
127
127
126
126
125
125
125
126
126
125
125
126
126
125
125
125
125
125
126
126
126
125
125
126
126
126
125
125
126
126
126
125
125
126
127
127
126
125
125
125
126
126
125
124
124
129
132
125
116
114
131
144
134
113
108
123
137
135
122
119
127
132
123
115
126
142
134
108
107
133
142
126
117
124
128
124
124
131
130
123
121
125
127
126
125
124
125
127
126
122
122
125
129
128
124
123
125
128
125
124
126
127
126
124
124
125
125
126
126
125
124
125
126
126
125
126
126
125
125
125
125
125
125
125
125
125
126
126
125
126
125
125
126
126
126
125
125
125
126
126
125
123
124
125
126
126
125
125
125
125
125
126
125
125
125
125
124
125
126
126
125
125
126
126
127
128
127
126
125
125
125
126
125
124
125
126
127
125
125
124
124
125
126
125
124
124
124
125
125
126
125
125
125
125
126
126
126
126
126
125
125
125
126
126
125
125
125
125
125
124
125
126
126
125
125
125
125
125
125
125
125
125
125
125
125
125
126
126
126
126
126
126
127
124
125
125
125
125
126
125
125
125
125
125
125
125
125
126
126
126
126
126
126
125
125
125
126
126
126
125
125
125
125
125
125
126
126
126
126
125
124
124
127
129
127
124
123
124
127
128
128
125
122
124
127
128
126
124
124
125
126
126
125
125
126
126
125
124
124
125
123
126
126
124
123
126
128
128
127
126
125
125
125
126
126
126
125
125
126
126
126
125
125
125
125
125
125
126
125
125
126
125
125
125
124
125
125
126
126
125
125
125
126
126
126
125
125
125
126
127
126
125
125
125
126
125
125
125
126
126
126
125
125
126
126
126
125
125
126
125
125
126
125
125
125
125
126
126
126
125
126
125
125
125
125
125
124
125
126
125
125
126
126
127
126
125
125
125
125
125
125
126
126
124
125
126
126
126
126
125
125
125
126
126
125
125
124
124
125
125
125
125
125
125
126
126
126
126
126
126
126
126
125
125
125
125
125
126
126
126
126
126
126
126
126
125
125
125
125
125
130
125
124
125
124
124
124
125
124
125
126
126
125
125
123
126
125
125
124
126
126
126
126
126
125
125
126
126
125
126
125
126
125
125
126
125
126
125
125
125
125
125
125
125
125
125
126
125
125
125
126
126
125
126
125
126
125
125
125
126
125
125
125
125
126
125
126
126
126
125
125
125
125
126
125
125
125
125
125
125
125
125
125
125
125
125
125
125
125
125
126
126
125
126
125
126
125
126
125
125
126
126
126
125
125
125
125
125
125
125
125
126
126
125
125
125
125
125
124
125
125
125
126
125
125
125
125
125
125
125
125
125
125
126
125
125
125
125
125
126
125
126
125
126
126
125
125
124
124
125
125
125
125
125
126
126
126
125
125
126
126
126
124
125
125
125
125
124
126
125
125
126
126
127
127
127
125
125
125
124
125
126
126
124
122
125
127
126
125
126
126
124
122
125
127
125
123
122
124
124
123
125
127
126
125
125
128
128
127
125
126
125
126
124
124
125
126
125
125
125
125
142
96
129
125
128
126
127
127
128
127
125
124
124
125
126
126
125
125
124
126
127
126
116
77
133
124
132
132
131
129
129
130
128
127
128
128
128
128
127
127
126
127
128
128
127
126
127
126
127
126
127
126
127
126
125
126
127
127
126
126
126
127
126
126
126
127
126
121
119
124
126
126
129
131
128
126
129
130
125
124
127
128
125
124
126
125
124
126
127
124
123
125
126
126
126
125
124
124
127
126
124
123
125
126
125
126
126
125
123
125
127
126
125
125
127
127
126
124
124
126
127
125
123
126
129
124
119
124
132
130
121
120
127
128
123
125
132
128
114
116
141
142
116
109
126
135
126
122
126
126
124
126
127
124
123
126
127
126
124
125
125
126
127
125
124
126
126
125
124
124
126
126
125
125
126
126
125
124
125
125
126
126
127
127
128
127
126
126
126
126
125
126
128
125
121
124
127
128
127
125
125
50
125
125
125
125
125
125
125
125
125
125
125
125
125
125
125
125
125
125
125
125
125
125
125
125
125
125
125
125
125
125
125
125
125
125
125
125
125
125
125
125
125
125
125
125
125
125
125
125
125
125
125
125
125
125
125
125
125
125
125
125
125
125
125
125
125
125
125
125
125
125
125
125
125
125
125
125
125
125
125
125
125
125
125
125
125
125
125
125
125
125
125
125
125
125
125
125
125
125
126
125
125
125
125
125
125
125
125
125
125
125
125
125
125
125
125
125
125
125
125
125
125
125
125
125
125
125
126
125
126
126
126
126
126
126
125
126
126
126
126
126
125
125
126
125
125
125
126
125
126
126
126
126
126
126
126
126
126
126
126
126
125
126
126
126
126
126
126
126
126
126
126
125
126
126
126
126
126
126
126
126
126
126
125
126
126
126
126
126
126
125
125
126
125
126
126
126
126
126
126
126
126
126
126
125
125
126
126
125
126
125
125
125
125
125
125
126
126
125
125
125
125
125
126
125
125
125
125
126
125
126
125
126
125
125
126
126
126
125
125
125
125
126
125
126
125
126
125
126
126
126
126
125
125
126
126
126
126
126
126
126
125
125
125
126
126
126
126
126
126
126
126
126
126
126
126
126
125
126
125
126
126
126
126
125
125
125
125
126
126
125
126
126
126
126
125
126
126
126
126
126
126
125
125
125
125
125
126
125
126
126
126
126
126
126
125
125
125
125
125
125
126
126
125
125
126
126
126
126
126
126
125
126
126
126
125
125
126
125
126
126
125
125
125
125
125
125
125
125
125
125
125
125
125
125
