126
124
124
124
123
122
95
125
125
125
125
125
125
125
125
125
125
125
125
125
125
125
125
125
125
125
125
125
125
125
125
125
125
125
125
125
125
125
125
125
125
125
125
125
125
125
125
125
125
125
125
125
125
125
125
125
125
125
125
125
125
125
125
125
125
125
125
125
125
125
125
125
125
125
125
125
125
125
125
125
125
125
125
125
125
125
125
125
125
125
125
125
125
125
125
125
125
125
125
125
125
125
125
125
125
125
125
125
125
125
125
125
125
125
125
125
125
125
125
125
125
125
125
125
125
125
125
125
125
125
125
125
125
125
125
125
125
125
125
125
125
125
125
125
125
125
125
125
125
125
125
125
125
125
125
125
125
125
125
125
125
125
125
125
125
125
125
125
125
125
125
125
125
125
125
125
125
125
125
125
125
125
125
125
125
125
125
125
125
125
125
125
125
125
125
125
125
125
125
125
125
125
125
125
125
125
125
125
125
125
125
125
125
125
125
125
125
125
125
125
125
125
125
125
125
125
125
125
125
125
125
125
125
125
125
125
125
125
125
125
125
125
125
125
125
125
125
125
125
125
125
125
125
125
125
125
125
125
125
125
125
125
125
125
125
125
125
125
125
125
125
125
125
125
125
125
125
125
125
125
125
125
125
125
125
125
125
125
125
125
125
125
125
125
125
125
125
125
125
125
125
125
125
125
125
125
125
125
125
125
125
125
125
125
125
125
125
125
125
125
125
125
125
125
125
125
125
125
125
125
125
125
125
125
125
125
125
125
125
125
125
125
125
125
125
125
125
125
125
125
125
125
125
125
125
125
125
125
125
125
125
125
125
125
125
125
125
125
125
125
125
125
125
125
125
125
125
125
125
125
125
125
125
125
125
125
125
125
125
125
125
125
125
125
125
125
125
125
125
125
125
125
125
125
125
125
125
125
125
125
125
125
125
125
125
125
125
125
125
125
125
125
125
125
125
125
125
125
125
125
125
125
125
125
125
125
125
125
125
125
125
125
125
125
125
125
125
125
124
125
125
125
125
125
125
125
125
125
125
125
125
125
125
125
125
125
125
125
125
125
125
125
125
125
125
125
125
125
125
125
125
125
125
125
125
125
125
125
125
125
125
125
125
125
125
125
125
125
125
125
125
125
125
125
125
125
125
125
125
125
125
125
125
125
125
125
125
125
125
125
125
125
125
125
125
125
125
125
125
125
125
125
125
125
125
125
125
125
125
125
125
125
125
125
125
125
125
125
125
125
125
125
125
125
125
125
125
125
125
125
125
125
125
125
125
125
125
125
125
125
125
125
125
125
125
125
125
125
125
125
125
125
125
125
125
125
125
125
125
125
125
125
125
125
125
125
125
125
125
125
125
125
125
125
125
125
125
125
125
125
125
125
125
125
125
125
125
125
125
125
125
125
125
125
125
125
125
125
125
125
125
125
125
125
125
126
125
125
125
125
125
125
125
125
125
125
125
125
125
125
125
125
125
125
125
125
125
125
125
125
125
125
125
125
125
125
125
125
127
126
125
125
125
125
125
125
125
125
125
125
125
125
125
125
125
125
125
125
125
125
125
125
125
125
125
125
125
125
125
125
125
125
125
125
125
125
125
125
125
125
125
125
125
125
125
125
125
125
125
125
125
125
125
125
125
125
125
125
125
125
125
125
125
125
125
125
125
125
125
125
125
125
125
125
125
125
125
125
125
125
125
125
125
125
125
125
125
125
125
125
125
125
125
125
125
125
125
125
125
125
125
125
125
125
125
125
125
125
125
125
125
125
125
125
125
125
125
125
125
125
125
125
125
125
125
125
125
125
125
125
125
125
125
125
125
125
125
125
125
125
125
125
125
125
125
125
125
125
125
125
125
125
125
125
125
125
125
125
125
125
125
125
125
125
125
125
125
125
125
125
125
125
125
125
125
125
125
125
125
125
125
125
125
125
125
125
125
125
125
125
125
125
125
125
125
125
125
125
125
125
125
125
126
125
125
125
125
125
125
125
125
125
125
125
125
126
125
125
125
126
125
125
125
125
125
125
125
125
125
125
125
125
125
125
125
125
126
125
125
125
125
125
125
125
125
125
125
125
125
125
125
125
125
125
126
125
125
125
125
125
125
125
125
125
125
125
125
125
125
125
125
125
125
125
125
125
125
125
125
125
125
125
125
125
125
125
125
126
125
125
125
125
125
125
125
125
125
125
125
125
125
125
125
125
125
125
125
125
126
125
125
126
126
125
124
125
126
126
125
125
125
125
125
125
126
125
125
126
125
125
125
125
125
125
125
126
125
124
125
126
125
125
125
125
125
125
126
126
125
124
125
125
125
125
125
125
125
125
125
125
125
125
125
125
126
126
126
125
125
125
125
125
125
125
125
125
125
126
125
124
124
125
126
125
124
125
126
125
125
125
126
125
125
125
126
125
125
125
125
125
124
125
125
125
125
125
126
126
126
125
126
125
124
124
125
126
125
125
125
125
125
125
126
126
125
125
126
126
124
124
124
125
125
125
126
125
124
123
126
129
127
122
122
128
127
124
124
125
125
124
125
126
125
124
125
126
126
125
125
126
126
125
124
125
125
124
123
124
125
123
122
123
127
130
133
133
131
125
119
122
127
129
124
118
116
119
121
119
118
119
122
126
134
137
131
128
138
143
128
115
119
126
126
130
130
120
114
118
123
124
121
119
120
124
129
129
125
124
124
125
128
132
131
127
124
126
127
126
126
126
124
122
122
125
126
126
124
123
122
122
123
124
124
124
125
126
126
127
127
126
125
125
126
128
128
126
124
124
126
126
126
126
125
125
125
124
125
125
125
124
124
125
125
125
124
125
126
126
125
125
125
125
124
125
125
126
125
126
126
126
126
125
125
125
125
125
125
126
125
125
125
124
125
125
125
125
125
125
126
126
125
125
125
126
125
124
124
125
125
124
125
125
125
125
125
125
125
125
125
125
124
124
124
124
125
127
128
126
125
124
126
128
127
126
126
126
125
120
124
125
125
126
127
124
128
131
103
128
122
123
125
128
128
126
125
125
126
126
127
126
125
126
127
127
127
127
127
128
127
126
126
126
126
126
124
125
125
126
126
125
125
125
126
126
126
125
125
126
126
125
125
126
126
127
127
126
126
126
126
126
126
124
125
126
126
125
125
124
125
125
124
125
125
126
127
126
127
126
119
124
125
126
128
129
126
121
118
124
134
136
127
117
120
134
141
135
133
133
114
91
109
141
137
112
103
120
148
152
122
103
116
134
141
135
121
112
118
130
138
141
125
106
115
155
166
116
65
94
162
168
114
83
105
137
143
131
119
114
118
131
140
133
121
121
129
135
132
126
121
120
122
125
122
119
125
132
128
121
123
127
126
123
123
128
129
126
122
123
127
130
127
123
123
127
129
128
125
124
125
128
128
125
121
124
127
127
126
125
124
125
127
123
119
125
130
125
123
126
124
127
131
124
118
124
133
130
116
111
121
136
141
131
122
124
133
138
127
117
114
129
127
113
106
115
123
129
135
138
137
130
133
142
141
123
106
100
102
121
143
137
114
117
134
136
132
127
113
108
125
143
142
127
111
108
127
128
120
128
141
132
121
116
114
119
129
127
122
126
142
159
151
103
62
89
154
176
138
97
96
126
154
160
140
106
82
85
119
162
156
111
105
157
163
119
100
118
127
127
123
101
84
114
172
179
114
71
121
174
142
85
114
168
149
99
102
133
121
111
136
143
111
93
128
164
151
117
115
135
130
103
90
116
147
149
131
119
114
120
130
134
124
117
125
135
132
122
119
124
131
127
120
121
125
127
128
127
124
118
119
122
126
129
129
124
123
128
128
125
125
125
129
126
123
120
123
128
94
125
125
125
125
125
125
125
125
125
125
125
125
125
125
125
125
126
125
125
125
125
125
125
125
125
125
125
125
125
125
125
125
125
125
125
125
125
125
125
125
125
125
125
125
125
125
125
125
125
125
125
125
125
125
125
125
125
125
125
125
125
125
125
125
125
125
125
125
125
125
125
125
125
125
125
125
125
125
125
125
125
125
125
125
125
125
125
125
125
125
125
126
125
125
125
125
125
125
125
125
125
125
125
125
125
125
125
125
125
125
125
125
125
125
125
125
125
125
125
125
125
125
125
125
125
125
125
125
125
125
125
125
125
125
125
125
125
125
125
125
125
125
125
125
125
125
125
125
125
125
125
125
125
125
125
125
125
125
125
125
126
126
125
125
125
125
125
125
125
125
125
125
125
125
125
125
125
125
125
125
125
125
125
125
125
125
125
125
125
125
125
125
125
125
125
125
125
125
125
125
125
125
125
125
125
125
125
125
125
125
125
125
125
125
125
125
125
125
125
125
125
125
125
125
125
125
125
125
125
125
125
125
125
125
125
125
125
125
125
125
125
125
125
125
125
125
125
125
125
125
125
125
125
125
125
125
125
125
125
125
125
125
125
125
125
125
125
125
125
125
125
125
125
125
125
125
125
125
125
125
125
125
125
125
126
125
125
125
125
125
125
125
125
125
125
125
125
125
125
125
125
125
125
125
125
125
125
125
125
125
125
125
125
125
125
125
125
125
125
125
125
125
125
125
125
125
125
125
125
125
125
125
125
125
125
125
125
125
125
125
125
125
125
125
125
125
125
125
125
125
125
125
125
130
