125
126
126
126
125
124
57
125
126
125
125
126
126
126
126
125
125
125
125
125
125
125
126
125
125
126
125
125
125
126
125
125
126
125
125
125
125
125
125
125
125
125
125
125
125
125
126
125
126
125
125
125
125
125
125
125
125
125
126
126
125
125
125
126
125
125
125
125
125
125
125
126
126
125
125
126
125
125
126
125
125
125
125
125
125
126
125
126
125
126
125
125
126
126
125
125
125
125
125
125
125
125
125
125
125
125
125
125
125
125
125
125
125
125
125
125
125
125
126
125
125
125
125
125
125
125
125
125
125
125
125
125
125
125
125
125
125
125
125
125
125
125
125
125
125
125
125
125
125
125
125
125
125
125
125
125
125
125
125
125
125
125
125
125
125
125
125
125
125
125
125
125
125
125
126
125
125
125
126
125
126
126
126
126
125
126
126
126
126
126
126
126
126
126
126
126
126
126
126
126
125
125
126
126
126
126
126
126
126
125
126
126
126
126
126
126
126
126
126
126
126
126
126
126
126
126
126
126
126
126
126
126
126
126
126
126
126
126
126
126
126
125
125
126
125
125
126
126
126
125
126
126
126
125
126
125
125
126
126
126
125
126
125
125
126
126
125
125
125
126
126
125
126
125
126
126
126
126
126
126
126
126
126
126
126
125
126
126
125
126
125
126
126
126
126
125
126
125
126
125
125
126
126
126
125
125
125
125
125
125
125
126
126
126
126
125
125
126
126
126
125
126
125
126
126
126
126
126
126
126
125
126
126
126
125
126
126
126
125
125
125
126
125
125
126
126
125
126
126
126
126
126
126
125
126
126
125
126
126
126
125
125
125
126
125
126
125
125
125
126
126
126
126
126
125
126
126
126
126
125
126
126
126
126
126
125
125
125
126
126
126
125
125
125
125
125
125
125
125
125
125
125
125
126
125
125
125
125
126
125
125
125
125
125
125
126
126
125
125
125
125
125
125
125
126
126
126
125
125
125
125
125
125
125
125
125
125
125
125
125
125
125
125
125
126
126
125
125
125
125
125
125
125
125
125
126
126
125
125
125
125
125
125
125
125
125
125
125
125
125
125
125
125
125
125
125
125
125
125
125
125
125
125
126
125
125
125
125
125
125
125
125
125
125
125
125
125
123
121
121
127
139
150
146
121
106
111
87
18
41
223
255
248
1
2
110
123
71
163
245
152
10
18
159
221
171
118
102
83
116
166
158
105
62
90
162
166
111
115
161
132
69
83
144
161
139
123
121
119
112
123
150
153
118
97
113
127
119
120
143
153
128
105
111
128
133
132
129
120
115
123
135
134
127
122
120
118
121
126
128
133
135
133
131
125
116
113
121
130
132
127
121
121
126
129
128
127
128
128
127
124
122
124
129
130
126
120
118
122
127
129
129
129
129
128
126
123
120
121
125
128
127
125
126
128
126
124
124
126
129
128
125
122
121
122
125
128
128
127
126
126
126
127
128
127
126
126
125
124
124
126
126
125
125
125
125
125
125
126
127
128
128
126
126
124
124
124
125
125
126
126
127
127
127
127
126
125
124
124
124
124
125
126
126
127
127
127
127
126
126
125
125
125
126
126
126
125
125
126
126
126
126
126
126
126
126
126
125
125
125
125
125
125
125
125
126
126
126
127
127
127
126
126
126
126
126
126
127
126
125
126
125
125
125
125
125
125
125
125
126
126
126
126
126
126
126
125
125
125
125
125
125
125
125
125
125
126
126
125
125
126
126
127
127
126
126
126
126
125
124
124
124
125
125
125
125
125
126
126
126
126
126
126
126
126
125
125
125
125
125
125
125
125
125
125
126
125
125
125
126
126
126
125
126
125
126
125
125
125
125
126
126
126
126
125
125
125
125
125
125
125
125
125
125
126
126
125
125
125
126
125
125
126
125
124
125
126
126
125
126
128
123
124
126
126
125
126
126
125
125
126
126
125
125
125
126
126
126
125
126
126
125
125
126
126
126
125
125
126
126
125
126
126
126
124
125
126
126
126
127
127
127
126
126
126
126
126
126
127
126
126
126
126
126
125
125
126
126
125
125
126
125
125
126
127
126
126
125
124
125
125
125
126
127
126
126
126
126
126
125
125
126
126
126
125
125
126
126
126
125
126
126
125
125
126
126
126
125
126
126
125
125
125
125
125
125
126
126
125
125
125
127
126
126
125
126
126
125
126
126
125
125
125
125
125
126
126
125
126
126
126
126
126
126
126
126
126
125
125
125
126
126
126
125
126
126
125
125
125
125
125
125
125
125
125
126
125
125
126
126
126
125
125
126
126
126
126
126
126
126
126
126
126
126
126
126
126
126
126
126
125
125
126
125
125
125
125
125
126
126
125
126
126
126
126
126
126
126
126
125
125
125
126
126
126
126
125
126
125
126
126
126
126
126
126
127
128
126
125
125
125
125
125
125
125
125
126
125
125
125
125
125
125
125
126
126
125
126
125
125
125
125
125
125
125
125
126
126
126
125
125
125
126
126
126
126
125
129
126
126
125
125
124
124
124
125
124
124
125
125
125
126
125
125
125
126
126
126
125
125
125
125
126
126
126
126
126
126
125
125
125
125
125
125
125
125
125
125
125
125
126
125
125
125
125
125
126
125
125
125
125
125
125
125
125
125
125
125
125
125
126
125
125
126
126
126
126
125
125
129
124
124
126
126
125
126
127
126
126
125
125
125
125
125
126
126
125
125
125
126
125
125
125
126
126
126
126
126
126
126
126
126
126
126
126
126
126
126
126
126
126
126
125
126
126
126
125
125
126
125
125
125
125
125
125
125
126
125
125
126
126
125
125
126
125
125
126
125
125
126
126
125
126
126
125
126
126
125
126
125
125
125
125
125
126
125
125
125
125
125
125
125
126
125
126
125
126
126
126
125
126
125
126
126
129
125
125
125
125
124
124
124
125
125
126
126
126
125
125
125
125
125
125
125
125
125
125
126
126
126
126
125
126
126
126
125
125
125
125
126
125
125
126
126
126
126
126
126
125
125
125
125
125
125
125
125
125
125
125
125
125
125
125
125
125
125
126
126
125
125
125
125
125
125
125
125
125
125
126
125
125
125
125
125
125
125
125
126
126
125
125
125
125
125
126
125
124
125
125
125
126
125
125
125
125
125
125
125
125
125
126
125
125
125
125
125
125
125
126
126
125
125
125
125
125
126
126
126
125
125
126
125
125
126
127
126
125
126
125
124
125
125
125
125
125
125
125
125
126
125
124
125
126
126
126
125
126
126
125
125
124
124
125
126
126
127
125
124
125
126
126
126
125
124
123
126
128
126
123
123
125
126
125
125
125
124
123
124
126
130
129
123
118
124
136
134
118
114
125
131
125
121
124
126
123
122
132
142
132
113
114
133
139
124
113
115
123
127
126
123
124
129
132
128
122
123
129
130
124
121
127
129
122
118
124
128
126
127
126
123
121
125
128
128
127
126
125
127
127
125
124
124
125
124
137
91
101
119
127
128
133
132
131
132
131
127
126
128
125
127
124
124
126
126
125
109
81
133
126
131
136
135
132
132
131
129
128
128
127
128
127
127
127
125
126
126
127
126
127
128
128
127
127
127
127
126
126
126
126
127
126
126
126
127
126
125
126
126
126
128
127
118
121
124
128
127
128
129
127
127
128
128
127
126
125
124
124
124
124
124
124
125
125
126
127
127
126
127
125
126
125
125
125
124
125
125
126
126
126
125
125
126
125
126
125
125
125
125
125
125
125
125
125
126
126
126
125
126
125
125
126
125
125
124
125
127
126
126
126
126
126
126
125
124
124
124
126
125
125
126
126
126
126
126
126
124
124
125
126
129
124
125
125
126
125
126
126
125
126
125
126
126
126
127
127
125
58
126
126
126
126
126
126
126
125
125
125
126
125
126
125
125
126
126
126
125
125
125
125
125
125
126
125
126
125
126
126
126
125
125
125
125
125
125
125
125
125
125
125
125
125
125
125
125
125
125
126
125
125
125
125
125
125
125
125
125
125
125
125
125
125
125
125
125
125
125
125
125
125
125
125
125
125
125
125
125
125
125
125
125
125
125
126
125
125
125
125
125
125
125
125
125
125
125
125
125
125
125
125
125
125
125
125
125
125
125
125
125
125
125
125
125
125
125
125
125
125
125
125
125
125
125
125
125
125
125
125
125
125
125
125
125
125
125
125
125
125
125
126
125
125
125
125
125
125
125
125
125
126
125
125
125
126
126
126
126
126
126
126
126
126
126
126
126
126
126
126
126
125
126
126
125
126
126
126
126
126
126
126
126
126
126
126
126
126
126
126
126
126
126
126
126
126
126
126
126
126
126
126
126
126
126
126
126
126
126
126
126
126
126
126
126
126
126
126
126
125
125
125
126
126
126
126
126
126
126
126
125
125
125
126
125
125
125
126
125
125
126
125
125
126
126
125
126
126
125
126
126
125
126
126
126
126
126
126
126
125
126
126
126
126
126
126
126
126
126
126
126
125
126
126
126
126
126
126
125
126
125
125
125
126
125
126
126
126
126
126
125
126
125
126
126
126
126
126
126
125
126
126
125
126
126
126
126
126
125
125
125
125
125
126
126
126
126
126
126
125
125
126
125
125
126
125
126
126
126
126
126
126
126
126
125
125
125
126
126
125
126
126
126
126
126
125
126
126
126
126
126
126
126
125
