129
128
124
121
122
123
95
125
125
125
125
125
125
125
125
125
125
125
125
125
125
125
125
125
125
125
125
125
125
125
125
125
125
125
125
125
125
125
125
125
125
125
125
125
125
125
125
125
125
125
125
125
125
125
125
125
125
125
125
125
125
125
125
125
125
125
125
125
125
125
125
125
125
125
125
125
125
125
125
125
125
125
125
125
125
125
125
125
125
125
125
125
125
125
125
125
125
125
125
125
125
125
125
125
125
125
125
125
125
125
125
125
125
125
125
125
125
125
125
125
125
125
125
125
125
125
125
125
125
125
125
125
125
125
125
125
125
125
125
125
125
125
125
125
125
125
125
125
125
125
125
125
125
125
125
125
125
125
125
125
125
125
125
125
125
125
125
125
125
125
125
125
125
125
125
125
125
125
125
125
125
125
125
125
125
125
125
125
125
125
125
125
125
125
125
125
125
125
125
125
125
125
125
125
125
125
125
125
125
125
125
125
125
125
125
125
125
125
125
125
125
125
125
125
125
125
125
125
125
125
125
125
125
125
125
125
125
125
125
125
125
125
125
125
125
125
125
125
125
125
125
125
125
125
125
125
125
125
125
125
125
125
125
125
125
125
125
125
125
125
125
125
125
125
125
125
125
125
125
125
125
125
125
125
125
126
125
125
125
125
125
125
125
125
125
125
125
125
125
125
125
125
125
125
125
125
125
125
125
125
125
125
125
125
125
125
125
125
125
125
125
125
125
125
125
125
125
125
125
125
125
125
125
125
125
125
125
125
125
125
125
125
125
125
125
125
125
125
125
125
125
125
125
125
125
125
125
125
125
125
125
125
125
125
125
125
125
125
125
125
125
125
125
125
125
125
125
125
125
125
125
125
125
125
125
125
125
125
125
125
125
125
125
125
125
125
125
125
125
125
125
125
125
125
125
125
125
125
125
125
125
125
125
125
125
125
125
125
125
125
125
125
125
125
125
125
125
125
125
125
125
125
125
125
125
125
125
125
125
125
125
125
125
125
125
125
125
125
125
125
125
125
125
125
125
125
125
125
125
125
125
125
125
125
125
125
125
125
125
125
125
125
125
125
125
125
125
125
125
125
125
125
125
125
125
125
125
125
125
125
125
125
125
125
125
125
125
125
125
125
125
125
125
125
125
125
125
125
125
125
125
125
125
125
125
125
125
125
125
125
125
125
125
125
125
125
125
125
125
125
125
125
125
125
125
125
125
125
125
125
125
125
125
125
125
125
125
125
125
125
125
125
125
125
125
125
125
125
125
125
125
125
125
125
125
125
125
125
125
125
125
125
125
125
125
125
125
125
125
125
125
125
125
125
125
125
125
125
125
125
125
125
125
125
125
125
125
125
125
125
125
125
125
125
125
125
125
125
125
125
125
125
125
125
125
125
125
125
125
125
125
125
125
125
125
125
125
125
125
125
125
125
125
125
125
125
125
125
125
125
125
125
125
125
125
125
125
125
125
125
125
125
125
125
125
125
125
125
125
124
125
126
126
126
126
125
125
125
125
125
126
125
125
125
125
125
125
125
125
125
125
125
125
125
125
125
125
125
125
125
125
125
125
125
125
125
125
125
125
125
125
125
125
125
125
125
125
125
125
125
125
125
125
125
125
125
125
125
125
125
125
125
125
125
125
125
125
125
125
125
125
125
125
125
125
125
125
125
125
125
125
125
125
125
125
125
125
125
125
125
125
125
125
125
125
125
125
125
125
125
125
125
125
125
125
125
125
125
125
125
125
125
125
125
125
125
125
125
125
125
125
125
125
125
125
125
125
125
125
125
125
125
125
125
125
125
125
125
125
125
125
125
125
125
125
125
125
125
125
125
125
125
125
125
125
125
125
125
125
125
125
125
125
125
125
125
125
125
125
125
125
125
125
125
125
125
125
125
125
125
125
125
125
125
125
125
125
125
125
125
125
125
125
125
125
125
125
125
125
125
125
125
125
125
125
125
125
125
125
125
125
125
125
125
125
125
125
125
126
127
125
125
125
124
124
125
125
125
125
125
125
125
125
125
125
125
125
125
125
125
125
125
125
125
125
125
125
126
125
125
125
125
125
125
125
125
125
125
125
125
125
125
125
125
125
125
125
125
125
125
125
125
125
125
125
125
125
125
125
125
125
125
125
125
126
125
125
125
125
125
125
125
125
125
126
125
125
125
126
125
125
125
125
125
125
125
125
125
125
125
125
125
125
125
125
125
125
125
125
125
125
125
125
125
125
125
125
126
126
125
125
125
125
125
125
126
126
125
125
126
125
125
125
125
125
125
126
126
125
125
126
125
125
125
126
125
125
125
126
125
124
124
125
126
125
125
126
125
125
125
125
125
125
125
126
125
126
126
125
125
124
125
125
125
125
125
125
125
126
125
125
124
125
126
126
125
125
125
125
125
122
126
126
125
126
126
125
125
125
126
125
125
125
125
125
125
125
125
125
125
125
126
125
124
124
125
126
126
125
125
125
125
125
126
126
125
125
126
126
125
125
125
125
125
125
125
125
124
124
125
126
126
125
125
125
125
125
125
126
125
125
125
125
125
125
125
126
126
125
125
126
126
125
124
125
126
125
123
124
125
123
122
123
127
130
132
133
132
127
121
121
127
129
124
119
117
118
119
116
116
121
126
127
131
135
132
134
144
138
119
115
124
126
127
132
129
117
115
120
123
122
120
119
120
125
129
127
125
124
125
125
129
132
132
127
124
127
127
126
125
125
123
122
123
125
127
126
125
122
122
123
124
125
124
124
124
126
126
127
126
126
124
125
127
128
127
125
125
125
126
126
126
126
125
125
125
124
125
124
124
124
124
125
126
124
125
125
126
126
125
125
125
124
124
125
126
126
126
125
126
126
126
125
125
126
127
126
126
124
125
124
125
124
125
125
125
125
125
125
125
129
127
126
125
125
123
124
125
124
124
124
125
125
125
125
125
125
124
125
125
125
125
124
124
126
128
128
125
124
126
127
128
126
126
126
126
126
125
125
125
125
125
125
125
125
124
124
122
122
123
125
125
125
125
125
126
126
126
126
126
127
126
126
126
127
127
126
126
126
126
125
125
125
125
124
124
125
124
125
125
125
125
124
124
125
125
126
126
125
125
125
126
126
126
126
125
125
126
127
126
126
125
125
125
125
125
124
124
124
124
125
125
125
125
125
125
124
125
125
126
125
126
126
128
127
125
119
116
123
136
137
122
111
120
138
144
139
138
125
93
88
126
146
120
99
125
155
143
114
108
123
138
134
125
125
124
113
118
139
145
130
116
120
140
147
117
89
114
146
128
102
112
136
139
126
118
121
126
129
127
122
122
126
128
125
125
128
133
132
124
116
121
126
127
125
124
122
121
125
131
131
126
123
121
123
126
126
126
125
124
125
125
126
127
126
124
124
126
127
125
125
127
126
125
125
125
125
128
128
124
118
117
127
137
131
121
120
126
133
135
118
99
115
144
140
116
113
126
131
136
138
113
106
143
154
122
103
115
122
116
113
116
123
131
142
149
138
117
116
128
128
116
112
127
140
134
125
127
130
123
110
106
112
124
138
149
150
130
98
94
122
145
144
118
98
118
144
131
113
124
135
130
128
124
123
132
133
115
109
125
135
132
128
120
111
120
135
137
123
114
124
140
142
124
97
102
148
161
109
85
123
137
123
126
143
148
152
133
86
79
122
141
115
93
126
187
181
98
76
125
145
114
117
155
140
101
114
143
133
110
106
113
118
126
137
140
143
137
118
94
92
142
179
139
82
98
149
156
126
105
114
126
120
121
137
144
133
122
117
116
117
122
126
126
125
127
128
127
125
125
124
121
124
130
128
125
124
125
129
128
130
128
122
120
120
124
94
125
125
125
125
125
125
125
125
125
125
125
125
125
125
125
125
125
125
125
125
125
125
125
125
125
125
125
125
125
125
125
125
125
125
125
125
125
125
125
125
125
125
125
125
125
125
125
125
125
125
125
125
125
125
125
125
125
125
125
125
125
125
125
126
125
125
125
125
125
125
125
125
125
125
125
125
126
126
125
126
125
125
125
125
125
125
125
125
125
125
125
125
125
125
125
125
125
125
125
125
125
125
125
125
125
125
125
125
125
125
125
125
125
125
125
125
125
125
125
125
125
125
125
125
125
125
125
125
125
125
125
125
125
125
125
125
125
125
125
125
125
125
125
125
125
125
125
125
125
125
125
125
125
125
125
125
125
125
125
125
125
125
125
125
125
125
125
125
125
125
125
125
125
125
125
125
125
125
125
125
125
125
125
125
125
125
125
125
126
125
125
125
125
125
125
125
126
125
125
125
125
125
125
125
125
125
125
125
125
125
125
125
125
125
125
125
125
125
125
125
125
125
125
125
125
125
125
125
125
125
125
125
125
125
125
125
125
125
125
125
125
125
125
125
125
125
125
125
125
125
125
125
125
125
125
125
125
125
125
125
125
126
125
125
125
125
125
125
125
125
125
125
125
125
125
125
125
125
125
125
125
125
125
125
125
125
125
125
125
125
125
125
125
125
125
125
125
125
125
125
125
125
125
125
125
125
125
125
125
125
125
125
125
125
125
125
125
125
125
125
125
125
125
125
125
125
125
125
125
125
125
125
125
125
125
125
125
125
125
125
125
125
125
125
125
125
125
125
125
125
125
125
125
128
