124
123
121
122
125
127
41
125
125
125
125
125
125
125
125
125
125
125
125
125
125
126
125
125
125
125
125
125
125
125
125
125
125
125
125
125
126
125
125
125
125
125
125
125
125
125
125
125
125
125
125
125
125
125
125
125
125
125
125
125
125
125
125
125
125
125
125
125
125
125
125
125
125
125
125
125
125
125
125
125
125
125
125
125
125
125
125
125
125
125
125
125
125
125
125
125
125
125
125
125
125
125
125
125
125
125
125
125
125
125
125
125
125
125
125
125
125
125
125
125
125
125
125
125
125
125
125
125
125
125
125
125
125
125
125
125
125
125
125
125
125
125
125
125
125
125
125
125
125
125
125
125
125
125
125
125
125
125
125
125
125
125
125
125
125
125
125
125
125
125
125
125
125
125
125
125
125
125
125
125
125
125
125
125
125
125
125
125
125
125
125
125
125
125
125
125
125
125
125
125
125
125
125
125
125
125
125
125
125
125
125
125
125
125
125
125
124
125
125
125
125
125
125
125
125
125
125
125
125
125
125
125
125
125
125
125
125
125
125
123
123
126
130
131
131
125
114
114
129
129
113
120
150
140
108
114
149
139
84
74
146
195
166
109
71
81
136
185
139
92
122
143
116
102
124
147
136
116
106
117
142
145
116
104
134
143
114
108
130
131
121
128
130
119
117
129
134
130
123
121
127
132
123
115
124
134
127
120
125
131
127
122
121
122
124
126
128
129
130
128
123
119
118
122
129
133
130
120
112
119
128
129
126
129
132
131
126
122
123
126
125
121
125
133
132
123
119
123
129
126
121
122
127
126
122
121
125
125
122
122
126
130
130
130
128
128
125
122
122
124
125
124
125
126
126
125
124
125
126
127
126
125
126
126
125
123
122
124
125
125
126
127
128
126
124
124
125
123
123
126
130
128
124
122
124
126
125
125
126
127
126
124
125
125
124
123
124
127
128
128
126
123
123
125
127
126
124
124
125
127
127
126
125
125
125
125
125
126
126
125
124
125
126
126
125
124
124
125
125
125
124
124
125
127
127
126
125
124
125
125
125
124
124
124
126
127
127
126
125
124
124
124
125
126
126
125
126
126
125
123
124
125
125
124
125
125
124
124
126
128
127
124
123
125
126
126
126
126
125
124
124
125
126
126
125
124
124
126
126
125
124
124
124
125
126
125
125
125
125
126
126
125
125
125
126
126
126
125
125
125
126
125
125
125
125
124
125
125
126
125
124
124
125
126
126
125
125
125
125
125
125
125
125
125
125
125
125
125
125
125
125
125
125
125
125
125
125
125
125
125
125
124
125
125
125
125
125
125
125
125
126
126
125
125
125
125
125
125
125
125
125
125
125
125
125
125
125
125
125
125
125
124
124
126
126
125
125
126
126
125
125
126
125
125
125
126
125
125
125
125
125
124
125
126
125
125
125
126
125
125
126
125
125
125
125
125
125
125
125
125
125
125
125
125
125
125
125
125
125
125
125
125
125
125
123
125
125
126
125
126
125
125
126
125
125
125
126
125
125
125
125
125
125
125
125
125
125
126
125
125
125
125
125
125
125
125
125
125
125
125
126
125
125
125
126
126
125
125
126
125
125
125
126
126
125
125
125
126
125
125
125
126
125
125
125
126
126
125
125
126
125
125
125
126
125
125
126
126
125
125
126
125
125
125
125
125
126
126
125
125
125
125
125
125
125
126
126
125
125
125
125
125
125
125
125
125
126
126
125
125
125
125
125
125
125
125
125
125
125
125
125
125
125
125
125
125
125
125
125
125
125
125
125
125
125
125
125
125
125
126
125
125
125
125
125
125
125
125
125
125
125
125
125
125
125
125
125
125
125
125
125
125
125
125
125
125
125
126
125
126
125
125
125
126
125
125
125
125
126
125
125
126
126
125
125
125
125
125
125
125
125
125
125
125
125
125
125
125
125
125
125
125
126
125
125
125
125
126
125
125
125
125
126
126
125
125
125
125
125
125
125
125
125
125
125
125
125
128
126
125
125
125
125
125
125
125
125
125
125
125
125
125
125
126
125
125
125
125
125
125
125
125
125
125
125
125
125
125
125
125
125
125
125
125
125
125
125
125
125
125
125
125
125
125
125
125
125
125
125
125
125
125
125
125
125
125
125
125
125
125
125
125
125
125
125
125
125
125
125
125
125
125
125
125
125
125
125
125
125
125
125
125
125
125
125
125
125
125
125
125
125
125
126
126
126
125
125
125
125
125
125
125
125
126
126
126
127
128
126
126
126
125
125
125
125
125
125
126
125
126
125
125
125
125
126
125
125
125
125
125
125
125
125
125
125
125
125
125
126
125
125
125
125
125
125
125
125
125
125
125
125
125
125
125
125
125
125
125
125
125
125
125
125
125
125
125
125
125
125
125
125
125
125
126
126
125
125
125
125
126
126
128
126
122
125
126
125
126
126
126
126
125
125
125
125
125
126
125
126
126
125
126
125
125
125
125
125
125
125
125
126
126
126
125
126
126
125
126
121
123
126
126
127
128
127
127
126
126
126
126
126
126
126
126
126
126
126
126
126
126
126
126
126
126
126
126
126
126
124
124
125
126
125
126
126
126
125
126
126
126
126
126
126
126
126
125
126
126
126
126
125
126
126
126
126
126
126
126
125
125
125
125
125
126
126
126
126
126
126
126
126
126
125
125
126
125
125
126
126
126
126
126
126
126
125
126
125
125
126
126
125
125
126
126
125
125
126
126
125
125
125
126
126
125
125
125
125
126
126
126
125
125
126
127
127
126
126
126
126
126
126
125
125
125
126
126
125
126
126
127
126
125
126
126
126
126
125
125
125
126
126
125
125
126
126
126
126
126
126
125
125
125
125
125
125
125
125
126
125
126
126
126
126
126
125
124
124
127
127
126
127
127
125
122
123
126
128
131
126
125
123
123
126
129
126
120
122
128
129
126
123
123
127
129
128
125
122
123
126
128
128
125
124
125
126
125
125
125
127
127
125
124
125
125
125
125
126
126
126
126
126
128
128
126
124
125
124
124
124
125
126
126
125
125
125
124
125
126
126
126
126
126
126
125
125
126
128
126
123
123
126
126
123
124
130
133
127
117
119
128
132
126
120
123
129
129
124
121
123
127
128
126
125
124
122
125
127
127
124
123
126
129
126
122
122
126
130
129
125
122
130
79
133
124
131
130
129
128
127
128
127
125
125
125
125
126
127
127
127
126
127
127
126
125
126
127
127
126
125
125
127
127
127
126
126
126
126
127
92
119
127
128
129
129
129
128
128
128
128
128
127
128
127
128
127
128
129
127
125
125
125
126
127
127
128
127
126
119
126
127
127
127
128
127
127
127
127
127
127
126
125
125
126
126
126
125
125
125
126
126
126
125
125
124
125
126
125
125
125
125
126
127
126
126
126
125
125
125
126
126
126
126
125
126
126
126
126
125
125
125
125
126
127
126
125
126
126
127
127
126
125
125
125
125
125
125
126
125
125
126
126
126
126
126
125
124
125
125
126
126
126
124
125
125
125
126
125
124
125
126
127
126
125
126
126
125
125
125
125
126
126
126
126
125
126
126
126
126
126
126
126
126
126
126
125
126
126
126
126
125
125
126
126
126
125
125
126
125
125
125
125
125
125
125
126
126
126
125
125
125
126
127
126
125
124
133
128
124
124
124
122
124
125
125
125
125
124
126
126
126
126
125
126
127
128
127
126
125
125
125
126
126
125
125
126
127
127
127
126
125
124
125
125
126
126
124
135
120
97
131
126
132
133
128
127
128
126
123
122
123
123
124
123
123
123
125
128
128
128
129
129
128
128
126
126
126
125
126
126
127
127
126
126
126
126
127
126
126
126
125
125
126
125
125
125
125
42
125
125
125
125
125
125
125
125
125
125
125
125
125
125
125
125
125
125
125
125
125
125
125
125
125
125
125
125
125
125
125
125
125
125
125
125
125
125
125
125
125
125
125
125
125
125
125
125
125
125
125
125
126
125
125
125
125
125
125
125
125
125
125
126
126
126
125
125
125
125
125
125
125
125
125
125
125
125
125
125
125
125
125
125
125
125
125
125
125
125
125
125
125
125
125
125
125
125
125
125
125
125
125
125
125
125
126
125
125
125
125
125
126
126
126
125
126
126
126
126
126
126
126
126
126
126
126
125
125
126
125
126
125
126
125
126
125
125
125
125
126
126
126
126
126
126
125
125
125
125
125
125
125
126
125
125
125
126
126
126
126
126
126
125
126
126
126
126
126
125
126
126
126
126
125
125
126
125
125
125
125
126
125
125
125
125
126
125
125
125
126
125
125
125
125
125
125
125
125
125
125
125
125
125
125
125
125
125
125
125
125
126
125
125
125
125
125
126
126
125
125
125
126
125
125
125
125
125
125
125
125
125
125
126
127
127
127
126
125
125
127
129
123
113
113
128
139
135
134
138
119
87
96
145
177
147
100
91
114
133
140
138
129
120
124
121
115
124
139
134
120
112
120
135
135
120
120
134
131
117
119
128
125
121
123
127
129
128
124
123
128
128
125
127
127
121
120
130
134
125
117
120
127
127
125
125
130
130
124
123
127
127
123
124
127
125
125
128
129
121
117
121
127
128
127
124
124
127
128
125
124
126
125
123
124
129
132
127
121
120
125
130
130
125
124
124
124
123
124
124
124
122
123
123
