126
127
122
122
128
126
96
125
125
125
125
125
125
125
125
125
125
125
125
125
125
125
125
125
125
125
125
125
125
125
125
125
125
125
125
125
125
125
125
125
125
125
125
125
125
125
125
125
125
125
125
125
125
125
125
125
125
125
125
125
125
125
125
125
125
125
125
125
125
125
126
125
125
125
125
125
125
126
125
125
125
125
126
125
125
125
125
125
125
125
125
126
126
125
126
126
126
126
126
126
125
126
126
125
126
126
126
126
126
126
126
126
126
125
126
125
126
125
125
125
125
125
125
125
125
125
126
126
125
125
126
125
125
125
125
126
125
125
125
126
126
125
126
126
126
125
126
126
125
125
125
125
125
125
125
125
125
125
126
126
126
126
125
126
125
125
125
125
125
125
125
126
125
125
125
125
126
126
126
126
125
125
125
126
125
125
125
126
125
125
126
126
125
126
126
125
126
125
125
125
125
125
125
125
125
126
125
126
125
126
125
125
125
126
126
125
125
125
125
125
125
125
125
126
125
125
125
125
126
125
126
126
125
125
125
125
125
125
125
125
125
125
125
125
125
125
125
126
125
126
125
126
126
126
126
125
125
125
126
125
126
126
125
125
126
125
125
125
126
126
125
125
126
126
125
126
125
126
126
126
125
126
125
125
125
126
125
126
126
126
126
125
126
125
125
125
125
125
125
125
125
125
125
125
125
125
125
125
125
126
126
126
125
125
125
125
125
125
125
125
125
125
125
125
125
125
125
125
125
125
125
125
125
125
125
125
125
125
125
125
125
125
125
125
125
125
125
125
125
125
125
125
125
125
125
125
125
125
125
125
125
125
125
125
125
126
126
125
125
125
125
125
125
125
125
125
125
125
125
125
125
125
125
125
125
125
125
125
125
125
125
125
125
126
125
125
125
125
125
125
125
125
125
125
125
125
125
125
125
125
125
125
125
125
125
125
125
125
125
125
125
125
125
125
125
125
125
125
125
125
125
125
125
125
125
125
125
125
125
125
125
125
126
125
125
125
125
125
125
125
125
125
125
125
125
125
125
125
125
125
125
125
125
125
124
125
125
125
126
126
126
126
126
126
125
126
126
125
125
125
126
126
126
126
125
125
125
125
125
126
125
126
126
126
125
126
126
125
125
125
125
126
125
125
125
125
125
126
126
126
126
126
125
126
125
125
125
125
125
125
125
125
125
125
125
125
125
125
125
125
125
125
125
125
126
126
125
125
125
125
125
126
125
125
125
125
125
125
125
125
126
125
125
125
125
126
125
125
125
125
125
125
125
125
125
125
125
125
125
125
125
125
126
125
125
125
126
125
126
125
125
125
125
125
126
126
125
125
125
126
126
126
125
125
125
125
126
126
125
125
125
126
126
126
125
125
125
125
126
126
125
125
125
125
125
125
125
125
125
125
126
126
126
126
126
126
126
126
125
125
125
125
125
126
126
126
126
126
126
126
126
126
125
125
126
125
125
125
125
126
126
126
126
127
126
126
125
126
125
125
125
125
125
125
125
125
125
126
125
125
125
126
125
126
125
125
125
126
125
125
125
125
125
125
126
127
126
125
125
125
125
125
125
125
125
125
125
125
125
125
125
125
125
125
125
125
125
125
126
125
125
125
125
125
125
125
125
125
125
125
125
125
125
125
125
125
125
125
125
125
125
125
125
125
125
125
125
125
125
125
125
125
125
125
125
125
125
125
126
125
125
125
125
125
125
125
125
125
125
125
125
125
125
125
125
125
125
125
125
125
125
125
125
125
125
125
125
125
125
125
125
125
125
125
125
125
125
126
125
125
125
125
125
125
125
125
125
125
125
125
125
125
125
125
125
125
125
125
125
125
125
125
125
125
125
125
125
125
125
125
126
125
125
125
125
125
125
126
126
125
125
125
125
126
126
125
125
126
124
125
125
125
125
125
125
126
125
125
125
125
125
126
126
126
126
126
126
126
126
125
125
126
125
126
126
126
125
126
126
126
126
126
126
125
125
125
125
125
125
125
125
125
125
125
125
125
126
125
126
125
126
125
125
125
125
125
125
125
126
126
125
125
125
125
125
123
125
125
125
126
126
126
126
126
126
126
125
125
125
125
125
125
125
125
126
125
125
125
125
125
125
125
125
125
125
125
125
125
126
125
125
126
125
125
125
125
125
125
126
125
125
125
125
126
125
125
125
125
125
125
125
125
126
125
125
125
125
125
125
125
126
126
125
125
126
126
125
125
126
125
125
126
126
125
125
126
126
126
125
125
126
125
125
125
126
124
125
126
126
125
125
126
125
125
126
126
125
125
125
126
125
125
125
126
125
125
126
126
125
125
125
125
125
125
125
125
125
125
125
125
125
125
125
125
126
126
126
125
125
125
125
125
125
125
125
124
125
126
126
125
125
126
127
126
125
128
126
125
124
126
126
125
123
125
126
126
125
125
125
125
125
126
126
125
124
124
124
125
125
125
125
125
124
125
126
127
127
126
126
125
124
125
126
125
124
125
126
126
125
125
125
126
125
125
126
125
124
124
125
125
125
125
125
126
125
125
125
126
126
125
125
126
125
124
125
126
126
125
125
126
127
125
124
125
126
125
123
123
125
123
123
124
127
131
134
133
129
123
120
124
129
127
123
117
117
120
121
119
118
120
122
127
135
137
129
127
141
143
127
113
118
125
128
132
130
120
114
118
124
124
121
119
120
125
129
129
125
124
124
125
129
133
122
125
124
127
129
129
128
127
125
123
123
126
127
126
125
124
123
123
124
125
125
125
125
126
127
127
127
126
126
126
127
128
128
126
125
125
126
127
126
126
125
125
123
123
124
125
125
125
126
126
127
126
125
126
126
126
126
125
125
125
124
125
126
126
126
125
126
126
127
126
125
126
127
126
125
125
125
125
125
125
125
124
125
124
124
125
126
126
125
126
126
127
127
127
126
125
123
124
125
126
125
123
124
125
126
126
126
125
124
124
125
126
125
124
125
126
126
126
125
126
126
127
128
128
127
126
126
127
126
124
124
124
125
126
124
123
124
125
125
125
125
126
126
126
125
125
126
127
126
126
126
126
127
127
126
126
125
125
126
126
126
125
124
124
125
125
125
124
124
125
126
126
125
125
126
126
126
126
125
125
126
126
127
127
126
127
126
126
126
125
125
125
131
126
125
124
124
123
124
125
125
125
125
125
126
126
125
126
127
127
127
128
126
118
114
125
137
135
120
112
125
142
140
133
133
128
106
91
115
141
131
106
107
128
149
149
124
110
123
136
139
130
117
114
120
124
131
142
136
114
109
141
162
123
66
75
145
180
143
102
103
131
148
137
111
100
115
135
137
125
121
132
139
133
123
124
126
121
119
120
124
126
126
125
122
122
127
130
127
119
118
127
133
126
120
124
128
127
126
127
127
125
125
127
128
126
126
127
123
119
124
129
118
113
129
144
136
115
112
130
133
121
118
125
124
122
124
128
131
131
128
131
133
122
112
120
130
130
126
121
118
127
135
128
116
112
124
137
131
117
116
126
131
125
114
114
124
130
122
119
136
153
132
108
128
162
161
131
109
111
118
109
91
94
114
140
166
139
116
96
111
134
160
174
134
75
85
136
141
114
112
135
144
143
126
94
98
131
144
142
136
128
121
128
135
136
116
85
89
138
183
175
106
52
66
143
201
168
94
93
149
156
121
109
111
111
130
150
142
107
83
96
132
162
158
133
115
110
123
138
138
126
77
149
119
23
13
154
255
255
29
98
171
255
174
17
80
169
141
121
149
133
81
85
154
158
111
102
131
140
129
123
128
133
132
122
117
120
128
131
123
119
126
131
132
128
119
118
128
136
136
127
114
114
130
139
127
116
122
129
126
122
121
122
97
125
125
126
126
125
126
126
126
126
125
126
126
126
126
125
126
126
126
126
125
125
126
125
125
125
125
125
125
125
125
126
125
125
125
125
126
125
125
126
125
126
125
126
125
125
125
125
125
125
126
125
125
125
125
125
125
126
126
125
126
126
126
125
125
125
125
125
125
125
125
125
125
125
125
125
125
125
126
125
125
125
125
125
125
125
125
125
125
125
125
125
125
125
125
125
125
125
125
125
125
125
125
125
125
125
125
125
125
125
125
125
125
125
125
125
125
125
125
125
125
125
125
125
125
125
125
125
125
125
125
125
125
125
125
125
125
125
125
125
125
125
125
125
125
125
125
125
125
125
125
125
125
125
125
125
125
125
125
125
125
125
125
125
125
125
125
125
125
125
125
125
125
125
125
125
125
125
125
125
125
125
125
125
125
125
125
125
125
125
125
125
125
125
125
125
125
125
125
125
125
126
124
125
125
125
125
126
125
126
126
126
126
125
125
125
125
126
125
125
125
125
125
125
126
126
125
125
125
126
125
125
125
125
125
126
126
125
125
126
126
125
125
125
125
125
125
125
126
125
126
125
125
126
125
125
125
125
125
125
125
125
125
125
125
125
125
125
125
125
125
125
125
126
125
125
126
126
125
125
125
125
125
125
125
125
125
126
125
125
125
125
125
125
126
125
125
125
125
125
125
125
125
125
126
125
125
125
125
125
126
125
125
125
125
125
125
125
125
125
125
125
125
125
125
125
125
125
125
125
125
125
125
125
125
125
125
125
125
126
125
125
125
125
125
125
125
125
126
125
125
125
126
125
99
