118
128
131
124
122
127
83
126
126
126
126
126
126
126
126
126
126
126
126
126
126
126
126
126
126
126
126
126
126
126
126
126
126
126
126
126
126
125
126
126
126
126
126
126
126
126
125
125
126
126
125
126
126
126
126
126
125
126
126
126
126
125
125
126
126
125
126
126
126
125
126
126
126
126
126
126
126
126
126
126
126
126
126
126
126
125
126
125
126
126
126
126
126
126
126
126
126
126
126
126
126
126
126
126
126
126
126
126
126
125
126
126
126
126
126
125
126
125
125
126
125
125
125
126
126
125
125
126
126
125
125
125
125
125
125
126
126
125
126
125
125
126
126
126
126
126
125
125
125
125
125
125
125
125
125
126
125
125
125
125
125
125
125
125
125
125
125
125
125
125
125
125
125
125
125
125
125
125
125
125
125
125
125
125
126
125
126
125
125
125
125
125
125
125
125
125
125
125
125
125
125
125
125
125
125
125
125
125
125
125
125
125
125
125
125
125
125
125
125
125
125
125
125
125
125
125
125
125
125
125
125
125
125
125
125
125
125
125
125
125
125
125
125
125
125
126
125
125
125
125
125
125
125
125
125
125
125
125
126
125
125
126
126
125
126
126
125
126
126
126
125
125
125
126
126
126
126
125
126
126
126
126
126
126
126
126
126
126
126
126
126
126
126
126
126
126
125
126
125
126
126
126
126
126
126
125
125
126
126
126
126
125
126
125
125
126
126
126
125
126
126
126
126
125
125
125
125
126
126
125
125
126
126
126
125
126
125
125
125
125
126
125
125
125
125
125
125
125
125
125
125
125
125
125
125
125
125
126
125
125
125
125
125
125
125
125
125
125
125
125
125
126
125
125
125
125
125
125
125
125
125
125
125
126
125
125
125
125
125
125
125
125
125
125
125
125
125
125
125
125
125
125
126
125
125
125
125
125
125
125
125
125
125
126
125
125
125
126
125
125
125
125
125
125
125
125
125
125
125
125
125
125
125
125
125
125
125
125
125
125
125
125
125
125
125
125
125
125
125
125
125
125
125
126
125
125
125
125
126
126
126
125
125
125
125
125
125
125
125
125
125
125
125
126
125
126
126
125
125
125
125
125
125
125
125
125
125
125
125
125
125
125
125
125
125
125
125
125
125
125
125
125
125
125
125
125
125
125
125
125
125
125
125
125
125
125
125
125
125
125
125
125
125
125
125
125
125
125
125
125
125
125
125
125
125
125
125
125
125
125
125
125
125
125
125
125
125
125
125
125
125
125
125
125
125
125
125
125
125
125
125
125
125
125
125
125
125
125
125
125
125
125
125
125
125
125
125
125
125
125
125
125
125
125
125
125
125
125
125
125
125
126
125
125
125
125
125
125
124
125
125
124
125
126
127
127
125
125
126
126
126
125
125
125
125
125
125
125
125
125
125
125
126
126
124
122
126
129
126
123
124
127
127
126
124
123
124
126
128
129
127
125
125
125
125
126
125
124
125
124
125
126
126
126
126
127
127
126
125
126
126
125
124
124
125
125
126
126
126
127
127
126
125
125
125
126
126
126
125
126
125
125
126
126
125
125
125
126
126
126
125
125
125
126
126
126
126
126
126
127
126
125
125
125
126
126
125
125
125
126
127
126
126
125
126
125
126
126
125
125
125
125
125
126
126
126
127
126
126
126
126
126
125
125
125
125
125
125
126
126
126
125
126
126
126
126
125
125
125
126
126
125
125
125
126
125
126
126
126
126
126
126
126
126
126
125
126
125
125
125
126
126
125
125
125
125
126
126
125
126
126
126
125
126
126
125
125
126
126
125
125
125
125
126
126
126
126
126
126
126
126
125
125
125
125
126
126
125
126
126
126
126
126
125
126
126
126
126
125
125
125
125
125
126
125
126
126
126
126
126
126
126
126
126
125
125
125
126
126
125
126
127
126
125
125
125
125
125
125
125
125
125
126
125
125
126
126
126
125
125
126
125
125
126
126
125
125
125
125
127
127
126
125
125
125
125
125
125
125
125
125
125
125
125
125
125
125
125
126
126
126
125
125
126
125
125
125
125
125
125
125
125
125
126
126
125
125
126
126
125
125
125
126
125
125
125
126
125
126
126
125
125
125
126
126
125
125
125
126
125
124
125
126
126
125
125
125
126
126
126
126
125
125
125
125
125
125
125
125
125
126
126
125
125
125
126
126
126
125
125
126
126
125
125
125
125
125
125
126
125
125
125
125
125
125
125
125
125
125
125
125
125
125
125
125
125
125
125
125
125
125
125
125
125
125
125
125
125
125
125
125
125
125
125
126
125
125
125
125
125
126
125
125
125
125
125
126
125
126
125
126
125
125
126
125
125
125
125
126
125
125
125
125
125
125
125
125
125
125
125
125
125
125
125
125
125
125
125
125
125
125
125
126
125
125
125
125
125
126
125
125
125
127
124
126
125
125
125
126
126
126
126
125
125
125
125
126
126
126
125
125
126
127
126
125
125
126
125
125
126
122
123
124
124
127
129
127
125
124
126
128
128
125
125
127
127
125
125
126
124
125
128
127
124
122
124
128
129
126
124
125
129
127
123
125
127
124
123
127
129
122
125
125
121
123
131
128
124
127
129
125
125
126
124
127
131
127
120
120
126
127
126
126
128
129
125
124
127
126
121
121
128
129
126
126
128
127
126
124
121
120
122
124
127
129
130
130
128
126
122
123
126
127
124
123
130
129
122
123
130
129
122
123
126
125
124
127
129
129
127
124
125
127
126
121
118
122
124
126
129
133
134
132
128
123
119
119
118
119
119
119
121
124
129
135
140
140
137
135
133
128
120
116
115
116
113
111
114
121
126
129
133
138
140
138
137
135
132
126
120
115
112
112
112
112
115
121
127
133
137
139
139
138
136
132
126
121
119
118
118
120
123
125
125
125
125
125
126
126
126
132
129
127
126
127
126
123
123
122
118
120
128
127
121
124
125
123
131
138
126
122
129
125
121
132
131
121
125
127
111
116
144
133
119
138
136
98
111
158
138
101
127
132
82
106
180
146
86
136
153
77
95
192
155
71
125
182
96
59
153
176
97
104
169
128
65
124
193
135
82
136
156
95
85
148
146
99
124
163
122
78
117
163
140
111
129
141
111
104
139
146
126
121
131
119
95
105
140
154
130
107
113
129
129
129
135
131
119
121
124
118
117
135
144
130
117
116
117
123
135
131
115
119
138
138
112
97
111
141
157
157
145
114
83
101
136
134
123
126
119
107
119
141
148
135
110
100
126
155
148
118
107
119
129
122
108
110
135
155
143
115
104
119
138
137
127
118
113
118
133
140
129
116
118
133
132
117
111
124
136
133
122
119
125
146
87
104
118
133
141
134
127
127
126
122
123
127
128
130
131
127
123
123
127
126
122
119
81
124
136
138
135
131
131
133
132
125
119
124
131
132
128
125
125
126
127
127
129
130
125
122
122
129
132
129
125
121
124
128
129
128
126
126
128
125
122
123
129
130
125
123
126
121
126
119
118
124
131
133
130
124
123
127
130
130
128
124
122
121
125
130
132
127
125
125
125
123
125
128
126
121
125
129
127
124
124
125
124
125
128
125
119
121
128
130
127
125
124
122
124
130
130
125
123
125
122
124
133
137
128
113
111
124
135
134
126
121
120
123
129
130
126
120
120
125
130
131
125
122
122
127
134
133
124
118
119
122
126
129
130
126
122
124
128
130
127
123
122
123
122
123
124
127
129
126
127
129
129
126
124
122
121
122
125
128
129
125
120
122
130
136
133
123
115
117
127
135
133
123
115
120
129
133
130
126
122
120
119
121
124
127
129
127
127
133
135
126
116
115
122
127
134
137
127
122
126
126
120
120
123
126
126
124
125
127
130
82
125
125
125
125
125
125
125
125
125
125
125
125
125
125
125
125
125
125
125
125
125
125
125
125
125
125
125
125
125
125
125
125
125
126
125
125
125
126
126
126
126
126
126
126
126
126
126
126
125
126
126
126
126
126
126
125
125
126
126
125
126
126
126
126
126
125
126
126
126
125
126
126
126
126
126
126
126
126
126
126
126
126
126
126
126
126
126
126
126
126
126
126
126
126
126
126
126
126
126
126
125
126
126
126
126
126
126
126
126
126
126
125
126
126
125
126
126
125
126
126
126
126
126
126
125
126
126
125
125
126
126
126
126
126
126
126
126
126
125
125
125
126
126
125
126
126
126
126
125
125
125
126
126
126
126
126
126
126
126
126
125
126
126
126
126
126
125
126
126
126
126
126
126
126
126
126
126
126
125
126
126
126
126
126
126
126
126
125
126
126
125
126
126
125
126
125
126
125
126
126
125
126
125
126
126
126
126
125
126
125
125
126
126
125
125
126
125
125
126
125
126
126
125
125
126
126
126
126
126
126
125
125
126
126
125
126
126
126
126
126
126
126
126
125
126
125
126
125
126
126
126
125
125
125
125
125
125
125
125
126
125
126
125
125
126
125
125
125
125
126
126
125
125
125
126
125
125
125
126
125
125
125
125
125
125
125
125
125
125
125
126
126
126
125
125
125
125
125
125
125
125
125
125
125
125
125
125
125
125
125
125
125
125
125
125
125
125
125
125
125
125
125
125
125
125
125
125
125
125
125
125
125
125
125
125
125
125
125
125
125
125
125
125
125
125
125
125
125
125
125
125
125
125
122
