126
127
126
127
125
125
60
125
125
125
125
125
125
125
125
125
125
125
125
125
125
125
125
125
125
125
125
125
125
125
125
125
125
125
125
125
125
125
125
125
125
125
125
125
125
125
125
125
125
125
125
125
125
125
125
125
125
125
125
125
125
125
125
125
125
125
125
125
125
125
125
125
125
125
125
125
125
125
125
125
125
125
125
125
125
125
125
125
125
125
125
125
125
125
125
125
125
125
125
125
125
125
125
125
125
125
125
125
125
125
125
125
125
125
125
125
125
125
125
125
125
125
125
125
125
125
125
125
125
125
125
125
125
125
125
125
125
125
125
125
125
125
125
125
125
125
125
125
125
125
125
125
125
125
125
125
125
125
125
125
125
125
125
125
125
125
125
125
125
125
125
125
125
125
125
125
125
125
125
125
125
125
125
125
125
125
125
125
125
125
125
125
125
125
125
125
125
125
125
125
125
125
125
125
125
125
125
125
125
125
125
125
125
125
125
125
125
125
125
125
125
125
125
125
125
125
125
125
125
125
125
125
125
125
125
125
125
125
125
125
125
125
125
125
125
125
125
125
125
125
125
125
125
125
125
125
125
125
125
125
125
125
125
125
125
125
125
125
125
125
125
125
125
125
125
125
125
125
125
125
125
125
125
125
125
125
125
125
125
125
125
125
125
125
125
125
125
125
125
125
125
125
125
125
125
125
125
125
125
125
125
125
125
125
125
125
125
125
125
125
125
125
125
125
125
125
125
125
125
125
125
125
125
125
125
125
125
125
125
125
125
125
125
125
125
125
125
125
125
125
125
125
125
125
125
125
125
125
125
125
125
125
125
125
125
125
125
125
125
125
125
125
125
125
125
125
125
125
125
125
125
125
125
125
125
125
125
125
125
125
125
125
125
125
125
125
125
125
125
125
125
125
125
125
125
125
125
125
125
125
125
125
125
125
125
125
125
125
125
125
125
125
125
125
125
125
125
125
125
125
125
125
125
125
125
125
125
125
125
125
125
125
125
125
125
125
125
125
125
125
125
125
125
125
125
125
125
125
125
125
125
125
125
125
125
125
125
125
125
125
125
125
125
125
125
125
125
125
125
125
125
125
125
125
125
125
125
125
125
125
125
125
125
125
125
125
125
125
125
125
125
125
125
125
125
125
125
125
125
125
125
125
125
125
125
125
125
125
124
124
124
126
126
126
125
124
123
124
126
127
126
126
127
128
127
123
119
120
123
125
127
128
126
123
124
127
129
128
126
125
125
126
126
122
115
120
135
136
110
93
117
157
156
120
114
140
134
97
101
145
149
118
85
102
163
193
135
81
97
135
123
96
104
141
176
157
57
41
165
233
162
87
63
91
153
167
122
100
118
134
128
115
129
149
135
104
102
132
150
129
98
102
137
159
132
97
108
133
131
126
135
136
124
119
123
119
108
111
129
148
148
127
110
118
135
134
120
116
122
122
115
111
118
133
145
145
133
125
122
119
115
118
126
129
127
122
121
123
126
126
127
130
128
120
115
119
128
134
132
126
123
122
121
122
125
130
132
131
125
119
118
121
126
129
130
128
125
122
121
122
124
127
127
125
123
123
123
125
126
126
126
126
125
126
126
127
127
127
126
125
124
123
124
124
124
124
125
125
126
127
127
126
125
125
125
125
125
125
125
125
125
126
127
127
125
125
125
124
124
125
126
127
127
126
125
125
125
126
127
127
127
126
126
126
126
124
123
124
125
125
124
124
125
126
126
126
125
125
126
128
127
126
126
125
125
126
126
124
125
126
126
127
127
126
126
125
125
125
125
125
124
124
124
124
125
125
126
126
126
126
126
126
125
125
125
125
125
126
126
126
126
126
126
126
125
125
125
124
125
125
125
125
125
125
126
126
126
126
125
125
125
125
126
126
126
125
125
125
125
125
126
126
126
125
125
125
125
125
125
125
125
125
125
125
125
125
125
125
125
125
126
126
125
125
125
125
125
125
125
125
125
125
125
125
125
125
125
125
125
126
126
125
125
126
126
126
126
126
126
126
126
126
125
125
125
125
125
125
125
126
125
125
125
125
126
126
125
126
126
126
125
125
125
125
125
125
125
125
126
126
126
126
126
125
125
127
126
125
125
125
124
125
126
125
125
125
126
126
125
125
125
124
125
125
126
125
125
125
126
125
125
125
125
125
125
126
126
126
126
126
125
125
125
125
125
125
125
124
124
124
125
125
125
125
125
125
126
126
125
125
125
125
125
126
125
125
125
125
126
126
126
125
125
125
125
125
125
125
124
125
125
125
125
125
125
125
125
126
126
126
126
125
125
125
125
125
125
125
125
125
125
125
125
126
126
126
126
125
125
125
125
125
125
124
126
124
125
125
125
125
125
125
125
125
125
125
125
125
125
125
125
125
125
125
125
125
125
125
125
125
125
125
125
125
125
125
125
125
125
125
125
125
125
125
125
125
125
125
125
125
125
125
125
125
125
125
125
125
126
125
124
125
125
125
125
125
125
125
126
126
125
125
125
125
125
126
125
125
124
124
125
125
125
125
125
124
125
126
126
125
125
125
125
125
125
125
125
125
125
125
126
125
125
126
125
125
125
125
125
125
125
126
125
125
125
126
125
125
125
126
125
125
125
125
125
125
125
125
125
125
125
125
125
125
125
125
126
126
126
124
124
125
125
125
126
125
124
125
126
126
125
125
125
125
126
125
125
125
125
125
125
125
125
125
125
125
125
125
125
125
125
125
125
125
125
125
124
124
125
125
125
125
125
126
125
125
125
126
125
124
124
124
124
125
126
125
124
124
126
127
126
125
125
125
126
126
125
125
124
124
125
125
125
124
124
125
125
126
126
126
126
126
125
126
126
124
125
124
124
125
126
126
125
125
125
126
126
125
125
125
125
125
125
124
124
125
125
125
125
125
125
125
126
126
125
125
125
125
125
125
125
124
125
125
125
125
125
125
125
125
125
125
125
125
125
125
125
125
126
125
125
125
125
125
125
125
125
125
125
125
126
125
125
125
125
125
125
125
125
125
125
125
125
125
126
125
125
126
125
126
125
125
125
125
125
125
124
125
125
125
125
125
125
125
125
125
125
125
125
125
125
125
125
125
125
125
125
125
125
125
125
125
126
125
125
125
125
125
125
126
126
125
125
125
125
125
125
125
125
125
125
125
125
125
125
125
124
125
125
125
125
125
125
126
125
125
125
125
125
124
125
126
125
125
125
125
125
125
125
125
125
125
125
125
125
125
125
125
125
126
126
125
125
124
123
124
126
126
126
125
125
124
124
125
124
125
126
125
123
124
123
125
126
126
126
126
127
127
126
125
124
125
125
127
126
126
122
122
125
127
126
126
125
125
125
125
125
124
124
123
123
123
124
125
125
125
125
126
127
126
127
127
127
127
126
125
124
124
124
125
125
125
125
125
125
125
127
127
125
125
124
124
125
125
124
124
124
125
126
125
125
125
125
126
126
125
125
124
125
125
124
124
123
124
126
127
126
126
126
125
125
125
126
124
125
125
124
125
126
126
126
125
124
124
124
125
125
125
126
125
124
124
126
127
127
125
125
125
125
125
125
125
125
126
125
124
124
124
127
127
127
125
123
122
124
125
125
126
126
126
125
124
124
124
124
126
126
125
125
125
125
124
124
126
125
125
125
125
125
126
126
125
125
125
125
125
126
126
125
126
125
125
125
124
149
106
108
125
127
127
130
129
127
126
124
124
124
124
125
125
125
125
125
126
125
125
125
125
126
126
126
125
126
126
126
127
125
126
126
126
126
126
125
125
125
126
127
126
126
93
100
132
124
131
133
131
132
131
130
129
127
128
127
127
125
126
126
126
126
126
125
114
121
126
128
126
59
125
125
126
126
126
126
126
126
125
126
126
125
125
125
126
125
126
126
125
125
125
126
125
125
125
125
125
126
125
125
125
125
125
125
125
125
125
125
125
125
125
126
125
125
125
125
125
125
125
125
125
125
125
125
125
126
125
125
125
125
125
125
125
126
126
126
125
126
125
125
125
125
125
126
125
125
125
125
126
125
125
125
125
126
125
125
125
125
125
125
125
125
125
125
125
125
125
125
125
126
125
126
125
125
125
125
125
125
125
125
125
125
125
125
125
125
125
125
125
125
125
126
125
125
125
125
125
125
125
126
125
125
125
125
126
125
126
125
125
125
125
125
125
125
125
125
125
126
125
125
125
125
125
125
125
125
125
125
125
125
125
126
126
125
125
125
125
125
125
125
125
125
125
125
125
125
125
125
125
125
125
125
125
125
125
125
125
125
125
125
125
125
125
125
125
125
125
125
125
125
125
125
125
125
125
125
125
125
125
125
125
125
125
125
125
125
125
125
125
125
125
125
125
125
125
125
125
125
125
125
125
125
125
125
125
125
125
125
125
125
125
125
125
125
125
125
125
125
125
125
125
125
125
125
125
125
125
125
125
125
125
125
125
125
125
125
125
125
125
125
125
125
126
125
125
125
126
125
126
125
125
126
126
125
125
125
126
126
126
126
126
126
126
125
125
125
126
125
125
125
126
125
126
125
125
126
126
125
125
125
125
125
125
126
126
125
125
125
126
126
126
126
126
125
125
126
125
126
125
125
125
125
126
126
125
125
125
126
126
126
125
125
126
125
125
126
126
125
125
126
125
125
125
126
