129
128
123
122
125
127
92
125
125
125
125
125
125
125
125
125
125
125
125
125
125
125
125
125
125
125
125
125
125
125
125
125
125
125
125
125
125
125
125
125
125
125
125
125
125
125
125
125
125
125
125
125
125
125
125
125
125
125
125
125
125
125
125
125
125
125
125
125
125
125
125
125
125
125
125
125
125
125
125
125
125
125
125
125
125
125
125
125
125
125
125
125
125
125
125
125
125
125
125
125
125
125
125
125
125
125
125
125
125
125
125
125
125
125
125
125
125
125
125
125
125
125
125
125
125
125
125
125
125
125
125
125
125
125
125
125
125
125
125
125
125
125
125
125
125
125
125
125
125
125
125
125
125
125
125
125
125
125
125
125
125
125
125
125
125
125
125
125
125
125
125
125
125
125
125
125
125
125
125
125
125
125
125
125
125
125
125
125
125
125
125
125
125
125
125
125
125
125
125
125
125
125
125
125
125
125
125
125
125
125
125
125
125
125
125
125
125
125
125
125
125
125
125
125
125
125
125
125
125
125
125
125
125
125
125
125
125
125
125
125
125
125
125
125
125
126
124
125
125
125
125
125
125
125
125
125
125
126
126
126
126
126
126
126
125
125
125
125
126
125
125
126
125
125
126
125
126
125
125
125
125
126
125
125
125
125
125
126
125
126
126
126
126
126
125
126
125
125
125
125
125
125
125
126
125
126
125
126
126
125
126
125
125
125
125
126
125
126
125
125
125
125
125
125
125
125
125
125
125
125
125
125
125
125
125
125
125
125
125
125
125
125
125
125
125
125
125
125
125
125
125
125
125
125
125
125
125
125
125
125
125
125
125
125
125
125
125
125
125
125
125
125
125
125
125
125
125
125
125
125
125
125
125
125
125
125
126
125
125
125
125
125
125
125
125
125
125
125
125
125
125
125
125
125
125
125
125
125
125
125
125
125
125
125
125
125
125
125
125
125
125
125
125
125
125
125
125
125
125
125
125
125
125
125
125
125
125
125
125
125
125
125
125
125
125
125
125
125
125
125
125
125
125
125
125
125
125
125
125
125
126
126
125
125
125
125
125
125
125
125
125
125
125
125
125
125
125
125
125
125
125
125
125
125
125
125
125
125
125
125
125
125
125
125
125
125
125
125
125
125
125
125
125
125
125
125
125
125
125
125
125
125
125
125
125
125
125
125
125
125
125
125
125
125
125
125
125
125
125
125
125
125
125
125
125
125
125
125
125
125
125
125
125
125
125
125
125
125
125
125
125
125
125
125
125
125
125
125
125
125
125
125
125
125
125
125
125
125
125
125
125
125
125
125
125
125
125
125
125
125
125
125
125
125
125
125
125
125
125
125
125
125
125
125
125
125
125
125
125
125
125
125
125
125
125
125
125
125
125
125
125
125
125
125
125
125
125
125
125
125
125
125
125
125
125
126
125
125
125
125
125
125
125
125
125
125
125
125
125
125
125
125
125
125
125
125
125
125
125
125
125
125
125
126
125
125
125
125
125
125
125
125
125
125
125
125
125
125
125
125
125
125
125
125
125
125
125
125
125
125
125
125
125
125
125
125
126
125
125
125
125
125
125
125
125
125
125
125
125
125
125
125
125
125
125
125
125
125
125
125
125
126
125
125
125
125
125
125
125
125
125
125
125
125
125
125
125
125
125
125
125
126
125
125
125
125
125
125
125
125
125
125
125
125
125
125
125
125
125
125
125
125
125
125
125
125
125
125
125
125
125
125
125
125
125
125
125
125
125
125
125
125
125
125
125
125
125
125
125
125
125
125
125
125
125
125
125
125
125
125
125
125
125
125
125
125
125
125
125
125
125
125
125
125
125
127
122
125
125
126
126
126
126
125
126
125
125
125
125
125
126
126
126
126
125
126
126
125
125
126
126
125
125
126
126
125
126
126
124
124
125
126
125
126
127
126
126
127
126
126
126
126
126
126
126
126
125
126
126
126
125
125
125
126
126
126
126
126
125
126
126
126
123
125
126
126
125
126
126
126
126
126
125
125
126
126
125
125
125
125
125
126
126
125
126
125
126
125
125
126
126
125
125
125
125
125
126
126
126
125
125
125
125
126
126
126
125
125
126
125
125
125
126
125
125
126
125
124
126
126
125
125
126
126
125
125
126
125
124
125
126
126
125
125
126
125
125
126
127
125
124
126
126
125
125
126
126
125
125
126
126
124
124
126
126
126
126
126
126
125
125
127
126
124
125
126
125
125
125
126
126
125
125
126
126
125
125
126
126
125
125
126
126
125
125
126
126
125
126
126
126
125
125
126
126
125
125
126
126
125
125
126
126
125
126
126
126
125
125
126
128
126
126
125
126
124
124
125
126
125
125
125
126
125
124
125
126
126
125
125
126
126
125
125
126
126
125
125
125
125
125
125
125
126
126
125
125
125
125
125
125
126
129
126
125
125
125
124
124
125
125
125
125
125
125
126
125
125
125
125
125
125
125
125
125
125
126
125
125
125
125
125
126
126
126
125
125
126
126
125
125
125
125
125
125
125
126
125
125
125
125
126
125
125
125
125
125
125
126
125
125
127
121
120
126
126
126
127
127
127
126
126
125
125
124
125
125
126
126
128
129
131
127
121
120
125
130
129
124
122
124
126
126
125
123
122
123
126
128
127
126
126
127
126
125
127
128
127
128
129
126
122
122
125
127
127
128
128
122
121
125
129
127
125
123
122
124
127
126
122
123
124
125
127
127
127
127
127
128
127
127
126
125
125
125
125
124
125
125
124
124
124
125
125
125
125
125
126
127
127
127
126
126
126
126
125
126
125
125
125
125
125
125
124
125
125
126
126
126
126
125
125
124
125
125
125
125
126
126
126
124
124
125
126
126
126
126
126
125
125
126
126
126
125
126
126
125
126
126
125
125
126
126
126
125
124
125
125
125
125
125
125
126
126
125
125
126
126
126
125
125
126
126
124
124
125
125
124
123
124
126
126
125
124
125
125
126
125
124
124
128
135
135
128
123
126
130
129
125
123
123
120
120
124
124
118
117
126
132
127
122
125
128
126
123
123
130
133
126
123
125
127
126
126
127
122
119
126
133
129
121
123
126
126
125
126
125
123
124
128
126
123
122
123
125
126
123
124
130
129
124
124
127
125
123
125
127
126
125
125
126
125
123
124
127
128
126
122
124
127
125
123
124
126
124
124
126
126
124
125
127
128
127
127
126
125
121
119
124
131
131
124
121
125
128
126
125
128
127
122
123
133
135
124
115
122
129
122
110
100
102
116
131
133
126
129
142
152
154
146
135
134
143
136
105
87
89
95
113
140
142
124
114
119
131
139
139
131
122
125
136
136
124
116
117
124
127
123
119
115
115
120
129
133
129
126
131
133
129
125
123
123
123
125
124
123
124
127
127
124
126
128
126
125
125
128
126
125
124
123
123
124
123
125
126
126
127
127
124
125
126
127
125
124
125
128
127
128
130
126
121
122
122
114
117
128
133
130
131
133
129
118
116
124
132
129
121
118
120
123
126
126
122
120
125
132
132
129
129
132
134
131
124
118
116
117
120
122
127
130
126
124
128
130
126
122
123
127
124
120
122
127
127
125
126
128
130
130
127
122
122
124
127
129
126
121
121
124
126
126
125
125
124
122
126
128
128
126
124
124
126
127
126
125
124
125
125
125
126
123
122
125
129
128
124
125
129
129
124
122
124
128
129
126
123
121
123
126
127
124
123
125
125
124
123
128
130
124
122
125
126
126
126
130
128
128
122
122
123
128
128
124
122
124
126
127
126
126
123
122
126
129
125
122
121
123
124
125
126
125
124
122
125
127
129
129
127
126
126
158
85
115
114
126
123
130
132
132
129
126
127
135
164
115
108
102
93
125
125
125
126
125
125
126
126
126
126
126
126
126
126
126
126
126
126
126
126
126
126
126
126
126
126
126
126
126
126
126
126
126
126
125
126
126
126
126
125
126
126
126
126
125
126
126
126
126
126
125
126
126
126
126
126
126
126
125
125
125
126
126
125
126
125
126
126
126
125
125
126
126
126
125
126
126
125
125
125
126
125
126
126
126
126
125
126
125
126
126
125
125
125
126
126
126
126
125
125
125
125
126
125
125
125
125
126
126
125
125
125
126
126
125
125
125
125
125
125
125
125
125
125
125
126
126
126
126
125
126
125
125
125
125
125
125
126
125
125
125
125
125
126
126
126
125
125
125
125
126
125
125
126
126
125
126
125
125
125
126
125
125
126
125
125
125
126
125
125
125
125
126
126
125
125
125
125
125
125
125
125
125
125
125
125
125
125
125
125
125
126
125
125
125
125
125
125
125
125
125
125
125
125
125
125
125
125
125
125
126
126
125
125
125
126
125
125
125
126
125
125
126
126
125
126
125
126
126
125
125
125
125
125
125
125
125
125
125
125
125
125
125
125
125
125
125
125
125
125
125
125
125
125
125
125
125
125
125
125
125
125
125
125
125
125
125
125
125
125
125
125
125
125
125
125
125
125
125
125
125
125
125
125
125
125
125
125
125
125
125
125
125
125
125
125
125
126
126
125
125
125
125
125
125
125
125
125
125
125
125
125
125
125
125
125
125
125
125
125
125
125
125
125
125
125
125
125
125
125
125
125
125
125
125
125
126
126
125
125
125
126
125
125
125
125
125
125
126
125
125
125
125
124
