124
126
126
126
126
125
76
126
126
125
126
125
125
126
125
126
125
125
125
125
125
125
125
126
125
125
125
125
126
125
126
125
125
125
126
126
126
126
125
125
125
125
126
125
126
125
125
125
125
125
125
125
126
125
125
126
126
125
125
125
125
126
125
125
125
125
126
125
125
125
125
125
125
125
126
125
125
126
125
125
126
125
125
126
125
125
126
126
125
125
126
126
126
125
126
125
125
125
125
125
125
125
125
125
125
125
125
126
125
125
126
126
125
125
125
125
125
126
125
125
125
125
126
126
126
126
125
125
125
125
125
125
125
125
125
125
125
125
125
125
125
125
126
125
125
126
125
125
125
125
125
125
125
125
125
125
125
125
125
125
125
125
125
125
126
125
125
125
125
125
125
125
125
125
126
125
125
125
125
125
125
125
125
125
125
125
125
125
125
125
125
125
125
125
125
125
125
125
125
125
125
125
125
125
125
125
125
125
126
125
125
125
126
125
126
126
126
126
125
125
126
125
126
126
126
126
126
126
126
126
126
126
126
125
125
126
126
126
125
125
126
126
126
126
126
126
126
126
126
126
126
126
126
126
126
126
126
126
126
126
126
126
126
126
126
126
126
126
126
126
126
126
126
126
126
126
125
126
126
125
126
126
125
126
126
126
126
125
125
126
125
126
125
125
126
126
125
125
125
126
126
125
126
126
125
126
126
125
125
126
125
126
126
125
126
125
125
125
125
125
125
125
126
125
126
126
126
126
126
126
126
126
125
125
125
125
126
125
125
125
126
125
125
125
126
126
125
126
126
126
126
125
125
125
125
125
126
126
125
125
126
126
126
125
126
125
125
126
125
125
125
125
125
125
125
125
125
125
125
126
126
126
126
126
126
126
126
126
125
125
125
126
125
126
125
126
126
126
126
126
126
126
125
126
126
125
126
125
125
126
126
126
126
126
125
125
126
126
126
126
126
125
126
125
126
126
125
125
125
125
125
125
125
125
125
125
125
126
125
125
125
125
125
125
125
125
125
125
125
125
125
125
125
125
125
125
125
125
125
125
125
126
126
125
125
125
125
125
125
125
125
125
125
125
125
125
125
125
125
125
125
125
125
125
126
125
125
125
125
125
126
124
125
125
126
126
126
126
126
126
126
125
125
125
126
126
126
126
126
126
125
126
126
126
126
126
126
126
125
126
126
126
126
126
126
126
126
126
126
126
126
126
126
126
126
126
126
125
125
125
125
125
126
126
126
126
126
126
125
125
125
126
126
126
125
126
125
125
125
125
126
126
126
126
126
126
125
125
125
125
125
125
125
126
125
125
126
125
125
125
125
125
125
125
125
125
126
126
125
125
125
126
127
127
126
125
124
125
125
125
125
124
122
122
125
129
130
129
127
128
127
121
114
119
136
143
130
112
113
129
132
119
116
128
135
129
123
123
122
130
136
122
109
124
154
133
107
99
113
137
159
141
107
109
132
119
119
148
146
109
89
104
136
175
196
135
10
8
178
255
196
4
8
160
234
142
63
91
144
144
131
134
123
105
114
130
132
130
127
119
116
122
122
121
133
142
132
112
107
119
129
132
135
136
125
108
113
135
141
122
110
120
134
133
125
132
144
128
88
70
113
196
223
126
3
35
229
255
98
117
20
255
255
32
166
74
255
207
130
142
72
18
135
237
152
45
65
133
147
133
131
128
119
123
139
134
104
94
125
153
139
105
101
129
147
130
104
109
137
150
133
114
114
124
129
128
124
120
121
126
132
131
124
119
121
128
128
122
120
125
131
132
129
124
124
128
129
124
120
119
121
124
127
131
132
127
120
121
130
138
134
123
114
111
118
137
142
126
120
130
126
110
116
137
135
120
120
127
130
130
127
123
126
130
125
119
121
129
131
128
125
122
123
125
127
128
127
125
124
126
127
127
126
124
122
122
125
127
127
126
127
128
127
126
123
121
122
125
126
126
128
128
127
123
124
127
128
125
124
127
129
127
125
126
129
128
119
118
123
130
130
124
121
123
126
126
125
128
129
124
122
129
132
125
121
125
127
126
124
122
123
125
128
128
127
128
129
128
125
124
125
125
127
129
127
124
121
120
124
129
131
129
125
123
126
127
124
124
127
128
128
127
127
128
128
125
122
121
124
127
127
126
123
123
122
125
131
131
124
120
123
128
130
129
125
123
125
127
127
126
126
127
128
126
123
124
126
127
127
125
123
123
125
125
122
124
127
129
126
122
122
126
130
130
127
125
124
125
125
124
126
127
127
124
122
126
129
127
125
126
124
125
126
123
123
130
134
124
115
120
126
124
124
132
133
126
121
121
123
127
130
127
124
124
124
123
123
126
127
127
128
128
126
126
128
127
123
122
123
125
126
128
126
122
122
124
126
129
130
125
121
123
128
129
127
126
125
123
123
124
125
127
128
126
125
127
127
125
124
126
127
128
126
122
121
126
130
130
126
124
123
124
125
126
128
127
125
121
122
125
131
129
125
125
126
126
124
124
125
126
126
125
124
126
127
125
123
123
125
126
128
127
125
125
126
125
124
125
127
125
124
125
132
123
125
126
126
126
126
124
123
125
126
126
125
125
125
125
126
126
125
125
126
126
126
125
126
126
125
125
126
127
127
126
126
126
126
123
124
125
127
126
126
127
127
127
127
126
125
124
125
127
127
126
125
125
126
127
126
125
125
126
126
126
126
126
126
126
126
121
125
125
126
126
127
127
127
127
127
127
126
126
125
125
124
124
125
127
127
126
125
125
126
126
126
125
125
125
126
126
126
126
125
125
126
126
126
126
126
126
126
126
126
126
126
126
125
125
125
125
125
126
126
126
125
124
125
126
127
126
125
125
126
126
126
125
125
124
125
126
128
128
126
125
125
127
127
126
125
125
127
126
125
125
125
125
126
126
125
125
125
125
125
125
124
124
126
127
125
125
126
126
126
125
124
124
125
125
126
126
126
126
126
127
127
125
125
125
127
128
127
126
125
126
127
127
125
125
125
126
126
125
125
124
124
125
125
125
125
125
125
125
126
128
128
127
126
130
126
125
124
124
122
123
125
125
125
126
126
126
126
127
127
126
126
126
126
126
126
125
124
125
125
126
126
126
126
126
126
126
126
126
125
125
125
126
125
125
125
125
129
128
125
123
125
125
124
124
124
124
125
125
125
126
126
127
125
125
125
126
126
126
125
125
126
127
126
125
125
126
127
123
125
125
126
124
123
125
127
127
124
125
127
128
125
124
126
127
126
126
127
126
126
124
124
126
126
126
125
122
123
126
127
126
125
126
125
124
125
126
124
124
124
124
126
128
127
126
125
125
126
127
127
124
124
126
127
125
125
126
124
125
125
126
125
124
126
127
127
126
125
126
126
126
125
128
150
100
128
125
127
126
126
126
125
125
126
125
124
124
124
126
126
125
124
124
125
125
125
125
124
125
126
127
128
127
126
126
127
126
126
124
126
127
127
126
125
122
125
126
125
125
125
125
125
127
127
125
126
128
129
127
126
124
125
126
126
125
126
125
124
124
125
118
126
127
128
128
128
128
128
128
126
124
126
126
125
125
125
124
125
126
127
129
129
128
126
125
127
126
124
122
122
125
128
126
125
124
125
128
128
127
124
123
125
126
125
123
122
122
125
127
128
126
124
126
127
126
126
125
125
126
127
125
125
125
125
125
125
126
126
125
126
126
126
127
127
126
125
125
126
126
126
125
126
125
126
126
125
125
124
126
126
125
126
127
126
126
125
125
126
127
127
126
125
126
126
126
124
124
124
126
125
126
126
126
127
126
127
125
125
126
125
125
126
125
125
125
126
126
125
123
124
126
126
125
125
125
126
126
127
126
124
125
126
125
77
125
125
125
125
125
125
125
125
125
125
125
125
125
125
125
125
125
125
125
125
125
125
125
125
125
125
125
125
125
125
125
125
125
125
125
125
125
125
125
125
125
125
125
125
125
125
125
125
125
125
125
125
125
125
125
125
125
125
125
125
125
125
125
125
125
125
125
125
125
125
125
125
125
125
125
125
125
125
125
125
125
125
125
125
125
125
125
125
125
125
125
125
125
125
125
125
125
125
125
125
125
125
125
125
125
125
125
125
125
125
125
125
125
125
125
125
125
125
125
125
125
125
125
125
125
125
125
125
125
125
125
125
125
125
125
125
125
125
125
125
125
125
125
125
125
125
126
125
125
125
125
125
125
125
125
125
125
125
126
125
125
125
125
125
125
125
125
125
125
125
125
125
125
125
125
125
125
125
125
125
125
125
125
125
125
125
125
125
125
125
125
125
125
125
125
125
125
125
125
125
125
125
125
125
125
125
125
125
125
125
125
125
125
125
125
125
125
125
125
125
125
125
125
125
125
125
125
125
125
125
125
125
125
125
125
125
125
125
125
125
125
125
125
125
125
125
125
125
126
125
125
125
125
125
125
125
125
125
125
125
125
125
125
125
125
125
125
125
125
125
125
125
125
125
125
125
125
125
125
125
125
125
125
125
125
125
125
125
125
125
125
125
125
125
125
125
125
125
125
125
125
125
125
125
125
125
125
125
125
125
125
125
125
125
125
125
125
125
125
125
125
125
125
125
125
125
125
125
125
125
125
125
125
125
125
125
125
125
125
125
125
125
125
125
125
125
125
125
125
125
125
125
125
126
