119
126
132
131
124
122
83
125
126
125
125
126
125
125
126
125
126
126
126
126
126
126
125
126
125
126
126
126
126
126
126
126
126
126
126
126
126
125
125
125
125
125
125
125
126
125
126
126
126
125
125
126
126
126
126
126
126
126
126
126
126
126
126
126
126
126
126
125
125
125
125
125
125
125
125
125
125
125
125
125
125
125
125
125
125
125
125
125
126
126
125
125
125
125
125
125
125
125
126
125
125
126
125
125
125
125
126
126
126
125
125
125
125
125
125
125
125
125
125
125
125
125
125
125
125
125
125
125
125
125
125
125
125
125
125
125
125
125
125
125
125
125
125
125
125
125
125
125
125
125
125
125
125
125
125
125
125
125
125
125
125
125
125
125
125
125
125
125
125
125
125
125
125
125
125
125
125
126
125
125
126
125
125
125
125
126
125
126
125
126
126
126
126
126
125
125
125
125
125
126
126
125
125
126
126
125
126
125
125
126
125
125
125
125
125
125
126
125
126
126
125
125
125
126
126
125
126
125
125
125
125
125
125
125
126
126
126
126
125
126
126
125
125
125
125
125
125
125
125
126
125
126
125
125
125
125
126
125
125
126
125
125
125
125
125
125
125
125
125
125
125
125
125
125
125
125
125
125
125
125
125
125
125
125
125
125
125
125
125
125
125
125
125
125
126
125
126
125
125
125
125
125
125
125
125
125
125
126
125
125
125
125
125
125
125
125
125
125
125
125
125
125
125
126
125
125
125
125
125
125
125
125
125
125
125
125
125
125
125
125
125
125
125
125
125
125
125
125
125
125
125
125
126
125
125
125
125
125
125
125
125
125
125
125
125
125
125
125
126
125
125
125
125
125
125
125
125
125
125
125
125
125
125
126
125
125
126
125
125
125
125
125
125
125
126
126
125
125
125
125
125
125
125
125
125
125
125
125
125
125
125
125
125
125
125
125
125
125
125
125
125
125
125
125
125
125
125
125
125
125
125
125
125
125
125
125
125
125
125
125
125
125
125
125
125
125
125
125
125
125
125
125
125
125
125
125
125
125
125
125
125
125
125
125
125
125
125
125
125
125
125
125
125
125
125
125
125
125
125
125
125
125
125
125
125
125
125
125
125
125
125
125
125
125
125
125
125
125
125
125
125
125
125
125
125
126
125
124
125
125
125
125
125
126
126
125
125
126
125
125
125
125
125
125
126
125
125
125
124
125
126
126
126
126
126
126
126
126
126
126
126
126
126
126
125
126
126
126
126
126
126
126
126
126
126
126
126
126
126
125
126
126
126
126
126
126
126
126
126
125
126
126
125
125
125
126
126
126
126
126
126
126
126
126
125
126
126
126
125
126
125
126
126
126
125
125
125
125
125
125
125
125
125
125
126
127
126
125
126
126
127
126
125
125
126
125
125
125
125
125
126
126
126
126
125
123
125
129
128
125
123
125
127
127
125
123
123
125
127
128
128
126
125
125
125
126
125
124
125
125
125
125
126
126
125
125
126
126
125
126
127
126
125
124
125
125
126
126
126
127
127
127
126
125
125
125
126
126
125
125
125
125
126
126
126
125
125
126
127
126
126
125
125
126
126
126
125
125
125
126
126
125
125
125
126
126
125
125
125
125
126
126
125
125
126
126
126
126
126
125
126
126
125
127
126
125
126
126
125
125
125
126
125
125
125
125
125
125
126
126
125
125
126
126
126
126
125
125
126
126
126
125
125
125
125
125
125
125
125
126
126
126
126
125
125
125
125
125
125
125
125
125
125
125
125
125
125
126
125
125
126
126
125
125
126
125
125
126
126
125
125
125
125
125
125
126
126
125
125
126
126
125
125
125
125
125
126
125
125
125
125
125
125
125
125
125
125
125
125
125
125
125
125
125
125
125
126
126
125
125
125
125
125
125
126
126
123
125
126
125
126
126
126
125
126
126
126
125
126
126
125
126
126
126
125
125
126
126
126
125
126
126
125
126
126
125
124
124
125
125
126
127
127
126
126
126
126
126
125
125
125
125
125
125
126
126
125
126
126
126
126
125
125
126
126
125
126
126
126
126
126
126
125
124
125
126
125
126
127
127
126
125
126
126
126
126
125
126
125
125
126
126
125
126
126
125
126
126
126
126
125
125
125
126
126
125
125
125
125
126
126
126
125
125
125
126
126
125
126
125
125
126
126
126
125
125
126
126
125
125
125
126
126
126
126
125
125
125
126
126
125
125
126
126
126
125
125
125
126
126
125
126
126
126
126
126
126
125
125
126
126
125
126
125
126
126
125
125
126
126
126
125
125
125
126
126
126
125
125
126
126
126
126
125
125
125
126
126
126
126
125
125
126
126
126
125
125
125
125
126
126
125
125
125
126
126
125
125
125
126
126
126
126
125
126
126
125
125
125
126
126
126
128
127
126
125
126
125
125
125
125
125
126
125
126
125
125
126
126
125
125
126
126
126
126
126
125
126
127
126
125
125
126
126
125
125
126
128
125
126
127
126
123
123
125
126
127
125
123
124
126
127
125
124
126
127
125
125
126
125
124
127
128
125
122
122
126
128
126
123
123
127
128
124
124
127
125
122
124
128
127
126
127
123
120
126
129
124
124
128
126
123
125
124
125
129
129
121
120
124
128
126
125
125
127
125
124
127
128
123
121
125
129
127
128
119
128
127
125
123
122
123
124
125
126
127
129
131
130
126
122
124
125
122
121
128
131
124
122
128
131
125
122
125
125
123
125
129
130
129
125
124
125
126
123
120
122
126
128
129
132
133
132
129
125
121
119
117
116
118
120
122
124
128
133
138
140
138
135
133
129
118
111
112
114
114
113
116
123
128
131
133
137
141
140
137
133
127
122
118
116
115
116
117
118
120
125
128
130
130
130
130
129
130
131
130
127
126
125
122
122
123
124
124
122
121
121
122
124
125
127
129
129
127
129
129
126
124
124
121
117
123
128
124
124
126
121
124
136
132
121
124
125
116
125
140
131
122
127
119
112
132
140
121
128
144
114
99
142
155
112
112
142
103
83
152
168
94
104
164
113
71
155
185
96
93
178
140
58
114
187
125
82
145
156
79
88
175
164
90
115
167
125
78
126
160
114
103
153
142
84
89
149
154
118
122
147
129
104
128
150
133
117
124
124
100
97
132
158
145
113
112
125
129
125
132
132
122
119
123
117
112
127
145
137
120
118
120
120
128
134
123
119
132
136
117
101
112
137
151
150
148
128
92
89
123
139
129
123
118
114
125
139
139
132
118
109
118
140
144
129
121
124
123
117
111
114
132
146
135
115
115
128
132
125
123
123
119
123
135
140
130
116
113
124
132
125
115
118
128
130
128
126
127
128
128
124
121
124
128
127
128
130
125
117
119
125
127
126
128
127
122
121
126
130
125
123
123
124
127
131
129
123
122
126
128
127
122
121
125
127
126
123
124
125
124
125
126
128
126
123
123
126
128
128
125
122
121
122
126
131
129
128
127
125
122
121
123
128
153
109
118
117
121
130
135
129
122
121
121
122
125
127
124
122
126
127
124
124
127
129
116
71
136
127
133
129
127
131
134
134
131
130
131
130
125
121
120
125
132
130
122
118
123
131
134
131
127
122
124
131
131
120
118
128
133
129
125
130
132
123
118
122
127
126
124
124
117
129
130
129
128
124
122
125
129
130
128
126
123
121
123
128
134
134
126
119
118
125
132
131
123
117
120
127
131
129
124
124
125
126
126
128
129
125
122
124
125
125
124
124
123
122
125
129
131
129
124
122
125
129
129
128
123
118
123
127
130
127
124
125
126
124
121
121
124
127
127
127
123
119
125
133
131
128
131
134
126
112
109
119
133
138
132
120
125
126
125
121
118
122
130
135
130
122
124
84
125
125
125
125
125
125
125
125
125
126
125
125
125
125
125
125
126
125
125
125
126
125
125
125
125
125
125
125
125
125
125
125
125
125
125
125
125
125
125
125
125
125
125
125
125
125
125
125
125
125
125
125
125
125
126
125
125
125
125
125
125
125
125
125
125
125
125
125
125
125
125
125
125
125
125
125
125
125
125
125
125
125
125
126
125
125
125
125
125
125
125
125
125
125
125
125
126
126
125
125
125
125
125
125
125
125
125
125
125
125
125
125
125
125
125
125
125
125
125
125
125
125
125
125
125
125
125
125
125
125
125
125
125
125
125
125
125
125
125
125
125
125
125
125
125
125
125
125
125
125
125
125
125
125
125
125
125
125
125
125
125
125
125
125
125
125
125
125
125
125
125
125
125
125
125
125
125
125
125
125
125
125
125
125
125
125
125
125
125
125
125
125
125
125
125
125
125
125
125
125
125
125
125
125
125
125
125
125
125
125
125
125
125
125
125
125
125
125
125
125
125
125
125
125
125
125
125
125
125
125
125
125
125
125
125
125
125
125
125
125
125
125
125
125
125
125
125
125
126
125
125
125
125
125
125
125
125
126
125
126
125
125
126
126
125
126
125
125
125
126
125
125
125
125
126
126
125
126
126
125
126
125
126
126
125
125
125
125
125
125
126
126
126
125
125
125
125
125
125
125
125
125
125
125
125
125
125
126
125
125
125
125
125
125
125
125
125
125
125
125
126
125
126
125
125
126
125
125
125
126
125
125
125
125
125
125
125
125
125
125
125
125
125
125
125
125
125
125
125
125
126
125
125
118
