124
126
126
128
129
128
49
125
125
125
125
126
125
125
125
125
125
126
125
125
126
126
126
125
125
126
125
125
125
125
125
125
125
125
125
125
125
125
125
126
125
126
125
125
125
125
125
125
125
126
125
126
125
125
125
125
125
125
125
125
126
126
125
125
125
125
125
125
125
125
125
125
126
126
125
125
125
125
125
125
126
125
125
126
125
125
125
125
125
125
125
125
125
125
125
125
125
125
125
125
126
125
125
125
125
126
125
125
125
125
125
126
125
126
126
126
126
125
125
125
126
125
125
125
125
125
125
125
125
125
126
125
125
125
126
126
125
125
125
125
125
125
125
125
125
125
125
125
125
125
125
125
125
125
125
125
125
125
125
125
125
125
125
125
125
125
125
125
125
125
125
125
125
125
125
125
125
125
125
125
125
125
125
125
125
125
125
125
125
125
125
125
125
125
125
125
125
125
125
125
125
125
125
125
125
125
125
125
125
125
125
125
125
125
125
125
125
125
125
125
125
125
125
125
125
125
125
125
125
125
125
125
125
125
125
125
125
125
125
125
125
125
125
125
125
125
125
125
125
125
125
125
125
125
125
125
125
125
125
125
125
125
125
125
125
125
125
125
125
125
125
125
125
125
125
125
125
125
125
125
125
125
126
125
125
125
125
125
126
125
126
126
126
126
126
126
125
125
125
126
126
126
126
126
125
126
126
125
126
126
126
126
125
126
126
126
126
126
126
126
125
126
126
125
126
125
126
126
126
126
126
126
125
126
126
126
126
126
125
126
125
126
126
126
126
126
126
125
126
126
125
125
125
125
125
126
126
125
126
125
125
125
125
125
126
125
125
125
125
125
125
125
126
125
125
125
126
125
125
125
125
125
125
125
126
125
125
125
125
125
125
125
125
125
126
125
125
125
125
125
125
126
125
125
125
126
125
125
125
125
125
125
125
125
125
125
125
125
125
125
125
126
126
125
126
125
125
125
125
125
125
125
125
125
125
125
125
125
125
125
125
125
125
125
125
125
126
125
125
126
125
125
125
125
125
126
125
125
125
125
125
125
125
125
125
125
125
126
125
125
125
125
125
125
125
126
125
125
125
125
125
125
125
125
125
125
125
125
125
125
125
125
125
125
125
125
125
125
125
126
126
125
125
126
125
125
125
125
125
125
125
125
125
125
125
125
125
125
126
126
125
124
125
126
126
126
125
125
127
126
125
125
126
125
124
124
123
123
125
128
130
129
125
125
126
127
128
125
119
116
122
130
129
120
115
120
130
136
136
129
121
120
122
122
122
125
129
134
133
127
121
119
122
126
128
125
120
121
127
131
128
122
122
124
125
123
127
131
127
121
122
127
130
126
123
123
126
133
130
121
118
123
129
124
117
124
134
132
125
127
127
121
120
124
125
120
126
136
131
120
119
123
123
126
130
126
122
126
131
129
125
124
122
121
123
126
126
123
124
127
128
128
125
122
130
136
126
115
114
122
130
131
127
125
127
126
120
121
128
130
127
123
122
126
131
130
124
120
122
129
132
127
122
122
127
127
124
122
124
128
129
125
122
129
135
121
112
123
132
128
131
137
123
111
120
129
131
132
141
134
102
92
124
151
151
140
125
97
61
80
193
255
154
21
28
217
255
99
17
90
198
145
112
225
252
11
115
139
255
209
5
52
191
184
89
72
129
161
125
82
96
164
178
106
70
114
147
127
124
153
139
87
82
135
164
137
111
118
126
118
120
133
130
117
117
132
140
131
118
115
123
132
131
121
116
121
129
133
133
128
116
108
118
134
138
133
126
119
119
125
131
134
133
127
118
117
124
127
122
119
127
137
134
124
118
120
127
131
129
126
124
123
124
124
123
125
131
132
127
124
124
125
125
123
123
124
125
127
129
127
125
124
125
128
128
125
123
123
125
126
127
128
127
124
124
126
128
128
124
123
124
126
128
126
123
122
124
128
129
127
126
126
127
126
125
126
125
126
125
124
124
126
127
126
125
124
125
127
126
123
122
125
128
128
126
124
123
123
125
127
127
126
125
126
126
126
127
125
123
122
124
125
126
125
125
126
127
126
125
125
126
126
125
125
125
125
125
125
125
124
125
126
126
126
126
125
126
126
125
125
125
125
126
126
125
124
124
126
126
125
126
126
125
124
125
126
127
126
125
124
126
126
125
124
125
126
125
125
125
124
124
125
125
124
125
127
128
126
123
125
127
126
124
125
125
126
126
126
125
123
125
127
127
125
124
125
125
125
124
124
125
127
126
125
125
125
124
124
125
125
125
125
126
127
127
127
126
125
125
126
126
125
124
124
125
125
125
126
125
125
125
125
125
125
125
125
125
125
125
125
125
125
125
125
125
125
125
125
125
125
126
126
126
126
125
126
126
125
124
125
127
123
124
124
126
127
126
124
125
127
127
125
123
124
127
127
126
125
125
127
127
125
124
126
127
126
124
126
127
125
125
126
126
124
125
127
126
125
125
126
125
125
126
125
124
125
127
127
125
124
126
126
126
126
126
126
126
125
125
126
126
127
126
125
125
123
125
123
123
126
128
127
126
127
127
127
128
127
125
124
125
127
127
125
124
125
126
126
125
125
125
125
125
126
126
125
125
125
125
125
126
126
126
126
126
126
126
125
125
126
126
126
126
125
125
125
126
125
125
125
125
126
126
125
126
126
125
125
125
125
125
126
125
126
125
125
125
126
126
125
125
125
125
126
126
125
125
125
125
126
125
125
125
125
125
125
125
126
126
129
123
124
125
125
126
127
126
124
125
126
125
126
124
125
125
126
126
125
125
125
125
126
126
126
121
119
127
127
126
127
127
126
127
128
126
125
124
126
127
127
126
126
126
126
127
126
125
125
125
125
125
126
126
125
125
125
126
127
127
126
126
126
126
126
126
125
122
122
124
126
126
127
128
128
127
127
127
126
125
125
125
125
125
125
126
126
125
126
126
125
126
125
125
126
125
125
126
125
126
125
125
125
125
125
126
126
126
126
125
125
125
125
126
126
126
126
126
126
126
126
126
126
125
126
125
125
125
126
126
126
126
126
126
126
126
125
126
125
125
125
125
125
124
126
125
126
126
127
126
125
126
125
125
126
125
126
126
125
125
126
126
125
125
125
125
125
125
126
126
125
126
126
126
126
125
126
126
125
126
126
125
125
125
126
126
125
125
126
125
125
126
126
127
127
126
126
125
125
124
125
126
126
125
125
125
126
127
126
126
125
125
125
126
126
126
126
130
128
126
126
126
124
123
124
124
125
125
124
126
126
126
125
125
126
126
127
126
126
125
124
125
126
127
125
124
131
127
126
124
124
124
124
125
125
123
125
127
126
126
124
126
127
128
125
124
125
125
124
125
127
125
122
124
126
127
127
125
125
125
126
127
124
123
123
124
123
124
123
125
125
125
126
127
129
129
127
126
126
126
127
127
125
123
122
123
125
127
127
126
125
125
125
127
126
124
123
124
126
126
125
124
124
125
126
127
125
125
125
126
126
125
125
125
124
124
126
126
126
124
123
125
127
126
126
124
125
126
126
125
125
126
126
125
126
127
126
125
125
124
124
125
125
125
125
125
126
126
126
125
124
125
127
126
125
124
124
126
127
127
127
125
123
123
125
126
126
125
124
124
124
127
126
125
122
123
127
128
126
124
124
124
143
75
134
123
128
125
126
129
129
129
129
127
124
123
127
129
127
122
123
128
131
127
122
122
127
129
127
126
125
125
129
127
127
124
125
125
124
66
116
125
129
132
134
134
133
130
129
128
128
127
128
128
125
126
127
127
127
128
128
127
126
127
127
128
127
127
127
120
116
126
124
127
129
131
130
129
129
130
127
127
127
126
126
126
125
50
125
125
125
125
125
125
125
125
125
125
125
126
125
125
125
125
125
125
125
125
125
125
125
125
125
125
125
125
125
125
125
125
125
125
126
125
125
125
125
125
125
125
125
125
125
125
125
125
125
125
125
125
125
125
125
125
125
125
125
125
125
125
125
125
125
125
125
125
125
125
125
125
125
125
125
125
125
125
125
125
125
125
125
125
126
125
125
125
125
125
125
125
125
125
125
125
125
125
125
125
125
126
126
126
126
126
126
126
126
126
126
126
126
126
126
125
126
126
126
126
126
126
126
125
125
125
126
126
126
126
126
126
126
126
126
126
126
126
126
126
126
126
126
126
126
126
126
126
126
126
126
126
126
126
126
126
126
126
126
126
126
126
126
126
126
126
125
126
125
126
126
125
126
126
126
126
126
126
125
125
125
125
125
125
126
125
126
125
125
125
125
125
126
126
126
126
126
125
126
126
126
125
126
126
126
126
126
126
125
125
125
126
126
125
126
125
125
126
126
125
125
126
126
125
126
125
126
126
125
125
126
126
125
126
125
125
126
125
126
125
126
125
125
126
126
126
125
126
125
126
126
126
126
125
125
126
126
126
126
125
125
125
125
126
125
126
126
126
126
126
126
126
126
125
126
126
126
126
126
126
126
126
126
126
125
126
126
126
126
126
126
125
125
125
125
125
125
125
125
126
126
125
126
125
126
126
126
125
125
125
125
126
126
126
126
126
126
125
126
125
125
125
125
125
125
125
125
125
125
126
125
125
126
125
125
125
125
125
125
125
126
125
125
125
125
125
126
125
125
125
125
125
125
124
