126
126
126
127
128
127
56
126
126
126
125
126
126
125
126
126
126
125
126
126
126
126
125
126
126
126
126
126
125
125
126
126
126
125
125
125
126
126
126
126
125
125
126
125
125
126
125
125
125
125
125
125
125
126
126
126
125
126
125
125
125
126
125
125
126
125
126
125
126
126
126
125
125
125
125
126
126
125
126
125
126
126
125
125
126
126
125
125
125
126
125
125
125
125
125
126
126
125
126
126
126
126
126
125
126
126
126
125
126
125
126
126
125
126
126
126
126
126
125
125
126
125
126
125
126
126
126
125
125
126
125
126
125
126
126
125
126
126
125
125
126
125
126
125
125
125
125
125
126
125
125
126
126
125
126
125
125
125
125
125
126
126
126
126
125
126
125
125
126
126
125
126
126
126
125
126
125
126
126
126
125
126
126
126
126
126
126
125
125
125
125
125
125
125
125
125
125
125
125
125
125
125
125
125
125
125
125
125
125
126
125
125
125
126
125
125
125
126
126
125
125
125
125
125
125
125
125
125
125
125
125
125
125
125
125
125
125
125
125
125
125
125
125
125
125
125
125
125
125
125
125
125
125
125
125
125
125
125
125
125
125
125
125
125
125
125
125
125
126
125
125
125
125
125
125
125
125
125
125
125
125
125
125
125
125
125
125
125
125
125
125
125
125
125
125
125
125
125
125
125
125
125
125
125
125
125
125
125
125
125
125
125
125
125
125
125
125
125
125
125
125
125
125
125
125
125
125
126
125
125
125
125
125
126
125
125
125
125
125
125
125
125
125
125
125
125
126
126
125
125
125
125
125
125
125
125
125
125
126
125
126
125
125
125
126
125
125
125
125
125
124
125
125
125
126
126
126
126
126
126
126
126
126
126
126
126
125
125
125
125
126
126
126
126
124
126
126
126
126
126
126
126
126
125
126
125
126
125
125
126
125
125
125
126
126
125
125
125
126
125
126
126
125
125
125
126
126
125
125
125
125
126
126
126
125
126
126
126
125
125
126
125
125
125
125
126
126
125
125
125
125
125
125
125
126
126
125
126
126
125
125
125
125
125
126
126
126
125
125
125
125
126
126
125
125
125
126
126
125
126
126
125
126
126
126
125
125
126
126
126
125
125
125
126
126
125
125
126
125
125
125
126
125
125
126
126
126
125
125
125
125
124
124
125
132
139
133
120
104
92
112
173
192
108
49
110
171
145
103
111
137
144
132
116
106
123
150
134
104
101
115
153
180
138
65
81
166
187
142
62
32
97
205
221
138
67
73
124
175
185
105
17
83
237
241
91
12
75
151
162
159
200
114
6
71
240
229
48
6
131
240
216
107
16
59
188
230
91
10
108
206
173
101
80
94
133
162
140
104
104
134
147
131
106
94
112
146
157
130
107
117
132
128
119
121
130
133
127
115
115
130
139
128
116
122
133
129
118
118
125
130
126
121
120
123
126
128
131
132
128
123
120
123
129
132
129
125
122
122
124
126
127
125
124
124
125
125
124
123
123
124
127
126
128
129
128
127
125
124
124
126
126
126
126
128
129
129
126
123
122
123
124
125
125
124
125
127
128
127
126
126
125
124
124
124
125
126
127
127
126
126
126
126
127
127
126
124
124
124
125
125
126
127
128
127
126
125
124
124
124
124
124
126
126
126
126
126
126
124
126
126
126
125
126
125
125
125
125
125
125
126
126
126
127
127
127
127
127
126
125
124
124
124
124
124
125
125
125
125
126
126
127
126
126
126
125
125
125
125
125
125
125
126
126
126
125
126
125
125
125
125
125
125
125
125
125
125
126
126
126
126
126
126
126
126
125
125
125
125
125
125
125
125
125
125
125
125
125
125
125
125
125
126
125
125
125
125
126
126
126
126
126
126
126
126
126
125
125
125
125
125
125
125
125
125
126
126
126
125
125
126
125
125
125
125
125
125
125
125
125
125
125
125
126
126
126
125
125
125
125
126
125
125
125
125
125
126
126
126
125
125
126
126
125
125
126
126
126
125
125
125
124
124
125
125
125
125
125
125
125
125
126
126
125
126
126
126
126
126
126
126
125
125
126
126
125
125
125
125
125
125
125
125
125
125
125
125
125
126
125
126
125
125
125
125
125
125
126
125
125
125
125
125
126
125
125
125
125
125
125
125
125
126
125
125
125
125
125
125
125
125
125
125
125
125
125
125
126
125
125
125
126
126
125
125
126
125
125
125
125
125
125
125
125
125
125
125
125
125
125
125
125
125
125
125
125
126
126
125
125
125
125
125
125
125
125
125
125
125
125
125
125
126
126
125
125
125
125
125
125
125
125
125
125
125
125
125
125
125
125
125
125
125
125
125
125
125
125
125
125
125
125
125
125
126
125
125
125
125
125
125
125
125
125
125
125
125
125
126
126
125
125
125
126
125
125
125
125
125
125
125
125
125
125
125
125
126
126
125
126
126
126
125
125
125
125
125
125
125
125
126
126
126
126
126
126
126
125
125
125
125
125
125
125
125
125
125
125
125
125
126
123
124
125
125
125
126
126
125
125
125
125
125
125
125
125
125
126
126
126
125
126
126
126
126
125
125
125
125
125
120
122
125
126
126
127
127
126
127
127
126
126
126
126
126
126
126
126
125
126
125
125
126
125
125
125
126
126
126
126
126
126
126
126
125
126
126
124
123
125
126
126
126
126
126
126
126
126
125
126
126
126
125
125
125
127
126
126
125
125
125
125
125
125
125
125
125
125
125
125
125
125
126
126
126
125
125
125
125
125
126
125
126
125
125
125
125
126
126
126
126
126
126
126
126
125
126
126
126
126
125
125
125
125
125
126
126
126
125
125
125
125
125
126
125
126
125
125
126
126
126
126
125
125
126
125
125
125
126
126
125
125
126
126
126
126
125
125
125
124
125
126
126
125
124
125
126
126
126
125
125
126
126
126
125
125
125
125
125
125
125
125
125
125
126
127
127
126
126
126
127
126
125
124
125
125
125
126
126
126
125
126
126
126
126
127
129
127
125
125
124
123
124
124
125
125
125
125
126
125
125
126
125
126
126
125
125
126
125
126
125
125
125
125
126
126
126
126
125
126
126
126
126
128
129
126
125
125
124
124
124
125
125
125
125
125
125
125
126
126
126
126
126
126
126
126
125
125
125
125
125
125
126
125
125
125
126
125
126
125
126
125
125
125
125
124
125
125
125
126
125
125
125
125
126
125
124
125
126
125
125
125
126
126
126
125
126
126
125
125
126
126
124
122
126
127
125
124
126
126
127
125
125
126
126
126
127
125
123
122
126
129
124
121
123
127
128
124
122
125
127
126
124
123
123
126
130
129
122
119
123
129
130
125
121
122
126
129
129
128
116
123
122
126
125
129
131
126
122
120
124
129
130
124
120
123
129
132
127
121
122
125
127
126
125
126
127
127
124
122
124
126
127
127
126
126
126
127
125
125
126
125
124
123
124
125
126
126
125
124
124
125
126
127
126
125
126
126
128
127
126
126
125
124
124
124
121
121
127
128
127
128
128
127
127
126
125
126
126
126
125
124
123
125
125
125
125
126
127
128
126
125
124
124
125
125
124
123
125
126
127
125
125
125
125
125
125
126
126
126
125
125
124
124
126
126
126
126
126
126
124
125
126
125
124
125
125
125
127
126
126
125
125
126
126
123
126
125
125
124
126
126
125
125
125
125
125
124
125
126
125
124
125
124
125
125
125
125
125
125
126
125
125
125
125
126
125
125
125
126
126
126
125
125
125
125
125
126
125
126
127
125
125
126
125
125
126
126
126
125
125
125
125
126
125
125
125
125
125
126
126
125
125
124
126
126
126
125
125
125
125
125
125
126
129
132
125
124
126
122
122
124
122
123
125
125
57
126
126
125
125
125
126
126
125
125
126
126
126
125
125
126
125
125
125
125
125
126
125
125
125
125
125
125
126
126
126
125
126
125
125
125
126
126
125
125
125
126
125
125
125
125
125
125
125
125
125
125
125
125
125
125
125
125
126
125
125
125
125
125
125
125
125
126
126
126
125
125
125
125
126
125
125
125
125
125
126
126
126
125
126
126
125
125
125
125
125
125
125
125
125
125
125
125
125
126
126
126
126
126
126
126
125
125
125
125
125
125
125
125
125
125
125
126
125
125
126
125
125
125
125
125
125
125
125
125
125
125
125
125
126
125
125
125
125
125
125
125
125
125
125
125
125
125
126
125
125
125
125
125
125
125
125
125
125
125
125
125
125
125
125
125
125
125
125
125
125
125
125
125
125
125
125
125
125
125
125
125
125
125
125
125
125
126
125
125
125
125
125
125
125
125
126
125
125
125
125
126
126
125
125
125
125
125
125
125
125
125
125
125
125
125
125
125
125
125
125
125
125
125
125
125
125
125
125
125
125
125
125
125
125
125
125
125
125
125
125
125
125
125
125
125
125
125
125
125
125
125
125
125
125
125
125
125
125
125
125
125
125
125
125
125
125
125
125
125
125
125
125
125
125
125
125
125
125
125
125
125
125
125
125
125
125
125
125
125
125
125
125
125
125
125
125
125
125
125
125
125
125
125
125
125
125
125
125
125
125
125
125
125
125
125
125
125
125
125
125
125
125
125
125
125
125
125
125
125
125
125
125
125
125
125
126
125
125
125
125
125
125
125
125
125
125
125
125
126
125
125
126
126
125
