128
127
126
127
127
126
100
125
125
125
125
125
125
125
125
125
125
125
125
125
125
125
125
125
125
125
125
125
125
125
125
125
125
125
125
125
125
125
125
125
125
125
125
125
125
125
125
125
125
125
125
125
125
125
125
125
125
125
125
125
125
125
125
125
125
125
125
125
125
125
125
125
125
125
125
125
125
125
125
125
125
125
125
125
125
125
125
125
125
125
125
125
125
125
125
125
125
125
125
125
125
125
125
125
125
125
125
125
125
125
125
125
125
125
125
125
125
125
125
125
125
125
125
125
125
125
125
125
125
125
125
125
125
125
125
125
125
125
125
125
125
125
125
125
125
125
125
125
125
125
125
125
125
125
125
125
125
125
125
125
125
125
125
125
125
125
125
125
125
125
125
125
125
125
125
125
126
125
125
126
125
126
126
125
126
126
125
126
126
126
126
126
126
126
125
126
126
125
126
125
125
126
125
125
126
125
125
125
125
125
125
125
125
125
125
125
125
126
126
125
126
125
125
125
125
125
125
125
125
126
125
125
126
125
126
126
125
126
125
125
125
125
125
125
125
126
126
125
126
125
125
125
126
125
125
125
125
125
125
125
125
125
125
125
125
125
125
125
125
125
125
125
125
125
125
125
125
125
125
125
125
125
125
125
125
125
126
126
125
125
125
125
125
125
125
125
125
125
125
125
125
125
125
125
125
125
125
125
125
125
125
125
125
125
125
125
125
125
125
125
125
125
125
125
125
125
125
125
125
125
125
125
125
125
125
125
125
125
125
125
125
125
125
125
125
125
125
125
125
125
125
126
126
125
125
125
125
125
125
125
125
125
125
125
125
125
125
125
125
125
125
125
125
125
125
125
125
125
125
125
125
125
125
125
125
125
125
125
125
125
126
126
125
125
125
125
125
125
125
125
125
125
125
125
125
125
125
125
125
125
125
125
125
125
125
125
125
125
125
125
125
125
125
125
125
125
125
125
125
125
125
125
125
125
125
125
125
125
125
125
125
125
125
125
125
125
125
125
125
125
125
125
125
125
125
125
125
125
125
125
125
125
125
125
125
125
125
125
125
125
125
125
125
125
125
125
125
125
125
125
125
125
125
125
125
125
125
125
125
125
125
125
125
125
125
125
125
125
125
125
125
125
125
125
125
125
125
125
125
125
125
125
125
125
125
125
125
125
125
125
125
125
125
125
125
125
125
125
125
125
125
125
125
125
125
125
125
125
125
125
125
125
125
125
125
125
125
125
125
125
125
125
125
125
125
125
125
125
125
125
125
125
125
125
125
125
125
125
125
125
125
125
125
125
125
125
125
125
125
125
125
125
125
125
125
125
125
125
125
125
125
125
125
125
125
125
125
125
125
125
125
125
125
125
125
125
125
125
125
125
125
125
125
125
125
125
125
125
125
125
125
125
125
125
125
125
125
125
125
125
125
125
125
125
125
125
125
125
125
125
125
125
125
125
125
125
125
125
125
125
125
125
125
125
125
125
125
125
125
125
125
125
125
125
125
125
125
125
125
125
125
125
125
125
125
125
125
125
125
125
125
125
125
125
126
125
125
125
125
125
125
125
125
125
125
125
125
125
125
125
125
125
125
125
125
125
125
125
125
125
125
125
125
125
125
125
125
125
125
125
125
125
125
125
125
125
125
125
125
125
125
125
125
125
125
125
125
125
125
125
125
125
125
125
125
125
125
125
125
125
125
125
125
125
125
125
125
127
123
125
125
125
125
126
126
126
126
126
125
126
125
125
125
125
125
125
125
125
125
125
125
126
126
126
126
126
125
125
126
126
125
125
126
126
126
126
125
125
126
126
126
125
126
126
125
125
125
126
125
125
126
126
125
126
126
126
126
125
126
126
126
125
126
125
126
123
125
125
126
126
126
126
126
126
125
125
126
125
125
125
125
125
126
125
125
125
125
125
125
125
125
125
125
125
125
125
125
125
125
125
125
125
125
125
125
125
125
125
125
125
125
125
125
125
125
126
126
125
125
125
125
125
125
125
126
125
125
125
125
125
125
126
125
125
125
125
125
125
125
125
125
125
125
125
125
125
125
125
125
125
125
125
125
125
125
125
125
125
125
125
125
125
125
125
125
125
126
125
125
125
125
125
125
125
125
125
125
125
125
125
125
125
125
125
125
125
125
125
126
125
125
125
125
125
126
125
125
125
125
126
125
125
125
125
125
125
125
125
125
125
127
126
126
126
126
126
126
126
125
125
126
126
126
125
126
125
125
126
126
125
126
125
125
125
125
125
125
125
125
126
126
126
125
126
126
126
126
126
125
125
125
125
125
126
126
126
126
126
126
126
126
126
125
126
125
125
125
126
126
126
125
125
125
125
125
126
126
127
125
123
126
130
128
120
121
129
128
124
125
126
126
125
126
126
125
126
127
126
125
125
125
126
126
125
125
125
125
125
125
125
126
126
126
127
127
126
125
125
125
125
125
125
125
124
125
126
127
126
125
126
126
125
124
124
126
126
126
125
126
126
125
125
125
126
126
125
126
126
125
125
126
126
127
127
127
125
125
125
124
124
125
125
125
125
126
126
126
127
126
126
126
126
125
124
125
126
124
125
126
128
123
123
123
124
125
127
132
136
137
130
121
123
132
127
103
92
110
129
129
122
119
119
125
146
162
148
114
108
130
137
125
121
127
128
125
124
121
119
119
121
120
120
124
127
123
121
123
127
128
128
129
129
128
129
130
127
126
126
125
122
123
126
126
123
122
123
124
126
127
124
123
124
124
124
125
125
125
125
125
126
128
127
126
127
128
126
124
124
125
125
125
126
127
126
123
124
125
126
125
123
123
126
126
125
125
126
126
124
124
125
127
125
122
122
126
127
126
125
126
128
126
128
126
124
127
125
123
125
128
126
123
124
126
126
124
123
126
128
126
123
125
127
126
124
125
127
126
125
124
127
128
127
125
127
126
126
123
123
125
118
118
125
125
127
128
127
128
129
128
126
125
127
127
127
126
125
126
127
127
125
125
125
126
126
125
125
126
125
124
120
121
123
125
126
128
128
127
127
128
130
128
127
127
127
127
126
125
125
127
126
126
125
124
124
124
126
125
124
124
124
125
126
125
124
125
126
126
125
126
126
126
125
125
125
126
126
126
126
127
126
125
125
126
126
126
127
126
127
126
124
123
125
126
126
126
127
128
127
126
126
127
129
127
126
119
109
111
132
144
130
116
134
169
151
80
61
124
174
143
91
92
131
152
142
121
117
125
126
124
127
132
129
126
124
122
122
130
133
113
102
135
166
138
98
107
135
136
127
132
129
112
111
135
142
119
108
121
132
129
124
125
122
121
120
126
130
132
126
121
126
136
136
130
122
120
121
126
126
124
126
123
129
131
128
125
126
124
123
124
126
127
124
123
125
126
126
126
125
125
124
123
126
130
128
124
121
126
131
128
124
121
124
128
126
124
124
127
127
124
126
131
127
123
124
123
123
124
123
125
128
128
126
124
125
127
127
123
120
122
129
130
123
118
123
127
128
128
127
123
123
127
128
127
127
126
125
127
131
129
128
124
122
120
117
122
131
129
121
116
120
128
131
132
127
123
128
131
127
121
115
122
125
121
120
126
126
123
133
138
132
120
120
127
130
125
124
124
125
121
118
120
128
132
128
124
130
138
129
114
114
130
127
112
112
134
159
137
101
114
150
132
70
56
146
242
157
41
87
177
167
117
102
106
120
138
138
120
116
122
124
132
134
115
107
129
139
127
131
142
128
106
110
133
134
120
118
126
128
123
123
127
127
121
145
123
122
124
121
131
131
122
119
123
120
122
131
133
123
121
126
124
124
127
124
119
126
133
131
119
121
133
129
120
123
132
129
99
125
126
126
126
126
126
126
126
125
126
126
126
126
125
125
125
126
126
126
125
125
126
125
126
125
125
126
126
125
125
125
125
126
125
125
126
125
125
125
125
126
126
125
126
126
125
126
125
126
126
126
126
126
126
126
126
125
125
125
125
125
125
126
125
126
125
125
126
126
126
126
126
126
125
125
125
126
125
125
126
125
126
126
126
125
125
126
126
125
126
125
126
126
126
126
126
126
126
125
126
125
125
125
125
125
125
125
125
126
125
125
125
125
126
125
125
125
125
125
125
125
125
125
125
125
125
125
125
125
125
125
125
125
125
125
125
126
125
126
126
126
125
126
126
125
125
126
126
125
126
126
125
126
126
126
126
126
126
126
126
126
126
126
125
125
126
126
125
126
126
126
126
126
126
126
125
126
126
126
126
125
126
126
126
125
126
125
126
126
126
125
126
126
125
126
126
126
126
126
125
126
126
125
125
126
125
125
125
125
125
125
125
125
125
125
125
126
125
125
125
125
125
125
125
125
125
125
125
125
125
125
125
126
125
125
125
125
125
125
125
125
125
125
125
126
125
125
125
125
125
125
125
125
125
125
125
126
125
125
125
125
125
125
125
125
125
126
125
125
125
125
126
126
125
125
125
125
125
125
125
125
125
125
126
125
125
125
125
125
125
125
125
125
125
125
125
125
125
125
125
125
125
125
125
125
125
125
125
126
125
125
125
125
125
126
125
125
125
126
126
125
125
125
125
125
125
125
125
125
125
125
125
125
125
125
125
126
125
125
125
126
125
125
125
125
125
125
125
126
125
126
126
126
124
