127
124
123
122
127
134
77
125
126
125
125
125
126
125
126
125
125
125
125
125
125
125
125
125
125
125
125
125
125
125
125
125
125
125
125
125
125
125
125
125
125
125
125
125
125
125
125
126
125
125
125
125
125
125
125
125
125
125
125
125
125
125
125
125
125
125
125
125
125
125
125
125
125
125
125
125
125
125
125
125
125
125
125
125
125
125
125
125
125
125
125
125
125
125
125
125
125
125
125
125
125
125
125
125
125
125
125
125
125
125
125
125
125
125
125
125
125
125
125
125
125
125
125
125
125
125
125
125
125
125
125
125
125
125
125
125
125
125
125
125
125
125
125
125
125
125
125
125
125
125
125
125
125
125
125
126
125
125
125
125
125
125
125
125
125
125
125
125
125
125
125
125
125
125
125
125
125
125
125
125
125
125
125
125
125
125
125
125
125
125
125
125
125
125
125
125
125
125
125
125
125
125
125
125
125
125
125
125
125
125
125
125
125
125
125
125
125
125
125
125
125
125
125
125
125
125
125
125
125
125
125
125
125
125
125
125
125
125
125
125
125
125
125
125
125
125
125
125
125
125
125
125
125
125
125
125
125
125
125
125
125
125
125
125
125
125
125
125
125
125
125
125
125
125
125
125
125
125
125
125
125
125
125
125
125
125
125
125
125
125
125
125
125
125
125
125
125
125
125
125
125
125
125
125
125
125
125
125
126
125
125
125
125
125
126
126
126
126
125
125
125
125
125
126
125
125
125
125
125
125
125
125
125
125
125
125
125
125
125
125
125
125
125
126
125
125
125
125
125
126
125
125
125
125
125
125
125
125
125
125
125
125
125
125
125
125
125
125
125
125
125
125
125
125
125
125
125
125
125
125
126
125
125
125
125
125
125
125
125
125
125
125
125
125
125
125
125
125
125
125
125
125
125
125
125
125
125
125
125
125
125
125
125
125
125
125
125
125
125
125
125
125
125
125
125
125
125
125
125
125
125
125
125
125
125
125
125
125
125
125
125
125
125
125
125
125
125
125
125
125
125
126
125
125
125
125
125
125
125
125
125
125
125
125
125
125
125
125
125
125
125
125
125
125
125
125
125
125
125
125
125
125
125
125
125
125
125
125
125
125
125
125
125
125
125
125
125
125
125
125
125
125
125
125
125
125
125
125
125
125
125
125
125
125
125
125
125
125
125
125
125
125
125
126
126
125
125
125
125
125
125
125
125
125
125
125
125
125
125
125
125
125
125
125
125
125
125
125
125
125
125
125
125
125
125
125
125
125
125
125
125
125
125
125
125
125
125
125
125
125
125
125
125
126
125
125
125
125
125
125
125
125
125
125
125
125
125
125
125
125
126
127
127
126
125
122
122
126
130
128
118
111
117
135
143
127
114
132
147
131
96
73
122
212
194
56
29
157
205
116
71
119
146
142
130
113
118
136
132
103
109
150
164
128
93
73
100
164
196
141
67
82
161
162
103
111
148
137
94
87
124
178
211
158
1
34
163
255
240
41
48
165
255
163
24
68
159
148
116
153
144
85
88
135
139
132
139
119
98
115
137
127
120
135
140
120
106
113
127
134
138
135
121
110
117
134
137
120
111
124
138
132
122
126
133
124
107
104
123
150
158
131
95
101
146
158
108
67
112
191
195
116
48
63
140
190
167
116
97
108
122
141
151
122
92
105
136
139
127
131
138
130
120
122
126
122
120
126
129
124
122
128
130
123
118
124
133
135
130
124
121
122
126
128
126
122
123
126
129
129
125
122
122
126
127
125
124
125
128
129
129
129
127
124
122
124
125
124
124
123
125
128
127
125
125
129
131
128
124
125
127
123
119
126
132
126
120
126
130
122
118
123
128
129
127
124
124
128
130
128
124
124
126
126
123
123
125
125
126
126
126
125
125
126
128
126
125
124
126
127
126
125
124
123
123
125
127
127
127
127
128
127
125
123
124
121
125
129
127
124
124
125
127
128
127
125
124
126
128
127
125
125
126
126
126
124
122
124
127
126
123
123
126
126
123
125
127
129
126
123
125
128
127
124
123
125
126
127
125
123
125
129
129
125
123
125
127
127
125
124
125
126
126
125
123
122
122
127
131
128
124
119
124
127
126
126
129
129
125
124
127
129
126
124
123
122
123
127
127
125
123
122
125
127
125
123
125
129
126
122
122
126
128
128
126
125
125
127
127
125
124
127
128
125
123
125
127
125
123
124
125
126
124
124
124
126
126
125
124
124
126
127
127
127
126
124
124
125
126
126
126
125
124
125
127
127
125
124
124
126
126
124
124
126
127
127
125
122
121
123
129
131
125
124
127
125
121
122
127
129
125
122
124
127
127
125
124
127
128
126
125
126
127
126
123
123
125
126
126
126
124
122
123
125
128
127
125
124
125
126
127
127
126
126
125
125
126
125
124
123
125
127
127
125
125
126
126
125
126
128
125
123
124
126
126
126
126
124
122
124
126
127
125
125
125
125
123
124
126
127
126
126
125
125
126
125
124
123
125
127
126
124
125
125
126
126
124
124
125
126
125
125
126
126
125
124
125
126
127
126
125
125
126
126
126
126
126
125
124
124
125
125
126
126
126
125
125
125
125
125
125
125
124
125
125
126
126
125
125
127
126
125
125
125
126
125
126
125
125
125
126
126
125
125
125
124
124
124
125
126
125
126
126
126
126
126
127
126
125
125
125
126
126
125
125
125
128
124
124
124
125
125
127
128
126
125
125
126
125
126
126
125
124
124
125
126
126
126
125
125
125
126
126
126
126
125
124
125
125
125
126
126
126
125
126
126
126
126
126
126
126
126
125
124
125
125
125
125
125
125
125
126
126
126
126
127
127
126
125
124
126
127
126
121
120
125
127
127
127
126
126
127
128
126
124
125
127
127
124
123
124
126
126
125
124
125
126
126
125
124
125
125
125
125
126
125
125
125
125
126
125
124
125
124
124
124
126
126
125
125
125
126
128
127
126
125
125
125
126
126
127
126
125
126
125
125
126
125
124
125
125
124
125
126
126
125
124
125
125
126
126
125
125
127
127
125
124
124
126
125
123
123
125
126
127
126
123
124
126
128
126
125
125
127
127
125
125
124
125
125
125
125
126
127
126
125
125
125
125
125
125
125
125
127
127
125
123
125
126
126
125
124
124
126
127
126
124
124
126
126
125
125
125
126
126
125
124
125
126
127
126
128
129
125
128
126
124
120
123
125
125
126
126
123
121
125
129
127
123
125
128
126
122
124
128
126
124
125
127
127
124
122
124
125
127
128
124
122
124
128
128
125
126
126
123
123
126
124
122
125
126
126
127
128
126
123
124
127
126
125
124
125
125
125
125
126
125
124
124
125
126
126
125
126
126
128
126
125
126
126
125
125
125
125
125
126
126
124
125
126
126
125
126
126
126
124
124
124
125
124
125
126
124
124
124
126
126
125
131
101
124
124
126
128
130
129
128
128
126
125
126
128
127
126
124
125
124
124
125
124
125
126
127
126
126
125
125
126
126
126
125
125
126
126
127
96
95
133
124
131
132
131
133
133
132
130
126
126
126
126
126
126
126
127
127
128
128
128
125
123
122
125
127
128
129
120
126
125
125
124
129
129
130
128
125
125
126
127
128
126
124
126
127
126
125
123
123
125
126
127
127
127
126
125
124
125
124
126
127
127
126
126
125
124
123
124
125
125
126
127
126
125
125
125
127
126
125
124
124
125
126
125
126
126
126
126
126
125
125
124
124
125
126
127
126
125
125
125
126
126
126
126
127
126
125
124
123
125
125
124
124
125
125
126
125
125
125
125
127
125
125
126
126
126
126
126
127
125
124
124
125
126
125
124
124
127
127
126
126
126
126
124
124
125
126
126
76
126
126
125
126
126
126
125
126
126
125
126
125
126
125
126
126
125
125
125
126
126
125
126
126
125
126
125
126
125
126
126
125
126
126
126
125
125
126
126
126
126
126
125
125
126
125
126
126
126
126
126
126
126
126
126
126
126
126
125
125
126
126
126
126
126
126
126
126
125
126
125
125
125
126
126
126
126
125
126
126
126
126
126
125
125
126
126
126
126
126
126
126
125
125
125
125
125
125
126
125
126
125
126
125
125
125
126
126
126
126
125
126
125
125
126
126
126
125
125
125
125
125
125
125
125
125
125
125
125
125
125
125
125
125
125
125
125
125
125
125
125
125
125
125
125
125
125
125
125
125
125
125
125
125
125
125
125
125
125
125
125
125
125
125
125
125
125
125
125
125
125
125
125
125
125
125
125
125
125
125
125
125
125
125
125
125
125
125
125
125
125
125
125
125
125
125
125
125
125
126
124
125
125
126
125
125
125
125
125
126
125
125
126
126
126
126
126
126
125
125
125
126
125
125
125
125
125
125
125
125
126
126
126
125
126
125
126
125
125
126
126
126
126
126
125
126
126
125
125
125
125
125
125
125
125
125
125
125
125
126
125
126
125
125
125
125
125
125
125
125
125
125
126
126
125
125
125
125
125
126
126
125
125
125
125
125
125
125
125
125
125
125
125
125
125
125
125
125
125
125
125
125
125
126
125
125
125
125
125
125
125
125
125
125
125
125
125
125
126
126
125
125
125
125
125
125
125
125
125
125
125
125
125
125
125
125
125
126
126
125
125
125
125
126
125
125
125
125
125
125
125
125
125
127
