121
124
128
127
124
123
74
125
125
125
125
125
125
125
125
125
125
125
125
126
125
125
125
125
125
126
126
125
126
125
125
125
125
126
126
126
126
126
126
126
125
125
125
125
125
126
125
125
126
125
126
126
126
126
126
126
125
126
126
126
126
126
126
126
126
126
126
126
126
126
126
125
125
126
126
126
126
126
126
126
126
125
126
126
126
126
125
125
126
125
125
126
125
125
125
126
126
126
126
125
125
125
126
125
125
125
125
125
126
126
125
126
126
125
126
125
125
125
125
126
125
126
126
125
125
126
126
125
125
125
126
125
126
126
126
126
125
125
125
125
125
125
125
125
125
126
126
126
125
126
125
125
125
125
126
125
125
126
126
126
126
125
126
126
126
126
125
126
126
125
126
126
126
126
125
126
125
126
125
126
125
126
126
126
126
126
125
125
125
126
126
126
126
125
125
126
126
125
125
125
125
126
126
126
126
126
125
126
125
125
126
126
126
125
125
125
125
125
126
125
125
125
126
126
125
126
126
125
125
125
125
125
126
126
126
126
126
125
126
125
125
125
125
125
125
125
125
125
125
125
125
126
125
126
125
125
125
125
126
125
125
125
125
125
125
125
126
125
125
126
126
125
125
125
125
125
125
125
125
125
125
125
125
125
125
125
125
125
125
125
125
125
125
125
125
125
125
125
125
125
125
125
125
125
125
125
125
125
125
125
125
125
125
125
125
125
125
125
125
125
125
125
125
125
125
125
125
125
125
125
125
125
125
125
125
125
125
125
125
125
125
125
125
125
125
125
125
125
125
125
125
125
125
125
126
126
126
126
126
125
125
125
125
125
125
126
126
126
125
125
126
125
125
125
125
125
125
125
125
125
125
125
124
125
126
126
126
126
126
126
126
126
125
126
126
125
125
126
126
126
126
126
126
126
126
126
126
126
126
126
125
126
126
126
126
125
125
125
126
126
126
126
126
126
126
126
125
125
126
125
125
125
125
125
126
125
125
125
126
125
125
125
126
126
125
126
126
126
126
126
125
125
125
125
126
126
125
125
125
126
126
126
126
125
125
126
126
126
126
125
125
125
125
125
125
125
125
125
126
126
126
126
126
126
126
125
125
125
125
125
126
125
125
126
125
126
126
126
125
125
126
125
125
125
126
126
126
126
125
125
126
125
125
125
125
125
125
125
126
126
126
125
125
126
125
125
126
125
125
125
125
126
126
125
125
126
126
125
125
126
125
126
126
125
125
125
126
125
125
125
125
125
126
126
126
126
125
126
126
125
125
125
125
125
127
126
126
125
125
125
125
125
125
125
125
125
125
126
126
125
125
125
126
126
126
125
125
125
126
126
126
126
125
125
125
125
125
124
125
125
125
125
125
125
126
127
127
126
124
125
126
126
125
125
126
127
126
124
123
124
125
126
125
124
124
126
126
126
126
128
127
124
123
125
126
125
123
123
125
127
127
125
124
126
128
127
124
122
122
124
128
129
126
125
127
127
124
121
122
125
126
126
127
127
124
121
121
126
131
131
126
122
122
125
127
128
128
125
122
122
124
126
126
125
125
126
126
126
124
123
122
124
127
129
128
125
123
124
126
127
126
124
121
120
127
145
150
116
76
88
148
177
148
113
97
97
132
177
152
67
42
140
243
191
42
34
139
170
140
138
130
108
111
134
135
123
122
111
103
136
166
131
84
109
162
156
117
96
97
136
172
141
87
90
132
152
138
114
109
129
141
133
122
121
122
122
124
125
122
123
130
132
127
123
124
126
125
121
118
124
137
130
108
126
166
136
71
68
158
252
176
30
80
255
255
97
124
86
255
216
3
32
255
255
155
145
255
255
52
157
186
255
101
31
129
157
119
95
109
141
163
119
83
117
138
111
100
123
141
136
123
123
130
117
98
113
145
145
118
106
119
138
137
118
107
116
131
137
135
127
121
122
122
119
120
125
127
121
118
125
134
134
133
135
127
105
103
130
141
131
124
125
134
137
114
101
127
149
137
117
111
110
114
134
149
132
112
122
135
123
113
131
145
123
102
118
137
135
129
129
123
111
110
125
144
150
136
114
108
119
128
127
126
127
126
128
132
128
121
120
124
125
129
133
127
115
108
120
143
149
135
123
119
113
118
135
140
131
120
113
112
123
134
133
124
120
121
128
137
136
123
115
121
131
134
128
120
117
123
135
142
131
113
109
125
133
128
127
131
128
119
117
124
131
130
127
122
117
114
122
137
143
133
122
119
119
122
133
139
128
117
117
124
128
126
122
119
123
130
130
127
127
130
128
123
125
128
126
123
122
122
126
127
125
127
128
125
123
125
123
123
131
132
123
118
123
128
127
125
125
124
124
129
133
131
124
122
123
125
126
125
125
125
123
125
129
129
122
122
128
124
116
121
133
131
122
122
130
133
128
124
123
122
126
127
123
121
126
129
129
126
123
124
126
126
125
128
130
126
122
122
125
127
127
127
128
126
123
122
123
122
124
130
130
125
124
126
126
126
126
126
125
126
126
125
125
124
124
125
126
126
125
130
128
125
123
125
126
126
125
124
124
124
125
125
126
128
128
124
122
124
126
127
126
127
127
125
124
124
125
125
125
125
124
124
126
128
129
125
125
126
126
126
125
124
125
126
126
124
123
124
125
126
125
126
125
126
124
125
126
126
125
123
124
127
127
126
125
126
127
127
127
126
124
123
125
127
126
124
124
126
126
125
125
125
125
125
127
127
125
124
125
125
125
125
124
124
125
126
127
125
124
125
128
127
125
125
125
125
123
122
125
126
127
125
127
128
127
125
125
125
125
125
124
124
124
125
125
125
126
125
125
126
126
125
125
125
124
125
127
126
124
124
125
124
124
125
125
126
127
127
126
124
124
125
126
127
126
125
124
124
125
126
125
124
126
127
125
124
123
125
126
127
127
125
124
125
126
125
126
126
124
124
126
126
124
123
126
127
125
123
124
126
127
126
125
124
125
126
126
125
126
127
126
125
124
126
126
126
126
125
123
124
126
126
125
124
126
126
126
125
125
124
125
126
127
125
124
124
125
125
125
124
124
124
125
124
125
127
127
126
124
125
127
127
127
125
124
125
125
126
125
128
122
83
131
126
130
129
128
128
129
129
128
127
126
125
126
127
126
126
126
125
125
126
126
121
98
125
126
129
131
131
130
129
131
131
129
126
125
126
127
128
127
126
126
127
128
126
126
127
127
126
126
127
127
126
124
123
126
128
127
124
124
127
127
125
125
126
124
120
124
127
127
129
129
126
126
127
127
128
127
124
124
126
127
126
123
124
126
127
126
124
123
126
127
126
126
126
128
126
124
125
126
125
122
123
125
126
125
125
126
126
126
126
125
126
126
127
127
126
126
124
123
125
126
125
124
123
125
127
129
128
125
123
124
126
126
126
125
124
125
125
126
126
126
126
125
125
125
125
126
126
125
125
126
126
126
125
125
126
126
124
125
125
126
126
126
126
126
125
126
126
125
124
125
127
126
124
124
125
126
126
126
125
125
125
127
128
127
126
123
123
125
125
125
124
124
125
126
127
128
128
127
126
126
126
126
125
124
123
124
126
126
127
127
126
127
134
127
125
125
122
122
123
124
125
125
126
125
125
125
125
125
125
125
126
127
126
126
126
125
126
123
123
125
126
126
126
126
133
128
126
125
124
122
123
122
123
124
124
125
126
126
127
127
126
126
125
126
126
125
124
125
125
125
126
126
126
125
125
125
126
127
124
123
125
126
126
126
125
124
126
126
126
124
123
126
126
125
125
124
124
126
123
123
125
126
125
126
125
125
125
126
126
126
125
124
124
126
126
125
124
125
124
126
126
126
125
125
124
123
125
126
126
125
75
125
125
125
125
125
125
125
125
125
125
125
125
125
125
125
125
125
125
125
125
125
125
125
125
125
125
125
125
125
125
125
125
125
125
125
125
125
125
125
125
125
125
125
125
125
125
125
125
126
125
125
125
125
125
126
126
126
126
126
126
126
126
126
126
126
126
126
126
126
126
125
125
126
126
126
126
126
126
126
126
126
126
126
126
126
126
126
126
126
126
126
126
126
126
125
126
126
126
126
126
126
126
126
126
126
126
126
126
126
126
126
126
126
126
126
126
125
125
126
126
126
126
126
126
126
126
126
126
125
126
125
126
125
125
126
126
125
125
125
126
125
126
125
126
126
126
125
125
126
126
126
126
126
126
126
126
126
125
126
126
126
126
126
125
125
126
126
125
126
125
126
126
126
125
125
126
126
126
126
126
125
125
126
126
126
125
125
126
126
126
125
125
126
126
126
126
126
125
125
126
125
126
126
125
125
126
126
125
125
126
126
126
126
126
126
125
125
126
126
126
126
125
125
125
126
126
126
125
125
125
126
126
126
126
126
126
125
126
125
126
125
126
126
125
126
125
125
125
126
125
126
126
126
126
126
125
126
125
126
126
125
125
126
125
126
126
126
126
126
126
125
125
125
125
125
125
125
125
125
125
125
125
125
125
126
125
125
126
126
125
126
126
126
125
125
125
125
125
125
125
125
126
125
125
125
125
125
125
125
125
125
125
125
125
125
125
125
125
125
125
125
125
125
125
125
125
125
125
125
125
125
125
125
125
125
125
125
125
125
125
125
125
125
125
125
125
125
125
125
125
125
125
125
123
