124
125
125
125
125
125
52
125
126
125
125
125
125
126
126
125
125
125
125
125
126
126
125
125
125
125
126
125
125
126
125
125
125
126
126
125
125
125
125
125
126
125
125
125
125
125
125
125
125
125
125
125
125
125
125
125
125
125
125
126
125
125
125
125
125
125
125
125
125
125
125
125
125
125
125
125
125
125
125
125
125
125
125
125
125
126
125
126
126
125
125
125
125
125
125
125
125
125
125
126
126
125
125
125
125
126
125
125
125
125
125
125
125
125
125
125
125
125
126
126
125
125
125
125
125
125
125
125
125
125
125
125
125
125
125
125
125
125
125
125
125
125
125
125
125
125
125
125
125
125
125
125
125
125
125
125
125
125
125
125
125
125
125
125
125
125
125
125
125
125
125
125
125
125
125
125
125
125
125
125
125
125
125
125
125
125
125
125
125
125
125
125
125
125
125
125
125
125
125
125
125
125
125
125
125
125
125
125
125
125
125
125
125
125
125
125
125
125
125
125
125
125
125
125
125
125
125
125
125
125
125
125
125
125
125
125
125
125
125
125
125
125
125
125
125
125
125
125
125
125
125
125
125
125
125
125
125
125
125
125
125
125
125
125
125
125
125
125
125
125
125
125
125
125
125
125
125
125
125
125
125
125
125
125
125
125
125
125
125
125
125
125
125
125
125
125
126
125
125
125
125
125
125
125
126
126
126
125
125
124
125
126
126
125
124
125
126
125
124
124
125
126
126
125
124
124
125
126
126
125
125
124
125
125
125
125
125
125
125
127
127
127
126
124
122
123
125
126
125
125
124
124
124
125
127
128
126
123
122
124
126
125
124
126
127
127
126
125
126
126
124
123
125
126
127
126
124
123
124
124
123
126
129
128
126
126
123
122
124
128
127
122
121
126
129
129
125
124
125
124
122
122
126
129
128
124
122
125
127
126
123
123
125
126
126
124
124
124
126
128
128
126
125
124
124
125
126
126
124
123
125
126
126
126
126
125
123
123
125
126
127
126
125
124
124
124
124
124
126
125
126
126
125
125
125
125
125
125
127
127
126
126
127
125
123
124
125
124
125
128
128
125
124
124
126
125
124
126
130
129
124
122
124
125
127
123
121
133
132
117
123
136
126
119
128
125
123
131
128
115
126
136
120
114
130
132
126
124
123
129
126
124
128
124
130
126
109
123
131
136
139
122
118
121
111
123
132
125
115
123
140
142
131
120
119
124
127
122
123
125
124
123
119
113
121
141
144
129
119
121
125
127
129
125
118
120
123
126
128
124
122
126
131
131
129
129
127
122
118
120
124
126
125
125
126
126
125
126
127
127
127
126
122
120
124
130
130
127
123
122
124
127
126
123
124
128
129
126
123
124
128
129
128
125
121
119
122
126
127
127
127
128
128
128
126
123
122
122
124
126
127
127
126
126
125
124
123
123
124
126
128
128
127
126
127
127
125
124
125
126
125
124
125
126
125
124
123
124
126
127
126
124
125
126
126
126
126
127
126
126
125
125
126
126
125
124
125
125
124
124
125
126
127
127
126
125
125
126
126
124
123
125
127
126
125
125
124
125
125
126
125
125
126
126
126
126
126
126
125
125
126
126
126
125
125
125
125
125
125
125
126
126
126
125
125
125
125
125
125
125
125
125
125
125
126
126
126
126
126
125
125
125
125
125
125
125
125
125
125
125
125
125
125
125
125
125
125
126
126
126
126
126
126
125
125
125
125
125
125
125
125
125
125
125
125
125
125
125
125
125
125
126
125
125
125
125
125
125
125
125
125
125
126
126
125
125
125
125
125
125
125
125
125
125
125
125
125
125
125
126
126
125
125
125
126
126
126
125
125
125
125
125
125
125
125
125
125
126
126
126
126
125
125
125
125
125
125
125
125
125
125
125
125
125
125
125
125
125
125
125
125
125
125
125
125
125
125
125
125
125
126
125
124
125
126
125
126
126
126
125
125
125
125
125
125
126
126
126
126
126
125
125
125
125
125
125
125
126
126
126
126
125
125
125
126
126
126
126
126
126
126
126
126
126
126
126
126
126
125
125
126
126
126
126
125
125
126
126
125
125
126
126
126
125
126
126
125
125
124
125
125
125
125
127
126
126
126
126
125
125
126
126
125
125
126
126
125
125
126
125
125
125
125
125
125
125
126
125
125
126
126
125
125
126
125
125
125
126
125
125
126
126
125
126
126
126
125
125
126
126
125
125
125
126
126
125
125
125
126
125
125
125
126
125
126
126
126
126
126
125
124
126
126
125
126
127
126
125
126
126
125
125
125
126
126
125
125
125
126
126
125
125
126
125
125
125
126
126
125
125
126
125
125
125
124
125
125
126
125
126
125
125
125
126
126
125
125
126
126
125
125
125
126
125
125
124
125
125
125
125
126
126
125
126
126
126
126
126
125
125
125
125
126
126
126
126
125
126
129
126
125
125
125
125
125
125
124
124
125
125
125
125
125
125
125
125
125
125
126
125
125
126
125
125
125
125
125
125
125
125
126
125
125
125
125
125
125
125
125
125
125
125
125
125
125
126
125
125
125
125
125
125
126
125
125
125
125
126
126
126
125
124
124
126
126
125
124
125
126
125
125
125
125
125
125
126
126
125
125
125
125
125
125
126
125
125
125
126
126
124
124
126
127
125
122
124
127
127
124
122
124
127
127
125
125
124
125
126
126
125
124
125
126
126
124
124
126
126
125
124
125
126
125
125
125
125
125
125
125
125
125
125
125
125
125
125
125
125
125
126
126
125
126
125
124
126
126
125
124
123
124
131
130
118
119
134
133
121
121
119
115
132
152
122
92
126
156
125
101
132
146
112
104
139
145
109
103
142
152
116
96
124
152
137
102
105
141
146
122
96
119
152
140
107
109
139
142
118
111
124
131
132
133
122
111
123
138
128
106
119
136
132
119
121
131
134
128
124
125
127
127
126
125
125
127
127
125
125
128
127
125
125
128
127
122
123
127
127
125
125
126
126
125
126
127
126
125
126
125
123
124
127
128
121
124
126
126
126
127
128
127
126
127
128
126
124
125
127
127
125
124
125
126
126
126
125
125
125
124
125
126
127
126
125
124
125
125
126
126
126
126
125
125
125
125
125
126
125
125
126
126
126
125
124
125
127
126
126
125
125
125
125
125
126
126
126
126
125
126
126
126
125
126
126
126
125
126
126
125
126
125
126
126
126
126
126
125
125
125
125
126
125
125
126
126
125
125
125
126
126
125
125
125
127
127
125
124
126
126
126
124
124
125
127
125
125
125
127
127
125
125
126
127
126
126
125
125
125
125
126
127
127
125
125
126
126
127
127
125
124
125
127
127
125
123
125
126
127
125
124
126
127
128
132
125
125
126
125
124
125
124
123
124
126
126
125
123
125
126
126
126
125
125
126
125
125
126
127
130
128
125
125
126
123
121
124
126
126
125
126
126
126
124
123
124
126
125
125
125
126
127
126
125
126
126
125
124
124
126
127
126
125
125
125
126
126
125
125
125
126
126
125
125
124
125
126
126
126
126
125
125
125
126
127
125
124
125
126
125
125
127
126
123
124
128
127
123
122
125
128
126
123
126
127
125
122
124
127
127
124
125
128
128
125
122
123
127
127
123
124
126
130
126
122
124
126
126
126
125
125
125
126
126
126
125
126
124
125
125
125
124
125
125
125
126
126
125
125
125
126
131
163
106
124
122
124
127
125
124
125
128
125
122
122
124
124
124
123
125
125
125
125
126
128
126
123
86
90
132
124
132
135
132
132
130
129
129
128
127
126
128
128
126
127
127
127
127
126
127
127
126
127
126
126
126
127
126
125
125
126
127
127
126
125
126
127
126
126
119
112
126
126
127
130
130
129
51
126
126
126
126
126
126
126
126
126
126
126
126
126
125
126
126
126
126
126
126
126
126
126
126
126
126
126
126
125
125
125
126
126
126
126
125
126
125
125
125
125
126
126
126
125
125
125
125
125
125
126
126
125
125
126
126
126
126
126
125
126
125
126
126
126
126
126
126
125
126
126
125
125
125
126
126
126
126
126
125
126
126
126
126
126
125
125
126
126
126
126
125
126
125
126
126
126
125
126
125
126
125
126
125
126
126
126
126
125
126
126
125
125
126
126
126
126
126
126
125
125
125
126
126
126
125
125
125
126
125
125
125
126
125
125
126
125
126
125
125
125
125
126
126
125
126
126
125
126
126
125
125
126
126
126
125
126
126
126
126
125
126
125
125
125
126
125
125
126
125
125
126
125
125
125
126
126
126
126
125
125
125
125
125
125
125
125
125
125
126
125
125
125
125
125
125
125
125
125
125
125
125
125
125
125
125
125
125
126
125
125
125
125
125
125
125
125
126
126
125
125
125
125
125
125
125
125
125
125
125
125
125
125
125
125
125
125
125
125
125
125
125
125
125
125
125
125
125
125
125
125
125
125
125
125
125
125
125
125
125
125
125
125
125
125
125
125
125
125
125
125
125
125
125
125
125
125
125
125
125
125
125
125
125
125
126
125
125
125
125
125
125
125
125
126
126
125
125
125
125
126
126
125
125
126
127
125
124
123
124
126
126
124
124
125
126
127
127
127
127
126
125
125
125
126
126
125
123
124
128
129
129
126
124
123
126
127
125
122
124
128
128
124
122
122
123
127
132
131
124
121
124
128
126
