127
127
126
124
126
128
91
125
126
125
126
125
125
125
125
125
125
125
125
125
125
125
125
125
125
125
125
125
125
125
125
125
125
125
125
125
125
125
125
125
125
125
125
125
125
125
125
125
125
125
125
125
125
125
125
125
125
125
125
125
125
125
125
125
125
125
125
125
125
125
126
125
125
125
125
125
125
125
125
125
126
125
125
125
126
125
126
126
126
126
126
126
126
126
126
125
126
126
126
126
126
126
126
126
125
125
126
125
126
125
126
125
126
125
125
125
125
125
126
126
125
125
125
125
126
125
126
126
125
125
125
126
125
125
126
126
126
125
126
126
126
126
125
126
126
125
126
125
125
125
125
125
125
126
125
125
126
125
125
125
126
125
125
125
125
125
125
125
125
125
125
125
125
126
125
125
125
125
125
125
125
125
125
125
125
126
125
125
125
125
126
125
125
125
125
125
125
125
125
125
125
125
125
125
125
125
125
125
125
125
126
125
125
125
125
125
125
125
125
125
125
125
125
125
125
125
126
125
125
125
125
125
126
125
125
125
126
125
125
125
125
125
125
125
125
125
125
125
125
125
125
125
125
125
126
126
125
125
125
125
125
125
125
125
125
125
125
125
125
125
126
125
126
125
125
126
125
126
125
125
125
125
125
125
125
125
126
125
125
126
125
125
125
125
125
125
126
125
125
125
125
125
125
125
125
125
125
125
125
125
125
125
125
125
125
125
125
125
125
125
125
125
125
125
125
125
125
125
125
125
125
125
125
125
125
125
125
125
125
125
125
125
125
125
125
125
125
125
125
126
125
125
125
125
125
125
125
125
125
125
125
125
125
125
126
124
125
125
125
125
126
126
126
125
125
126
125
125
126
126
126
126
125
125
126
125
126
125
125
125
126
125
125
125
126
126
125
125
125
125
125
125
126
125
125
125
126
125
125
125
125
126
125
125
125
126
125
125
125
125
125
126
125
126
126
125
125
125
125
126
126
125
125
125
126
125
125
125
125
125
125
126
125
125
126
125
126
125
125
125
125
125
125
125
125
125
125
125
125
125
125
125
125
125
125
125
125
125
125
125
126
125
125
125
125
125
125
125
125
125
125
125
125
125
125
125
125
125
125
125
126
125
125
125
125
125
125
125
125
125
125
126
125
126
125
125
125
125
125
126
125
125
125
125
125
125
125
125
125
125
125
125
125
125
125
125
125
125
125
125
125
125
125
126
125
126
125
125
125
125
125
125
126
125
125
125
125
125
125
125
125
125
125
125
125
125
126
125
125
125
125
125
125
125
125
125
125
125
125
125
125
125
125
125
125
125
125
125
126
126
126
126
125
125
125
125
125
125
125
125
125
125
125
125
125
125
125
125
125
125
125
125
125
125
125
125
125
125
125
125
125
125
125
125
125
125
125
126
125
125
125
125
125
125
125
125
125
125
125
126
125
125
125
125
126
125
125
125
125
125
125
125
125
125
125
126
125
125
125
126
126
125
125
125
125
125
125
125
125
125
125
126
125
124
125
126
126
126
126
126
125
125
126
125
125
126
126
126
126
125
126
125
126
125
126
125
125
126
126
126
126
125
125
125
126
125
126
126
126
125
125
126
126
126
126
126
126
125
126
126
126
125
126
126
125
125
125
125
126
126
126
126
126
126
126
125
126
126
125
125
126
126
125
125
126
126
126
126
126
125
125
126
126
125
125
125
125
125
125
125
125
125
126
126
126
126
126
126
126
126
125
125
125
125
125
125
125
125
125
125
125
125
126
126
125
126
126
126
125
125
125
125
125
125
125
125
126
126
125
125
126
125
125
125
125
125
125
125
125
125
125
125
125
125
125
126
126
125
125
125
125
126
126
126
126
126
125
126
125
125
125
125
126
125
125
125
126
125
125
126
126
125
125
125
125
125
126
126
125
125
125
126
125
126
126
125
125
126
126
125
125
125
126
126
125
125
125
125
126
126
125
125
125
126
125
125
125
125
125
125
126
125
125
125
126
125
125
127
126
125
126
125
124
124
125
125
126
125
125
125
125
125
125
125
125
126
126
125
125
126
125
125
126
125
124
125
126
125
125
126
126
125
124
125
126
125
125
126
126
126
122
125
125
125
125
127
126
125
126
127
126
124
126
126
126
125
126
126
125
125
126
126
125
125
126
126
125
125
126
126
125
125
126
126
125
125
126
126
125
126
126
125
125
125
126
126
125
125
126
126
125
126
126
126
125
126
127
125
125
125
126
126
125
125
126
125
123
124
126
127
126
127
127
126
125
126
126
125
125
125
126
126
125
124
126
126
126
126
126
125
125
125
125
125
125
125
126
126
125
125
125
126
125
125
125
125
125
125
125
126
125
125
125
125
126
125
125
126
125
125
125
125
125
125
125
125
125
126
126
125
125
125
125
125
125
126
126
125
125
125
126
126
125
125
126
126
126
125
126
125
125
125
125
125
125
125
125
125
125
125
125
125
126
125
125
125
125
125
125
125
125
125
126
125
125
125
126
126
125
125
126
126
125
125
125
125
125
125
125
125
126
126
125
125
126
125
126
126
125
125
126
125
125
125
125
126
125
125
126
126
126
125
124
125
127
128
126
125
126
127
128
125
122
122
126
128
127
124
122
123
125
126
124
123
124
126
126
125
124
125
127
127
126
125
126
126
127
126
125
126
126
126
124
122
123
125
126
127
127
127
127
124
121
122
126
126
124
124
124
124
127
126
126
124
124
125
126
127
126
126
126
126
126
126
125
124
129
119
122
124
126
124
125
125
125
125
125
125
125
125
126
128
128
128
127
127
127
126
126
125
124
125
124
124
125
126
126
126
126
126
125
124
124
125
127
128
126
124
123
125
128
129
126
124
123
126
125
125
124
125
125
125
125
126
127
126
125
127
129
128
127
126
124
120
123
125
124
123
125
127
126
127
126
126
127
127
127
127
127
127
125
125
124
123
124
125
125
125
125
124
125
125
123
123
122
120
123
135
141
132
121
126
135
134
128
122
117
115
119
125
121
114
120
132
134
127
124
124
126
126
126
125
124
124
124
125
124
122
126
132
129
124
127
131
130
129
120
112
125
139
130
117
119
128
131
129
122
121
126
127
121
118
127
132
126
121
125
131
131
124
117
122
133
133
127
120
116
123
131
129
124
125
127
126
121
122
128
128
123
123
127
125
122
124
128
127
125
126
128
127
127
127
126
125
125
127
126
121
121
126
130
129
125
124
126
127
125
125
129
128
122
123
135
139
127
106
100
116
128
122
119
130
131
119
120
133
137
131
132
137
138
142
143
134
124
114
93
83
107
141
145
121
107
115
138
134
126
125
126
128
99
113
130
122
124
135
135
127
119
120
129
131
125
122
124
128
133
136
133
126
122
123
125
125
124
123
125
127
128
128
126
126
129
130
122
118
124
128
128
127
127
126
126
128
129
128
127
129
129
125
116
112
121
137
140
129
123
134
137
113
92
107
135
146
139
122
112
116
126
138
144
130
109
118
141
143
118
97
114
135
126
111
122
138
134
123
123
126
123
126
136
139
132
122
114
121
134
133
122
113
112
120
129
130
127
131
135
129
119
124
132
126
113
110
118
126
135
139
132
123
121
123
125
128
128
123
122
126
129
126
123
121
120
124
133
134
129
124
122
124
126
125
125
124
123
125
128
128
126
124
123
123
125
128
129
131
130
120
114
121
129
130
124
118
122
129
133
128
122
124
132
131
120
116
123
129
129
127
127
123
123
129
132
128
121
121
126
127
128
127
122
121
122
119
120
133
140
132
122
119
123
128
129
124
120
121
125
127
130
130
127
124
120
119
129
91
105
133
131
129
129
129
128
132
129
130
130
129
124
124
125
124
123
125
124
125
92
125
125
125
125
125
125
125
125
125
125
125
125
125
125
125
125
125
125
125
125
125
125
125
125
125
125
125
125
125
125
125
125
125
125
125
125
125
125
125
125
125
125
125
125
125
125
125
125
125
125
125
125
125
126
125
125
125
125
125
125
125
125
125
125
125
125
126
125
125
126
125
125
126
125
125
125
125
125
125
125
125
125
125
125
125
125
125
125
126
125
125
125
125
125
125
125
125
125
125
125
125
125
125
125
125
125
125
125
125
125
125
125
125
125
125
125
125
125
125
125
125
125
125
125
125
125
125
125
125
125
125
125
125
125
125
125
125
125
125
125
125
125
125
125
125
125
125
125
125
125
125
125
125
125
125
125
125
125
125
126
125
125
125
125
126
126
125
125
125
126
125
126
126
125
125
125
125
125
125
125
125
125
125
126
125
125
125
126
126
126
125
125
125
125
125
125
125
125
125
125
126
126
125
125
125
125
126
125
125
125
125
125
126
125
125
125
125
125
125
125
125
125
125
125
125
125
125
125
125
125
125
125
126
126
125
126
125
125
125
125
125
125
125
125
125
125
125
125
125
125
125
125
125
125
125
125
125
125
125
125
125
125
125
125
125
125
125
125
125
125
125
125
125
125
125
125
125
125
125
125
125
125
125
125
125
125
125
125
125
126
125
125
125
125
125
125
125
125
125
125
125
125
125
126
125
125
125
125
125
126
125
125
125
125
125
125
125
125
125
125
125
126
125
125
125
125
125
125
125
125
125
125
125
125
125
125
125
125
125
125
125
125
125
125
125
125
125
125
125
125
125
125
125
125
