125
126
126
127
127
127
66
125
125
125
125
125
125
125
125
125
125
125
125
125
125
125
125
125
126
125
125
125
125
125
125
125
125
125
125
125
125
125
125
125
125
125
125
125
125
125
125
125
125
125
125
125
125
125
125
125
125
125
125
125
125
125
123
127
125
125
125
125
125
125
126
126
126
126
126
126
126
125
125
125
125
125
125
126
125
126
125
125
126
125
125
125
126
125
125
125
125
125
126
125
126
126
125
125
125
126
125
125
125
125
125
126
125
125
125
125
126
126
125
126
125
126
126
126
126
125
125
125
125
125
125
125
126
126
126
126
126
126
126
126
126
126
125
125
125
125
125
126
125
125
125
126
125
126
125
125
125
125
125
126
126
126
125
125
126
125
125
126
125
125
125
125
125
125
125
126
126
125
126
126
126
126
125
126
126
126
125
125
126
125
126
126
125
126
125
126
126
126
125
125
125
126
126
126
126
126
125
126
125
126
126
125
126
126
125
126
125
126
126
126
126
126
125
125
125
125
126
125
126
125
126
126
126
126
125
125
125
126
126
125
125
125
126
126
126
126
125
126
125
126
126
126
125
125
125
125
126
126
125
125
125
126
126
126
126
126
126
126
126
125
125
125
125
126
126
126
125
126
126
125
126
126
126
125
125
125
125
125
125
125
125
125
125
126
125
126
126
125
125
125
125
126
125
126
125
125
125
125
125
125
125
125
125
126
126
125
125
125
125
125
125
125
125
125
125
125
125
125
125
125
125
125
125
126
125
125
125
125
125
125
125
125
125
125
125
125
125
125
125
126
126
125
125
125
125
125
125
125
125
125
125
125
125
125
125
125
125
125
125
125
125
125
125
125
125
125
125
125
125
125
125
125
125
125
125
125
125
125
125
125
125
125
125
125
125
125
125
125
125
125
125
125
125
125
125
125
125
125
125
125
125
125
125
125
125
125
125
125
125
125
125
125
125
125
125
125
125
126
124
125
125
125
125
126
126
126
125
125
125
125
126
125
126
126
126
126
125
125
126
125
125
125
125
126
125
125
125
126
125
126
125
125
125
125
126
126
126
126
126
126
126
125
125
125
125
126
126
125
125
125
126
126
126
125
125
125
126
125
125
125
125
125
125
125
125
125
125
125
126
126
126
126
126
126
126
126
125
125
125
125
125
125
126
126
125
125
125
125
125
126
125
125
125
125
125
125
125
125
125
125
125
125
126
126
125
125
125
125
126
125
125
125
125
125
125
125
125
125
125
125
125
125
125
126
126
125
125
125
126
126
125
125
125
125
125
125
125
125
125
125
125
126
125
125
125
125
125
125
126
126
125
125
125
125
125
126
125
125
125
125
125
125
125
125
125
125
125
125
126
126
125
125
125
126
126
125
125
125
126
126
125
125
125
125
126
125
126
126
126
127
126
125
125
125
125
125
125
125
125
126
126
126
125
126
126
126
125
125
125
125
126
126
126
125
126
128
126
126
125
125
125
125
125
125
126
126
125
124
125
126
125
125
125
127
127
125
124
123
123
122
123
125
129
131
129
128
127
125
122
121
122
126
125
123
124
128
130
131
130
121
108
106
123
147
152
134
115
109
115
123
126
127
131
131
126
131
141
126
102
111
136
123
104
134
157
133
108
114
137
130
105
121
156
136
91
101
148
154
117
101
122
140
138
127
112
107
123
141
141
125
124
132
123
107
111
132
153
153
120
63
41
121
245
255
93
31
78
242
234
80
1
90
191
171
104
95
129
151
149
135
116
108
115
122
122
125
131
128
120
119
128
132
129
126
124
125
129
130
126
122
123
126
127
126
125
126
126
126
124
123
126
129
127
123
124
127
126
125
126
128
127
125
125
125
125
125
126
125
126
127
126
124
124
125
124
126
127
126
125
126
126
125
125
126
126
126
125
125
126
127
127
127
126
126
125
125
125
124
123
123
125
127
129
129
128
129
126
120
116
121
130
131
124
122
130
137
130
116
113
120
128
133
133
127
122
129
139
135
119
112
117
123
126
126
126
123
122
124
125
127
131
132
124
117
121
131
134
127
123
125
125
124
127
130
129
125
123
122
123
127
130
126
120
119
124
128
128
128
126
124
124
127
128
126
125
126
127
127
126
123
122
124
126
126
125
124
126
129
129
124
121
123
128
129
126
122
122
126
130
128
123
122
124
126
127
128
128
126
126
130
128
120
111
110
125
149
158
138
108
95
105
122
144
146
129
114
114
123
133
136
134
125
115
115
123
129
131
129
125
122
123
126
128
126
125
127
126
124
125
128
126
123
124
127
126
123
124
125
123
122
129
135
126
118
119
126
130
127
123
123
128
131
125
118
122
127
127
130
130
121
118
125
128
125
127
131
129
118
117
131
138
126
113
117
127
128
124
125
126
126
126
127
127
126
126
122
119
123
129
131
125
122
126
128
123
119
125
130
128
125
124
125
125
126
125
122
124
128
130
127
121
119
124
129
129
126
127
127
122
119
123
129
132
126
118
118
126
132
131
127
123
119
121
129
133
128
121
121
124
125
124
125
126
126
126
125
124
125
127
126
123
124
128
128
123
118
122
129
133
128
122
123
127
128
125
122
123
125
126
124
123
124
124
124
127
129
127
122
122
126
131
130
123
120
123
130
132
124
117
119
125
136
134
121
117
120
125
129
130
125
120
123
127
128
125
123
123
126
129
128
125
124
126
128
128
126
124
124
126
128
126
123
122
123
124
127
131
129
123
122
126
127
125
124
125
124
125
130
126
118
120
129
131
124
129
136
125
110
123
140
131
116
121
131
128
117
111
119
133
141
136
120
111
120
135
140
132
118
109
115
129
139
136
128
122
120
122
125
127
126
124
125
126
124
123
122
124
126
127
126
125
125
126
126
126
125
124
125
125
127
127
127
125
123
123
125
127
127
125
124
125
127
125
123
126
128
126
123
124
128
127
124
123
122
125
130
125
121
126
130
128
123
122
128
129
123
122
125
126
125
128
128
122
122
126
125
123
126
128
128
126
123
123
126
128
127
124
123
123
123
124
125
127
129
128
125
129
124
123
122
123
124
124
125
127
129
130
129
128
125
123
123
124
125
126
125
123
123
124
125
126
127
128
128
127
125
124
124
124
125
125
126
127
126
125
124
128
126
125
127
127
125
124
124
124
124
126
126
126
124
123
124
124
125
125
127
128
127
124
124
126
127
127
125
124
124
125
125
126
125
125
123
123
124
125
126
127
127
127
127
126
126
125
126
125
123
124
126
126
124
124
127
128
127
125
125
124
125
126
125
123
122
123
125
126
126
125
124
124
125
126
127
128
128
128
126
124
124
124
125
126
125
124
124
125
127
128
127
126
126
125
125
124
125
124
123
124
125
125
125
124
123
126
126
125
126
126
127
125
124
126
126
125
124
124
125
126
126
126
125
124
125
125
126
125
124
124
126
126
127
126
126
125
125
126
127
124
123
123
125
126
126
126
126
125
125
126
125
124
125
126
126
125
124
125
125
127
126
125
125
126
125
126
125
125
126
125
125
126
124
124
126
126
126
125
124
125
125
125
124
135
138
111
126
123
124
127
127
125
124
125
125
125
126
125
125
125
125
125
125
125
126
126
126
125
124
124
115
75
132
124
131
130
133
132
131
130
129
127
127
128
126
125
125
127
128
127
125
125
125
127
127
126
126
127
129
128
127
125
126
127
127
125
124
124
126
127
126
116
120
124
128
128
131
131
129
127
127
126
127
126
126
126
125
125
126
129
125
124
125
125
125
126
125
124
125
125
128
130
127
124
122
122
123
127
129
127
122
122
125
126
126
126
125
126
125
126
127
125
123
123
124
124
125
124
122
123
126
128
128
128
129
128
128
129
126
67
125
125
125
125
125
125
125
125
126
125
125
125
125
125
125
125
125
125
125
125
125
125
125
125
125
125
125
125
125
125
125
125
125
125
125
125
125
125
125
125
125
125
125
125
125
125
125
125
125
125
125
125
125
125
126
125
125
126
125
126
126
125
126
126
126
125
126
126
126
126
126
126
126
125
126
125
126
126
126
126
126
126
125
125
126
126
126
126
125
126
125
126
125
125
125
126
126
125
126
125
126
126
126
126
126
125
126
126
126
125
125
126
126
125
126
126
125
126
125
125
125
125
125
126
125
126
125
125
125
125
125
125
125
125
125
126
125
125
125
125
125
125
125
125
125
125
125
125
125
125
125
125
125
125
125
125
125
125
125
125
125
125
125
125
125
125
125
125
125
125
125
125
125
125
125
125
125
125
125
125
125
125
125
125
126
125
125
125
125
125
126
125
125
125
125
125
125
125
125
125
125
125
125
125
125
125
125
125
125
126
125
125
125
125
125
125
126
125
125
125
125
125
125
125
125
125
125
125
125
125
125
125
125
125
125
125
125
125
125
125
125
125
125
125
125
125
125
126
125
125
126
125
125
125
125
126
125
125
126
125
125
125
125
125
125
125
126
126
125
125
125
125
125
125
125
125
125
125
125
125
125
125
125
125
125
125
125
125
125
125
125
125
125
125
125
125
125
125
125
125
125
125
125
125
125
125
125
125
125
125
125
125
125
125
125
125
125
125
125
125
125
125
125
125
125
125
125
125
125
125
125
125
125
125
125
125
125
125
125
125
125
125
125
125
125
125
125
125
125
125
125
125
125
137
