126
124
123
126
129
130
89
125
125
125
125
125
125
125
125
125
125
125
125
125
125
125
125
125
125
125
125
125
125
125
125
125
125
125
125
125
125
125
125
125
125
125
125
125
125
125
125
125
125
125
125
125
125
125
125
125
125
125
125
125
125
125
125
125
125
125
125
125
125
125
125
125
125
125
125
125
125
125
125
125
125
125
125
125
125
125
125
125
125
125
125
125
125
125
125
125
125
125
125
125
125
125
125
125
125
125
125
125
125
125
125
125
125
125
125
125
125
125
125
124
125
125
125
125
125
125
125
125
125
125
125
125
125
125
125
125
125
125
125
125
125
125
125
125
125
125
125
125
125
125
125
125
125
125
125
125
125
125
125
125
125
125
125
125
125
125
125
125
125
125
125
125
125
125
125
125
125
125
125
125
125
125
125
125
125
125
125
125
125
125
125
125
125
125
125
125
125
125
125
125
125
125
125
125
125
125
125
125
125
125
125
125
125
125
125
125
125
125
125
125
125
125
125
125
125
125
125
125
125
125
125
125
125
125
125
125
125
125
125
125
125
125
125
125
125
125
125
125
125
125
125
125
125
125
125
125
125
125
125
125
125
125
125
125
125
125
125
125
125
125
125
125
125
125
125
125
125
125
125
125
125
125
125
125
125
125
125
125
125
125
125
125
125
125
125
125
125
125
125
125
125
125
125
125
125
125
125
125
125
125
125
125
125
125
125
125
125
125
125
125
125
125
125
125
125
125
125
125
125
125
125
125
125
125
125
125
125
125
125
125
125
125
126
125
125
125
125
125
125
125
125
125
125
125
125
125
125
125
125
125
125
125
125
125
125
125
125
125
125
125
125
125
125
125
125
125
125
125
125
125
125
125
125
125
125
125
125
125
125
125
125
125
125
125
125
125
125
125
125
125
125
125
125
125
125
125
125
125
125
125
125
125
125
125
125
125
125
125
125
125
125
125
125
125
125
125
125
125
125
125
125
125
125
125
125
125
125
125
125
125
125
125
125
125
125
125
125
125
125
125
125
125
125
125
125
125
125
125
125
125
125
125
125
125
125
125
125
125
125
125
125
125
125
125
125
125
125
125
125
125
125
125
125
125
125
125
125
125
125
125
125
125
125
125
125
125
125
125
125
125
125
125
125
125
125
125
125
125
125
125
125
125
125
125
125
125
125
125
125
125
125
125
125
125
125
125
125
125
125
125
125
125
125
125
125
125
125
125
125
125
125
125
125
125
125
125
125
125
125
125
125
125
125
125
125
125
125
125
125
125
125
125
125
125
125
125
125
125
125
125
125
125
125
125
125
125
125
125
125
125
125
125
125
125
125
125
125
125
125
125
125
125
125
125
125
125
125
125
125
125
125
125
125
125
125
125
125
125
125
125
125
125
125
126
125
124
125
125
125
125
125
125
125
125
125
125
125
125
125
125
125
125
125
125
125
125
125
125
126
126
125
125
125
125
125
125
125
125
125
125
125
125
125
125
125
125
125
125
125
125
125
125
125
125
125
125
125
124
125
125
125
126
126
126
126
125
125
125
125
125
125
125
125
125
125
126
125
125
125
125
125
125
125
125
125
125
125
125
125
125
125
125
125
125
125
125
125
125
125
125
125
125
125
125
125
125
125
125
125
125
125
125
125
125
125
125
125
125
125
125
125
125
125
125
125
125
125
125
125
125
125
125
125
125
125
125
125
125
125
125
125
125
125
125
125
125
125
125
125
125
125
125
125
125
125
125
125
125
125
125
125
125
125
125
125
125
125
125
125
125
125
125
125
125
125
125
125
125
125
125
125
125
125
125
125
125
125
125
125
125
125
125
125
125
125
125
125
126
125
125
125
125
125
125
126
125
125
125
125
125
125
125
125
125
125
125
125
125
125
125
125
125
125
125
125
125
126
125
125
125
126
125
125
125
125
125
126
126
124
124
125
126
125
125
125
125
125
126
126
125
124
125
125
125
125
125
125
124
125
126
126
126
126
125
125
125
125
125
125
125
125
125
125
125
125
126
126
126
125
125
128
125
124
125
126
124
124
125
125
125
125
126
125
124
125
126
125
125
126
126
125
124
126
125
125
125
126
125
125
125
125
125
125
125
126
125
125
125
126
125
125
125
125
125
125
125
125
124
124
125
125
125
125
125
125
125
125
125
126
125
125
125
125
125
125
125
125
125
125
126
125
125
125
125
125
125
125
125
124
125
125
125
125
125
125
125
125
125
125
125
125
125
125
125
125
125
125
125
125
125
125
125
125
125
125
125
125
125
125
125
125
125
125
124
125
126
125
125
124
125
124
125
125
125
125
125
125
125
125
125
125
125
125
125
125
125
125
125
125
125
125
125
124
125
126
125
125
125
125
125
125
125
126
125
125
125
125
125
125
125
125
125
125
125
125
125
125
125
125
125
125
125
125
125
124
125
125
125
125
125
126
126
126
125
125
125
124
125
126
125
124
124
124
126
126
125
125
125
125
125
125
125
125
125
124
125
125
125
124
124
125
126
126
126
126
125
126
125
126
125
125
125
124
124
125
125
125
125
125
126
125
125
125
125
125
125
125
125
125
125
124
124
125
125
125
125
126
127
127
125
122
123
125
128
126
125
124
124
124
125
125
123
123
124
126
127
125
124
125
127
127
125
125
125
126
128
126
124
124
125
126
125
123
122
123
125
127
128
126
125
126
127
124
121
123
126
126
125
124
124
125
126
127
125
124
124
126
126
126
126
126
126
125
125
125
124
124
125
125
125
125
125
124
124
124
124
124
125
125
125
126
127
127
127
126
126
127
126
125
125
124
125
124
124
124
124
123
124
123
124
126
126
128
129
128
126
124
125
126
127
126
122
116
124
123
124
125
125
126
128
128
127
126
126
125
123
125
126
124
123
128
130
127
122
122
128
129
125
122
122
124
124
125
127
127
125
124
126
127
125
123
122
124
123
123
123
122
119
122
132
134
126
122
130
137
133
128
128
127
123
116
116
121
122
119
120
128
132
130
129
129
126
123
126
137
111
119
123
122
122
130
126
120
125
133
129
125
125
125
126
130
130
124
120
122
125
126
125
126
132
131
121
109
110
125
139
149
159
135
80
85
149
157
115
98
116
131
135
136
137
129
118
125
140
130
100
101
131
143
130
115
116
131
140
129
116
117
128
136
132
125
120
129
127
120
119
123
124
125
131
135
130
122
123
130
130
119
116
126
134
133
124
121
126
132
129
123
124
128
125
120
120
121
121
120
115
111
118
138
147
137
126
128
127
122
129
135
132
127
127
126
123
120
120
110
91
102
150
158
114
99
130
147
140
135
132
126
120
111
108
122
141
139
124
123
128
126
123
122
119
118
123
130
132
125
119
118
127
130
126
123
125
126
128
129
125
122
128
130
126
126
129
126
119
119
125
129
129
126
121
121
126
131
130
126
118
117
124
130
128
123
120
124
128
126
124
126
130
127
124
125
128
129
130
126
122
121
124
125
122
124
128
128
124
120
120
123
129
132
135
125
120
122
126
125
123
122
123
128
131
128
121
124
130
132
128
128
127
125
122
123
124
121
117
118
122
124
126
127
127
126
127
128
130
131
127
120
120
125
129
127
125
124
125
125
125
126
126
126
128
127
124
120
124
129
127
116
114
123
129
128
123
122
127
130
128
124
122
123
127
130
123
121
122
125
128
130
127
125
124
124
123
123
123
125
126
126
126
129
129
126
122
122
125
125
126
127
126
125
122
124
126
125
124
124
126
126
126
126
127
127
125
124
123
124
127
126
124
124
128
128
125
123
125
125
123
122
123
126
126
124
124
126
125
124
125
126
127
128
126
123
121
123
126
127
125
124
124
125
126
126
123
124
127
129
127
88
125
125
125
125
125
125
125
125
125
125
126
126
126
125
125
125
125
125
125
125
125
125
125
125
125
125
125
125
125
125
125
125
125
125
125
125
125
125
125
125
125
125
125
125
125
125
125
125
125
125
125
125
125
125
125
125
125
125
125
125
125
125
125
125
125
125
125
125
125
125
125
125
125
125
125
125
125
125
125
125
125
125
125
125
125
125
125
125
125
125
125
125
125
125
125
126
125
126
125
125
125
125
125
125
125
125
125
125
125
125
125
125
125
125
125
125
125
125
125
125
125
125
125
125
125
125
125
125
125
125
125
125
125
125
125
125
125
125
125
125
125
125
125
125
125
125
125
125
125
125
125
125
125
125
125
125
125
125
125
125
125
125
125
125
126
125
125
125
125
125
125
125
125
125
125
125
125
125
125
125
125
125
125
125
125
125
125
125
125
125
125
125
125
125
125
125
125
125
125
125
125
125
125
125
125
125
125
125
125
125
125
125
125
125
125
125
125
125
125
125
125
125
125
125
125
125
125
125
125
125
125
125
125
125
125
125
125
125
125
125
125
125
125
125
125
125
125
125
125
125
125
125
125
125
125
125
125
125
125
125
125
125
125
125
125
125
125
125
125
125
125
125
126
125
125
125
126
126
126
126
126
126
126
126
126
126
126
125
126
125
126
126
126
126
126
126
126
126
126
126
126
125
126
126
126
126
126
126
126
126
126
126
126
126
126
125
125
125
125
125
126
126
126
126
125
126
126
126
126
126
126
126
126
126
126
126
126
124
126
126
126
126
126
126
126
126
125
125
125
125
126
126
126
125
