126
125
125
125
126
124
43
126
126
126
126
126
126
126
126
126
125
125
126
126
126
126
125
126
126
126
126
126
126
126
126
126
126
126
126
126
126
126
126
126
126
126
126
126
126
125
125
126
126
125
126
126
126
126
126
126
125
126
125
125
125
125
125
125
125
125
125
125
125
125
125
125
125
125
125
125
125
125
126
126
126
125
125
125
125
125
125
125
125
125
125
126
126
125
125
125
125
125
125
125
125
125
125
125
125
125
125
125
125
125
125
125
125
125
125
125
125
125
125
125
125
125
125
125
125
125
125
125
125
125
125
125
125
125
125
125
125
125
125
125
125
125
125
125
125
125
125
125
125
125
125
125
125
125
125
125
125
125
125
125
125
125
125
125
125
125
125
125
125
126
125
125
125
126
125
126
126
125
125
125
126
125
125
126
126
125
125
125
126
125
126
125
126
125
125
125
126
126
126
126
125
126
125
125
126
126
125
124
125
126
125
126
126
126
126
126
126
126
126
126
125
125
126
126
126
126
125
125
126
126
126
126
125
125
126
126
125
125
125
125
125
126
126
126
125
125
125
125
126
126
125
125
126
125
126
126
125
125
125
126
126
126
126
125
126
126
126
126
126
125
126
126
126
126
125
125
125
126
126
126
126
126
126
126
126
125
126
126
126
125
126
125
125
125
125
125
125
126
126
126
126
125
126
125
126
125
125
126
126
126
125
125
125
125
125
125
125
126
126
125
126
125
125
125
126
126
126
126
126
125
125
125
125
126
126
125
125
126
125
126
126
126
126
125
126
125
125
126
126
126
126
126
126
126
126
125
126
126
126
126
126
125
125
126
125
125
125
126
125
126
125
125
126
126
126
125
125
126
126
126
125
125
126
126
126
126
126
125
125
125
125
125
125
125
125
125
125
125
125
125
125
125
125
125
125
126
125
125
125
125
125
125
125
125
125
125
125
126
125
126
125
125
125
125
125
125
125
125
125
125
126
126
125
125
125
125
125
125
125
125
125
125
125
125
125
125
125
125
125
125
125
125
125
125
125
125
126
125
125
125
125
125
126
124
125
125
126
125
126
126
126
126
125
125
126
126
126
125
125
125
125
125
125
125
125
125
126
126
126
126
125
126
125
126
125
125
125
125
125
125
126
126
126
126
126
125
126
125
126
126
125
125
126
125
125
126
125
126
126
125
125
126
126
126
126
126
125
126
126
125
124
125
126
126
126
126
125
126
126
126
125
125
125
125
125
125
126
126
125
125
125
125
125
125
125
125
125
125
125
126
125
125
125
125
126
126
125
125
125
125
125
125
125
125
126
126
125
125
125
125
126
125
125
126
126
126
125
124
124
124
124
124
125
127
126
125
124
125
123
121
124
133
138
136
131
131
129
107
74
94
180
211
89
18
122
244
171
45
65
169
196
94
36
160
205
80
33
108
201
236
180
73
31
98
132
99
129
212
182
63
17
107
206
216
161
98
42
60
133
176
141
87
133
199
153
51
80
169
151
91
95
132
140
146
120
96
126
175
175
124
55
49
130
179
158
145
134
95
84
124
151
144
133
119
102
116
145
143
115
96
111
138
151
145
131
117
100
102
132
147
127
116
131
136
122
120
134
138
124
112
109
115
127
135
133
130
131
125
114
111
123
137
140
130
118
117
125
132
129
122
120
123
128
130
127
122
123
126
127
125
126
127
127
124
121
122
125
126
127
129
129
125
122
122
123
126
128
127
126
126
125
123
124
127
129
128
126
125
124
124
122
121
121
124
127
128
128
128
128
127
125
124
124
124
122
123
126
129
128
125
123
125
123
125
125
124
125
126
127
128
127
126
125
125
125
126
125
125
125
126
126
126
124
123
124
126
127
126
125
127
129
127
123
124
124
124
126
127
127
126
125
126
127
127
127
127
128
126
126
125
124
123
124
125
127
126
126
126
126
125
126
126
126
125
126
127
126
125
123
126
125
125
126
127
127
126
127
127
126
125
124
124
125
126
127
127
125
125
126
127
127
126
125
125
124
124
125
126
127
125
124
124
125
125
125
124
123
125
127
128
128
126
125
125
127
127
126
125
125
126
126
125
125
125
125
125
125
125
125
126
126
126
126
126
125
125
125
125
125
126
126
125
126
126
126
125
125
126
126
125
125
126
126
126
126
126
126
126
126
125
125
125
125
125
125
126
126
125
125
126
126
126
126
126
126
126
126
126
126
127
126
125
125
126
126
125
124
125
125
124
125
125
126
125
126
126
127
126
126
126
126
125
125
125
125
125
125
126
126
126
125
125
126
126
126
125
127
127
126
126
126
125
125
125
125
124
125
126
125
125
125
126
126
126
126
125
126
126
126
126
125
125
125
125
125
125
125
125
125
125
125
125
126
126
127
128
126
125
126
126
125
125
125
125
125
126
125
124
125
125
126
125
125
125
125
126
126
126
125
125
126
126
126
125
125
125
125
126
125
125
125
125
125
125
125
125
125
125
126
126
125
125
125
125
125
125
126
126
125
125
125
126
126
125
125
126
126
126
125
125
125
125
125
125
125
125
125
126
125
125
125
125
125
125
126
125
125
125
126
126
125
125
125
125
125
125
125
125
125
126
126
125
125
125
125
125
125
125
125
126
126
126
126
126
126
125
125
125
125
125
126
125
125
125
124
125
125
125
125
125
125
125
125
125
125
125
125
125
125
125
125
125
125
125
126
126
126
126
126
126
126
126
125
125
125
125
125
125
125
125
125
125
126
126
125
125
125
125
125
125
125
125
125
125
126
126
125
126
126
126
126
125
125
125
125
125
125
125
125
125
125
126
125
125
126
126
125
125
126
126
126
125
126
126
122
124
125
126
125
127
126
126
126
126
126
126
126
126
125
125
125
125
125
125
125
125
125
125
126
125
124
125
124
125
126
125
126
125
125
125
125
126
125
126
125
125
125
125
126
125
125
125
125
125
125
125
125
125
125
125
125
125
125
125
125
125
125
125
125
125
125
125
125
126
126
126
125
125
125
126
126
125
125
125
125
124
125
124
125
125
125
125
125
125
125
125
125
126
126
126
125
125
125
125
125
125
125
125
125
126
126
126
125
125
125
125
126
125
125
125
126
126
125
125
126
125
125
125
125
125
125
125
125
125
125
126
125
126
126
125
125
125
125
125
125
125
126
126
126
125
125
125
128
129
126
125
124
124
123
124
125
124
124
126
125
125
125
125
126
125
125
125
126
126
125
125
125
126
126
126
125
126
125
125
125
125
125
126
125
126
125
125
125
125
125
126
126
125
124
125
126
126
125
125
125
125
125
126
126
126
125
123
124
126
127
126
123
124
126
127
126
124
124
127
127
126
123
123
126
128
126
125
124
125
126
126
126
124
124
126
127
126
125
124
125
126
126
126
124
124
124
125
126
126
125
124
124
125
126
126
129
110
116
125
127
127
127
127
128
127
126
125
124
126
126
126
126
126
127
125
125
126
125
125
126
128
127
124
122
126
127
127
125
124
126
126
127
115
77
131
125
131
130
131
130
130
131
130
128
126
126
127
127
126
127
126
125
125
127
129
127
126
127
126
126
126
127
123
120
123
124
125
130
132
129
125
124
126
129
130
127
125
125
125
126
125
127
126
124
124
126
127
128
124
123
125
126
128
126
123
122
124
127
128
126
125
124
124
126
126
125
124
124
125
127
126
125
125
126
127
127
125
125
125
125
125
124
125
125
124
124
125
126
127
126
124
124
125
127
128
125
125
125
125
125
125
125
127
127
125
124
125
126
126
125
124
123
125
126
126
126
127
126
125
124
125
127
126
125
125
125
124
125
125
127
127
126
126
125
126
125
126
126
126
125
125
125
126
125
124
125
126
126
127
126
125
44
126
126
125
125
126
126
125
126
126
126
126
125
126
126
125
125
125
125
125
125
125
125
126
126
125
125
125
126
125
126
125
125
125
125
125
126
125
125
125
125
126
125
126
126
126
126
125
125
126
125
125
125
126
125
126
125
125
126
126
125
125
125
125
125
125
125
125
125
125
125
125
125
125
125
125
125
125
125
125
125
125
125
125
125
125
125
125
125
125
125
125
125
125
125
125
125
125
125
125
125
125
125
125
126
125
126
125
125
125
125
125
125
125
125
125
125
125
125
125
125
125
125
125
125
125
125
126
125
125
125
126
125
125
125
125
125
125
125
125
125
125
125
125
125
125
125
125
125
125
125
125
125
125
125
126
125
126
125
125
125
125
125
125
125
125
125
125
125
125
125
125
125
125
125
125
125
125
125
125
125
125
125
125
125
125
125
126
125
125
125
125
125
125
125
125
125
125
125
125
125
125
125
125
125
125
125
125
125
125
125
125
125
126
126
125
125
125
125
125
125
125
125
125
125
125
125
125
125
125
125
125
125
125
125
125
125
125
125
125
125
125
125
125
125
125
125
125
125
125
125
125
125
125
125
125
125
125
125
125
125
125
125
125
125
125
125
125
125
125
125
125
125
125
125
125
125
125
125
125
125
125
125
125
125
125
125
125
125
125
125
125
125
125
125
125
125
125
125
125
125
125
125
125
125
125
125
125
125
125
125
125
125
125
125
125
125
125
125
125
125
125
125
125
125
126
124
125
125
125
125
126
126
125
125
125
125
125
125
125
125
126
125
125
125
125
125
125
125
125
126
126
126
126
125
